fixed metal distribution -- based on Grevesse & Noels (1993) solar abundances
    form     version        X           Z          logRs    logR_min    logR_max       logTs    logT_min    logT_max
       1          38    0.500000    0.020000          37   -8.000000    1.000000         138    3.750000    8.700000

   logT                       logR = logRho - 3*logT + 18
          -8.000  -7.750  -7.500  -7.250  -7.000  -6.750  -6.500  -6.250  -6.000  -5.750  -5.500  -5.250  -5.000  -4.750  -4.500  -4.250  -4.000  -3.750  -3.500  -3.250  -3.000  -2.750  -2.500  -2.250  -2.000  -1.750  -1.500  -1.250  -1.000  -0.750  -0.500  -0.250   0.000   0.250   0.500   0.750   1.000

   3.750  -0.873  -0.943  -1.022  -1.109  -1.205  -1.304  -1.409  -1.514  -1.622  -1.728  -1.835  -1.939  -2.040  -2.133  -2.221  -2.292  -2.350  -2.382  -2.392  -2.375  -2.332  -2.270  -2.187  -2.093  -1.985  -1.873  -1.754  -1.625  -1.488  -1.332  -1.160  -0.984  -0.801  -0.608  -0.405  -0.204  -0.002
   3.775  -0.767  -0.801  -0.844  -0.898  -0.962  -1.035  -1.119  -1.208  -1.304  -1.401  -1.502  -1.599  -1.696  -1.783  -1.865  -1.931  -1.984  -2.013  -2.022  -2.006  -1.965  -1.909  -1.833  -1.746  -1.644  -1.541  -1.430  -1.314  -1.190  -1.053  -0.904  -0.753  -0.597  -0.428  -0.249  -0.068   0.116
   3.800  -0.699  -0.708  -0.727  -0.754  -0.791  -0.840  -0.899  -0.966  -1.041  -1.120  -1.204  -1.287  -1.370  -1.445  -1.515  -1.571  -1.616  -1.640  -1.646  -1.630  -1.592  -1.540  -1.472  -1.392  -1.298  -1.203  -1.102  -0.996  -0.884  -0.761  -0.630  -0.498  -0.363  -0.215  -0.056   0.106   0.275
   3.825  -0.678  -0.678  -0.682  -0.691  -0.705  -0.726  -0.754  -0.789  -0.830  -0.880  -0.934  -0.993  -1.054  -1.111  -1.164  -1.208  -1.241  -1.258  -1.260  -1.243  -1.210  -1.163  -1.102  -1.028  -0.945  -0.860  -0.768  -0.671  -0.567  -0.453  -0.335  -0.216  -0.092   0.041   0.181   0.321   0.474
   3.850  -0.679  -0.676  -0.674  -0.671  -0.669  -0.666  -0.666  -0.670  -0.678  -0.694  -0.715  -0.743  -0.774  -0.805  -0.834  -0.858  -0.875  -0.881  -0.875  -0.856  -0.825  -0.782  -0.727  -0.661  -0.588  -0.512  -0.430  -0.341  -0.244  -0.139  -0.029   0.082   0.196   0.316   0.441   0.574   0.713
   3.875  -0.680  -0.676  -0.669  -0.662  -0.652  -0.640  -0.626  -0.612  -0.598  -0.586  -0.575  -0.566  -0.559  -0.552  -0.544  -0.536  -0.526  -0.512  -0.493  -0.468  -0.435  -0.394  -0.345  -0.288  -0.224  -0.157  -0.084  -0.004   0.083   0.177   0.277   0.378   0.483   0.592   0.705   0.823   0.950
   3.900  -0.683  -0.678  -0.672  -0.663  -0.651  -0.636  -0.617  -0.593  -0.564  -0.529  -0.490  -0.446  -0.399  -0.351  -0.304  -0.259  -0.215  -0.175  -0.136  -0.098  -0.059  -0.016   0.031   0.082   0.137   0.197   0.261   0.333   0.410   0.493   0.582   0.675   0.772   0.871   0.975   1.084   1.198
   3.925  -0.680  -0.678  -0.674  -0.667  -0.657  -0.642  -0.621  -0.592  -0.554  -0.506  -0.447  -0.378  -0.301  -0.218  -0.133  -0.048   0.033   0.106   0.174   0.233   0.288   0.340   0.390   0.439   0.491   0.545   0.602   0.665   0.734   0.808   0.887   0.971   1.058   1.149   1.244   1.343   1.447
   3.950  -0.671  -0.673  -0.672  -0.669  -0.662  -0.650  -0.630  -0.601  -0.560  -0.505  -0.435  -0.348  -0.248  -0.136  -0.018   0.103   0.222   0.332   0.432   0.519   0.596   0.662   0.721   0.775   0.827   0.879   0.932   0.989   1.050   1.116   1.187   1.261   1.340   1.423   1.511   1.603   1.700
   3.975  -0.654  -0.657  -0.659  -0.659  -0.656  -0.648  -0.632  -0.606  -0.568  -0.513  -0.440  -0.345  -0.233  -0.102   0.041   0.192   0.343   0.488   0.624   0.743   0.848   0.937   1.014   1.080   1.138   1.193   1.246   1.299   1.355   1.414   1.477   1.543   1.614   1.690   1.770   1.854   1.944
   4.000  -0.632  -0.637  -0.640  -0.643  -0.643  -0.639  -0.628  -0.607  -0.573  -0.522  -0.451  -0.356  -0.238  -0.097   0.062   0.234   0.412   0.588   0.756   0.909   1.045   1.161   1.261   1.344   1.415   1.477   1.534   1.589   1.642   1.697   1.754   1.814   1.878   1.946   2.019   2.098   2.181
   4.025  -0.609  -0.614  -0.618  -0.622  -0.624  -0.622  -0.614  -0.597  -0.568  -0.522  -0.455  -0.364  -0.248  -0.105   0.059   0.242   0.436   0.633   0.827   1.009   1.176   1.321   1.448   1.555   1.646   1.722   1.789   1.849   1.904   1.959   2.013   2.070   2.129   2.192   2.259   2.330   2.407
   4.050  -0.589  -0.592  -0.595  -0.599  -0.601  -0.600  -0.594  -0.580  -0.555  -0.514  -0.454  -0.369  -0.259  -0.120   0.043   0.229   0.430   0.641   0.853   1.059   1.253   1.427   1.583   1.717   1.831   1.927   2.008   2.078   2.140   2.198   2.253   2.309   2.365   2.424   2.486   2.552   2.622
   4.075  -0.576  -0.575  -0.576  -0.577  -0.578  -0.576  -0.570  -0.558  -0.535  -0.498  -0.442  -0.362  -0.259  -0.127   0.030   0.211   0.411   0.626   0.846   1.067   1.281   1.480   1.663   1.824   1.965   2.084   2.184   2.269   2.342   2.407   2.467   2.525   2.581   2.639   2.698   2.760   2.825
   4.100  -0.568  -0.564  -0.560  -0.559  -0.557  -0.554  -0.547  -0.535  -0.513  -0.478  -0.425  -0.351  -0.254  -0.130   0.019   0.192   0.386   0.597   0.820   1.048   1.275   1.494   1.700   1.888   2.055   2.199   2.323   2.426   2.514   2.590   2.657   2.720   2.779   2.837   2.895   2.955   3.016
   4.125  -0.565  -0.559  -0.554  -0.550  -0.545  -0.539  -0.530  -0.516  -0.493  -0.458  -0.407  -0.336  -0.244  -0.126   0.015   0.180   0.366   0.570   0.789   1.017   1.249   1.480   1.703   1.912   2.104   2.273   2.421   2.547   2.653   2.744   2.822   2.892   2.956   3.017   3.077   3.137   3.197
   4.150  -0.565  -0.559  -0.552  -0.546  -0.538  -0.530  -0.517  -0.501  -0.477  -0.441  -0.391  -0.322  -0.232  -0.120   0.015   0.173   0.350   0.546   0.757   0.982   1.214   1.451   1.685   1.911   2.123   2.316   2.488   2.636   2.764   2.872   2.964   3.045   3.116   3.182   3.244   3.306   3.367
   4.175  -0.565  -0.558  -0.551  -0.543  -0.535  -0.524  -0.511  -0.493  -0.466  -0.430  -0.379  -0.310  -0.222  -0.111   0.020   0.172   0.344   0.533   0.738   0.957   1.185   1.421   1.659   1.894   2.121   2.332   2.527   2.698   2.848   2.975   3.084   3.177   3.258   3.331   3.398   3.465   3.528
   4.200  -0.566  -0.559  -0.551  -0.543  -0.533  -0.522  -0.507  -0.488  -0.460  -0.422  -0.370  -0.301  -0.213  -0.105   0.024   0.173   0.341   0.526   0.725   0.938   1.161   1.394   1.632   1.871   2.106   2.333   2.545   2.737   2.909   3.057   3.184   3.292   3.385   3.467   3.541   3.613   3.680
   4.225  -0.567  -0.560  -0.552  -0.544  -0.533  -0.521  -0.506  -0.486  -0.458  -0.419  -0.368  -0.299  -0.212  -0.104   0.023   0.172   0.338   0.521   0.719   0.928   1.149   1.378   1.613   1.852   2.090   2.325   2.550   2.760   2.952   3.120   3.267   3.391   3.498   3.592   3.675   3.754   3.827
   4.250  -0.566  -0.561  -0.553  -0.545  -0.534  -0.521  -0.505  -0.484  -0.456  -0.418  -0.367  -0.300  -0.214  -0.107   0.020   0.168   0.334   0.518   0.716   0.925   1.144   1.369   1.601   1.838   2.077   2.316   2.550   2.774   2.982   3.169   3.334   3.476   3.599   3.706   3.800   3.887   3.967
   4.275  -0.564  -0.559  -0.552  -0.543  -0.533  -0.520  -0.503  -0.483  -0.455  -0.417  -0.367  -0.301  -0.216  -0.111   0.014   0.161   0.328   0.513   0.713   0.925   1.145   1.371   1.603   1.838   2.075   2.315   2.553   2.784   3.005   3.206   3.389   3.548   3.688   3.810   3.917   4.014   4.100
   4.300  -0.559  -0.554  -0.548  -0.540  -0.530  -0.517  -0.501  -0.480  -0.453  -0.416  -0.366  -0.302  -0.219  -0.117   0.007   0.153   0.320   0.507   0.711   0.926   1.150   1.379   1.611   1.845   2.082   2.322   2.560   2.797   3.025   3.239   3.436   3.612   3.768   3.905   4.025   4.133   4.228
   4.325  -0.548  -0.545  -0.540  -0.534  -0.524  -0.512  -0.496  -0.476  -0.449  -0.413  -0.366  -0.303  -0.223  -0.123  -0.001   0.144   0.311   0.499   0.705   0.924   1.152   1.385   1.622   1.860   2.099   2.339   2.579   2.818   3.050   3.272   3.480   3.670   3.841   3.993   4.127   4.245   4.347
   4.350  -0.534  -0.533  -0.529  -0.524  -0.516  -0.504  -0.489  -0.469  -0.442  -0.408  -0.362  -0.302  -0.224  -0.126  -0.007   0.138   0.304   0.494   0.701   0.923   1.156   1.394   1.636   1.879   2.122   2.364   2.605   2.845   3.080   3.308   3.525   3.726   3.910   4.075   4.221   4.349   4.459
   4.375  -0.518  -0.517  -0.514  -0.509  -0.501  -0.491  -0.476  -0.456  -0.430  -0.396  -0.352  -0.294  -0.219  -0.123  -0.005   0.138   0.304   0.494   0.703   0.927   1.163   1.405   1.652   1.899   2.147   2.393   2.637   2.880   3.118   3.351   3.574   3.783   3.977   4.152   4.308   4.446   4.565
   4.400  -0.501  -0.500  -0.497  -0.492  -0.485  -0.474  -0.460  -0.440  -0.413  -0.380  -0.336  -0.279  -0.206  -0.113   0.002   0.144   0.310   0.500   0.710   0.935   1.172   1.418   1.668   1.921   2.173   2.424   2.673   2.920   3.162   3.398   3.626   3.842   4.043   4.226   4.391   4.537   4.663
   4.425  -0.486  -0.484  -0.481  -0.476  -0.468  -0.457  -0.441  -0.420  -0.392  -0.357  -0.313  -0.257  -0.186  -0.095   0.017   0.156   0.320   0.509   0.718   0.944   1.183   1.431   1.685   1.941   2.199   2.456   2.710   2.962   3.209   3.450   3.683   3.903   4.109   4.299   4.471   4.623   4.756
   4.450  -0.475  -0.472  -0.467  -0.461  -0.453  -0.440  -0.422  -0.399  -0.369  -0.332  -0.285  -0.228  -0.157  -0.068   0.042   0.178   0.338   0.525   0.733   0.959   1.199   1.448   1.705   1.964   2.226   2.488   2.748   3.006   3.258   3.504   3.741   3.966   4.176   4.371   4.547   4.705   4.844
   4.475  -0.468  -0.464  -0.457  -0.450  -0.440  -0.426  -0.406  -0.380  -0.347  -0.305  -0.254  -0.193  -0.119  -0.029   0.080   0.213   0.370   0.554   0.759   0.984   1.223   1.473   1.730   1.992   2.256   2.521   2.786   3.048   3.306   3.557   3.799   4.028   4.243   4.441   4.622   4.783   4.926
   4.500  -0.465  -0.459  -0.451  -0.442  -0.431  -0.415  -0.394  -0.365  -0.327  -0.280  -0.223  -0.156  -0.077   0.016   0.127   0.259   0.413   0.593   0.795   1.017   1.254   1.503   1.761   2.023   2.288   2.556   2.824   3.090   3.352   3.609   3.855   4.089   4.307   4.509   4.693   4.858   5.003
   4.525  -0.464  -0.457  -0.449  -0.439  -0.427  -0.410  -0.387  -0.355  -0.314  -0.262  -0.198  -0.123  -0.036   0.065   0.181   0.315   0.469   0.646   0.842   1.059   1.292   1.539   1.794   2.056   2.321   2.590   2.860   3.130   3.396   3.656   3.907   4.145   4.367   4.572   4.760   4.925   5.073
   4.550  -0.464  -0.457  -0.448  -0.439  -0.426  -0.408  -0.384  -0.351  -0.307  -0.250  -0.180  -0.097   0.000   0.111   0.235   0.375   0.532   0.707   0.900   1.112   1.340   1.582   1.834   2.093   2.357   2.626   2.896   3.167   3.436   3.700   3.954   4.195   4.421   4.629   4.819   4.987   5.136
   4.575  -0.464  -0.457  -0.448  -0.438  -0.425  -0.408  -0.384  -0.351  -0.305  -0.246  -0.171  -0.080   0.027   0.149   0.286   0.437   0.602   0.781   0.975   1.182   1.404   1.639   1.884   2.138   2.398   2.663   2.932   3.203   3.472   3.738   3.995   4.238   4.467   4.677   4.868   5.036   5.185
   4.600  -0.463  -0.456  -0.447  -0.438  -0.426  -0.409  -0.386  -0.353  -0.308  -0.247  -0.170  -0.073   0.043   0.177   0.327   0.490   0.667   0.853   1.049   1.256   1.473   1.701   1.940   2.186   2.440   2.701   2.966   3.236   3.505   3.770   4.028   4.273   4.503   4.714   4.906   5.075   5.222
   4.625  -0.463  -0.456  -0.448  -0.438  -0.426  -0.410  -0.387  -0.355  -0.311  -0.252  -0.174  -0.075   0.045   0.187   0.347   0.523   0.711   0.908   1.113   1.323   1.541   1.766   1.998   2.238   2.485   2.740   3.000   3.266   3.532   3.796   4.054   4.298   4.528   4.739   4.931   5.099   5.245
   4.650  -0.462  -0.456  -0.447  -0.438  -0.427  -0.411  -0.389  -0.358  -0.316  -0.258  -0.182  -0.083   0.039   0.185   0.351   0.537   0.736   0.944   1.159   1.377   1.599   1.824   2.053   2.288   2.529   2.777   3.031   3.292   3.554   3.815   4.070   4.313   4.542   4.753   4.943   5.110   5.255
   4.675  -0.461  -0.454  -0.446  -0.437  -0.426  -0.411  -0.390  -0.361  -0.321  -0.265  -0.191  -0.094   0.026   0.172   0.340   0.530   0.736   0.953   1.179   1.406   1.637   1.867   2.098   2.332   2.569   2.812   3.060   3.314   3.571   3.827   4.078   4.318   4.544   4.753   4.942   5.109   5.253
   4.700  -0.460  -0.452  -0.444  -0.435  -0.424  -0.410  -0.390  -0.363  -0.325  -0.272  -0.201  -0.107   0.009   0.152   0.319   0.510   0.719   0.943   1.176   1.413   1.653   1.891   2.128   2.363   2.600   2.839   3.082   3.330   3.581   3.831   4.077   4.313   4.536   4.742   4.930   5.095   5.237
   4.725  -0.460  -0.451  -0.442  -0.433  -0.422  -0.409  -0.390  -0.364  -0.328  -0.277  -0.209  -0.119  -0.007   0.132   0.295   0.483   0.690   0.914   1.150   1.393   1.640   1.887   2.132   2.373   2.614   2.854   3.095   3.339   3.583   3.828   4.068   4.299   4.518   4.723   4.909   5.073   5.216
   4.750  -0.460  -0.451  -0.441  -0.432  -0.421  -0.407  -0.389  -0.365  -0.330  -0.282  -0.217  -0.131  -0.022   0.112   0.271   0.453   0.656   0.877   1.112   1.358   1.610   1.863   2.116   2.366   2.612   2.856   3.097   3.339   3.579   3.818   4.052   4.279   4.495   4.696   4.881   5.043   5.185
   4.775  -0.461  -0.452  -0.442  -0.432  -0.421  -0.407  -0.389  -0.365  -0.332  -0.286  -0.223  -0.140  -0.036   0.095   0.248   0.426   0.624   0.840   1.071   1.315   1.567   1.823   2.082   2.338   2.592   2.841   3.086   3.328   3.566   3.802   4.032   4.255   4.468   4.667   4.849   5.012   5.153
   4.800  -0.461  -0.452  -0.443  -0.433  -0.421  -0.407  -0.389  -0.366  -0.333  -0.289  -0.229  -0.149  -0.047   0.079   0.228   0.401   0.594   0.804   1.030   1.269   1.519   1.776   2.037   2.299   2.560   2.815   3.065   3.310   3.548   3.782   4.009   4.229   4.439   4.636   4.817   4.977   5.117
   4.825  -0.461  -0.453  -0.444  -0.434  -0.422  -0.408  -0.389  -0.366  -0.334  -0.290  -0.232  -0.154  -0.056   0.066   0.212   0.380   0.567   0.773   0.994   1.229   1.474   1.729   1.991   2.255   2.520   2.780   3.036   3.284   3.525   3.759   3.986   4.204   4.412   4.607   4.786   4.945   5.084
   4.850  -0.460  -0.452  -0.443  -0.433  -0.422  -0.407  -0.389  -0.365  -0.333  -0.291  -0.234  -0.158  -0.063   0.057   0.198   0.362   0.545   0.746   0.963   1.193   1.434   1.686   1.946   2.211   2.478   2.742   3.002   3.255   3.499   3.735   3.962   4.180   4.387   4.580   4.757   4.914   5.051
   4.875  -0.457  -0.450  -0.441  -0.431  -0.419  -0.405  -0.387  -0.363  -0.332  -0.290  -0.234  -0.161  -0.067   0.049   0.187   0.348   0.528   0.725   0.938   1.165   1.403   1.653   1.910   2.174   2.441   2.707   2.970   3.225   3.473   3.712   3.941   4.160   4.366   4.558   4.733   4.886   5.021
   4.900  -0.452  -0.445  -0.436  -0.426  -0.415  -0.401  -0.382  -0.359  -0.328  -0.287  -0.233  -0.161  -0.070   0.044   0.180   0.337   0.515   0.710   0.920   1.144   1.380   1.626   1.881   2.143   2.409   2.675   2.940   3.198   3.449   3.691   3.922   4.142   4.348   4.539   4.711   4.862   4.992
   4.925  -0.443  -0.436  -0.428  -0.419  -0.408  -0.394  -0.376  -0.353  -0.323  -0.282  -0.229  -0.159  -0.070   0.041   0.174   0.330   0.506   0.699   0.908   1.130   1.363   1.608   1.861   2.121   2.385   2.651   2.916   3.176   3.429   3.673   3.907   4.128   4.334   4.523   4.694   4.840   4.965
   4.950  -0.430  -0.424  -0.416  -0.408  -0.398  -0.384  -0.367  -0.344  -0.314  -0.275  -0.223  -0.154  -0.068   0.042   0.172   0.327   0.501   0.694   0.901   1.122   1.354   1.597   1.848   2.106   2.369   2.634   2.898   3.159   3.413   3.659   3.895   4.117   4.322   4.510   4.678   4.820   4.940
   4.975  -0.409  -0.404  -0.397  -0.390  -0.381  -0.368  -0.352  -0.330  -0.301  -0.263  -0.212  -0.146  -0.061   0.047   0.176   0.330   0.504   0.695   0.903   1.122   1.353   1.594   1.844   2.100   2.361   2.624   2.887   3.148   3.403   3.650   3.887   4.109   4.314   4.499   4.663   4.799   4.912
   5.000  -0.383  -0.378  -0.372  -0.366  -0.357  -0.346  -0.331  -0.311  -0.283  -0.246  -0.196  -0.131  -0.048   0.057   0.185   0.337   0.510   0.701   0.908   1.127   1.357   1.597   1.845   2.099   2.358   2.620   2.882   3.142   3.396   3.645   3.881   4.102   4.305   4.487   4.646   4.778   4.883
   5.025  -0.349  -0.345  -0.340  -0.334  -0.326  -0.316  -0.302  -0.283  -0.256  -0.221  -0.173  -0.111  -0.030   0.073   0.197   0.347   0.517   0.707   0.913   1.132   1.362   1.601   1.849   2.102   2.360   2.620   2.881   3.140   3.394   3.642   3.878   4.096   4.295   4.473   4.626   4.750   4.850
   5.050  -0.313  -0.308  -0.302  -0.296  -0.289  -0.279  -0.265  -0.247  -0.222  -0.188  -0.142  -0.082  -0.004   0.095   0.216   0.362   0.529   0.717   0.921   1.139   1.369   1.609   1.856   2.108   2.365   2.624   2.883   3.141   3.394   3.640   3.873   4.088   4.282   4.454   4.600   4.719   4.812
   5.075  -0.275  -0.268  -0.261  -0.253  -0.244  -0.233  -0.219  -0.201  -0.177  -0.144  -0.100  -0.042   0.033   0.128   0.244   0.385   0.547   0.731   0.933   1.150   1.379   1.618   1.864   2.116   2.371   2.629   2.887   3.144   3.394   3.637   3.866   4.075   4.263   4.427   4.567   4.680   4.766
   5.100  -0.242  -0.231  -0.221  -0.210  -0.199  -0.186  -0.171  -0.152  -0.127  -0.094  -0.050   0.006   0.078   0.170   0.281   0.416   0.572   0.752   0.950   1.165   1.393   1.630   1.875   2.125   2.379   2.635   2.891   3.145   3.393   3.630   3.853   4.055   4.236   4.393   4.526   4.633   4.715
   5.125  -0.217  -0.203  -0.188  -0.174  -0.159  -0.142  -0.123  -0.101  -0.073  -0.039   0.006   0.062   0.133   0.221   0.328   0.458   0.608   0.782   0.975   1.186   1.411   1.646   1.888   2.137   2.388   2.642   2.895   3.144   3.386   3.617   3.832   4.026   4.200   4.349   4.476   4.579   4.657
   5.150  -0.201  -0.184  -0.165  -0.146  -0.126  -0.105  -0.082  -0.055  -0.024   0.015   0.062   0.120   0.191   0.277   0.382   0.506   0.651   0.819   1.006   1.212   1.433   1.664   1.904   2.149   2.398   2.648   2.896   3.139   3.374   3.596   3.802   3.988   4.153   4.296   4.418   4.516   4.593
   5.175  -0.201  -0.179  -0.156  -0.133  -0.108  -0.082  -0.053  -0.021   0.016   0.060   0.112   0.174   0.248   0.336   0.439   0.561   0.702   0.863   1.044   1.244   1.460   1.686   1.922   2.163   2.408   2.652   2.893   3.129   3.354   3.566   3.762   3.939   4.097   4.234   4.351   4.449   4.525
   5.200  -0.211  -0.185  -0.159  -0.131  -0.102  -0.071  -0.036   0.002   0.045   0.095   0.153   0.220   0.299   0.390   0.494   0.615   0.752   0.909   1.083   1.277   1.486   1.708   1.939   2.176   2.415   2.653   2.886   3.111   3.326   3.527   3.713   3.881   4.032   4.165   4.279   4.375   4.452
   5.225  -0.232  -0.204  -0.174  -0.144  -0.111  -0.075  -0.036   0.008   0.057   0.113   0.178   0.252   0.336   0.432   0.540   0.661   0.797   0.950   1.119   1.307   1.511   1.727   1.953   2.184   2.417   2.647   2.871   3.086   3.290   3.480   3.656   3.816   3.960   4.089   4.202   4.299   4.379
   5.250  -0.261  -0.231  -0.200  -0.167  -0.131  -0.092  -0.048   0.000   0.054   0.117   0.187   0.268   0.359   0.461   0.573   0.697   0.833   0.984   1.150   1.333   1.531   1.742   1.962   2.187   2.413   2.635   2.850   3.054   3.247   3.426   3.592   3.745   3.884   4.010   4.123   4.220   4.303
   5.275  -0.296  -0.266  -0.234  -0.199  -0.161  -0.120  -0.073  -0.022   0.037   0.104   0.180   0.266   0.363   0.471   0.589   0.716   0.855   1.006   1.170   1.350   1.543   1.749   1.963   2.182   2.401   2.615   2.821   3.015   3.197   3.367   3.524   3.671   3.806   3.930   4.042   4.142   4.228
   5.300  -0.334  -0.305  -0.273  -0.237  -0.199  -0.156  -0.108  -0.054   0.007   0.077   0.157   0.249   0.351   0.464   0.588   0.720   0.863   1.016   1.181   1.359   1.548   1.749   1.957   2.169   2.381   2.587   2.785   2.970   3.143   3.303   3.453   3.594   3.726   3.849   3.962   4.063   4.153
   5.325  -0.371  -0.344  -0.313  -0.279  -0.241  -0.198  -0.150  -0.096  -0.033   0.038   0.120   0.215   0.321   0.440   0.569   0.708   0.857   1.014   1.181   1.358   1.545   1.742   1.944   2.150   2.356   2.554   2.744   2.920   3.085   3.238   3.382   3.518   3.647   3.769   3.882   3.986   4.079
   5.350  -0.406  -0.382  -0.354  -0.321  -0.285  -0.243  -0.196  -0.142  -0.081  -0.009   0.074   0.170   0.279   0.402   0.537   0.683   0.838   1.001   1.171   1.349   1.535   1.728   1.925   2.126   2.325   2.517   2.699   2.868   3.026   3.172   3.310   3.443   3.569   3.691   3.805   3.909   4.006
   5.375  -0.438  -0.417  -0.392  -0.363  -0.328  -0.289  -0.244  -0.192  -0.132  -0.061   0.021   0.117   0.228   0.355   0.495   0.646   0.808   0.976   1.151   1.331   1.516   1.707   1.901   2.097   2.290   2.476   2.652   2.814   2.965   3.106   3.240   3.369   3.494   3.615   3.729   3.836   3.934
   5.400  -0.464  -0.447  -0.426  -0.401  -0.370  -0.334  -0.291  -0.242  -0.184  -0.116  -0.035   0.061   0.172   0.301   0.444   0.602   0.769   0.943   1.123   1.306   1.492   1.682   1.873   2.065   2.253   2.433   2.603   2.760   2.905   3.041   3.171   3.298   3.421   3.542   3.657   3.764   3.864
   5.425  -0.483  -0.470  -0.453  -0.431  -0.405  -0.373  -0.334  -0.288  -0.233  -0.168  -0.089   0.005   0.115   0.245   0.391   0.552   0.724   0.904   1.089   1.276   1.464   1.654   1.843   2.031   2.215   2.390   2.554   2.705   2.846   2.978   3.104   3.229   3.351   3.471   3.587   3.695   3.796
   5.450  -0.497  -0.487  -0.474  -0.457  -0.435  -0.407  -0.373  -0.331  -0.279  -0.217  -0.142  -0.051   0.058   0.187   0.334   0.499   0.676   0.861   1.051   1.242   1.433   1.624   1.812   1.997   2.177   2.346   2.506   2.652   2.788   2.916   3.039   3.163   3.284   3.404   3.520   3.628   3.730
   5.475  -0.506  -0.499  -0.489  -0.476  -0.458  -0.435  -0.406  -0.368  -0.321  -0.263  -0.191  -0.103   0.004   0.132   0.279   0.445   0.626   0.816   1.011   1.207   1.401   1.593   1.780   1.963   2.138   2.304   2.459   2.600   2.732   2.857   2.978   3.099   3.220   3.340   3.456   3.564   3.666
   5.500  -0.512  -0.507  -0.500  -0.490  -0.477  -0.459  -0.434  -0.401  -0.359  -0.305  -0.238  -0.153  -0.050   0.077   0.223   0.392   0.575   0.770   0.970   1.170   1.368   1.561   1.748   1.929   2.101   2.262   2.412   2.550   2.679   2.800   2.919   3.039   3.159   3.278   3.394   3.502   3.604
   5.525  -0.515  -0.512  -0.507  -0.500  -0.490  -0.476  -0.456  -0.429  -0.392  -0.344  -0.282  -0.202  -0.102   0.023   0.169   0.339   0.525   0.724   0.930   1.134   1.336   1.530   1.717   1.896   2.064   2.222   2.368   2.502   2.627   2.746   2.863   2.982   3.101   3.220   3.336   3.444   3.546
   5.550  -0.517  -0.515  -0.511  -0.507  -0.500  -0.489  -0.474  -0.452  -0.421  -0.379  -0.322  -0.247  -0.152  -0.030   0.115   0.286   0.475   0.678   0.888   1.097   1.303   1.499   1.686   1.863   2.029   2.183   2.325   2.456   2.578   2.695   2.810   2.927   3.046   3.164   3.280   3.388   3.489
   5.575  -0.518  -0.517  -0.514  -0.511  -0.506  -0.498  -0.486  -0.469  -0.444  -0.408  -0.358  -0.290  -0.200  -0.082   0.061   0.232   0.423   0.631   0.846   1.060   1.269   1.467   1.655   1.831   1.994   2.145   2.285   2.412   2.532   2.647   2.760   2.876   2.993   3.111   3.226   3.334   3.436
   5.600  -0.519  -0.518  -0.516  -0.513  -0.509  -0.503  -0.494  -0.481  -0.461  -0.432  -0.389  -0.328  -0.244  -0.132   0.007   0.178   0.370   0.582   0.802   1.020   1.234   1.435   1.624   1.799   1.961   2.110   2.246   2.371   2.488   2.601   2.713   2.828   2.944   3.061   3.175   3.283   3.385
   5.625  -0.520  -0.518  -0.517  -0.514  -0.511  -0.507  -0.499  -0.489  -0.474  -0.450  -0.414  -0.361  -0.285  -0.180  -0.047   0.121   0.313   0.527   0.752   0.976   1.195   1.400   1.592   1.768   1.929   2.076   2.210   2.332   2.448   2.559   2.670   2.784   2.898   3.014   3.128   3.235   3.339
   5.650  -0.520  -0.519  -0.517  -0.515  -0.512  -0.508  -0.502  -0.495  -0.482  -0.463  -0.433  -0.388  -0.321  -0.225  -0.099   0.063   0.253   0.469   0.698   0.928   1.154   1.364   1.559   1.737   1.898   2.043   2.175   2.296   2.410   2.520   2.630   2.742   2.855   2.970   3.083   3.191   3.295
   5.675  -0.521  -0.519  -0.518  -0.515  -0.513  -0.509  -0.504  -0.498  -0.487  -0.472  -0.447  -0.409  -0.351  -0.265  -0.149   0.006   0.192   0.408   0.639   0.876   1.108   1.324   1.525   1.705   1.867   2.012   2.143   2.263   2.375   2.485   2.593   2.704   2.815   2.928   3.040   3.148   3.254
   5.700  -0.521  -0.520  -0.518  -0.516  -0.513  -0.510  -0.506  -0.500  -0.491  -0.478  -0.457  -0.425  -0.375  -0.299  -0.193  -0.047   0.132   0.346   0.579   0.820   1.060   1.283   1.489   1.672   1.836   1.982   2.112   2.231   2.343   2.451   2.558   2.668   2.778   2.889   3.000   3.108   3.214
   5.725  -0.521  -0.520  -0.518  -0.516  -0.514  -0.511  -0.506  -0.501  -0.492  -0.481  -0.463  -0.435  -0.392  -0.325  -0.230  -0.094   0.076   0.285   0.518   0.763   1.008   1.238   1.450   1.638   1.805   1.951   2.082   2.201   2.312   2.420   2.526   2.634   2.743   2.852   2.962   3.069   3.175
   5.750  -0.521  -0.520  -0.519  -0.517  -0.514  -0.511  -0.507  -0.501  -0.493  -0.483  -0.466  -0.442  -0.404  -0.346  -0.260  -0.135   0.025   0.228   0.457   0.705   0.955   1.191   1.410   1.602   1.772   1.921   2.052   2.172   2.283   2.390   2.496   2.603   2.710   2.818   2.925   3.031   3.137
   5.775  -0.521  -0.520  -0.519  -0.517  -0.515  -0.511  -0.507  -0.502  -0.494  -0.484  -0.469  -0.447  -0.412  -0.361  -0.283  -0.169  -0.018   0.177   0.401   0.648   0.900   1.141   1.366   1.564   1.738   1.889   2.022   2.143   2.254   2.361   2.467   2.572   2.678   2.784   2.890   2.996   3.101
   5.800  -0.521  -0.520  -0.519  -0.517  -0.515  -0.512  -0.508  -0.502  -0.495  -0.485  -0.471  -0.450  -0.418  -0.372  -0.301  -0.196  -0.055   0.131   0.349   0.593   0.846   1.091   1.322   1.524   1.703   1.857   1.992   2.114   2.226   2.334   2.439   2.544   2.648   2.753   2.858   2.962   3.067
   5.825  -0.521  -0.520  -0.519  -0.517  -0.515  -0.512  -0.508  -0.503  -0.496  -0.486  -0.472  -0.453  -0.423  -0.379  -0.313  -0.216  -0.085   0.092   0.301   0.541   0.793   1.041   1.276   1.482   1.666   1.823   1.961   2.085   2.198   2.307   2.412   2.516   2.620   2.724   2.828   2.931   3.035
   5.850  -0.521  -0.520  -0.519  -0.518  -0.516  -0.513  -0.509  -0.504  -0.497  -0.487  -0.473  -0.454  -0.426  -0.384  -0.323  -0.232  -0.109   0.059   0.260   0.494   0.743   0.991   1.229   1.441   1.629   1.789   1.930   2.056   2.171   2.281   2.386   2.491   2.594   2.696   2.799   2.903   3.006
   5.875  -0.521  -0.520  -0.519  -0.518  -0.516  -0.513  -0.510  -0.505  -0.498  -0.488  -0.475  -0.456  -0.428  -0.389  -0.330  -0.245  -0.128   0.031   0.224   0.451   0.696   0.944   1.184   1.399   1.591   1.755   1.900   2.028   2.144   2.255   2.362   2.466   2.568   2.670   2.772   2.874   2.977
   5.900  -0.521  -0.520  -0.519  -0.517  -0.515  -0.513  -0.510  -0.505  -0.498  -0.489  -0.476  -0.458  -0.431  -0.392  -0.336  -0.255  -0.143   0.008   0.194   0.415   0.654   0.900   1.141   1.358   1.554   1.722   1.870   2.001   2.119   2.232   2.338   2.442   2.544   2.644   2.744   2.845   2.947
   5.925  -0.520  -0.519  -0.518  -0.517  -0.515  -0.513  -0.510  -0.505  -0.499  -0.490  -0.477  -0.459  -0.432  -0.395  -0.341  -0.263  -0.156  -0.010   0.169   0.384   0.619   0.863   1.103   1.322   1.521   1.692   1.842   1.975   2.096   2.209   2.317   2.420   2.520   2.618   2.716   2.816   2.917
   5.950  -0.520  -0.518  -0.517  -0.516  -0.514  -0.512  -0.509  -0.504  -0.498  -0.489  -0.477  -0.460  -0.434  -0.398  -0.345  -0.269  -0.165  -0.024   0.149   0.359   0.589   0.830   1.069   1.289   1.490   1.663   1.816   1.952   2.074   2.189   2.297   2.399   2.498   2.593   2.688   2.786   2.887
   5.975  -0.519  -0.517  -0.516  -0.514  -0.513  -0.510  -0.507  -0.503  -0.497  -0.488  -0.476  -0.460  -0.435  -0.400  -0.348  -0.274  -0.172  -0.035   0.135   0.340   0.566   0.804   1.040   1.260   1.462   1.637   1.793   1.931   2.055   2.171   2.279   2.380   2.476   2.568   2.661   2.758   2.858
   6.000  -0.518  -0.517  -0.515  -0.513  -0.511  -0.508  -0.505  -0.500  -0.494  -0.486  -0.475  -0.459  -0.435  -0.401  -0.350  -0.278  -0.178  -0.043   0.123   0.324   0.546   0.780   1.014   1.233   1.436   1.613   1.771   1.911   2.037   2.154   2.261   2.360   2.453   2.543   2.633   2.730   2.831
   6.050  -0.519  -0.516  -0.514  -0.511  -0.508  -0.504  -0.500  -0.495  -0.488  -0.480  -0.469  -0.454  -0.432  -0.400  -0.352  -0.283  -0.188  -0.059   0.100   0.292   0.506   0.734   0.964   1.183   1.387   1.569   1.732   1.877   2.006   2.122   2.227   2.321   2.409   2.493   2.580   2.674   2.779
   6.100  -0.520  -0.517  -0.514  -0.511  -0.507  -0.502  -0.497  -0.490  -0.483  -0.473  -0.462  -0.447  -0.425  -0.395  -0.350  -0.285  -0.194  -0.072   0.080   0.264   0.470   0.692   0.918   1.137   1.343   1.529   1.696   1.844   1.974   2.087   2.187   2.276   2.358   2.438   2.522   2.620   2.729
   6.150  -0.522  -0.520  -0.518  -0.515  -0.511  -0.505  -0.499  -0.491  -0.481  -0.469  -0.454  -0.437  -0.414  -0.384  -0.340  -0.279  -0.194  -0.080   0.063   0.239   0.437   0.654   0.877   1.096   1.304   1.492   1.661   1.808   1.936   2.043   2.137   2.218   2.294   2.369   2.451   2.554   2.670
   6.200  -0.524  -0.523  -0.522  -0.519  -0.516  -0.511  -0.504  -0.495  -0.484  -0.469  -0.452  -0.432  -0.406  -0.374  -0.330  -0.270  -0.189  -0.082   0.053   0.221   0.412   0.623   0.843   1.060   1.268   1.455   1.622   1.766   1.888   1.989   2.075   2.150   2.220   2.293   2.376   2.481   2.606
   6.250  -0.525  -0.525  -0.524  -0.522  -0.520  -0.517  -0.512  -0.505  -0.494  -0.481  -0.462  -0.439  -0.409  -0.371  -0.321  -0.258  -0.177  -0.072   0.057   0.217   0.401   0.605   0.819   1.031   1.234   1.416   1.577   1.713   1.827   1.920   1.998   2.069   2.138   2.213   2.300   2.411   2.541
   6.300  -0.526  -0.525  -0.525  -0.524  -0.523  -0.522  -0.519  -0.514  -0.507  -0.495  -0.477  -0.453  -0.420  -0.377  -0.322  -0.254  -0.169  -0.063   0.064   0.220   0.397   0.594   0.800   1.003   1.197   1.370   1.521   1.647   1.752   1.837   1.911   1.980   2.051   2.131   2.224   2.339   2.474
   6.350  -0.527  -0.526  -0.525  -0.525  -0.525  -0.524  -0.522  -0.519  -0.514  -0.506  -0.493  -0.473  -0.443  -0.401  -0.344  -0.270  -0.177  -0.064   0.069   0.226   0.400   0.589   0.783   0.973   1.152   1.311   1.449   1.564   1.662   1.742   1.814   1.885   1.960   2.047   2.147   2.268   2.406
   6.400  -0.527  -0.526  -0.526  -0.526  -0.525  -0.525  -0.523  -0.522  -0.519  -0.515  -0.506  -0.492  -0.468  -0.429  -0.374  -0.297  -0.199  -0.078   0.063   0.222   0.395   0.577   0.759   0.934   1.097   1.240   1.365   1.470   1.560   1.638   1.711   1.787   1.869   1.963   2.071   2.196   2.337
   6.450  -0.527  -0.527  -0.527  -0.526  -0.526  -0.525  -0.525  -0.523  -0.521  -0.519  -0.513  -0.503  -0.484  -0.453  -0.405  -0.334  -0.238  -0.115   0.029   0.193   0.367   0.544   0.718   0.878   1.025   1.154   1.268   1.365   1.452   1.530   1.607   1.689   1.779   1.882   1.996   2.124   2.266
   6.500  -0.527  -0.527  -0.527  -0.527  -0.527  -0.526  -0.525  -0.524  -0.523  -0.521  -0.516  -0.510  -0.496  -0.474  -0.434  -0.372  -0.284  -0.163  -0.020   0.146   0.320   0.493   0.659   0.808   0.942   1.059   1.163   1.255   1.340   1.421   1.503   1.593   1.692   1.802   1.923   2.053   2.192
   6.550  -0.527  -0.528  -0.528  -0.528  -0.527  -0.527  -0.526  -0.525  -0.524  -0.522  -0.519  -0.514  -0.504  -0.486  -0.454  -0.401  -0.325  -0.215  -0.080   0.078   0.247   0.416   0.577   0.719   0.846   0.956   1.055   1.144   1.229   1.313   1.401   1.499   1.606   1.724   1.851   1.983   2.123
   6.600  -0.528  -0.528  -0.528  -0.528  -0.528  -0.528  -0.527  -0.527  -0.525  -0.524  -0.521  -0.517  -0.508  -0.494  -0.468  -0.425  -0.361  -0.265  -0.144   0.003   0.164   0.326   0.483   0.620   0.743   0.849   0.945   1.033   1.119   1.208   1.303   1.408   1.523   1.648   1.780   1.916   2.056
   6.650  -0.528  -0.528  -0.528  -0.529  -0.529  -0.528  -0.528  -0.528  -0.527  -0.525  -0.523  -0.519  -0.512  -0.500  -0.479  -0.444  -0.389  -0.307  -0.200  -0.067   0.081   0.234   0.383   0.516   0.637   0.741   0.836   0.925   1.014   1.107   1.208   1.320   1.442   1.573   1.710   1.848   1.987
   6.700  -0.529  -0.529  -0.529  -0.529  -0.529  -0.529  -0.529  -0.529  -0.528  -0.527  -0.525  -0.522  -0.515  -0.505  -0.487  -0.458  -0.412  -0.342  -0.250  -0.132   0.001   0.142   0.282   0.411   0.529   0.633   0.729   0.821   0.913   1.012   1.118   1.237   1.365   1.501   1.642   1.780   1.918
   6.750  -0.530  -0.530  -0.529  -0.529  -0.529  -0.530  -0.529  -0.529  -0.529  -0.528  -0.526  -0.524  -0.518  -0.510  -0.495  -0.471  -0.432  -0.373  -0.294  -0.190  -0.072   0.057   0.187   0.309   0.424   0.528   0.625   0.720   0.816   0.921   1.034   1.160   1.294   1.435   1.577   1.713   1.847
   6.800  -0.531  -0.530  -0.530  -0.530  -0.530  -0.530  -0.530  -0.530  -0.529  -0.529  -0.527  -0.525  -0.521  -0.514  -0.502  -0.482  -0.449  -0.399  -0.331  -0.241  -0.137  -0.021   0.098   0.214   0.325   0.427   0.527   0.625   0.727   0.837   0.956   1.088   1.228   1.372   1.515   1.648   1.773
   6.850  -0.531  -0.531  -0.531  -0.531  -0.531  -0.531  -0.531  -0.531  -0.530  -0.530  -0.528  -0.527  -0.523  -0.518  -0.507  -0.490  -0.463  -0.421  -0.363  -0.285  -0.193  -0.089   0.020   0.129   0.236   0.338   0.438   0.540   0.647   0.763   0.888   1.024   1.165   1.310   1.452   1.581   1.701
   6.900  -0.532  -0.532  -0.532  -0.532  -0.532  -0.532  -0.532  -0.532  -0.531  -0.530  -0.529  -0.528  -0.525  -0.520  -0.511  -0.497  -0.474  -0.438  -0.389  -0.322  -0.242  -0.149  -0.048   0.054   0.157   0.258   0.360   0.465   0.576   0.697   0.826   0.964   1.106   1.250   1.390   1.515   1.629
   6.950  -0.533  -0.533  -0.533  -0.533  -0.533  -0.533  -0.533  -0.533  -0.532  -0.531  -0.530  -0.528  -0.525  -0.520  -0.513  -0.500  -0.481  -0.451  -0.410  -0.353  -0.283  -0.200  -0.109  -0.013   0.086   0.188   0.293   0.403   0.519   0.641   0.770   0.909   1.051   1.192   1.328   1.450   1.561
   7.000  -0.534  -0.534  -0.534  -0.534  -0.534  -0.534  -0.534  -0.534  -0.533  -0.532  -0.530  -0.528  -0.525  -0.520  -0.513  -0.502  -0.485  -0.460  -0.425  -0.375  -0.314  -0.241  -0.158  -0.068   0.028   0.130   0.237   0.350   0.468   0.589   0.717   0.856   0.997   1.135   1.266   1.385   1.494
   7.050  -0.535  -0.536  -0.535  -0.535  -0.535  -0.535  -0.535  -0.535  -0.534  -0.533  -0.531  -0.529  -0.526  -0.520  -0.513  -0.502  -0.486  -0.463  -0.431  -0.387  -0.333  -0.267  -0.191  -0.106  -0.012   0.088   0.194   0.305   0.421   0.539   0.664   0.801   0.941   1.078   1.205   1.316   1.413
   7.100  -0.537  -0.537  -0.537  -0.537  -0.536  -0.536  -0.536  -0.536  -0.535  -0.534  -0.533  -0.531  -0.527  -0.521  -0.513  -0.502  -0.486  -0.463  -0.433  -0.393  -0.344  -0.284  -0.214  -0.132  -0.042   0.055   0.157   0.263   0.374   0.490   0.612   0.747   0.884   1.019   1.143   1.243   1.323
   7.150  -0.538  -0.539  -0.538  -0.538  -0.538  -0.538  -0.538  -0.537  -0.537  -0.536  -0.535  -0.533  -0.530  -0.524  -0.516  -0.504  -0.488  -0.464  -0.434  -0.396  -0.349  -0.293  -0.227  -0.151  -0.066   0.025   0.121   0.220   0.324   0.438   0.559   0.691   0.824   0.959   1.080   1.164   1.227
   7.200  -0.540  -0.540  -0.540  -0.540  -0.540  -0.540  -0.540  -0.540  -0.539  -0.539  -0.538  -0.536  -0.533  -0.529  -0.521  -0.509  -0.491  -0.467  -0.437  -0.399  -0.354  -0.300  -0.237  -0.166  -0.088  -0.004   0.085   0.175   0.273   0.385   0.506   0.635   0.765   0.894   1.005   1.080   1.125
   7.250  -0.542  -0.542  -0.542  -0.542  -0.542  -0.542  -0.542  -0.541  -0.541  -0.541  -0.540  -0.539  -0.537  -0.533  -0.526  -0.515  -0.498  -0.475  -0.445  -0.408  -0.363  -0.310  -0.250  -0.184  -0.113  -0.038   0.043   0.127   0.220   0.330   0.449   0.582   0.709   0.812   0.894   0.964   0.997
   7.300  -0.544  -0.544  -0.544  -0.544  -0.544  -0.544  -0.544  -0.544  -0.543  -0.543  -0.543  -0.542  -0.540  -0.537  -0.531  -0.522  -0.507  -0.486  -0.457  -0.420  -0.376  -0.324  -0.267  -0.206  -0.142  -0.075  -0.002   0.078   0.168   0.275   0.393   0.529   0.654   0.731   0.785   0.825   0.850
   7.350  -0.546  -0.546  -0.546  -0.546  -0.546  -0.546  -0.546  -0.546  -0.545  -0.545  -0.545  -0.545  -0.543  -0.540  -0.536  -0.528  -0.516  -0.497  -0.471  -0.437  -0.395  -0.346  -0.292  -0.236  -0.177  -0.116  -0.049   0.028   0.118   0.223   0.341   0.479   0.605   0.680   0.730   0.748   0.769
   7.400  -0.549  -0.549  -0.549  -0.549  -0.549  -0.549  -0.549  -0.548  -0.548  -0.548  -0.548  -0.547  -0.546  -0.544  -0.540  -0.534  -0.524  -0.508  -0.486  -0.455  -0.417  -0.372  -0.322  -0.270  -0.215  -0.159  -0.096  -0.020   0.069   0.175   0.291   0.422   0.540   0.614   0.665   0.703   0.727
   7.450  -0.552  -0.552  -0.552  -0.552  -0.552  -0.552  -0.552  -0.552  -0.551  -0.551  -0.551  -0.551  -0.549  -0.548  -0.544  -0.539  -0.531  -0.519  -0.500  -0.473  -0.439  -0.399  -0.353  -0.305  -0.254  -0.201  -0.140  -0.066   0.021   0.131   0.243   0.340   0.422   0.475   0.511   0.566   0.584
   7.500  -0.555  -0.555  -0.555  -0.555  -0.555  -0.555  -0.555  -0.555  -0.555  -0.555  -0.555  -0.554  -0.553  -0.552  -0.549  -0.545  -0.538  -0.528  -0.513  -0.490  -0.461  -0.425  -0.384  -0.340  -0.292  -0.241  -0.181  -0.109  -0.024   0.088   0.195   0.260   0.304   0.337   0.359   0.376   0.387
   7.550  -0.558  -0.558  -0.558  -0.558  -0.558  -0.558  -0.558  -0.558  -0.558  -0.558  -0.558  -0.558  -0.557  -0.556  -0.554  -0.550  -0.545  -0.537  -0.524  -0.505  -0.480  -0.448  -0.411  -0.371  -0.326  -0.277  -0.219  -0.149  -0.066   0.043   0.146   0.205   0.244   0.273   0.293   0.294   0.302
   7.600  -0.562  -0.562  -0.562  -0.562  -0.562  -0.562  -0.562  -0.562  -0.562  -0.562  -0.562  -0.562  -0.561  -0.560  -0.559  -0.556  -0.551  -0.544  -0.534  -0.518  -0.496  -0.468  -0.436  -0.400  -0.358  -0.311  -0.255  -0.187  -0.107  -0.002   0.097   0.158   0.199   0.229   0.250   0.266   0.275
   7.650  -0.567  -0.567  -0.567  -0.567  -0.567  -0.567  -0.567  -0.567  -0.567  -0.567  -0.567  -0.566  -0.566  -0.565  -0.564  -0.561  -0.557  -0.552  -0.543  -0.529  -0.511  -0.487  -0.458  -0.425  -0.387  -0.343  -0.289  -0.224  -0.147  -0.047   0.048   0.106   0.145   0.174   0.194   0.208   0.217
   7.700  -0.572  -0.572  -0.572  -0.572  -0.572  -0.572  -0.572  -0.572  -0.572  -0.572  -0.572  -0.572  -0.571  -0.570  -0.569  -0.567  -0.564  -0.559  -0.551  -0.540  -0.524  -0.503  -0.478  -0.449  -0.414  -0.373  -0.322  -0.260  -0.186  -0.092  -0.003   0.051   0.088   0.116   0.134   0.149   0.157
   7.750  -0.577  -0.577  -0.577  -0.577  -0.577  -0.577  -0.577  -0.577  -0.578  -0.578  -0.578  -0.577  -0.577  -0.576  -0.575  -0.574  -0.571  -0.567  -0.560  -0.550  -0.536  -0.518  -0.496  -0.470  -0.439  -0.401  -0.354  -0.295  -0.226  -0.137  -0.053  -0.002   0.033   0.059   0.076   0.083   0.091
   7.800  -0.583  -0.583  -0.583  -0.583  -0.583  -0.583  -0.583  -0.583  -0.584  -0.584  -0.584  -0.584  -0.583  -0.583  -0.582  -0.581  -0.579  -0.575  -0.569  -0.560  -0.548  -0.532  -0.512  -0.490  -0.462  -0.428  -0.385  -0.330  -0.266  -0.187  -0.114  -0.069  -0.038  -0.015   0.000   0.012   0.019
   7.850  -0.590  -0.590  -0.590  -0.590  -0.590  -0.590  -0.590  -0.590  -0.591  -0.591  -0.591  -0.591  -0.590  -0.590  -0.590  -0.589  -0.587  -0.583  -0.578  -0.570  -0.560  -0.546  -0.529  -0.509  -0.485  -0.455  -0.417  -0.364  -0.307  -0.254  -0.208  -0.178  -0.158  -0.143  -0.133  -0.106  -0.101
   7.900  -0.598  -0.598  -0.598  -0.598  -0.598  -0.598  -0.598  -0.598  -0.598  -0.599  -0.599  -0.599  -0.598  -0.598  -0.598  -0.597  -0.595  -0.592  -0.587  -0.580  -0.571  -0.560  -0.546  -0.529  -0.508  -0.482  -0.449  -0.398  -0.349  -0.319  -0.299  -0.284  -0.274  -0.267  -0.261  -0.258  -0.255
   7.950  -0.606  -0.606  -0.606  -0.606  -0.606  -0.606  -0.606  -0.606  -0.606  -0.606  -0.606  -0.606  -0.606  -0.606  -0.606  -0.605  -0.603  -0.600  -0.596  -0.590  -0.582  -0.573  -0.562  -0.548  -0.531  -0.509  -0.480  -0.434  -0.390  -0.366  -0.350  -0.339  -0.331  -0.325  -0.321  -0.329  -0.328
   8.000  -0.614  -0.614  -0.614  -0.614  -0.614  -0.614  -0.614  -0.614  -0.614  -0.614  -0.614  -0.614  -0.614  -0.614  -0.614  -0.613  -0.611  -0.609  -0.606  -0.601  -0.594  -0.587  -0.578  -0.568  -0.554  -0.537  -0.512  -0.472  -0.432  -0.408  -0.392  -0.380  -0.372  -0.366  -0.362  -0.359  -0.357
   8.100  -0.634  -0.634  -0.634  -0.634  -0.634  -0.634  -0.634  -0.634  -0.634  -0.634  -0.634  -0.634  -0.634  -0.634  -0.634  -0.633  -0.632  -0.630  -0.628  -0.625  -0.621  -0.617  -0.613  -0.610  -0.604  -0.594  -0.579  -0.553  -0.527  -0.512  -0.501  -0.493  -0.488  -0.484  -0.481  -0.479  -0.478
   8.200  -0.658  -0.658  -0.658  -0.658  -0.658  -0.658  -0.658  -0.658  -0.658  -0.659  -0.659  -0.659  -0.659  -0.659  -0.659  -0.658  -0.657  -0.656  -0.655  -0.653  -0.652  -0.652  -0.654  -0.657  -0.659  -0.657  -0.649  -0.631  -0.612  -0.601  -0.593  -0.588  -0.584  -0.581  -0.579  -0.610  -0.609
   8.300  -0.687  -0.687  -0.687  -0.687  -0.687  -0.687  -0.687  -0.687  -0.687  -0.687  -0.688  -0.688  -0.688  -0.688  -0.688  -0.688  -0.687  -0.686  -0.686  -0.686  -0.688  -0.692  -0.699  -0.708  -0.717  -0.723  -0.728  -0.734  -0.739  -0.742  -0.744  -0.746  -0.747  -0.748  -0.749  -0.749  -0.749
   8.400  -0.735  -0.727  -0.723  -0.721  -0.721  -0.721  -0.720  -0.720  -0.721  -0.721  -0.721  -0.721  -0.721  -0.721  -0.721  -0.721  -0.721  -0.721  -0.722  -0.724  -0.729  -0.737  -0.748  -0.760  -0.776  -0.791  -0.827  -0.922  -1.022  -1.080  -1.120  -1.149  -1.169  -1.183  -1.193  -1.090  -1.093
   8.500  -0.757  -0.757  -0.757  -0.757  -0.758  -0.758  -0.758  -0.758  -0.758  -0.758  -0.758  -0.758  -0.758  -0.758  -0.758  -0.758  -0.759  -0.760  -0.762  -0.766  -0.774  -0.786  -0.802  -0.818  -0.841  -0.865  -0.926  -1.088  -1.261  -1.360  -1.429  -1.478  -1.512  -1.537  -1.554  -1.567  -1.575
   8.600  -0.709  -0.753  -0.782  -0.797  -0.797  -0.799  -0.799  -0.799  -0.799  -0.799  -0.799  -0.799  -0.799  -0.799  -0.799  -0.799  -0.800  -0.802  -0.806  -0.813  -0.822  -0.838  -0.860  -0.885  -0.915  -0.956  -1.008  -1.119  -1.273  -1.356  -1.406  -1.447  -1.472  -1.493  -1.505  -1.515  -1.522
   8.700  -0.606  -0.723  -0.801  -0.839  -0.838  -0.845  -0.843  -0.844  -0.843  -0.843  -0.843  -0.843  -0.843  -0.843  -0.843  -0.844  -0.845  -0.848  -0.853  -0.862  -0.874  -0.895  -0.922  -0.956  -0.996  -1.036  -1.078  -1.104  -1.119  -1.132  -1.140  -1.146  -1.150  -1.153  -1.155  -1.156  -1.157

