fixed metal distribution -- based on Grevesse & Noels (1993) solar abundances
    form     version        X           Z          logRs    logR_min    logR_max       logTs    logT_min    logT_max
       1          38    0.100000    0.080000          37   -8.000000    1.000000         138    3.750000    8.700000

   logT                       logR = logRho - 3*logT + 18
          -8.000  -7.750  -7.500  -7.250  -7.000  -6.750  -6.500  -6.250  -6.000  -5.750  -5.500  -5.250  -5.000  -4.750  -4.500  -4.250  -4.000  -3.750  -3.500  -3.250  -3.000  -2.750  -2.500  -2.250  -2.000  -1.750  -1.500  -1.250  -1.000  -0.750  -0.500  -0.250   0.000   0.250   0.500   0.750   1.000

   3.750   0.000   0.000   0.000   0.000   0.000   0.000   0.000  -1.878  -1.975  -2.073  -2.173  -2.271  -2.367  -2.458  -2.544  -2.619  -2.685  -2.731  -2.760  -2.764  -2.746  -2.697  -2.620  -2.517  -2.387  -2.246  -2.089  -1.895  -1.670  -1.449  -1.221  -0.989  -0.753  -0.544  -0.351  -0.189  -0.052
   3.775   0.000   0.000   0.000   0.000   0.000   0.000   0.000  -1.630  -1.703  -1.784  -1.874  -1.963  -2.056  -2.145  -2.233  -2.310  -2.379  -2.429  -2.464  -2.475  -2.463  -2.422  -2.354  -2.268  -2.161  -2.035  -1.890  -1.736  -1.570  -1.373  -1.150  -0.930  -0.703  -0.469  -0.228  -0.068   0.041
   3.800   0.000   0.000   0.000   0.000   0.000   0.000   0.000  -1.453  -1.502  -1.561  -1.630  -1.702  -1.780  -1.857  -1.936  -2.006  -2.070  -2.117  -2.151  -2.162  -2.154  -2.119  -2.060  -1.988  -1.898  -1.787  -1.656  -1.533  -1.408  -1.235  -1.029  -0.826  -0.614  -0.377  -0.121   0.047   0.163
   3.825   0.000   0.000   0.000   0.000   0.000   0.000   0.000  -1.357  -1.379  -1.407  -1.443  -1.485  -1.534  -1.588  -1.644  -1.698  -1.747  -1.785  -1.811  -1.820  -1.812  -1.781  -1.733  -1.671  -1.593  -1.493  -1.385  -1.287  -1.176  -1.025  -0.854  -0.679  -0.489  -0.268  -0.046   0.157   0.313
   3.850   0.000   0.000   0.000   0.000   0.000   0.000   0.000  -1.311  -1.309  -1.308  -1.311  -1.321  -1.337  -1.360  -1.387  -1.415  -1.441  -1.460  -1.471  -1.470  -1.457  -1.428  -1.386  -1.330  -1.261  -1.177  -1.085  -0.997  -0.898  -0.774  -0.634  -0.485  -0.322  -0.145   0.048   0.260   0.491
   3.875   0.000   0.000   0.000   0.000   0.000   0.000   0.000  -1.288  -1.274  -1.258  -1.242  -1.228  -1.216  -1.206  -1.197  -1.189  -1.179  -1.166  -1.150  -1.129  -1.102  -1.067  -1.024  -0.972  -0.911  -0.839  -0.761  -0.682  -0.594  -0.489  -0.372  -0.244  -0.104   0.048   0.217   0.410   0.634
   3.900   0.000   0.000   0.000   0.000   0.000   0.000   0.000  -1.284  -1.263  -1.240  -1.213  -1.181  -1.145  -1.104  -1.060  -1.013  -0.964  -0.914  -0.864  -0.816  -0.767  -0.719  -0.669  -0.616  -0.558  -0.494  -0.425  -0.352  -0.272  -0.182  -0.083   0.027   0.147   0.281   0.428   0.589   0.764
   3.925   0.000   0.000   0.000   0.000   0.000   0.000   0.000  -1.288  -1.268  -1.241  -1.207  -1.163  -1.110  -1.047  -0.976  -0.896  -0.812  -0.726  -0.639  -0.557  -0.479  -0.407  -0.341  -0.277  -0.215  -0.152  -0.086  -0.019   0.053   0.133   0.221   0.317   0.423   0.541   0.668   0.801   0.949
   3.950   0.000   0.000   0.000   0.000   0.000   0.000   0.000  -1.283  -1.268  -1.244  -1.208  -1.160  -1.097  -1.020  -0.929  -0.824  -0.710  -0.589  -0.468  -0.350  -0.238  -0.138  -0.047   0.033   0.106   0.176   0.243   0.309   0.376   0.451   0.531   0.618   0.712   0.817   0.928   1.045   1.166
   3.975   0.000   0.000   0.000   0.000   0.000   0.000   0.000  -1.245  -1.241  -1.227  -1.199  -1.156  -1.095  -1.013  -0.913  -0.793  -0.657  -0.510  -0.357  -0.205  -0.059   0.074   0.194   0.300   0.393   0.476   0.552   0.622   0.690   0.762   0.837   0.917   1.003   1.096   1.196   1.295   1.403
   4.000   0.000   0.000   0.000   0.000   0.000   0.000   0.000  -1.182  -1.190  -1.188  -1.171  -1.138  -1.084  -1.006  -0.905  -0.778  -0.630  -0.465  -0.289  -0.109   0.068   0.233   0.385   0.520   0.639   0.741   0.831   0.911   0.985   1.058   1.132   1.208   1.288   1.374   1.465   1.562   1.663
   4.025   0.000   0.000   0.000   0.000   0.000  -1.043  -1.068  -1.090  -1.105  -1.112  -1.105  -1.083  -1.040  -0.974  -0.882  -0.760  -0.613  -0.442  -0.255  -0.058   0.142   0.335   0.518   0.682   0.829   0.956   1.067   1.163   1.249   1.330   1.408   1.484   1.562   1.642   1.726   1.812   1.905
   4.050   0.000   0.000   0.000   0.000   0.000  -0.944  -0.967  -0.989  -1.006  -1.017  -1.017  -1.004  -0.972  -0.917  -0.837  -0.726  -0.588  -0.421  -0.233  -0.028   0.185   0.398   0.605   0.796   0.971   1.125   1.260   1.377   1.481   1.574   1.659   1.740   1.817   1.895   1.974   2.056   2.142
   4.075  -0.836  -0.836  -0.839  -0.845  -0.855  -0.867  -0.880  -0.894  -0.906  -0.913  -0.911  -0.898  -0.869  -0.821  -0.749  -0.651  -0.527  -0.374  -0.198   0.000   0.212   0.432   0.651   0.863   1.062   1.242   1.404   1.546   1.672   1.781   1.878   1.965   2.046   2.124   2.201   2.281   2.364
   4.100  -0.835  -0.825  -0.817  -0.812  -0.810  -0.810  -0.811  -0.815  -0.816  -0.815  -0.807  -0.788  -0.756  -0.708  -0.642  -0.553  -0.442  -0.305  -0.145   0.039   0.240   0.456   0.678   0.900   1.117   1.320   1.507   1.675   1.824   1.952   2.063   2.161   2.249   2.330   2.409   2.490   2.573
   4.125  -0.830  -0.819  -0.809  -0.800  -0.792  -0.785  -0.777  -0.770  -0.760  -0.746  -0.725  -0.694  -0.652  -0.595  -0.523  -0.434  -0.328  -0.203  -0.058   0.107   0.290   0.491   0.703   0.924   1.145   1.362   1.569   1.760   1.933   2.082   2.212   2.324   2.423   2.511   2.595   2.679   2.762
   4.150  -0.829  -0.819  -0.810  -0.799  -0.788  -0.775  -0.761  -0.744  -0.724  -0.698  -0.664  -0.619  -0.563  -0.493  -0.410  -0.315  -0.207  -0.087   0.047   0.196   0.360   0.542   0.738   0.949   1.168   1.390   1.610   1.818   2.012   2.181   2.330   2.458   2.570   2.669   2.759   2.849   2.934
   4.175  -0.828  -0.819  -0.808  -0.797  -0.784  -0.769  -0.752  -0.732  -0.706  -0.674  -0.632  -0.577  -0.507  -0.423  -0.325  -0.215  -0.095   0.031   0.166   0.309   0.462   0.627   0.806   1.001   1.208   1.425   1.646   1.862   2.068   2.253   2.419   2.564   2.691   2.802   2.902   2.997   3.084
   4.200  -0.828  -0.818  -0.808  -0.796  -0.782  -0.767  -0.749  -0.727  -0.700  -0.664  -0.616  -0.553  -0.474  -0.376  -0.264  -0.138  -0.003   0.136   0.279   0.423   0.572   0.727   0.892   1.071   1.263   1.470   1.684   1.900   2.111   2.308   2.489   2.649   2.791   2.915   3.025   3.125   3.213
   4.225  -0.826  -0.817  -0.807  -0.796  -0.782  -0.767  -0.748  -0.725  -0.696  -0.658  -0.609  -0.543  -0.459  -0.356  -0.235  -0.098   0.049   0.203   0.361   0.518   0.676   0.833   0.995   1.165   1.344   1.537   1.738   1.946   2.154   2.356   2.546   2.719   2.874   3.012   3.133   3.238   3.327
   4.250  -0.821  -0.814  -0.805  -0.794  -0.782  -0.766  -0.747  -0.724  -0.695  -0.657  -0.607  -0.540  -0.455  -0.349  -0.224  -0.080   0.078   0.246   0.419   0.592   0.765   0.933   1.099   1.266   1.437   1.618   1.805   2.002   2.202   2.403   2.598   2.779   2.945   3.094   3.225   3.336   3.426
   4.275  -0.813  -0.807  -0.799  -0.789  -0.777  -0.763  -0.744  -0.722  -0.693  -0.655  -0.605  -0.537  -0.452  -0.346  -0.220  -0.074   0.088   0.264   0.448   0.636   0.824   1.007   1.187   1.362   1.536   1.712   1.892   2.078   2.267   2.461   2.652   2.834   3.005   3.162   3.302   3.422   3.519
   4.300  -0.796  -0.792  -0.786  -0.778  -0.768  -0.755  -0.738  -0.717  -0.690  -0.652  -0.603  -0.536  -0.452  -0.346  -0.221  -0.076   0.087   0.267   0.459   0.658   0.861   1.061   1.257   1.445   1.628   1.807   1.985   2.163   2.343   2.528   2.711   2.891   3.062   3.222   3.368   3.495   3.604
   4.325  -0.762  -0.763  -0.761  -0.758  -0.751  -0.741  -0.727  -0.709  -0.683  -0.648  -0.601  -0.537  -0.454  -0.351  -0.227  -0.082   0.081   0.263   0.459   0.665   0.876   1.088   1.298   1.502   1.700   1.890   2.075   2.254   2.431   2.608   2.784   2.956   3.122   3.280   3.427   3.564   3.684
   4.350  -0.721  -0.726  -0.728  -0.729  -0.726  -0.719  -0.708  -0.693  -0.670  -0.638  -0.593  -0.533  -0.454  -0.354  -0.232  -0.088   0.075   0.257   0.455   0.664   0.881   1.102   1.324   1.544   1.758   1.963   2.159   2.344   2.523   2.696   2.865   3.030   3.189   3.342   3.488   3.627   3.759
   4.375  -0.675  -0.681  -0.685  -0.687  -0.687  -0.683  -0.675  -0.663  -0.644  -0.616  -0.576  -0.520  -0.446  -0.350  -0.232  -0.090   0.073   0.257   0.456   0.668   0.888   1.115   1.346   1.577   1.804   2.022   2.231   2.426   2.612   2.787   2.954   3.115   3.270   3.417   3.560   3.702   3.841
   4.400  -0.631  -0.636  -0.639  -0.641  -0.642  -0.640  -0.634  -0.624  -0.608  -0.583  -0.546  -0.495  -0.426  -0.335  -0.222  -0.083   0.078   0.261   0.460   0.673   0.896   1.126   1.362   1.602   1.840   2.070   2.291   2.499   2.694   2.876   3.046   3.207   3.359   3.502   3.642   3.784   3.926
   4.425  -0.595  -0.596  -0.597  -0.597  -0.596  -0.593  -0.586  -0.575  -0.559  -0.535  -0.501  -0.454  -0.390  -0.305  -0.198  -0.066   0.089   0.267   0.464   0.676   0.901   1.135   1.375   1.621   1.866   2.106   2.338   2.557   2.764   2.956   3.134   3.300   3.455   3.599   3.739   3.877   4.018
   4.450  -0.568  -0.566  -0.563  -0.559  -0.555  -0.548  -0.538  -0.524  -0.505  -0.480  -0.445  -0.399  -0.338  -0.259  -0.159  -0.034   0.113   0.285   0.477   0.687   0.911   1.145   1.388   1.637   1.887   2.134   2.375   2.606   2.824   3.027   3.216   3.390   3.552   3.701   3.843   3.981   4.114
   4.475  -0.557  -0.550  -0.541  -0.533  -0.524  -0.512  -0.497  -0.477  -0.453  -0.421  -0.381  -0.331  -0.268  -0.191  -0.096   0.021   0.159   0.321   0.505   0.709   0.930   1.163   1.407   1.657   1.910   2.162   2.409   2.647   2.874   3.088   3.288   3.473   3.645   3.804   3.951   4.085   4.213
   4.500  -0.554  -0.542  -0.529  -0.516  -0.502  -0.485  -0.464  -0.438  -0.406  -0.366  -0.317  -0.260  -0.192  -0.112  -0.018   0.093   0.223   0.376   0.550   0.746   0.960   1.189   1.431   1.679   1.933   2.186   2.437   2.681   2.916   3.139   3.350   3.547   3.731   3.900   4.054   4.193   4.316
   4.525  -0.551  -0.538  -0.524  -0.510  -0.492  -0.471  -0.445  -0.413  -0.373  -0.324  -0.265  -0.196  -0.117  -0.028   0.072   0.184   0.310   0.454   0.617   0.800   1.002   1.223   1.457   1.703   1.954   2.208   2.460   2.708   2.948   3.180   3.401   3.608   3.802   3.980   4.142   4.284   4.407
   4.550  -0.550  -0.538  -0.523  -0.508  -0.489  -0.465  -0.435  -0.398  -0.351  -0.293  -0.224  -0.142  -0.050   0.052   0.162   0.281   0.409   0.548   0.701   0.873   1.063   1.272   1.496   1.734   1.981   2.231   2.483   2.731   2.976   3.214   3.443   3.659   3.862   4.049   4.218   4.365   4.492
   4.575  -0.548  -0.536  -0.521  -0.506  -0.486  -0.462  -0.431  -0.392  -0.342  -0.278  -0.201  -0.108  -0.003   0.115   0.242   0.375   0.514   0.658   0.810   0.974   1.152   1.348   1.558   1.783   2.019   2.261   2.507   2.754   3.000   3.243   3.478   3.702   3.913   4.106   4.281   4.434   4.565
   4.600  -0.547  -0.534  -0.520  -0.504  -0.485  -0.461  -0.431  -0.391  -0.340  -0.273  -0.190  -0.089   0.028   0.161   0.305   0.455   0.609   0.764   0.922   1.084   1.255   1.438   1.635   1.846   2.068   2.299   2.537   2.780   3.025   3.269   3.509   3.739   3.955   4.154   4.334   4.491   4.628
   4.625  -0.546  -0.534  -0.519  -0.504  -0.485  -0.461  -0.431  -0.392  -0.341  -0.274  -0.189  -0.084   0.039   0.182   0.338   0.504   0.676   0.847   1.019   1.189   1.362   1.540   1.727   1.924   2.131   2.349   2.576   2.811   3.052   3.295   3.536   3.769   3.989   4.192   4.377   4.539   4.680
   4.650  -0.544  -0.532  -0.519  -0.503  -0.484  -0.461  -0.432  -0.394  -0.344  -0.278  -0.194  -0.089   0.037   0.186   0.351   0.530   0.717   0.907   1.096   1.279   1.460   1.640   1.822   2.010   2.205   2.409   2.624   2.850   3.084   3.324   3.563   3.796   4.018   4.224   4.412   4.578   4.723
   4.675  -0.542  -0.530  -0.516  -0.500  -0.482  -0.459  -0.431  -0.395  -0.347  -0.284  -0.202  -0.098   0.027   0.176   0.344   0.530   0.727   0.931   1.137   1.338   1.535   1.726   1.914   2.099   2.288   2.483   2.686   2.901   3.125   3.358   3.592   3.822   4.043   4.250   4.440   4.609   4.757
   4.700  -0.540  -0.527  -0.513  -0.497  -0.478  -0.457  -0.430  -0.396  -0.351  -0.290  -0.210  -0.110   0.013   0.159   0.327   0.514   0.717   0.931   1.151   1.369   1.584   1.790   1.990   2.180   2.368   2.559   2.754   2.959   3.172   3.396   3.623   3.848   4.065   4.271   4.462   4.632   4.784
   4.725  -0.540  -0.526  -0.511  -0.495  -0.476  -0.454  -0.428  -0.395  -0.351  -0.293  -0.216  -0.119   0.000   0.143   0.307   0.493   0.696   0.912   1.138   1.368   1.597   1.819   2.035   2.238   2.436   2.629   2.822   3.021   3.225   3.439   3.657   3.874   4.086   4.290   4.480   4.651   4.804
   4.750  -0.541  -0.526  -0.510  -0.493  -0.474  -0.452  -0.425  -0.393  -0.351  -0.294  -0.221  -0.126  -0.011   0.128   0.288   0.470   0.669   0.885   1.112   1.348   1.587   1.824   2.056   2.275   2.486   2.687   2.883   3.080   3.278   3.484   3.692   3.901   4.107   4.306   4.494   4.664   4.819
   4.775  -0.542  -0.527  -0.511  -0.493  -0.474  -0.451  -0.424  -0.392  -0.350  -0.294  -0.223  -0.131  -0.018   0.117   0.274   0.452   0.648   0.860   1.085   1.321   1.563   1.808   2.050   2.284   2.510   2.724   2.930   3.130   3.328   3.528   3.728   3.929   4.128   4.322   4.506   4.676   4.830
   4.800  -0.543  -0.528  -0.512  -0.494  -0.475  -0.452  -0.424  -0.391  -0.348  -0.294  -0.223  -0.133  -0.023   0.110   0.264   0.438   0.631   0.838   1.059   1.291   1.533   1.780   2.030   2.276   2.516   2.744   2.962   3.170   3.371   3.568   3.762   3.957   4.150   4.338   4.517   4.684   4.838
   4.825  -0.543  -0.529  -0.513  -0.496  -0.476  -0.453  -0.425  -0.390  -0.347  -0.292  -0.223  -0.134  -0.026   0.105   0.257   0.428   0.617   0.821   1.037   1.265   1.504   1.751   2.002   2.255   2.505   2.745   2.976   3.193   3.401   3.599   3.792   3.984   4.171   4.354   4.529   4.692   4.845
   4.850  -0.540  -0.527  -0.511  -0.495  -0.475  -0.452  -0.424  -0.389  -0.345  -0.290  -0.221  -0.133  -0.026   0.103   0.252   0.421   0.608   0.807   1.020   1.244   1.478   1.723   1.974   2.230   2.486   2.735   2.977   3.204   3.420   3.623   3.817   4.007   4.191   4.370   4.541   4.700   4.849
   4.875  -0.534  -0.521  -0.506  -0.490  -0.470  -0.448  -0.420  -0.385  -0.342  -0.288  -0.219  -0.132  -0.026   0.102   0.249   0.417   0.601   0.798   1.009   1.230   1.462   1.703   1.952   2.208   2.466   2.720   2.968   3.203   3.427   3.636   3.835   4.026   4.209   4.385   4.553   4.709   4.855
   4.900  -0.522  -0.510  -0.496  -0.480  -0.461  -0.439  -0.412  -0.379  -0.337  -0.283  -0.216  -0.130  -0.025   0.102   0.248   0.414   0.597   0.793   1.002   1.221   1.451   1.690   1.936   2.190   2.447   2.703   2.955   3.196   3.427   3.643   3.848   4.042   4.226   4.400   4.565   4.718   4.860
   4.925  -0.503  -0.493  -0.480  -0.466  -0.448  -0.427  -0.401  -0.369  -0.328  -0.276  -0.210  -0.126  -0.023   0.102   0.247   0.412   0.595   0.791   0.999   1.218   1.446   1.682   1.926   2.178   2.433   2.689   2.942   3.188   3.423   3.646   3.856   4.054   4.240   4.415   4.577   4.727   4.864
   4.950  -0.476  -0.467  -0.456  -0.443  -0.428  -0.408  -0.384  -0.353  -0.314  -0.264  -0.200  -0.118  -0.017   0.106   0.249   0.414   0.596   0.793   1.002   1.219   1.446   1.681   1.923   2.172   2.424   2.679   2.932   3.179   3.418   3.645   3.861   4.063   4.252   4.427   4.589   4.735   4.867
   4.975  -0.439  -0.431  -0.421  -0.410  -0.397  -0.379  -0.357  -0.329  -0.292  -0.244  -0.182  -0.103  -0.004   0.117   0.259   0.423   0.605   0.802   1.011   1.229   1.454   1.688   1.928   2.174   2.423   2.675   2.927   3.173   3.413   3.645   3.865   4.070   4.262   4.438   4.598   4.741   4.867
   5.000  -0.393  -0.386  -0.377  -0.367  -0.355  -0.340  -0.320  -0.294  -0.259  -0.214  -0.155  -0.078   0.018   0.136   0.275   0.438   0.619   0.816   1.025   1.241   1.466   1.699   1.937   2.180   2.427   2.676   2.925   3.170   3.410   3.644   3.868   4.076   4.269   4.446   4.605   4.744   4.865
   5.025  -0.337  -0.330  -0.322  -0.313  -0.303  -0.289  -0.270  -0.246  -0.214  -0.171  -0.115  -0.042   0.050   0.164   0.300   0.458   0.636   0.830   1.037   1.253   1.477   1.710   1.947   2.188   2.432   2.679   2.926   3.171   3.411   3.647   3.872   4.082   4.275   4.451   4.608   4.743   4.858
   5.050  -0.278  -0.270  -0.261  -0.252  -0.241  -0.228  -0.211  -0.188  -0.157  -0.116  -0.063   0.007   0.095   0.204   0.335   0.487   0.659   0.849   1.052   1.267   1.491   1.722   1.959   2.198   2.440   2.685   2.930   3.174   3.414   3.650   3.876   4.085   4.278   4.452   4.605   4.736   4.845
   5.075  -0.220  -0.207  -0.195  -0.184  -0.171  -0.157  -0.140  -0.117  -0.087  -0.047   0.005   0.073   0.157   0.261   0.384   0.529   0.692   0.874   1.072   1.284   1.506   1.736   1.972   2.209   2.449   2.692   2.935   3.179   3.420   3.655   3.879   4.087   4.277   4.447   4.596   4.722   4.825
   5.100  -0.169  -0.151  -0.134  -0.119  -0.103  -0.086  -0.066  -0.042  -0.011   0.030   0.082   0.149   0.231   0.329   0.446   0.581   0.735   0.909   1.100   1.307   1.527   1.754   1.987   2.222   2.461   2.702   2.944   3.187   3.428   3.661   3.882   4.085   4.271   4.436   4.580   4.700   4.798
   5.125  -0.133  -0.110  -0.087  -0.065  -0.043  -0.020   0.005   0.033   0.068   0.111   0.165   0.231   0.312   0.407   0.518   0.646   0.791   0.956   1.138   1.340   1.554   1.777   2.006   2.239   2.475   2.715   2.955   3.198   3.436   3.666   3.882   4.080   4.259   4.417   4.555   4.669   4.762
   5.150  -0.114  -0.085  -0.056  -0.027   0.003   0.034   0.066   0.101   0.141   0.189   0.246   0.315   0.396   0.490   0.597   0.719   0.857   1.013   1.187   1.381   1.589   1.806   2.031   2.260   2.494   2.731   2.970   3.210   3.445   3.669   3.878   4.068   4.239   4.391   4.521   4.630   4.718
   5.175  -0.118  -0.083  -0.047  -0.010   0.029   0.068   0.110   0.154   0.202   0.258   0.322   0.396   0.480   0.575   0.682   0.801   0.934   1.082   1.247   1.433   1.633   1.843   2.063   2.288   2.518   2.752   2.987   3.222   3.451   3.667   3.868   4.049   4.212   4.355   4.478   4.583   4.668
   5.200  -0.140  -0.100  -0.058  -0.013   0.034   0.082   0.134   0.188   0.247   0.312   0.384   0.465   0.555   0.654   0.763   0.881   1.011   1.154   1.312   1.489   1.680   1.884   2.098   2.319   2.545   2.775   3.005   3.233   3.454   3.661   3.852   4.023   4.176   4.311   4.428   4.528   4.610
   5.225  -0.178  -0.135  -0.089  -0.039   0.014   0.071   0.132   0.197   0.267   0.343   0.425   0.515   0.613   0.718   0.831   0.952   1.081   1.221   1.374   1.544   1.728   1.926   2.134   2.350   2.571   2.795   3.019   3.240   3.451   3.648   3.829   3.989   4.132   4.259   4.370   4.468   4.550
   5.250  -0.228  -0.183  -0.134  -0.081  -0.023   0.040   0.109   0.184   0.264   0.351   0.444   0.544   0.652   0.765   0.885   1.009   1.141   1.280   1.430   1.595   1.774   1.965   2.168   2.378   2.593   2.812   3.029   3.241   3.443   3.629   3.799   3.949   4.082   4.201   4.307   4.402   4.485
   5.275  -0.285  -0.240  -0.191  -0.137  -0.077  -0.010   0.064   0.145   0.234   0.331   0.436   0.548   0.666   0.789   0.917   1.047   1.182   1.323   1.473   1.636   1.811   1.998   2.194   2.399   2.609   2.822   3.032   3.235   3.427   3.603   3.762   3.902   4.027   4.139   4.241   4.335   4.418
   5.300  -0.346  -0.302  -0.254  -0.200  -0.140  -0.073   0.003   0.089   0.184   0.289   0.404   0.526   0.656   0.789   0.926   1.064   1.206   1.351   1.504   1.667   1.839   2.022   2.213   2.413   2.617   2.824   3.028   3.222   3.405   3.570   3.719   3.850   3.967   4.074   4.172   4.264   4.349
   5.325  -0.406  -0.364  -0.318  -0.266  -0.208  -0.143  -0.068   0.018   0.114   0.224   0.345   0.476   0.615   0.760   0.908   1.057   1.207   1.361   1.518   1.683   1.855   2.035   2.223   2.418   2.617   2.818   3.015   3.202   3.376   3.531   3.671   3.794   3.905   4.008   4.103   4.195   4.281
   5.350  -0.462  -0.424  -0.381  -0.333  -0.278  -0.216  -0.144  -0.061   0.034   0.145   0.268   0.406   0.554   0.709   0.868   1.029   1.191   1.353   1.518   1.687   1.860   2.039   2.224   2.415   2.610   2.806   2.997   3.176   3.342   3.489   3.620   3.737   3.842   3.941   4.034   4.125   4.212
   5.375  -0.512  -0.479  -0.440  -0.396  -0.345  -0.287  -0.219  -0.140  -0.048   0.059   0.182   0.323   0.476   0.640   0.811   0.984   1.158   1.330   1.503   1.677   1.853   2.032   2.215   2.403   2.594   2.785   2.971   3.144   3.303   3.442   3.567   3.678   3.779   3.875   3.966   4.057   4.144
   5.400  -0.555  -0.527  -0.493  -0.454  -0.407  -0.353  -0.290  -0.217  -0.130  -0.028   0.092   0.232   0.388   0.560   0.740   0.924   1.110   1.293   1.475   1.655   1.835   2.016   2.198   2.385   2.573   2.760   2.940   3.108   3.260   3.393   3.512   3.618   3.716   3.810   3.900   3.989   4.077
   5.425  -0.587  -0.565  -0.537  -0.503  -0.462  -0.413  -0.355  -0.287  -0.206  -0.109   0.006   0.143   0.299   0.473   0.660   0.854   1.050   1.244   1.435   1.623   1.808   1.992   2.176   2.363   2.548   2.731   2.907   3.069   3.216   3.343   3.457   3.560   3.655   3.747   3.836   3.925   4.013
   5.450  -0.612  -0.595  -0.573  -0.544  -0.509  -0.466  -0.413  -0.350  -0.275  -0.184  -0.075   0.057   0.210   0.385   0.576   0.777   0.983   1.186   1.388   1.584   1.776   1.964   2.150   2.337   2.521   2.701   2.872   3.029   3.171   3.293   3.402   3.502   3.595   3.686   3.774   3.862   3.950
   5.475  -0.628  -0.617  -0.599  -0.577  -0.548  -0.511  -0.464  -0.406  -0.336  -0.251  -0.147  -0.020   0.129   0.303   0.495   0.700   0.913   1.126   1.337   1.541   1.740   1.933   2.122   2.310   2.492   2.669   2.836   2.988   3.125   3.243   3.349   3.446   3.537   3.627   3.715   3.802   3.889
   5.500  -0.639  -0.631  -0.619  -0.602  -0.579  -0.548  -0.507  -0.456  -0.391  -0.311  -0.212  -0.091   0.054   0.225   0.416   0.625   0.843   1.063   1.283   1.496   1.702   1.901   2.093   2.281   2.463   2.637   2.800   2.948   3.081   3.195   3.297   3.392   3.482   3.571   3.658   3.745   3.831
   5.525  -0.645  -0.640  -0.631  -0.619  -0.601  -0.577  -0.543  -0.498  -0.440  -0.366  -0.273  -0.157  -0.017   0.152   0.342   0.553   0.776   1.004   1.231   1.451   1.664   1.868   2.063   2.252   2.433   2.605   2.764   2.908   3.037   3.147   3.247   3.340   3.429   3.517   3.604   3.690   3.775
   5.550  -0.648  -0.644  -0.638  -0.630  -0.618  -0.599  -0.571  -0.534  -0.483  -0.416  -0.329  -0.219  -0.083   0.083   0.273   0.485   0.712   0.946   1.181   1.408   1.627   1.835   2.034   2.224   2.403   2.573   2.730   2.870   2.995   3.102   3.199   3.291   3.379   3.466   3.553   3.638   3.723
   5.575  -0.649  -0.647  -0.643  -0.637  -0.628  -0.614  -0.592  -0.562  -0.519  -0.460  -0.381  -0.276  -0.145   0.018   0.207   0.421   0.652   0.892   1.133   1.366   1.591   1.804   2.005   2.195   2.375   2.542   2.696   2.833   2.954   3.059   3.153   3.244   3.331   3.418   3.504   3.588   3.672
   5.600  -0.650  -0.648  -0.645  -0.641  -0.634  -0.624  -0.607  -0.583  -0.548  -0.497  -0.426  -0.329  -0.204  -0.045   0.143   0.359   0.593   0.838   1.085   1.325   1.555   1.772   1.976   2.168   2.347   2.513   2.664   2.797   2.915   3.018   3.110   3.200   3.286   3.372   3.458   3.541   3.623
   5.625  -0.651  -0.649  -0.647  -0.643  -0.638  -0.630  -0.617  -0.598  -0.569  -0.527  -0.465  -0.377  -0.260  -0.107   0.078   0.294   0.530   0.780   1.034   1.280   1.517   1.739   1.948   2.142   2.321   2.485   2.634   2.764   2.879   2.979   3.070   3.159   3.244   3.330   3.415   3.498   3.579
   5.650  -0.651  -0.650  -0.647  -0.644  -0.640  -0.633  -0.623  -0.608  -0.585  -0.550  -0.497  -0.419  -0.311  -0.165   0.013   0.228   0.466   0.720   0.980   1.233   1.478   1.706   1.919   2.115   2.295   2.458   2.605   2.732   2.845   2.944   3.033   3.120   3.205   3.290   3.375   3.457   3.539
   5.675  -0.652  -0.650  -0.648  -0.645  -0.641  -0.635  -0.626  -0.614  -0.595  -0.566  -0.520  -0.452  -0.355  -0.220  -0.050   0.160   0.397   0.654   0.921   1.182   1.435   1.670   1.889   2.088   2.270   2.432   2.577   2.703   2.814   2.911   2.999   3.085   3.169   3.253   3.337   3.418   3.499
   5.700  -0.652  -0.650  -0.648  -0.645  -0.641  -0.636  -0.628  -0.617  -0.601  -0.576  -0.537  -0.479  -0.393  -0.269  -0.109   0.093   0.327   0.587   0.858   1.128   1.389   1.632   1.857   2.060   2.243   2.406   2.550   2.674   2.784   2.880   2.968   3.053   3.136   3.219   3.301   3.382   3.461
   5.725  -0.652  -0.650  -0.648  -0.645  -0.641  -0.636  -0.629  -0.619  -0.604  -0.582  -0.548  -0.497  -0.420  -0.309  -0.161   0.032   0.259   0.518   0.792   1.068   1.338   1.589   1.821   2.030   2.216   2.379   2.523   2.647   2.755   2.851   2.938   3.023   3.105   3.187   3.268   3.346   3.422
   5.750  -0.652  -0.650  -0.648  -0.645  -0.641  -0.636  -0.629  -0.619  -0.605  -0.585  -0.554  -0.509  -0.441  -0.340  -0.204  -0.023   0.196   0.450   0.725   1.007   1.285   1.544   1.783   1.997   2.187   2.352   2.495   2.619   2.728   2.823   2.910   2.995   3.077   3.158   3.236   3.312   3.384
   5.775  -0.652  -0.650  -0.648  -0.645  -0.641  -0.636  -0.629  -0.619  -0.606  -0.588  -0.559  -0.518  -0.456  -0.365  -0.239  -0.069   0.139   0.387   0.660   0.944   1.228   1.495   1.742   1.961   2.155   2.322   2.467   2.592   2.700   2.796   2.884   2.968   3.049   3.129   3.206   3.279   3.348
   5.800  -0.652  -0.650  -0.648  -0.645  -0.641  -0.635  -0.628  -0.619  -0.606  -0.589  -0.562  -0.524  -0.466  -0.383  -0.267  -0.108   0.090   0.330   0.598   0.883   1.170   1.443   1.698   1.922   2.121   2.291   2.438   2.564   2.673   2.770   2.858   2.943   3.023   3.102   3.178   3.248   3.315
   5.825  -0.652  -0.650  -0.648  -0.645  -0.641  -0.636  -0.628  -0.619  -0.607  -0.590  -0.564  -0.527  -0.473  -0.395  -0.286  -0.137   0.050   0.281   0.542   0.824   1.112   1.390   1.651   1.881   2.085   2.259   2.408   2.535   2.646   2.744   2.833   2.918   2.999   3.077   3.152   3.221   3.286
   5.850  -0.651  -0.650  -0.647  -0.645  -0.641  -0.636  -0.628  -0.619  -0.607  -0.590  -0.565  -0.529  -0.477  -0.403  -0.300  -0.159   0.019   0.240   0.492   0.770   1.057   1.337   1.603   1.839   2.048   2.225   2.377   2.507   2.619   2.718   2.809   2.894   2.976   3.054   3.127   3.196   3.260
   5.875  -0.651  -0.649  -0.647  -0.644  -0.641  -0.635  -0.628  -0.619  -0.607  -0.590  -0.565  -0.531  -0.480  -0.409  -0.311  -0.176  -0.006   0.206   0.450   0.722   1.005   1.286   1.554   1.795   2.009   2.190   2.346   2.478   2.592   2.694   2.785   2.872   2.954   3.031   3.104   3.170   3.232
   5.900  -0.651  -0.649  -0.647  -0.644  -0.640  -0.635  -0.628  -0.619  -0.606  -0.589  -0.565  -0.531  -0.482  -0.414  -0.318  -0.189  -0.025   0.180   0.416   0.681   0.960   1.239   1.508   1.752   1.970   2.156   2.315   2.450   2.566   2.670   2.763   2.851   2.933   3.009   3.080   3.146   3.205
   5.925  -0.650  -0.649  -0.646  -0.644  -0.640  -0.635  -0.627  -0.618  -0.605  -0.588  -0.564  -0.531  -0.483  -0.416  -0.324  -0.198  -0.040   0.159   0.388   0.648   0.922   1.199   1.468   1.713   1.935   2.123   2.285   2.423   2.542   2.648   2.743   2.831   2.913   2.988   3.057   3.120   3.177
   5.950  -0.650  -0.648  -0.646  -0.643  -0.639  -0.633  -0.626  -0.617  -0.604  -0.587  -0.563  -0.530  -0.482  -0.417  -0.327  -0.204  -0.050   0.144   0.368   0.622   0.891   1.165   1.432   1.679   1.902   2.092   2.257   2.397   2.519   2.627   2.724   2.813   2.893   2.966   3.033   3.093   3.148
   5.975  -0.650  -0.647  -0.645  -0.641  -0.637  -0.631  -0.624  -0.614  -0.601  -0.585  -0.560  -0.528  -0.481  -0.416  -0.327  -0.207  -0.055   0.135   0.355   0.604   0.868   1.139   1.403   1.649   1.872   2.065   2.232   2.374   2.498   2.608   2.707   2.795   2.875   2.945   3.009   3.069   3.122
   6.000  -0.649  -0.647  -0.644  -0.640  -0.635  -0.629  -0.621  -0.612  -0.599  -0.582  -0.558  -0.525  -0.479  -0.415  -0.327  -0.208  -0.057   0.129   0.345   0.590   0.850   1.116   1.377   1.621   1.845   2.038   2.207   2.352   2.478   2.591   2.691   2.779   2.856   2.925   2.986   3.045   3.100
   6.050  -0.649  -0.645  -0.642  -0.637  -0.631  -0.624  -0.616  -0.606  -0.592  -0.576  -0.552  -0.520  -0.475  -0.412  -0.325  -0.207  -0.059   0.122   0.331   0.566   0.816   1.073   1.327   1.568   1.791   1.988   2.162   2.313   2.444   2.560   2.660   2.747   2.821   2.886   2.944   3.000   3.057
   6.100  -0.649  -0.646  -0.641  -0.636  -0.630  -0.622  -0.613  -0.602  -0.587  -0.570  -0.546  -0.514  -0.469  -0.407  -0.321  -0.204  -0.059   0.117   0.319   0.545   0.785   1.033   1.280   1.519   1.742   1.942   2.120   2.276   2.412   2.529   2.628   2.711   2.781   2.841   2.897   2.957   3.019
   6.150  -0.652  -0.650  -0.646  -0.641  -0.634  -0.626  -0.615  -0.602  -0.585  -0.565  -0.539  -0.506  -0.460  -0.398  -0.315  -0.202  -0.062   0.108   0.302   0.520   0.752   0.994   1.236   1.473   1.697   1.900   2.082   2.241   2.378   2.494   2.590   2.667   2.730   2.782   2.834   2.897   2.964
   6.200  -0.656  -0.654  -0.651  -0.647  -0.641  -0.633  -0.621  -0.606  -0.588  -0.565  -0.536  -0.501  -0.454  -0.391  -0.309  -0.199  -0.064   0.100   0.288   0.498   0.724   0.960   1.199   1.434   1.657   1.861   2.043   2.203   2.339   2.451   2.542   2.611   2.668   2.714   2.762   2.825   2.899
   6.250  -0.657  -0.657  -0.655  -0.652  -0.648  -0.641  -0.632  -0.620  -0.602  -0.579  -0.548  -0.507  -0.455  -0.388  -0.301  -0.192  -0.058   0.101   0.283   0.486   0.706   0.937   1.172   1.404   1.625   1.825   2.005   2.160   2.290   2.395   2.478   2.541   2.593   2.637   2.686   2.751   2.828
   6.300  -0.658  -0.658  -0.657  -0.656  -0.653  -0.650  -0.643  -0.634  -0.619  -0.597  -0.565  -0.523  -0.466  -0.394  -0.303  -0.190  -0.055   0.103   0.282   0.482   0.696   0.923   1.153   1.378   1.593   1.788   1.961   2.107   2.229   2.325   2.400   2.458   2.507   2.553   2.604   2.671   2.751
   6.350  -0.659  -0.658  -0.658  -0.657  -0.656  -0.653  -0.649  -0.643  -0.631  -0.614  -0.588  -0.549  -0.495  -0.421  -0.324  -0.203  -0.059   0.106   0.289   0.489   0.700   0.920   1.141   1.357   1.560   1.743   1.904   2.039   2.151   2.238   2.307   2.362   2.411   2.460   2.515   2.587   2.670
   6.400  -0.659  -0.659  -0.658  -0.658  -0.657  -0.655  -0.652  -0.648  -0.641  -0.629  -0.609  -0.578  -0.529  -0.456  -0.357  -0.229  -0.076   0.098   0.289   0.492   0.702   0.916   1.128   1.331   1.520   1.688   1.835   1.958   2.059   2.139   2.204   2.258   2.309   2.362   2.422   2.498   2.586
   6.450  -0.660  -0.660  -0.659  -0.659  -0.658  -0.657  -0.655  -0.651  -0.646  -0.637  -0.621  -0.596  -0.555  -0.491  -0.399  -0.273  -0.119   0.063   0.263   0.475   0.690   0.902   1.106   1.295   1.468   1.619   1.751   1.862   1.954   2.029   2.093   2.150   2.206   2.264   2.330   2.409   2.500
   6.500  -0.661  -0.660  -0.660  -0.660  -0.659  -0.658  -0.656  -0.653  -0.648  -0.642  -0.629  -0.610  -0.577  -0.523  -0.442  -0.324  -0.173   0.012   0.219   0.438   0.658   0.869   1.067   1.243   1.401   1.537   1.655   1.756   1.842   1.914   1.978   2.039   2.100   2.165   2.236   2.318   2.410
   6.550  -0.662  -0.661  -0.660  -0.660  -0.660  -0.659  -0.657  -0.655  -0.651  -0.646  -0.635  -0.620  -0.592  -0.546  -0.474  -0.368  -0.229  -0.051   0.152   0.370   0.592   0.802   0.997   1.167   1.315   1.442   1.551   1.644   1.726   1.797   1.863   1.928   1.995   2.066   2.144   2.230   2.325
   6.600  -0.662  -0.661  -0.661  -0.661  -0.660  -0.660  -0.658  -0.657  -0.654  -0.649  -0.640  -0.626  -0.602  -0.563  -0.502  -0.408  -0.283  -0.117   0.075   0.288   0.507   0.715   0.907   1.072   1.215   1.335   1.438   1.528   1.607   1.679   1.747   1.817   1.889   1.967   2.051   2.143   2.243
   6.650  -0.663  -0.662  -0.661  -0.661  -0.661  -0.661  -0.660  -0.658  -0.656  -0.652  -0.644  -0.633  -0.612  -0.578  -0.524  -0.442  -0.330  -0.178   0.000   0.202   0.411   0.613   0.802   0.963   1.103   1.220   1.320   1.408   1.487   1.561   1.632   1.706   1.784   1.868   1.957   2.055   2.158
   6.700  -0.663  -0.662  -0.662  -0.662  -0.662  -0.662  -0.661  -0.660  -0.658  -0.655  -0.648  -0.639  -0.621  -0.592  -0.544  -0.472  -0.372  -0.236  -0.073   0.114   0.311   0.504   0.686   0.845   0.983   1.099   1.199   1.288   1.368   1.444   1.520   1.599   1.683   1.772   1.866   1.966   2.071
   6.750  -0.663  -0.663  -0.662  -0.662  -0.663  -0.662  -0.662  -0.661  -0.659  -0.657  -0.652  -0.644  -0.629  -0.605  -0.564  -0.502  -0.413  -0.291  -0.143   0.029   0.213   0.395   0.569   0.723   0.859   0.974   1.076   1.166   1.250   1.330   1.411   1.498   1.588   1.684   1.783   1.883   1.985
   6.800  -0.664  -0.663  -0.663  -0.663  -0.663  -0.663  -0.663  -0.662  -0.661  -0.659  -0.655  -0.648  -0.636  -0.616  -0.582  -0.528  -0.451  -0.342  -0.209  -0.051   0.118   0.289   0.454   0.602   0.736   0.851   0.955   1.049   1.137   1.222   1.308   1.402   1.499   1.601   1.704   1.803   1.899
   6.850  -0.664  -0.664  -0.664  -0.664  -0.664  -0.664  -0.664  -0.663  -0.662  -0.660  -0.657  -0.651  -0.641  -0.625  -0.596  -0.551  -0.484  -0.389  -0.271  -0.128   0.027   0.188   0.346   0.490   0.621   0.738   0.843   0.940   1.032   1.123   1.215   1.313   1.414   1.520   1.625   1.725   1.819
   6.900  -0.665  -0.665  -0.665  -0.665  -0.665  -0.665  -0.664  -0.664  -0.662  -0.661  -0.658  -0.653  -0.644  -0.631  -0.607  -0.569  -0.512  -0.430  -0.326  -0.198  -0.056   0.095   0.246   0.385   0.514   0.632   0.740   0.841   0.938   1.034   1.131   1.232   1.336   1.443   1.549   1.649   1.743
   6.950  -0.666  -0.666  -0.666  -0.666  -0.666  -0.666  -0.665  -0.664  -0.663  -0.661  -0.657  -0.653  -0.645  -0.633  -0.613  -0.582  -0.535  -0.465  -0.375  -0.260  -0.131   0.009   0.151   0.285   0.413   0.532   0.646   0.756   0.861   0.959   1.057   1.162   1.268   1.373   1.477   1.574   1.666
   7.000  -0.668  -0.667  -0.667  -0.667  -0.667  -0.667  -0.666  -0.665  -0.663  -0.661  -0.657  -0.652  -0.644  -0.633  -0.616  -0.590  -0.551  -0.492  -0.413  -0.310  -0.191  -0.062   0.071   0.199   0.325   0.446   0.564   0.681   0.793   0.892   0.989   1.095   1.202   1.306   1.406   1.500   1.589
   7.050  -0.669  -0.669  -0.668  -0.668  -0.668  -0.668  -0.667  -0.666  -0.664  -0.662  -0.659  -0.653  -0.644  -0.632  -0.615  -0.591  -0.555  -0.502  -0.431  -0.338  -0.230  -0.110   0.015   0.138   0.262   0.384   0.504   0.620   0.731   0.828   0.923   1.026   1.131   1.237   1.338   1.427   1.509
   7.100  -0.670  -0.670  -0.670  -0.670  -0.670  -0.670  -0.669  -0.668  -0.666  -0.664  -0.661  -0.655  -0.645  -0.632  -0.614  -0.589  -0.554  -0.504  -0.439  -0.353  -0.253  -0.142  -0.024   0.094   0.214   0.335   0.454   0.565   0.670   0.765   0.858   0.957   1.059   1.167   1.269   1.354   1.427
   7.150  -0.671  -0.671  -0.671  -0.672  -0.671  -0.671  -0.670  -0.670  -0.668  -0.667  -0.664  -0.658  -0.649  -0.636  -0.617  -0.591  -0.554  -0.504  -0.439  -0.357  -0.262  -0.157  -0.045   0.067   0.180   0.296   0.409   0.509   0.604   0.697   0.790   0.887   0.988   1.097   1.197   1.268   1.325
   7.200  -0.673  -0.673  -0.673  -0.673  -0.673  -0.673  -0.672  -0.672  -0.671  -0.670  -0.667  -0.662  -0.654  -0.641  -0.622  -0.595  -0.557  -0.505  -0.439  -0.359  -0.267  -0.166  -0.060   0.045   0.151   0.259   0.362   0.450   0.535   0.625   0.718   0.816   0.916   1.020   1.112   1.173   1.210
   7.250  -0.675  -0.675  -0.675  -0.675  -0.675  -0.675  -0.674  -0.674  -0.674  -0.672  -0.670  -0.666  -0.660  -0.648  -0.631  -0.605  -0.567  -0.515  -0.449  -0.368  -0.276  -0.178  -0.077   0.022   0.118   0.213   0.303   0.381   0.459   0.547   0.640   0.743   0.842   0.925   0.991   1.050   1.076
   7.300  -0.677  -0.677  -0.677  -0.677  -0.677  -0.677  -0.677  -0.677  -0.676  -0.675  -0.673  -0.670  -0.665  -0.656  -0.641  -0.617  -0.582  -0.531  -0.466  -0.385  -0.294  -0.198  -0.102  -0.010   0.078   0.159   0.236   0.307   0.381   0.467   0.561   0.670   0.769   0.831   0.873   0.906   0.925
   7.350  -0.679  -0.679  -0.679  -0.679  -0.679  -0.679  -0.679  -0.679  -0.678  -0.678  -0.676  -0.674  -0.670  -0.663  -0.650  -0.630  -0.599  -0.553  -0.492  -0.416  -0.329  -0.238  -0.147  -0.061   0.020   0.092   0.161   0.229   0.302   0.390   0.488   0.602   0.706   0.768   0.809   0.822   0.839
   7.400  -0.682  -0.682  -0.682  -0.682  -0.682  -0.682  -0.682  -0.682  -0.681  -0.681  -0.680  -0.678  -0.674  -0.669  -0.659  -0.643  -0.617  -0.577  -0.523  -0.453  -0.373  -0.288  -0.202  -0.122  -0.047   0.019   0.083   0.150   0.224   0.317   0.418   0.530   0.631   0.694   0.738   0.771   0.791
   7.450  -0.685  -0.685  -0.685  -0.685  -0.685  -0.685  -0.685  -0.685  -0.684  -0.684  -0.683  -0.682  -0.678  -0.674  -0.666  -0.653  -0.632  -0.599  -0.553  -0.492  -0.422  -0.345  -0.266  -0.191  -0.119  -0.056   0.007   0.074   0.150   0.248   0.349   0.435   0.506   0.553   0.585   0.633   0.649
   7.500  -0.688  -0.688  -0.688  -0.688  -0.688  -0.688  -0.688  -0.688  -0.688  -0.688  -0.687  -0.686  -0.683  -0.679  -0.673  -0.663  -0.646  -0.619  -0.582  -0.531  -0.471  -0.403  -0.331  -0.261  -0.192  -0.130  -0.067   0.002   0.080   0.184   0.282   0.342   0.383   0.413   0.433   0.449   0.459
   7.550  -0.692  -0.692  -0.692  -0.692  -0.692  -0.692  -0.692  -0.692  -0.692  -0.692  -0.691  -0.690  -0.688  -0.685  -0.680  -0.671  -0.658  -0.636  -0.606  -0.564  -0.514  -0.454  -0.390  -0.325  -0.259  -0.198  -0.135  -0.064   0.017   0.122   0.220   0.277   0.314   0.342   0.361   0.363   0.371
   7.600  -0.696  -0.696  -0.696  -0.696  -0.696  -0.696  -0.696  -0.696  -0.696  -0.696  -0.695  -0.694  -0.693  -0.691  -0.686  -0.679  -0.668  -0.651  -0.626  -0.593  -0.552  -0.500  -0.443  -0.383  -0.321  -0.261  -0.197  -0.124  -0.042   0.062   0.160   0.220   0.261   0.291   0.311   0.327   0.337
   7.650  -0.700  -0.700  -0.700  -0.700  -0.700  -0.700  -0.700  -0.700  -0.700  -0.700  -0.700  -0.699  -0.698  -0.696  -0.692  -0.687  -0.678  -0.664  -0.644  -0.617  -0.583  -0.538  -0.487  -0.434  -0.377  -0.318  -0.253  -0.179  -0.097   0.006   0.101   0.160   0.200   0.230   0.250   0.265   0.274
   7.700  -0.705  -0.705  -0.705  -0.705  -0.705  -0.705  -0.705  -0.705  -0.705  -0.705  -0.705  -0.704  -0.703  -0.702  -0.699  -0.695  -0.687  -0.675  -0.659  -0.638  -0.609  -0.569  -0.524  -0.477  -0.426  -0.369  -0.304  -0.230  -0.148  -0.049   0.043   0.100   0.138   0.167   0.186   0.201   0.210
   7.750  -0.711  -0.711  -0.711  -0.711  -0.711  -0.711  -0.711  -0.711  -0.711  -0.711  -0.711  -0.710  -0.709  -0.708  -0.706  -0.702  -0.695  -0.687  -0.674  -0.655  -0.631  -0.596  -0.556  -0.513  -0.466  -0.412  -0.351  -0.279  -0.197  -0.100  -0.011   0.045   0.082   0.110   0.129   0.135   0.143
   7.800  -0.717  -0.717  -0.717  -0.717  -0.717  -0.717  -0.717  -0.717  -0.717  -0.717  -0.717  -0.717  -0.716  -0.715  -0.713  -0.709  -0.704  -0.697  -0.687  -0.671  -0.649  -0.619  -0.584  -0.544  -0.500  -0.452  -0.395  -0.324  -0.245  -0.156  -0.075  -0.025   0.010   0.035   0.052   0.066   0.074
   7.850  -0.724  -0.724  -0.724  -0.724  -0.724  -0.724  -0.724  -0.724  -0.724  -0.724  -0.724  -0.724  -0.723  -0.722  -0.721  -0.718  -0.713  -0.708  -0.699  -0.685  -0.665  -0.640  -0.609  -0.574  -0.533  -0.488  -0.435  -0.365  -0.293  -0.230  -0.176  -0.142  -0.118  -0.100  -0.089  -0.059  -0.053
   7.900  -0.732  -0.732  -0.732  -0.732  -0.732  -0.732  -0.732  -0.732  -0.732  -0.732  -0.732  -0.732  -0.731  -0.730  -0.729  -0.727  -0.723  -0.719  -0.711  -0.698  -0.680  -0.658  -0.632  -0.601  -0.564  -0.522  -0.472  -0.405  -0.341  -0.302  -0.276  -0.256  -0.243  -0.233  -0.226  -0.221  -0.218
   7.950  -0.739  -0.739  -0.739  -0.739  -0.739  -0.739  -0.739  -0.739  -0.740  -0.740  -0.740  -0.739  -0.739  -0.738  -0.737  -0.735  -0.732  -0.729  -0.722  -0.710  -0.694  -0.675  -0.653  -0.625  -0.592  -0.554  -0.508  -0.445  -0.386  -0.353  -0.331  -0.315  -0.304  -0.296  -0.290  -0.298  -0.295
   8.000  -0.747  -0.747  -0.747  -0.747  -0.747  -0.747  -0.747  -0.748  -0.748  -0.748  -0.748  -0.748  -0.747  -0.747  -0.746  -0.744  -0.742  -0.739  -0.733  -0.722  -0.708  -0.692  -0.672  -0.648  -0.619  -0.584  -0.542  -0.485  -0.431  -0.398  -0.375  -0.359  -0.348  -0.340  -0.334  -0.330  -0.327
   8.100  -0.767  -0.767  -0.767  -0.767  -0.767  -0.767  -0.767  -0.767  -0.767  -0.768  -0.768  -0.768  -0.767  -0.766  -0.766  -0.766  -0.765  -0.761  -0.755  -0.748  -0.738  -0.726  -0.711  -0.695  -0.674  -0.645  -0.611  -0.567  -0.526  -0.501  -0.483  -0.471  -0.462  -0.456  -0.452  -0.448  -0.446
   8.200  -0.791  -0.791  -0.791  -0.791  -0.791  -0.792  -0.792  -0.792  -0.792  -0.792  -0.792  -0.792  -0.792  -0.792  -0.791  -0.792  -0.791  -0.787  -0.782  -0.777  -0.771  -0.763  -0.753  -0.744  -0.731  -0.709  -0.682  -0.648  -0.616  -0.596  -0.583  -0.573  -0.566  -0.561  -0.558  -0.581  -0.579
   8.300  -0.820  -0.820  -0.820  -0.820  -0.820  -0.821  -0.821  -0.821  -0.821  -0.821  -0.821  -0.821  -0.821  -0.821  -0.821  -0.821  -0.820  -0.817  -0.814  -0.811  -0.807  -0.803  -0.799  -0.796  -0.790  -0.774  -0.757  -0.747  -0.741  -0.736  -0.733  -0.731  -0.729  -0.728  -0.727  -0.726  -0.726
   8.400  -0.874  -0.864  -0.858  -0.855  -0.854  -0.854  -0.854  -0.854  -0.854  -0.854  -0.854  -0.854  -0.855  -0.854  -0.854  -0.854  -0.853  -0.852  -0.850  -0.849  -0.848  -0.848  -0.848  -0.851  -0.852  -0.836  -0.837  -0.908  -0.990  -1.035  -1.066  -1.089  -1.105  -1.116  -1.124  -1.037  -1.039
   8.500  -0.891  -0.891  -0.891  -0.891  -0.891  -0.891  -0.891  -0.891  -0.891  -0.891  -0.891  -0.892  -0.892  -0.892  -0.891  -0.890  -0.890  -0.890  -0.890  -0.890  -0.892  -0.896  -0.901  -0.910  -0.918  -0.904  -0.924  -1.056  -1.205  -1.288  -1.346  -1.387  -1.416  -1.437  -1.451  -1.462  -1.468
   8.600  -0.811  -0.867  -0.905  -0.925  -0.928  -0.932  -0.931  -0.932  -0.932  -0.932  -0.932  -0.932  -0.933  -0.932  -0.932  -0.931  -0.931  -0.932  -0.933  -0.936  -0.939  -0.947  -0.957  -0.971  -0.988  -1.003  -1.018  -1.105  -1.241  -1.311  -1.353  -1.388  -1.409  -1.426  -1.437  -1.445  -1.451
   8.700  -0.655  -0.803  -0.904  -0.958  -0.966  -0.977  -0.975  -0.976  -0.976  -0.977  -0.977  -0.977  -0.977  -0.977  -0.976  -0.976  -0.977  -0.978  -0.980  -0.984  -0.990  -1.001  -1.016  -1.036  -1.061  -1.088  -1.118  -1.136  -1.146  -1.155  -1.161  -1.165  -1.168  -1.170  -1.171  -1.173  -1.173

