fixed metal distribution -- based on Grevesse & Sauval (1998) solar abundances
    form     version        X           Z          logRs    logR_min    logR_max       logTs    logT_min    logT_max
       1          38    0.500000    0.020000          37   -8.000000    1.000000         138    3.750000    8.700000

   logT                       logR = logRho - 3*logT + 18
          -8.000  -7.750  -7.500  -7.250  -7.000  -6.750  -6.500  -6.250  -6.000  -5.750  -5.500  -5.250  -5.000  -4.750  -4.500  -4.250  -4.000  -3.750  -3.500  -3.250  -3.000  -2.750  -2.500  -2.250  -2.000  -1.750  -1.500  -1.250  -1.000  -0.750  -0.500  -0.250   0.000   0.250   0.500   0.750   1.000

   3.750  -0.873  -0.943  -1.021  -1.109  -1.205  -1.305  -1.409  -1.514  -1.622  -1.728  -1.835  -1.939  -2.040  -2.134  -2.221  -2.292  -2.349  -2.380  -2.390  -2.373  -2.330  -2.268  -2.185  -2.090  -1.981  -1.869  -1.749  -1.618  -1.478  -1.320  -1.146  -0.968  -0.781  -0.585  -0.379  -0.179   0.020
   3.775  -0.766  -0.800  -0.844  -0.898  -0.962  -1.035  -1.119  -1.208  -1.304  -1.401  -1.501  -1.598  -1.695  -1.783  -1.864  -1.930  -1.983  -2.012  -2.021  -2.004  -1.963  -1.907  -1.831  -1.744  -1.642  -1.537  -1.427  -1.309  -1.184  -1.045  -0.895  -0.742  -0.583  -0.412  -0.229  -0.049   0.135
   3.800  -0.698  -0.708  -0.727  -0.755  -0.791  -0.839  -0.898  -0.965  -1.041  -1.120  -1.203  -1.286  -1.369  -1.444  -1.514  -1.570  -1.615  -1.639  -1.645  -1.628  -1.590  -1.538  -1.470  -1.390  -1.296  -1.200  -1.099  -0.992  -0.880  -0.757  -0.624  -0.491  -0.354  -0.203  -0.042   0.121   0.290
   3.825  -0.677  -0.677  -0.682  -0.691  -0.705  -0.726  -0.753  -0.788  -0.830  -0.879  -0.933  -0.992  -1.052  -1.110  -1.162  -1.207  -1.240  -1.257  -1.259  -1.242  -1.209  -1.161  -1.100  -1.026  -0.943  -0.858  -0.766  -0.669  -0.564  -0.450  -0.330  -0.211  -0.086   0.048   0.190   0.331   0.486
   3.850  -0.679  -0.676  -0.673  -0.670  -0.668  -0.666  -0.666  -0.669  -0.677  -0.692  -0.714  -0.742  -0.773  -0.804  -0.833  -0.857  -0.874  -0.880  -0.874  -0.855  -0.824  -0.780  -0.725  -0.659  -0.586  -0.510  -0.428  -0.338  -0.241  -0.135  -0.025   0.086   0.200   0.320   0.447   0.581   0.722
   3.875  -0.680  -0.675  -0.668  -0.660  -0.651  -0.639  -0.626  -0.611  -0.597  -0.585  -0.574  -0.565  -0.558  -0.551  -0.543  -0.535  -0.525  -0.511  -0.492  -0.467  -0.434  -0.392  -0.343  -0.286  -0.222  -0.155  -0.082  -0.002   0.085   0.180   0.280   0.382   0.487   0.596   0.710   0.829   0.957
   3.900  -0.682  -0.677  -0.670  -0.662  -0.650  -0.635  -0.616  -0.592  -0.563  -0.528  -0.488  -0.445  -0.398  -0.350  -0.303  -0.258  -0.214  -0.174  -0.135  -0.097  -0.058  -0.014   0.033   0.084   0.139   0.199   0.263   0.335   0.412   0.496   0.585   0.679   0.775   0.875   0.979   1.089   1.205
   3.925  -0.679  -0.677  -0.673  -0.666  -0.656  -0.641  -0.620  -0.591  -0.553  -0.504  -0.446  -0.377  -0.300  -0.217  -0.132  -0.047   0.034   0.107   0.175   0.235   0.290   0.341   0.391   0.441   0.493   0.547   0.605   0.668   0.736   0.811   0.890   0.974   1.062   1.154   1.249   1.348   1.453
   3.950  -0.670  -0.672  -0.671  -0.668  -0.661  -0.649  -0.629  -0.600  -0.559  -0.503  -0.433  -0.347  -0.247  -0.135  -0.016   0.105   0.223   0.333   0.434   0.521   0.597   0.664   0.723   0.777   0.829   0.881   0.935   0.992   1.053   1.119   1.190   1.265   1.345   1.428   1.516   1.609   1.706
   3.975  -0.653  -0.657  -0.658  -0.659  -0.655  -0.647  -0.631  -0.605  -0.566  -0.510  -0.437  -0.343  -0.230  -0.100   0.043   0.193   0.345   0.490   0.625   0.745   0.850   0.939   1.016   1.082   1.141   1.195   1.248   1.302   1.358   1.417   1.480   1.548   1.619   1.695   1.775   1.859   1.949
   4.000  -0.631  -0.636  -0.639  -0.642  -0.642  -0.638  -0.626  -0.605  -0.571  -0.520  -0.449  -0.353  -0.235  -0.094   0.064   0.237   0.414   0.590   0.758   0.911   1.047   1.164   1.263   1.346   1.418   1.480   1.537   1.592   1.645   1.701   1.758   1.819   1.883   1.952   2.025   2.104   2.188
   4.025  -0.609  -0.613  -0.617  -0.621  -0.622  -0.620  -0.612  -0.595  -0.566  -0.519  -0.453  -0.361  -0.245  -0.102   0.062   0.245   0.439   0.636   0.830   1.011   1.178   1.324   1.451   1.558   1.649   1.726   1.792   1.853   1.908   1.963   2.018   2.075   2.135   2.198   2.265   2.336   2.413
   4.050  -0.589  -0.591  -0.594  -0.597  -0.599  -0.599  -0.592  -0.579  -0.553  -0.512  -0.451  -0.366  -0.255  -0.116   0.046   0.232   0.434   0.644   0.857   1.062   1.256   1.431   1.587   1.720   1.834   1.930   2.012   2.082   2.144   2.202   2.258   2.314   2.371   2.430   2.492   2.558   2.629
   4.075  -0.575  -0.574  -0.574  -0.576  -0.576  -0.575  -0.569  -0.556  -0.533  -0.495  -0.439  -0.359  -0.255  -0.123   0.034   0.215   0.415   0.630   0.850   1.071   1.284   1.484   1.667   1.828   1.969   2.087   2.189   2.274   2.347   2.412   2.472   2.530   2.587   2.644   2.704   2.766   2.832
   4.100  -0.567  -0.562  -0.559  -0.557  -0.556  -0.552  -0.545  -0.533  -0.511  -0.475  -0.422  -0.348  -0.250  -0.126   0.023   0.196   0.390   0.602   0.824   1.052   1.279   1.498   1.705   1.892   2.059   2.203   2.327   2.430   2.518   2.595   2.662   2.725   2.784   2.842   2.901   2.961   3.023
   4.125  -0.563  -0.558  -0.552  -0.548  -0.544  -0.538  -0.528  -0.514  -0.491  -0.456  -0.405  -0.333  -0.241  -0.123   0.019   0.184   0.370   0.575   0.793   1.021   1.254   1.485   1.708   1.917   2.108   2.278   2.426   2.551   2.658   2.749   2.827   2.897   2.961   3.023   3.082   3.143   3.204
   4.150  -0.563  -0.557  -0.550  -0.544  -0.537  -0.528  -0.515  -0.499  -0.474  -0.438  -0.388  -0.319  -0.229  -0.116   0.019   0.176   0.354   0.550   0.762   0.986   1.219   1.455   1.689   1.915   2.127   2.320   2.492   2.641   2.769   2.876   2.969   3.049   3.121   3.187   3.249   3.312   3.373
   4.175  -0.564  -0.557  -0.549  -0.542  -0.533  -0.522  -0.508  -0.490  -0.464  -0.427  -0.375  -0.306  -0.218  -0.108   0.023   0.176   0.348   0.537   0.742   0.961   1.190   1.426   1.664   1.899   2.125   2.337   2.531   2.702   2.852   2.979   3.088   3.181   3.262   3.336   3.403   3.470   3.533
   4.200  -0.565  -0.557  -0.550  -0.541  -0.532  -0.520  -0.505  -0.485  -0.458  -0.419  -0.367  -0.297  -0.210  -0.101   0.028   0.178   0.345   0.530   0.730   0.942   1.166   1.398   1.636   1.875   2.111   2.337   2.550   2.742   2.914   3.061   3.188   3.296   3.389   3.471   3.545   3.617   3.684
   4.225  -0.566  -0.559  -0.551  -0.542  -0.532  -0.520  -0.504  -0.483  -0.455  -0.416  -0.364  -0.295  -0.208  -0.100   0.028   0.176   0.343   0.526   0.723   0.933   1.153   1.382   1.617   1.856   2.095   2.330   2.555   2.765   2.957   3.124   3.271   3.395   3.502   3.595   3.678   3.758   3.830
   4.250  -0.565  -0.559  -0.552  -0.543  -0.532  -0.520  -0.503  -0.482  -0.454  -0.415  -0.364  -0.296  -0.209  -0.102   0.025   0.173   0.340   0.523   0.720   0.929   1.148   1.373   1.605   1.842   2.081   2.321   2.554   2.778   2.987   3.173   3.338   3.480   3.603   3.709   3.803   3.890   3.970
   4.275  -0.563  -0.558  -0.551  -0.542  -0.531  -0.518  -0.502  -0.481  -0.452  -0.414  -0.363  -0.296  -0.212  -0.106   0.019   0.167   0.333   0.518   0.718   0.929   1.150   1.375   1.606   1.842   2.079   2.320   2.557   2.789   3.009   3.210   3.393   3.552   3.692   3.813   3.919   4.017   4.103
   4.300  -0.558  -0.553  -0.547  -0.539  -0.529  -0.516  -0.499  -0.478  -0.450  -0.413  -0.363  -0.297  -0.215  -0.111   0.012   0.159   0.326   0.513   0.715   0.931   1.154   1.383   1.615   1.849   2.086   2.326   2.565   2.801   3.029   3.242   3.440   3.615   3.771   3.908   4.028   4.136   4.230
   4.325  -0.547  -0.544  -0.539  -0.532  -0.523  -0.511  -0.494  -0.474  -0.447  -0.410  -0.362  -0.299  -0.219  -0.118   0.004   0.150   0.316   0.505   0.710   0.929   1.157   1.389   1.626   1.864   2.103   2.343   2.583   2.822   3.054   3.276   3.484   3.673   3.844   3.995   4.129   4.247   4.349
   4.350  -0.533  -0.532  -0.528  -0.523  -0.514  -0.502  -0.487  -0.467  -0.440  -0.405  -0.359  -0.298  -0.220  -0.121  -0.002   0.143   0.310   0.499   0.706   0.928   1.160   1.398   1.640   1.883   2.125   2.368   2.609   2.849   3.084   3.312   3.528   3.729   3.912   4.077   4.223   4.351   4.461
   4.375  -0.517  -0.516  -0.513  -0.508  -0.500  -0.489  -0.474  -0.454  -0.428  -0.394  -0.349  -0.290  -0.215  -0.119  -0.001   0.143   0.309   0.500   0.709   0.933   1.168   1.409   1.656   1.903   2.151   2.397   2.641   2.884   3.122   3.354   3.577   3.786   3.979   4.154   4.310   4.448   4.566
   4.400  -0.500  -0.499  -0.496  -0.491  -0.484  -0.473  -0.458  -0.438  -0.411  -0.377  -0.333  -0.276  -0.203  -0.109   0.007   0.149   0.315   0.505   0.715   0.940   1.177   1.422   1.673   1.925   2.178   2.429   2.677   2.924   3.165   3.401   3.628   3.844   4.044   4.228   4.393   4.538   4.664
   4.425  -0.486  -0.484  -0.480  -0.475  -0.467  -0.456  -0.440  -0.418  -0.390  -0.355  -0.310  -0.254  -0.182  -0.091   0.021   0.161   0.324   0.514   0.723   0.949   1.188   1.436   1.689   1.946   2.203   2.460   2.714   2.966   3.212   3.453   3.685   3.905   4.111   4.301   4.472   4.624   4.757
   4.450  -0.474  -0.471  -0.467  -0.461  -0.452  -0.439  -0.421  -0.398  -0.367  -0.329  -0.283  -0.225  -0.154  -0.064   0.046   0.182   0.343   0.530   0.738   0.964   1.203   1.453   1.709   1.968   2.230   2.492   2.752   3.009   3.261   3.507   3.743   3.967   4.178   4.372   4.549   4.706   4.844
   4.475  -0.468  -0.464  -0.457  -0.450  -0.440  -0.425  -0.406  -0.379  -0.345  -0.303  -0.251  -0.190  -0.115  -0.026   0.084   0.217   0.374   0.558   0.763   0.988   1.227   1.477   1.734   1.996   2.260   2.525   2.790   3.052   3.309   3.560   3.801   4.030   4.244   4.442   4.623   4.784   4.927
   4.500  -0.466  -0.459  -0.451  -0.442  -0.431  -0.415  -0.393  -0.364  -0.326  -0.278  -0.221  -0.154  -0.074   0.019   0.130   0.263   0.417   0.597   0.799   1.021   1.258   1.507   1.764   2.026   2.292   2.560   2.827   3.094   3.356   3.611   3.857   4.090   4.308   4.510   4.694   4.859   5.005
   4.525  -0.465  -0.458  -0.449  -0.439  -0.427  -0.410  -0.387  -0.355  -0.313  -0.260  -0.197  -0.121  -0.033   0.068   0.184   0.319   0.473   0.649   0.846   1.063   1.296   1.542   1.798   2.059   2.325   2.594   2.864   3.133   3.399   3.659   3.909   4.146   4.368   4.573   4.760   4.926   5.074
   4.550  -0.465  -0.457  -0.448  -0.439  -0.426  -0.408  -0.384  -0.350  -0.306  -0.249  -0.179  -0.095   0.003   0.113   0.239   0.379   0.535   0.711   0.904   1.116   1.343   1.585   1.837   2.096   2.361   2.629   2.899   3.170   3.439   3.702   3.956   4.197   4.422   4.630   4.819   4.988   5.136
   4.575  -0.464  -0.457  -0.448  -0.438  -0.425  -0.408  -0.384  -0.350  -0.305  -0.245  -0.170  -0.079   0.029   0.152   0.289   0.440   0.606   0.785   0.978   1.186   1.407   1.642   1.887   2.141   2.401   2.666   2.935   3.206   3.475   3.740   3.997   4.240   4.468   4.678   4.868   5.037   5.185
   4.600  -0.464  -0.456  -0.447  -0.438  -0.426  -0.409  -0.385  -0.352  -0.307  -0.246  -0.168  -0.071   0.044   0.179   0.329   0.493   0.670   0.856   1.052   1.259   1.476   1.704   1.942   2.189   2.443   2.704   2.969   3.238   3.507   3.772   4.030   4.274   4.504   4.715   4.906   5.075   5.223
   4.625  -0.463  -0.456  -0.448  -0.439  -0.426  -0.410  -0.387  -0.355  -0.311  -0.251  -0.173  -0.073   0.047   0.189   0.349   0.525   0.713   0.910   1.115   1.326   1.543   1.768   2.001   2.241   2.488   2.742   3.002   3.268   3.534   3.798   4.055   4.299   4.529   4.740   4.931   5.099   5.245
   4.650  -0.462  -0.456  -0.447  -0.439  -0.427  -0.411  -0.389  -0.358  -0.315  -0.257  -0.181  -0.081   0.040   0.186   0.353   0.539   0.738   0.946   1.161   1.379   1.601   1.826   2.055   2.290   2.531   2.779   3.033   3.294   3.556   3.817   4.071   4.314   4.543   4.753   4.943   5.110   5.255
   4.675  -0.461  -0.454  -0.446  -0.437  -0.426  -0.411  -0.390  -0.361  -0.320  -0.264  -0.190  -0.093   0.027   0.173   0.341   0.531   0.737   0.955   1.180   1.408   1.638   1.868   2.100   2.333   2.570   2.813   3.061   3.316   3.572   3.828   4.078   4.318   4.544   4.753   4.942   5.109   5.252
   4.700  -0.460  -0.452  -0.444  -0.435  -0.424  -0.410  -0.390  -0.363  -0.325  -0.271  -0.200  -0.107   0.010   0.153   0.320   0.511   0.720   0.944   1.177   1.415   1.654   1.892   2.129   2.364   2.601   2.840   3.083   3.331   3.581   3.832   4.077   4.313   4.536   4.743   4.930   5.095   5.237
   4.725  -0.459  -0.451  -0.442  -0.433  -0.422  -0.408  -0.389  -0.364  -0.327  -0.277  -0.209  -0.119  -0.006   0.133   0.296   0.484   0.691   0.915   1.151   1.395   1.642   1.888   2.133   2.374   2.614   2.854   3.095   3.339   3.583   3.828   4.068   4.299   4.518   4.723   4.909   5.073   5.215
   4.750  -0.460  -0.451  -0.441  -0.432  -0.420  -0.407  -0.388  -0.364  -0.329  -0.281  -0.216  -0.130  -0.022   0.113   0.271   0.454   0.657   0.878   1.113   1.359   1.611   1.864   2.117   2.366   2.613   2.856   3.097   3.338   3.579   3.818   4.052   4.279   4.495   4.696   4.880   5.043   5.185
   4.775  -0.460  -0.451  -0.441  -0.431  -0.420  -0.406  -0.388  -0.364  -0.331  -0.285  -0.223  -0.140  -0.035   0.095   0.249   0.427   0.625   0.841   1.072   1.316   1.568   1.824   2.082   2.338   2.592   2.841   3.086   3.328   3.566   3.802   4.032   4.255   4.467   4.666   4.849   5.011   5.153
   4.800  -0.461  -0.452  -0.442  -0.432  -0.420  -0.406  -0.388  -0.364  -0.332  -0.288  -0.228  -0.148  -0.047   0.080   0.229   0.402   0.595   0.805   1.031   1.270   1.520   1.777   2.038   2.300   2.560   2.815   3.065   3.309   3.548   3.781   4.009   4.229   4.438   4.635   4.816   4.976   5.117
   4.825  -0.460  -0.452  -0.442  -0.432  -0.421  -0.406  -0.388  -0.364  -0.332  -0.289  -0.231  -0.154  -0.055   0.067   0.213   0.381   0.569   0.774   0.995   1.230   1.475   1.730   1.991   2.256   2.520   2.780   3.036   3.283   3.524   3.759   3.985   4.203   4.411   4.606   4.785   4.944   5.084
   4.850  -0.459  -0.451  -0.442  -0.432  -0.420  -0.406  -0.387  -0.364  -0.332  -0.289  -0.233  -0.157  -0.061   0.058   0.199   0.363   0.547   0.748   0.964   1.194   1.435   1.687   1.947   2.212   2.478   2.743   3.002   3.254   3.499   3.734   3.961   4.179   4.386   4.579   4.756   4.913   5.051
   4.875  -0.456  -0.448  -0.439  -0.429  -0.418  -0.403  -0.385  -0.361  -0.330  -0.288  -0.233  -0.159  -0.066   0.051   0.189   0.350   0.530   0.727   0.940   1.166   1.405   1.654   1.911   2.175   2.441   2.707   2.969   3.225   3.473   3.711   3.940   4.158   4.365   4.557   4.732   4.886   5.021
   4.900  -0.451  -0.443  -0.434  -0.424  -0.413  -0.399  -0.380  -0.357  -0.326  -0.285  -0.231  -0.159  -0.068   0.046   0.182   0.340   0.517   0.712   0.922   1.146   1.381   1.627   1.882   2.144   2.409   2.675   2.939   3.197   3.448   3.690   3.921   4.141   4.347   4.538   4.711   4.862   4.992
   4.925  -0.441  -0.434  -0.426  -0.417  -0.406  -0.392  -0.374  -0.351  -0.320  -0.280  -0.227  -0.157  -0.068   0.044   0.177   0.333   0.508   0.701   0.910   1.131   1.365   1.609   1.862   2.122   2.386   2.651   2.915   3.175   3.428   3.672   3.906   4.127   4.333   4.523   4.693   4.840   4.965
   4.950  -0.426  -0.420  -0.413  -0.405  -0.395  -0.381  -0.364  -0.341  -0.311  -0.272  -0.219  -0.151  -0.064   0.045   0.176   0.330   0.504   0.696   0.904   1.124   1.356   1.598   1.849   2.107   2.369   2.634   2.898   3.158   3.412   3.659   3.894   4.116   4.322   4.510   4.677   4.820   4.940
   4.975  -0.405  -0.400  -0.393  -0.386  -0.377  -0.365  -0.348  -0.327  -0.298  -0.259  -0.208  -0.142  -0.057   0.051   0.180   0.334   0.507   0.699   0.905   1.124   1.355   1.596   1.845   2.101   2.361   2.624   2.887   3.147   3.402   3.650   3.886   4.108   4.313   4.498   4.662   4.799   4.912
   5.000  -0.377  -0.373  -0.367  -0.361  -0.353  -0.341  -0.326  -0.306  -0.278  -0.241  -0.192  -0.127  -0.043   0.062   0.190   0.342   0.514   0.705   0.911   1.129   1.359   1.598   1.846   2.100   2.359   2.620   2.882   3.141   3.396   3.644   3.881   4.102   4.304   4.486   4.645   4.777   4.883
   5.025  -0.342  -0.338  -0.333  -0.327  -0.320  -0.310  -0.296  -0.277  -0.250  -0.215  -0.168  -0.105  -0.024   0.078   0.203   0.352   0.522   0.712   0.917   1.135   1.364   1.603   1.850   2.103   2.360   2.621   2.881   3.140   3.394   3.642   3.877   4.096   4.295   4.472   4.625   4.750   4.850
   5.050  -0.305  -0.300  -0.294  -0.288  -0.281  -0.271  -0.257  -0.239  -0.215  -0.181  -0.135  -0.075   0.003   0.102   0.223   0.369   0.535   0.722   0.925   1.143   1.372   1.611   1.857   2.109   2.365   2.624   2.884   3.141   3.394   3.640   3.873   4.087   4.282   4.453   4.600   4.719   4.812
   5.075  -0.267  -0.259  -0.251  -0.244  -0.235  -0.224  -0.210  -0.192  -0.168  -0.135  -0.091  -0.033   0.042   0.137   0.253   0.393   0.554   0.737   0.938   1.154   1.382   1.620   1.866   2.117   2.372   2.630   2.887   3.143   3.394   3.636   3.865   4.074   4.263   4.427   4.567   4.680   4.766
   5.100  -0.232  -0.222  -0.211  -0.200  -0.189  -0.176  -0.160  -0.141  -0.116  -0.083  -0.039   0.017   0.089   0.180   0.291   0.425   0.580   0.758   0.955   1.169   1.396   1.633   1.877   2.127   2.380   2.636   2.892   3.145   3.392   3.629   3.852   4.055   4.236   4.394   4.527   4.633   4.715
   5.125  -0.207  -0.192  -0.178  -0.163  -0.147  -0.131  -0.111  -0.089  -0.061  -0.026   0.018   0.075   0.146   0.233   0.340   0.468   0.618   0.790   0.981   1.191   1.415   1.649   1.891   2.138   2.390   2.643   2.895   3.144   3.386   3.616   3.831   4.026   4.200   4.350   4.477   4.579   4.657
   5.150  -0.192  -0.173  -0.154  -0.135  -0.115  -0.093  -0.069  -0.042  -0.010   0.028   0.076   0.134   0.205   0.291   0.395   0.518   0.662   0.828   1.014   1.219   1.438   1.668   1.907   2.152   2.400   2.649   2.896   3.140   3.374   3.596   3.802   3.988   4.154   4.297   4.418   4.517   4.593
   5.175  -0.191  -0.169  -0.145  -0.121  -0.096  -0.069  -0.039  -0.007   0.031   0.075   0.127   0.189   0.264   0.351   0.454   0.575   0.714   0.874   1.053   1.252   1.466   1.691   1.926   2.166   2.410   2.654   2.894   3.129   3.355   3.566   3.762   3.939   4.097   4.235   4.352   4.449   4.525
   5.200  -0.202  -0.176  -0.149  -0.121  -0.090  -0.058  -0.023   0.016   0.060   0.110   0.169   0.237   0.316   0.406   0.511   0.630   0.766   0.921   1.093   1.286   1.494   1.714   1.944   2.180   2.418   2.655   2.887   3.113   3.327   3.528   3.714   3.882   4.033   4.165   4.280   4.375   4.453
   5.225  -0.224  -0.195  -0.165  -0.133  -0.099  -0.063  -0.022   0.022   0.072   0.129   0.194   0.269   0.354   0.450   0.558   0.678   0.812   0.963   1.131   1.317   1.519   1.734   1.958   2.189   2.421   2.650   2.874   3.088   3.292   3.482   3.657   3.817   3.962   4.090   4.203   4.300   4.379
   5.250  -0.254  -0.224  -0.191  -0.157  -0.120  -0.080  -0.036   0.014   0.069   0.133   0.204   0.286   0.378   0.479   0.592   0.714   0.850   0.999   1.163   1.344   1.540   1.749   1.968   2.192   2.417   2.639   2.853   3.057   3.249   3.428   3.594   3.747   3.886   4.012   4.124   4.221   4.304
   5.275  -0.290  -0.259  -0.226  -0.191  -0.152  -0.109  -0.062  -0.009   0.051   0.119   0.197   0.284   0.382   0.490   0.607   0.734   0.872   1.021   1.184   1.362   1.553   1.757   1.970   2.188   2.406   2.619   2.825   3.019   3.201   3.370   3.527   3.673   3.808   3.931   4.043   4.143   4.229
   5.300  -0.329  -0.299  -0.266  -0.230  -0.191  -0.147  -0.098  -0.043   0.020   0.092   0.173   0.266   0.369   0.483   0.607   0.739   0.881   1.032   1.195   1.372   1.559   1.758   1.965   2.177   2.388   2.593   2.791   2.975   3.147   3.308   3.457   3.597   3.728   3.851   3.963   4.064   4.154
   5.325  -0.367  -0.339  -0.308  -0.273  -0.233  -0.190  -0.141  -0.085  -0.021   0.052   0.135   0.231   0.339   0.458   0.588   0.727   0.875   1.031   1.196   1.372   1.557   1.752   1.953   2.159   2.363   2.561   2.751   2.927   3.091   3.243   3.386   3.522   3.650   3.771   3.884   3.987   4.080
   5.350  -0.403  -0.378  -0.349  -0.316  -0.279  -0.236  -0.188  -0.133  -0.070   0.003   0.087   0.185   0.295   0.419   0.555   0.701   0.856   1.018   1.187   1.364   1.548   1.740   1.936   2.136   2.334   2.525   2.707   2.875   3.032   3.178   3.316   3.447   3.573   3.694   3.807   3.911   4.007
   5.375  -0.435  -0.414  -0.388  -0.358  -0.323  -0.283  -0.237  -0.184  -0.122  -0.051   0.033   0.131   0.243   0.371   0.512   0.664   0.825   0.993   1.167   1.346   1.531   1.720   1.913   2.108   2.300   2.485   2.661   2.823   2.973   3.113   3.246   3.375   3.499   3.618   3.732   3.838   3.936
   5.400  -0.462  -0.445  -0.423  -0.397  -0.366  -0.329  -0.285  -0.235  -0.176  -0.106  -0.025   0.073   0.185   0.316   0.460   0.618   0.786   0.960   1.139   1.322   1.507   1.696   1.886   2.077   2.264   2.444   2.613   2.769   2.914   3.049   3.178   3.304   3.426   3.546   3.660   3.766   3.866
   5.425  -0.482  -0.468  -0.450  -0.429  -0.401  -0.369  -0.329  -0.282  -0.226  -0.160  -0.080   0.015   0.127   0.258   0.405   0.568   0.741   0.921   1.105   1.292   1.479   1.668   1.856   2.044   2.227   2.402   2.566   2.716   2.857   2.987   3.112   3.236   3.356   3.475   3.590   3.697   3.798
   5.450  -0.496  -0.486  -0.472  -0.454  -0.432  -0.404  -0.369  -0.326  -0.273  -0.211  -0.134  -0.041   0.069   0.200   0.348   0.514   0.691   0.877   1.067   1.258   1.449   1.638   1.826   2.011   2.190   2.359   2.519   2.664   2.800   2.927   3.048   3.170   3.290   3.408   3.523   3.630   3.732
   5.475  -0.506  -0.498  -0.488  -0.475  -0.457  -0.433  -0.403  -0.364  -0.316  -0.257  -0.184  -0.095   0.013   0.143   0.292   0.459   0.641   0.831   1.027   1.222   1.416   1.607   1.795   1.977   2.153   2.318   2.472   2.614   2.745   2.868   2.987   3.107   3.226   3.344   3.459   3.566   3.668
   5.500  -0.512  -0.507  -0.499  -0.489  -0.476  -0.457  -0.432  -0.398  -0.355  -0.300  -0.231  -0.145  -0.041   0.087   0.235   0.405   0.589   0.784   0.985   1.185   1.383   1.576   1.763   1.944   2.116   2.277   2.427   2.564   2.692   2.812   2.929   3.047   3.165   3.283   3.397   3.505   3.606
   5.525  -0.515  -0.512  -0.507  -0.500  -0.490  -0.475  -0.455  -0.427  -0.389  -0.340  -0.276  -0.195  -0.093   0.032   0.180   0.351   0.538   0.738   0.944   1.149   1.351   1.545   1.732   1.911   2.080   2.238   2.384   2.517   2.641   2.759   2.873   2.990   3.107   3.225   3.339   3.446   3.548
   5.550  -0.517  -0.515  -0.511  -0.507  -0.500  -0.489  -0.473  -0.450  -0.419  -0.376  -0.317  -0.241  -0.144  -0.021   0.125   0.297   0.487   0.692   0.903   1.112   1.318   1.514   1.702   1.879   2.045   2.199   2.342   2.471   2.593   2.708   2.821   2.936   3.052   3.169   3.283   3.390   3.492
   5.575  -0.518  -0.517  -0.514  -0.511  -0.506  -0.498  -0.485  -0.468  -0.442  -0.405  -0.354  -0.284  -0.193  -0.074   0.071   0.243   0.436   0.645   0.861   1.075   1.284   1.483   1.671   1.847   2.011   2.163   2.302   2.428   2.547   2.660   2.771   2.885   3.000   3.117   3.230   3.337   3.438
   5.600  -0.519  -0.518  -0.516  -0.513  -0.509  -0.503  -0.494  -0.481  -0.460  -0.430  -0.386  -0.323  -0.238  -0.125   0.017   0.188   0.383   0.595   0.816   1.035   1.249   1.451   1.640   1.816   1.979   2.127   2.264   2.387   2.503   2.615   2.724   2.837   2.951   3.066   3.179   3.286   3.388
   5.625  -0.520  -0.518  -0.517  -0.514  -0.511  -0.507  -0.499  -0.489  -0.473  -0.449  -0.411  -0.357  -0.280  -0.173  -0.038   0.131   0.325   0.540   0.766   0.991   1.211   1.417   1.609   1.786   1.947   2.094   2.228   2.349   2.463   2.573   2.681   2.793   2.905   3.019   3.132   3.238   3.341
   5.650  -0.520  -0.519  -0.517  -0.515  -0.512  -0.508  -0.502  -0.495  -0.482  -0.462  -0.432  -0.385  -0.317  -0.219  -0.091   0.073   0.265   0.482   0.712   0.943   1.169   1.380   1.577   1.755   1.916   2.062   2.193   2.313   2.425   2.534   2.641   2.751   2.862   2.975   3.086   3.194   3.298
   5.675  -0.521  -0.519  -0.517  -0.515  -0.513  -0.509  -0.504  -0.498  -0.487  -0.472  -0.446  -0.407  -0.348  -0.260  -0.141   0.016   0.203   0.421   0.654   0.891   1.125   1.342   1.543   1.723   1.886   2.031   2.161   2.280   2.390   2.497   2.603   2.712   2.821   2.933   3.043   3.151   3.256
   5.700  -0.521  -0.520  -0.518  -0.516  -0.513  -0.510  -0.506  -0.500  -0.491  -0.478  -0.456  -0.424  -0.372  -0.295  -0.187  -0.039   0.143   0.358   0.593   0.836   1.077   1.300   1.507   1.691   1.855   2.000   2.130   2.248   2.357   2.463   2.568   2.675   2.784   2.893   3.003   3.110   3.216
   5.725  -0.521  -0.520  -0.518  -0.516  -0.514  -0.511  -0.506  -0.501  -0.493  -0.481  -0.462  -0.434  -0.390  -0.322  -0.225  -0.087   0.086   0.297   0.532   0.779   1.025   1.255   1.468   1.656   1.823   1.969   2.099   2.217   2.326   2.431   2.535   2.641   2.748   2.856   2.964   3.070   3.176
   5.750  -0.521  -0.520  -0.519  -0.517  -0.514  -0.511  -0.507  -0.502  -0.494  -0.483  -0.466  -0.442  -0.402  -0.343  -0.255  -0.129   0.034   0.239   0.471   0.720   0.972   1.208   1.428   1.620   1.791   1.938   2.069   2.187   2.296   2.401   2.504   2.609   2.714   2.821   2.927   3.032   3.138
   5.775  -0.521  -0.520  -0.519  -0.517  -0.515  -0.511  -0.507  -0.502  -0.494  -0.484  -0.469  -0.447  -0.411  -0.359  -0.280  -0.164  -0.011   0.187   0.413   0.662   0.917   1.159   1.384   1.582   1.756   1.906   2.038   2.157   2.266   2.371   2.474   2.578   2.682   2.787   2.892   2.997   3.101
   5.800  -0.521  -0.520  -0.519  -0.517  -0.515  -0.512  -0.508  -0.502  -0.495  -0.485  -0.471  -0.450  -0.418  -0.370  -0.298  -0.192  -0.049   0.140   0.360   0.607   0.862   1.108   1.339   1.541   1.720   1.873   2.007   2.127   2.237   2.343   2.446   2.549   2.652   2.755   2.859   2.963   3.067
   5.825  -0.521  -0.520  -0.519  -0.517  -0.515  -0.512  -0.508  -0.503  -0.496  -0.486  -0.472  -0.453  -0.422  -0.378  -0.312  -0.213  -0.080   0.099   0.311   0.554   0.808   1.057   1.292   1.499   1.682   1.839   1.975   2.097   2.208   2.315   2.418   2.520   2.623   2.726   2.829   2.932   3.035
   5.850  -0.521  -0.520  -0.519  -0.518  -0.516  -0.513  -0.509  -0.504  -0.497  -0.487  -0.473  -0.454  -0.425  -0.384  -0.322  -0.230  -0.105   0.064   0.268   0.505   0.756   1.006   1.245   1.457   1.644   1.804   1.943   2.067   2.180   2.287   2.391   2.494   2.596   2.698   2.800   2.903   3.006
   5.875  -0.521  -0.520  -0.519  -0.518  -0.516  -0.513  -0.509  -0.505  -0.498  -0.488  -0.475  -0.456  -0.428  -0.389  -0.330  -0.243  -0.125   0.036   0.231   0.461   0.708   0.957   1.198   1.413   1.605   1.769   1.912   2.038   2.152   2.261   2.366   2.468   2.570   2.671   2.772   2.874   2.977
   5.900  -0.521  -0.520  -0.519  -0.517  -0.516  -0.513  -0.510  -0.505  -0.498  -0.489  -0.476  -0.457  -0.430  -0.392  -0.336  -0.254  -0.141   0.012   0.199   0.423   0.664   0.912   1.154   1.372   1.567   1.735   1.881   2.009   2.126   2.236   2.342   2.444   2.545   2.645   2.744   2.845   2.947
   5.925  -0.520  -0.519  -0.518  -0.517  -0.515  -0.513  -0.509  -0.505  -0.498  -0.489  -0.476  -0.459  -0.432  -0.395  -0.341  -0.262  -0.154  -0.007   0.174   0.391   0.627   0.873   1.114   1.334   1.532   1.703   1.852   1.983   2.102   2.214   2.320   2.422   2.521   2.618   2.716   2.816   2.917
   5.950  -0.520  -0.519  -0.517  -0.516  -0.514  -0.512  -0.508  -0.504  -0.497  -0.489  -0.476  -0.459  -0.433  -0.398  -0.344  -0.268  -0.164  -0.022   0.153   0.364   0.596   0.839   1.078   1.299   1.500   1.673   1.824   1.958   2.079   2.193   2.299   2.400   2.498   2.592   2.687   2.785   2.886
   5.975  -0.519  -0.518  -0.516  -0.514  -0.512  -0.510  -0.506  -0.502  -0.496  -0.487  -0.475  -0.459  -0.434  -0.399  -0.347  -0.273  -0.171  -0.032   0.138   0.345   0.572   0.811   1.048   1.268   1.470   1.645   1.800   1.936   2.059   2.174   2.280   2.380   2.475   2.567   2.659   2.756   2.857
   6.000  -0.518  -0.517  -0.515  -0.513  -0.511  -0.508  -0.504  -0.500  -0.493  -0.485  -0.474  -0.458  -0.434  -0.400  -0.349  -0.276  -0.176  -0.041   0.126   0.328   0.551   0.786   1.021   1.240   1.443   1.620   1.777   1.916   2.040   2.156   2.262   2.360   2.453   2.541   2.631   2.728   2.830
   6.050  -0.519  -0.516  -0.514  -0.511  -0.507  -0.504  -0.499  -0.494  -0.487  -0.479  -0.468  -0.453  -0.430  -0.399  -0.351  -0.281  -0.186  -0.056   0.103   0.296   0.510   0.738   0.968   1.187   1.392   1.574   1.736   1.880   2.008   2.123   2.227   2.320   2.408   2.492   2.578   2.673   2.777
   6.100  -0.520  -0.517  -0.514  -0.511  -0.506  -0.501  -0.496  -0.489  -0.481  -0.472  -0.461  -0.446  -0.424  -0.393  -0.348  -0.282  -0.191  -0.068   0.084   0.268   0.474   0.695   0.921   1.140   1.346   1.531   1.698   1.845   1.975   2.087   2.187   2.275   2.357   2.437   2.521   2.619   2.728
   6.150  -0.522  -0.520  -0.518  -0.515  -0.510  -0.505  -0.498  -0.490  -0.480  -0.468  -0.453  -0.436  -0.412  -0.382  -0.337  -0.275  -0.190  -0.075   0.068   0.243   0.441   0.657   0.880   1.098   1.306   1.494   1.662   1.809   1.936   2.044   2.137   2.218   2.294   2.368   2.451   2.554   2.670
   6.200  -0.524  -0.523  -0.522  -0.519  -0.516  -0.510  -0.503  -0.494  -0.483  -0.468  -0.451  -0.430  -0.404  -0.371  -0.326  -0.266  -0.185  -0.077   0.058   0.225   0.416   0.627   0.846   1.063   1.270   1.456   1.623   1.767   1.890   1.990   2.076   2.150   2.221   2.293   2.376   2.482   2.607
   6.250  -0.525  -0.525  -0.524  -0.522  -0.520  -0.516  -0.511  -0.504  -0.493  -0.480  -0.461  -0.437  -0.406  -0.368  -0.318  -0.254  -0.173  -0.068   0.062   0.222   0.405   0.609   0.822   1.034   1.237   1.418   1.579   1.715   1.830   1.922   2.000   2.071   2.140   2.215   2.302   2.412   2.543
   6.300  -0.526  -0.526  -0.525  -0.524  -0.523  -0.521  -0.518  -0.514  -0.506  -0.494  -0.476  -0.451  -0.417  -0.374  -0.318  -0.250  -0.165  -0.059   0.069   0.225   0.402   0.599   0.804   1.007   1.201   1.374   1.526   1.652   1.757   1.842   1.915   1.983   2.054   2.133   2.226   2.341   2.476
   6.350  -0.527  -0.526  -0.526  -0.525  -0.525  -0.524  -0.522  -0.519  -0.514  -0.505  -0.492  -0.471  -0.441  -0.398  -0.340  -0.265  -0.172  -0.059   0.075   0.232   0.405   0.595   0.789   0.979   1.159   1.318   1.456   1.572   1.668   1.748   1.819   1.890   1.965   2.050   2.150   2.270   2.408
   6.400  -0.527  -0.526  -0.526  -0.526  -0.525  -0.525  -0.523  -0.522  -0.519  -0.514  -0.505  -0.491  -0.466  -0.427  -0.370  -0.292  -0.193  -0.071   0.070   0.229   0.402   0.584   0.767   0.943   1.106   1.249   1.375   1.479   1.569   1.646   1.719   1.793   1.874   1.968   2.074   2.199   2.339
   6.450  -0.527  -0.527  -0.527  -0.526  -0.526  -0.526  -0.525  -0.523  -0.521  -0.518  -0.512  -0.502  -0.483  -0.451  -0.402  -0.329  -0.232  -0.108   0.038   0.202   0.377   0.555   0.729   0.890   1.038   1.167   1.280   1.377   1.463   1.540   1.616   1.697   1.786   1.887   2.000   2.127   2.268
   6.500  -0.527  -0.527  -0.527  -0.527  -0.527  -0.526  -0.525  -0.524  -0.522  -0.520  -0.516  -0.509  -0.495  -0.472  -0.431  -0.367  -0.278  -0.156  -0.010   0.157   0.332   0.507   0.673   0.823   0.957   1.074   1.177   1.269   1.353   1.432   1.513   1.601   1.698   1.807   1.926   2.055   2.194
   6.550  -0.527  -0.528  -0.528  -0.528  -0.527  -0.527  -0.526  -0.525  -0.524  -0.522  -0.519  -0.513  -0.502  -0.484  -0.451  -0.397  -0.319  -0.207  -0.070   0.090   0.261   0.431   0.593   0.736   0.863   0.973   1.071   1.159   1.243   1.325   1.412   1.508   1.613   1.729   1.854   1.986   2.125
   6.600  -0.528  -0.528  -0.528  -0.528  -0.528  -0.528  -0.527  -0.527  -0.525  -0.524  -0.521  -0.516  -0.507  -0.492  -0.466  -0.422  -0.356  -0.258  -0.134   0.016   0.179   0.343   0.500   0.639   0.762   0.867   0.962   1.049   1.134   1.221   1.313   1.416   1.529   1.653   1.784   1.918   2.058
   6.650  -0.528  -0.528  -0.528  -0.529  -0.529  -0.528  -0.528  -0.528  -0.527  -0.525  -0.523  -0.519  -0.512  -0.499  -0.477  -0.441  -0.385  -0.300  -0.191  -0.055   0.095   0.250   0.401   0.535   0.655   0.760   0.854   0.942   1.029   1.120   1.218   1.328   1.448   1.578   1.713   1.850   1.989
   6.700  -0.529  -0.529  -0.529  -0.529  -0.529  -0.529  -0.529  -0.529  -0.528  -0.527  -0.525  -0.522  -0.515  -0.505  -0.486  -0.456  -0.408  -0.336  -0.242  -0.121   0.014   0.157   0.300   0.429   0.548   0.652   0.747   0.837   0.927   1.024   1.128   1.245   1.371   1.506   1.645   1.782   1.920
   6.750  -0.530  -0.530  -0.529  -0.529  -0.529  -0.530  -0.529  -0.529  -0.529  -0.528  -0.526  -0.524  -0.518  -0.510  -0.494  -0.469  -0.429  -0.368  -0.286  -0.180  -0.060   0.071   0.203   0.326   0.442   0.545   0.641   0.735   0.830   0.932   1.043   1.167   1.299   1.439   1.580   1.716   1.849
   6.800  -0.531  -0.530  -0.530  -0.530  -0.530  -0.530  -0.530  -0.530  -0.529  -0.529  -0.527  -0.525  -0.521  -0.514  -0.501  -0.480  -0.447  -0.395  -0.325  -0.233  -0.126  -0.009   0.113   0.229   0.341   0.443   0.542   0.639   0.739   0.847   0.965   1.095   1.233   1.376   1.518   1.650   1.776
   6.850  -0.531  -0.531  -0.531  -0.531  -0.531  -0.531  -0.531  -0.531  -0.530  -0.530  -0.529  -0.527  -0.523  -0.517  -0.506  -0.489  -0.461  -0.417  -0.358  -0.279  -0.185  -0.079   0.033   0.142   0.250   0.352   0.452   0.553   0.658   0.772   0.895   1.030   1.170   1.314   1.455   1.584   1.704
   6.900  -0.532  -0.532  -0.532  -0.532  -0.532  -0.532  -0.532  -0.532  -0.531  -0.531  -0.529  -0.528  -0.524  -0.519  -0.510  -0.495  -0.472  -0.436  -0.385  -0.317  -0.235  -0.140  -0.038   0.065   0.169   0.270   0.372   0.477   0.587   0.706   0.833   0.970   1.111   1.254   1.392   1.517   1.632
   6.950  -0.533  -0.533  -0.533  -0.533  -0.533  -0.533  -0.533  -0.533  -0.532  -0.531  -0.530  -0.528  -0.524  -0.520  -0.512  -0.499  -0.480  -0.449  -0.407  -0.349  -0.278  -0.193  -0.100  -0.003   0.097   0.199   0.305   0.414   0.528   0.649   0.776   0.914   1.056   1.196   1.331   1.452   1.562
   7.000  -0.534  -0.534  -0.534  -0.534  -0.534  -0.534  -0.534  -0.534  -0.533  -0.532  -0.530  -0.528  -0.524  -0.519  -0.512  -0.501  -0.484  -0.458  -0.422  -0.372  -0.310  -0.235  -0.150  -0.059   0.038   0.140   0.248   0.360   0.477   0.597   0.723   0.861   1.002   1.139   1.269   1.387   1.495
   7.050  -0.535  -0.536  -0.535  -0.535  -0.535  -0.535  -0.535  -0.535  -0.534  -0.533  -0.531  -0.529  -0.525  -0.520  -0.512  -0.501  -0.484  -0.461  -0.428  -0.384  -0.329  -0.262  -0.184  -0.098  -0.003   0.098   0.204   0.315   0.430   0.547   0.671   0.807   0.946   1.081   1.208   1.317   1.414
   7.100  -0.537  -0.537  -0.537  -0.537  -0.536  -0.536  -0.536  -0.536  -0.535  -0.534  -0.533  -0.531  -0.527  -0.521  -0.513  -0.501  -0.484  -0.461  -0.430  -0.390  -0.340  -0.279  -0.207  -0.125  -0.034   0.064   0.167   0.273   0.383   0.498   0.619   0.752   0.888   1.022   1.145   1.244   1.324
   7.150  -0.538  -0.539  -0.538  -0.538  -0.538  -0.538  -0.538  -0.537  -0.537  -0.536  -0.535  -0.533  -0.530  -0.524  -0.516  -0.504  -0.486  -0.462  -0.431  -0.393  -0.345  -0.287  -0.220  -0.143  -0.058   0.034   0.131   0.229   0.333   0.445   0.566   0.696   0.828   0.963   1.083   1.166   1.229
   7.200  -0.540  -0.540  -0.540  -0.540  -0.540  -0.540  -0.540  -0.540  -0.539  -0.539  -0.538  -0.536  -0.533  -0.528  -0.520  -0.508  -0.490  -0.465  -0.434  -0.395  -0.349  -0.294  -0.230  -0.159  -0.080   0.005   0.095   0.185   0.281   0.391   0.511   0.639   0.769   0.897   1.008   1.083   1.127
   7.250  -0.542  -0.542  -0.542  -0.542  -0.542  -0.542  -0.542  -0.542  -0.541  -0.541  -0.540  -0.539  -0.536  -0.532  -0.525  -0.514  -0.497  -0.473  -0.442  -0.404  -0.358  -0.304  -0.243  -0.177  -0.105  -0.029   0.052   0.135   0.227   0.336   0.454   0.586   0.713   0.815   0.896   0.967   0.999
   7.300  -0.544  -0.544  -0.544  -0.544  -0.544  -0.544  -0.544  -0.544  -0.543  -0.543  -0.542  -0.542  -0.540  -0.536  -0.530  -0.521  -0.506  -0.484  -0.454  -0.416  -0.371  -0.318  -0.260  -0.199  -0.134  -0.067   0.006   0.085   0.174   0.280   0.398   0.533   0.657   0.734   0.786   0.827   0.851
   7.350  -0.546  -0.546  -0.546  -0.546  -0.546  -0.546  -0.546  -0.546  -0.545  -0.545  -0.545  -0.544  -0.543  -0.540  -0.535  -0.527  -0.515  -0.495  -0.469  -0.433  -0.391  -0.341  -0.286  -0.229  -0.170  -0.109  -0.042   0.035   0.123   0.228   0.345   0.482   0.607   0.682   0.732   0.749   0.771
   7.400  -0.549  -0.549  -0.549  -0.549  -0.549  -0.549  -0.549  -0.549  -0.548  -0.548  -0.548  -0.547  -0.546  -0.544  -0.540  -0.534  -0.523  -0.507  -0.484  -0.452  -0.413  -0.367  -0.316  -0.264  -0.209  -0.152  -0.089  -0.014   0.073   0.178   0.294   0.424   0.542   0.616   0.666   0.705   0.728
   7.450  -0.552  -0.552  -0.552  -0.552  -0.552  -0.552  -0.552  -0.552  -0.551  -0.552  -0.551  -0.551  -0.549  -0.548  -0.544  -0.539  -0.531  -0.517  -0.498  -0.470  -0.436  -0.394  -0.348  -0.300  -0.248  -0.195  -0.134  -0.061   0.025   0.134   0.245   0.342   0.423   0.476   0.512   0.566   0.585
   7.500  -0.555  -0.555  -0.555  -0.555  -0.555  -0.555  -0.555  -0.555  -0.555  -0.555  -0.555  -0.554  -0.553  -0.552  -0.549  -0.545  -0.538  -0.527  -0.511  -0.488  -0.458  -0.421  -0.379  -0.335  -0.287  -0.236  -0.177  -0.105  -0.020   0.092   0.197   0.261   0.306   0.338   0.360   0.377   0.387
   7.550  -0.558  -0.558  -0.558  -0.558  -0.558  -0.558  -0.558  -0.558  -0.558  -0.558  -0.558  -0.558  -0.557  -0.556  -0.554  -0.550  -0.545  -0.536  -0.523  -0.503  -0.478  -0.445  -0.408  -0.367  -0.322  -0.273  -0.216  -0.146  -0.063   0.046   0.148   0.207   0.245   0.274   0.294   0.295   0.303
   7.600  -0.562  -0.562  -0.562  -0.562  -0.562  -0.562  -0.562  -0.562  -0.562  -0.562  -0.562  -0.562  -0.561  -0.560  -0.559  -0.556  -0.551  -0.544  -0.533  -0.517  -0.495  -0.467  -0.434  -0.397  -0.355  -0.308  -0.252  -0.184  -0.104   0.000   0.099   0.159   0.200   0.231   0.251   0.267   0.277
   7.650  -0.567  -0.567  -0.567  -0.567  -0.567  -0.567  -0.567  -0.567  -0.567  -0.567  -0.567  -0.566  -0.566  -0.565  -0.564  -0.561  -0.557  -0.551  -0.542  -0.528  -0.510  -0.485  -0.456  -0.423  -0.385  -0.340  -0.287  -0.221  -0.144  -0.044   0.050   0.107   0.147   0.176   0.195   0.210   0.219
   7.700  -0.572  -0.572  -0.572  -0.572  -0.572  -0.572  -0.572  -0.572  -0.572  -0.572  -0.572  -0.572  -0.571  -0.570  -0.569  -0.567  -0.564  -0.559  -0.551  -0.539  -0.523  -0.502  -0.476  -0.447  -0.412  -0.371  -0.320  -0.258  -0.184  -0.090  -0.001   0.053   0.090   0.118   0.136   0.151   0.159
   7.750  -0.577  -0.577  -0.577  -0.577  -0.577  -0.577  -0.577  -0.577  -0.578  -0.578  -0.578  -0.577  -0.577  -0.576  -0.575  -0.574  -0.571  -0.567  -0.560  -0.550  -0.535  -0.517  -0.494  -0.468  -0.437  -0.399  -0.352  -0.294  -0.224  -0.135  -0.052   0.000   0.035   0.060   0.078   0.084   0.092
   7.800  -0.583  -0.583  -0.583  -0.583  -0.583  -0.583  -0.583  -0.583  -0.584  -0.584  -0.584  -0.584  -0.583  -0.583  -0.582  -0.581  -0.579  -0.575  -0.569  -0.560  -0.547  -0.531  -0.511  -0.488  -0.460  -0.426  -0.384  -0.329  -0.265  -0.186  -0.113  -0.068  -0.037  -0.014   0.001   0.013   0.020
   7.850  -0.590  -0.590  -0.590  -0.590  -0.590  -0.590  -0.590  -0.590  -0.591  -0.591  -0.591  -0.591  -0.590  -0.590  -0.590  -0.589  -0.587  -0.583  -0.578  -0.570  -0.558  -0.545  -0.528  -0.509  -0.484  -0.454  -0.416  -0.363  -0.306  -0.253  -0.207  -0.177  -0.157  -0.142  -0.132  -0.105  -0.100
   7.900  -0.598  -0.598  -0.598  -0.598  -0.598  -0.598  -0.598  -0.598  -0.598  -0.599  -0.599  -0.599  -0.598  -0.598  -0.598  -0.597  -0.595  -0.592  -0.587  -0.580  -0.570  -0.559  -0.545  -0.529  -0.508  -0.482  -0.448  -0.397  -0.348  -0.318  -0.298  -0.283  -0.273  -0.266  -0.260  -0.257  -0.254
   7.950  -0.606  -0.606  -0.606  -0.606  -0.606  -0.606  -0.606  -0.606  -0.606  -0.606  -0.606  -0.606  -0.606  -0.606  -0.606  -0.605  -0.603  -0.600  -0.596  -0.590  -0.582  -0.572  -0.561  -0.548  -0.531  -0.509  -0.479  -0.434  -0.389  -0.365  -0.350  -0.338  -0.330  -0.325  -0.321  -0.329  -0.327
   8.000  -0.614  -0.614  -0.614  -0.614  -0.614  -0.614  -0.614  -0.614  -0.614  -0.614  -0.614  -0.614  -0.614  -0.614  -0.614  -0.613  -0.611  -0.609  -0.606  -0.601  -0.594  -0.586  -0.577  -0.567  -0.554  -0.536  -0.511  -0.471  -0.432  -0.409  -0.392  -0.381  -0.373  -0.367  -0.363  -0.360  -0.358
   8.100  -0.634  -0.634  -0.634  -0.634  -0.634  -0.634  -0.634  -0.634  -0.634  -0.634  -0.634  -0.634  -0.634  -0.634  -0.634  -0.633  -0.632  -0.630  -0.628  -0.625  -0.621  -0.617  -0.613  -0.609  -0.603  -0.593  -0.578  -0.552  -0.526  -0.511  -0.500  -0.492  -0.487  -0.483  -0.480  -0.478  -0.477
   8.200  -0.658  -0.658  -0.658  -0.658  -0.658  -0.658  -0.658  -0.658  -0.658  -0.659  -0.659  -0.659  -0.659  -0.659  -0.659  -0.658  -0.657  -0.656  -0.655  -0.653  -0.652  -0.653  -0.654  -0.657  -0.658  -0.656  -0.649  -0.630  -0.611  -0.599  -0.591  -0.586  -0.582  -0.579  -0.577  -0.608  -0.607
   8.300  -0.687  -0.687  -0.687  -0.687  -0.687  -0.687  -0.687  -0.687  -0.687  -0.687  -0.688  -0.688  -0.688  -0.688  -0.688  -0.688  -0.687  -0.686  -0.686  -0.686  -0.688  -0.692  -0.699  -0.708  -0.717  -0.723  -0.728  -0.733  -0.738  -0.741  -0.743  -0.744  -0.745  -0.746  -0.747  -0.747  -0.747
   8.400  -0.735  -0.727  -0.723  -0.721  -0.721  -0.721  -0.720  -0.720  -0.721  -0.721  -0.721  -0.721  -0.721  -0.721  -0.721  -0.721  -0.721  -0.721  -0.722  -0.724  -0.729  -0.737  -0.748  -0.761  -0.776  -0.791  -0.826  -0.921  -1.022  -1.080  -1.119  -1.148  -1.168  -1.183  -1.192  -1.089  -1.092
   8.500  -0.757  -0.757  -0.757  -0.757  -0.758  -0.758  -0.758  -0.758  -0.758  -0.758  -0.758  -0.758  -0.758  -0.758  -0.758  -0.758  -0.759  -0.760  -0.762  -0.766  -0.774  -0.786  -0.802  -0.818  -0.841  -0.864  -0.925  -1.088  -1.261  -1.361  -1.429  -1.479  -1.513  -1.538  -1.555  -1.568  -1.576
   8.600  -0.709  -0.753  -0.782  -0.797  -0.797  -0.799  -0.799  -0.799  -0.799  -0.799  -0.799  -0.799  -0.799  -0.799  -0.799  -0.799  -0.800  -0.802  -0.806  -0.813  -0.822  -0.838  -0.860  -0.885  -0.914  -0.956  -1.007  -1.118  -1.273  -1.357  -1.406  -1.448  -1.473  -1.494  -1.506  -1.517  -1.523
   8.700  -0.605  -0.723  -0.801  -0.839  -0.838  -0.845  -0.843  -0.844  -0.843  -0.843  -0.843  -0.843  -0.843  -0.843  -0.843  -0.844  -0.845  -0.848  -0.853  -0.862  -0.874  -0.895  -0.922  -0.955  -0.995  -1.035  -1.078  -1.104  -1.119  -1.132  -1.140  -1.147  -1.151  -1.154  -1.156  -1.157  -1.158

