fixed metal distribution -- based on Grevesse & Sauval (1998)
    form     version        X           Z          logRs    logR_min    logR_max       logTs    logT_min    logT_max
       1          38    0.200000    0.010000          37   -8.000000    1.000000         138    3.750000    8.700000

   logT                       logR = logRho - 3*logT + 18
          -8.000  -7.750  -7.500  -7.250  -7.000  -6.750  -6.500  -6.250  -6.000  -5.750  -5.500  -5.250  -5.000  -4.750  -4.500  -4.250  -4.000  -3.750  -3.500  -3.250  -3.000  -2.750  -2.500  -2.250  -2.000  -1.750  -1.500  -1.250  -1.000  -0.750  -0.500  -0.250   0.000   0.250   0.500   0.750   1.000

   3.750   0.000   0.000   0.000   0.000   0.000   0.000   0.000   0.000   0.000   0.000   0.000  -2.168  -2.274  -2.376  -2.475  -2.565  -2.648  -2.711  -2.759  -2.780  -2.777  -2.748  -2.693  -2.621  -2.530  -2.427  -2.311  -2.193  -2.069  -1.925  -1.766  -1.596  -1.414  -1.224  -1.025  -0.821  -0.611
   3.775   0.000   0.000   0.000   0.000   0.000   0.000   0.000   0.000   0.000   0.000   0.000  -1.838  -1.939  -2.035  -2.129  -2.213  -2.290  -2.349  -2.393  -2.412  -2.410  -2.382  -2.332  -2.267  -2.185  -2.090  -1.980  -1.873  -1.762  -1.635  -1.496  -1.350  -1.195  -1.033  -0.864  -0.681  -0.487
   3.800   0.000   0.000   0.000   0.000   0.000   0.000   0.000   0.000   0.000   0.000   0.000  -1.550  -1.635  -1.717  -1.799  -1.871  -1.936  -1.986  -2.024  -2.039  -2.035  -2.009  -1.963  -1.904  -1.831  -1.744  -1.643  -1.546  -1.446  -1.332  -1.209  -1.082  -0.948  -0.808  -0.662  -0.499  -0.323
   3.825   0.000   0.000   0.000   0.000   0.000   0.000   0.000   0.000   0.000   0.000   0.000  -1.298  -1.355  -1.415  -1.475  -1.530  -1.579  -1.619  -1.647  -1.656  -1.650  -1.625  -1.585  -1.532  -1.466  -1.386  -1.298  -1.212  -1.119  -1.015  -0.903  -0.787  -0.666  -0.543  -0.411  -0.276  -0.120
   3.850   0.000   0.000   0.000   0.000   0.000   0.000   0.000   0.000   0.000   0.000   0.000  -1.099  -1.123  -1.153  -1.184  -1.215  -1.242  -1.263  -1.276  -1.276  -1.264  -1.240  -1.203  -1.154  -1.094  -1.024  -0.947  -0.869  -0.785  -0.690  -0.587  -0.480  -0.368  -0.254  -0.136  -0.010   0.122
   3.875   0.000   0.000   0.000   0.000   0.000   0.000   0.000   0.000   0.000   0.000   0.000  -0.979  -0.969  -0.960  -0.953  -0.946  -0.938  -0.930  -0.918  -0.901  -0.879  -0.850  -0.814  -0.769  -0.715  -0.655  -0.589  -0.519  -0.443  -0.358  -0.267  -0.170  -0.069   0.035   0.143   0.253   0.370
   3.900   0.000   0.000   0.000   0.000   0.000   0.000   0.000   0.000   0.000   0.000   0.000  -0.911  -0.870  -0.824  -0.777  -0.729  -0.682  -0.637  -0.595  -0.555  -0.517  -0.478  -0.437  -0.392  -0.342  -0.289  -0.232  -0.169  -0.101  -0.026   0.054   0.141   0.233   0.328   0.427   0.529   0.636
   3.925   0.000   0.000   0.000   0.000   0.000   0.000   0.000   0.000   0.000   0.000   0.000  -0.882  -0.819  -0.745  -0.665  -0.580  -0.494  -0.411  -0.332  -0.261  -0.196  -0.139  -0.086  -0.034   0.016   0.067   0.120   0.176   0.237   0.303   0.374   0.451   0.533   0.619   0.709   0.801   0.899
   3.950   0.000   0.000   0.000   0.000   0.000   0.000   0.000   0.000   0.000   0.000   0.000  -0.878  -0.801  -0.707  -0.602  -0.485  -0.365  -0.244  -0.128  -0.021   0.074   0.157   0.229   0.293   0.350   0.404   0.456   0.509   0.564   0.624   0.687   0.756   0.829   0.907   0.988   1.074   1.165
   3.975   0.000   0.000   0.000   0.000   0.000   0.000   0.000   0.000   0.000   0.000   0.000  -0.886  -0.805  -0.702  -0.581  -0.443  -0.296  -0.143   0.008   0.149   0.280   0.393   0.492   0.576   0.648   0.711   0.768   0.823   0.876   0.932   0.989   1.051   1.116   1.186   1.259   1.337   1.420
   4.000   0.000   0.000   0.000   0.000   0.000   0.000   0.000   0.000   0.000   0.000   0.000  -0.892  -0.814  -0.710  -0.583  -0.433  -0.267  -0.091   0.088   0.262   0.426   0.572   0.701   0.810   0.903   0.981   1.049   1.109   1.165   1.220   1.274   1.331   1.391   1.453   1.520   1.592   1.668
   4.025   0.000   0.000   0.000   0.000   0.000  -0.923  -0.938  -0.949  -0.952  -0.943  -0.919  -0.874  -0.807  -0.711  -0.589  -0.439  -0.268  -0.079   0.118   0.315   0.507   0.683   0.843   0.981   1.100   1.201   1.285   1.358   1.422   1.481   1.537   1.592   1.648   1.707   1.769   1.834   1.904
   4.050   0.000   0.000   0.000   0.000   0.000  -0.859  -0.874  -0.887  -0.894  -0.891  -0.875  -0.840  -0.783  -0.698  -0.587  -0.445  -0.278  -0.087   0.118   0.330   0.541   0.743   0.931   1.099   1.246   1.372   1.479   1.568   1.645   1.712   1.773   1.831   1.887   1.944   2.002   2.064   2.129
   4.075  -0.769  -0.772  -0.776  -0.784  -0.793  -0.804  -0.814  -0.824  -0.828  -0.826  -0.812  -0.781  -0.731  -0.656  -0.556  -0.428  -0.273  -0.092   0.107   0.320   0.540   0.758   0.967   1.161   1.336   1.489   1.622   1.733   1.828   1.908   1.978   2.042   2.101   2.159   2.216   2.277   2.339
   4.100  -0.766  -0.761  -0.758  -0.757  -0.758  -0.761  -0.764  -0.768  -0.767  -0.761  -0.745  -0.715  -0.668  -0.600  -0.510  -0.394  -0.254  -0.089   0.098   0.305   0.523   0.747   0.970   1.184   1.384   1.563   1.722   1.858   1.973   2.071   2.154   2.227   2.292   2.354   2.413   2.474   2.534
   4.125  -0.765  -0.759  -0.754  -0.749  -0.745  -0.742  -0.738  -0.734  -0.726  -0.712  -0.688  -0.653  -0.602  -0.534  -0.447  -0.338  -0.209  -0.058   0.114   0.305   0.512   0.731   0.956   1.179   1.396   1.597   1.781   1.941   2.081   2.199   2.299   2.385   2.460   2.528   2.591   2.654   2.715
   4.150  -0.766  -0.762  -0.756  -0.750  -0.743  -0.736  -0.726  -0.714  -0.698  -0.676  -0.644  -0.601  -0.544  -0.471  -0.382  -0.276  -0.152  -0.012   0.145   0.321   0.513   0.721   0.939   1.165   1.389   1.606   1.810   1.994   2.157   2.297   2.417   2.519   2.606   2.683   2.752   2.820   2.883
   4.175  -0.768  -0.762  -0.756  -0.750  -0.742  -0.733  -0.721  -0.707  -0.688  -0.661  -0.623  -0.572  -0.507  -0.426  -0.329  -0.217  -0.091   0.048   0.200   0.365   0.544   0.738   0.943   1.161   1.383   1.605   1.820   2.021   2.206   2.368   2.509   2.629   2.731   2.819   2.897   2.972   3.039
   4.200  -0.769  -0.764  -0.757  -0.751  -0.743  -0.733  -0.722  -0.707  -0.686  -0.656  -0.615  -0.558  -0.486  -0.396  -0.291  -0.170  -0.036   0.107   0.259   0.420   0.591   0.772   0.965   1.170   1.383   1.603   1.823   2.036   2.237   2.418   2.581   2.719   2.838   2.940   3.028   3.110   3.182
   4.225  -0.770  -0.765  -0.759  -0.752  -0.744  -0.734  -0.722  -0.706  -0.684  -0.655  -0.613  -0.556  -0.483  -0.389  -0.278  -0.149  -0.006   0.147   0.309   0.476   0.649   0.827   1.011   1.205   1.407   1.619   1.834   2.049   2.259   2.455   2.635   2.792   2.929   3.046   3.148   3.240   3.320
   4.250  -0.770  -0.766  -0.760  -0.754  -0.745  -0.735  -0.722  -0.706  -0.684  -0.655  -0.615  -0.559  -0.487  -0.393  -0.279  -0.144   0.008   0.172   0.346   0.524   0.706   0.886   1.069   1.256   1.448   1.649   1.856   2.069   2.281   2.487   2.680   2.853   3.007   3.140   3.257   3.360   3.449
   4.275  -0.769  -0.766  -0.761  -0.754  -0.746  -0.736  -0.722  -0.706  -0.684  -0.655  -0.615  -0.561  -0.489  -0.397  -0.285  -0.149   0.005   0.177   0.361   0.552   0.747   0.939   1.130   1.319   1.509   1.703   1.902   2.108   2.316   2.523   2.723   2.906   3.075   3.223   3.355   3.472   3.571
   4.300  -0.762  -0.760  -0.757  -0.752  -0.744  -0.734  -0.721  -0.705  -0.683  -0.654  -0.615  -0.562  -0.493  -0.403  -0.293  -0.159  -0.004   0.172   0.364   0.567   0.776   0.982   1.186   1.383   1.577   1.769   1.962   2.162   2.363   2.568   2.769   2.960   3.139   3.301   3.447   3.576   3.687
   4.325  -0.740  -0.744  -0.744  -0.743  -0.738  -0.731  -0.719  -0.704  -0.682  -0.653  -0.615  -0.563  -0.496  -0.409  -0.301  -0.169  -0.015   0.163   0.359   0.569   0.787   1.006   1.224   1.435   1.640   1.839   2.035   2.232   2.430   2.630   2.829   3.022   3.206   3.377   3.534   3.675   3.798
   4.350  -0.711  -0.718  -0.723  -0.726  -0.725  -0.721  -0.712  -0.698  -0.677  -0.649  -0.612  -0.562  -0.496  -0.412  -0.306  -0.177  -0.024   0.154   0.352   0.566   0.791   1.021   1.252   1.478   1.697   1.908   2.111   2.310   2.507   2.704   2.899   3.092   3.278   3.455   3.620   3.769   3.904
   4.375  -0.675  -0.684  -0.691  -0.697  -0.699  -0.698  -0.693  -0.682  -0.665  -0.640  -0.604  -0.556  -0.493  -0.410  -0.307  -0.178  -0.026   0.152   0.351   0.567   0.796   1.032   1.272   1.509   1.741   1.964   2.180   2.387   2.589   2.787   2.982   3.175   3.361   3.539   3.708   3.863   4.005
   4.400  -0.639  -0.648  -0.655  -0.662  -0.666  -0.668  -0.666  -0.658  -0.644  -0.621  -0.588  -0.542  -0.481  -0.401  -0.300  -0.174  -0.023   0.155   0.354   0.571   0.802   1.042   1.287   1.533   1.777   2.013   2.242   2.460   2.671   2.874   3.071   3.264   3.450   3.629   3.797   3.955   4.102
   4.425  -0.608  -0.615  -0.620  -0.626  -0.630  -0.631  -0.629  -0.622  -0.609  -0.589  -0.558  -0.516  -0.459  -0.383  -0.286  -0.163  -0.015   0.161   0.359   0.577   0.810   1.052   1.301   1.553   1.804   2.051   2.291   2.522   2.745   2.958   3.162   3.358   3.546   3.724   3.893   4.051   4.199
   4.450  -0.586  -0.588  -0.591  -0.594  -0.595  -0.595  -0.591  -0.582  -0.568  -0.547  -0.517  -0.477  -0.423  -0.351  -0.258  -0.139   0.005   0.177   0.373   0.590   0.822   1.066   1.317   1.572   1.828   2.083   2.333   2.577   2.812   3.036   3.249   3.451   3.643   3.822   3.991   4.149   4.296
   4.475  -0.577  -0.576  -0.574  -0.572  -0.569  -0.564  -0.556  -0.543  -0.524  -0.499  -0.464  -0.421  -0.366  -0.296  -0.207  -0.095   0.042   0.208   0.398   0.611   0.842   1.085   1.338   1.595   1.854   2.114   2.371   2.623   2.868   3.103   3.327   3.538   3.736   3.919   4.090   4.246   4.392
   4.500  -0.576  -0.570  -0.564  -0.558  -0.551  -0.542  -0.528  -0.510  -0.485  -0.452  -0.410  -0.360  -0.300  -0.228  -0.140  -0.033   0.098   0.256   0.439   0.646   0.872   1.113   1.364   1.621   1.882   2.144   2.405   2.664   2.917   3.162   3.397   3.617   3.822   4.012   4.186   4.345   4.489
   4.525  -0.575  -0.569  -0.562  -0.555  -0.545  -0.533  -0.515  -0.490  -0.458  -0.416  -0.364  -0.303  -0.231  -0.150  -0.056   0.053   0.180   0.330   0.502   0.699   0.915   1.149   1.396   1.650   1.911   2.173   2.437   2.700   2.959   3.213   3.456   3.685   3.899   4.095   4.275   4.435   4.579
   4.550  -0.575  -0.570  -0.563  -0.555  -0.545  -0.530  -0.510  -0.481  -0.442  -0.392  -0.329  -0.255  -0.170  -0.075   0.031   0.146   0.275   0.421   0.585   0.771   0.976   1.200   1.438   1.687   1.944   2.205   2.469   2.734   2.997   3.256   3.506   3.743   3.965   4.169   4.354   4.520   4.666
   4.575  -0.575  -0.569  -0.562  -0.555  -0.545  -0.531  -0.510  -0.481  -0.440  -0.385  -0.315  -0.229  -0.129  -0.015   0.109   0.241   0.382   0.532   0.694   0.871   1.063   1.273   1.498   1.737   1.985   2.241   2.502   2.767   3.031   3.293   3.548   3.791   4.020   4.230   4.421   4.591   4.740
   4.600  -0.575  -0.569  -0.562  -0.555  -0.546  -0.533  -0.513  -0.485  -0.444  -0.387  -0.313  -0.218  -0.106   0.025   0.169   0.320   0.479   0.640   0.807   0.980   1.163   1.361   1.572   1.797   2.035   2.283   2.538   2.799   3.063   3.326   3.584   3.831   4.064   4.280   4.477   4.650   4.802
   4.625  -0.574  -0.568  -0.562  -0.555  -0.546  -0.533  -0.515  -0.488  -0.449  -0.394  -0.320  -0.224  -0.105   0.036   0.194   0.365   0.544   0.724   0.906   1.087   1.270   1.461   1.660   1.872   2.096   2.332   2.578   2.833   3.093   3.355   3.614   3.863   4.100   4.319   4.520   4.697   4.852
   4.650  -0.573  -0.568  -0.561  -0.555  -0.546  -0.534  -0.516  -0.491  -0.454  -0.403  -0.332  -0.237  -0.118   0.028   0.196   0.383   0.580   0.780   0.981   1.175   1.367   1.558   1.751   1.952   2.163   2.387   2.623   2.870   3.124   3.383   3.639   3.889   4.127   4.349   4.552   4.732   4.891
   4.675  -0.571  -0.566  -0.560  -0.553  -0.545  -0.533  -0.516  -0.493  -0.458  -0.410  -0.342  -0.252  -0.136   0.008   0.176   0.368   0.576   0.792   1.011   1.224   1.434   1.636   1.835   2.034   2.237   2.451   2.675   2.912   3.157   3.410   3.662   3.909   4.146   4.369   4.575   4.758   4.918
   4.700  -0.569  -0.564  -0.558  -0.552  -0.543  -0.532  -0.516  -0.494  -0.461  -0.416  -0.352  -0.266  -0.157  -0.018   0.146   0.337   0.547   0.774   1.008   1.240   1.469   1.688   1.899   2.103   2.306   2.514   2.729   2.956   3.191   3.436   3.682   3.925   4.161   4.383   4.589   4.772   4.935
   4.725  -0.569  -0.563  -0.556  -0.550  -0.541  -0.530  -0.515  -0.494  -0.463  -0.420  -0.360  -0.279  -0.174  -0.042   0.115   0.300   0.507   0.733   0.972   1.216   1.461   1.698   1.927   2.145   2.358   2.568   2.780   3.000   3.227   3.463   3.701   3.939   4.170   4.391   4.597   4.781   4.946
   4.750  -0.568  -0.562  -0.555  -0.548  -0.539  -0.528  -0.513  -0.494  -0.465  -0.424  -0.367  -0.289  -0.190  -0.065   0.085   0.261   0.461   0.682   0.919   1.169   1.425   1.678   1.926   2.162   2.389   2.607   2.822   3.039   3.260   3.488   3.718   3.950   4.177   4.395   4.599   4.783   4.948
   4.775  -0.569  -0.562  -0.555  -0.547  -0.538  -0.527  -0.513  -0.493  -0.466  -0.427  -0.373  -0.299  -0.204  -0.084   0.060   0.229   0.421   0.634   0.866   1.113   1.370   1.631   1.892   2.144   2.389   2.621   2.847   3.067   3.287   3.510   3.734   3.960   4.181   4.396   4.598   4.781   4.947
   4.800  -0.570  -0.563  -0.555  -0.547  -0.538  -0.527  -0.512  -0.493  -0.466  -0.429  -0.377  -0.307  -0.216  -0.101   0.038   0.201   0.385   0.591   0.814   1.054   1.308   1.572   1.840   2.106   2.367   2.615   2.854   3.082   3.305   3.527   3.747   3.968   4.185   4.395   4.594   4.776   4.942
   4.825  -0.570  -0.563  -0.555  -0.547  -0.538  -0.526  -0.511  -0.493  -0.466  -0.430  -0.380  -0.313  -0.225  -0.114   0.020   0.177   0.356   0.556   0.773   1.006   1.254   1.515   1.784   2.056   2.327   2.588   2.841   3.080   3.311   3.535   3.755   3.974   4.187   4.395   4.591   4.771   4.936
   4.850  -0.570  -0.563  -0.555  -0.547  -0.537  -0.525  -0.510  -0.491  -0.465  -0.430  -0.382  -0.317  -0.232  -0.125   0.005   0.159   0.333   0.527   0.739   0.966   1.207   1.463   1.729   2.003   2.279   2.551   2.815   3.066   3.307   3.537   3.760   3.978   4.190   4.394   4.588   4.765   4.928
   4.875  -0.568  -0.561  -0.554  -0.545  -0.535  -0.523  -0.508  -0.489  -0.463  -0.428  -0.381  -0.318  -0.236  -0.132  -0.006   0.144   0.314   0.505   0.713   0.936   1.173   1.424   1.687   1.959   2.236   2.512   2.783   3.043   3.293   3.531   3.759   3.980   4.192   4.395   4.586   4.761   4.921
   4.900  -0.565  -0.559  -0.551  -0.542  -0.532  -0.520  -0.504  -0.484  -0.459  -0.425  -0.379  -0.318  -0.238  -0.137  -0.014   0.133   0.301   0.488   0.694   0.914   1.149   1.396   1.654   1.923   2.197   2.475   2.750   3.017   3.275   3.521   3.756   3.981   4.195   4.397   4.586   4.758   4.914
   4.925  -0.559  -0.553  -0.546  -0.538  -0.528  -0.515  -0.499  -0.479  -0.453  -0.420  -0.375  -0.315  -0.238  -0.139  -0.019   0.126   0.292   0.478   0.682   0.901   1.133   1.378   1.634   1.899   2.171   2.447   2.723   2.994   3.258   3.510   3.752   3.981   4.197   4.400   4.587   4.756   4.908
   4.950  -0.549  -0.544  -0.538  -0.530  -0.520  -0.508  -0.492  -0.472  -0.446  -0.412  -0.368  -0.309  -0.234  -0.138  -0.020   0.123   0.288   0.473   0.676   0.894   1.126   1.369   1.623   1.885   2.154   2.428   2.703   2.976   3.243   3.501   3.747   3.981   4.200   4.403   4.589   4.755   4.902
   4.975  -0.534  -0.530  -0.525  -0.518  -0.509  -0.497  -0.481  -0.461  -0.435  -0.402  -0.358  -0.301  -0.227  -0.132  -0.016   0.126   0.290   0.475   0.678   0.896   1.126   1.368   1.620   1.881   2.148   2.420   2.694   2.966   3.235   3.496   3.746   3.982   4.203   4.407   4.592   4.753   4.893
   5.000  -0.515  -0.511  -0.506  -0.500  -0.492  -0.481  -0.466  -0.447  -0.421  -0.388  -0.344  -0.288  -0.215  -0.122  -0.007   0.133   0.296   0.481   0.684   0.902   1.132   1.374   1.625   1.884   2.149   2.419   2.692   2.964   3.232   3.495   3.747   3.985   4.207   4.410   4.593   4.750   4.883
   5.025  -0.490  -0.486  -0.482  -0.476  -0.469  -0.459  -0.445  -0.426  -0.401  -0.369  -0.325  -0.270  -0.199  -0.107   0.005   0.144   0.305   0.489   0.692   0.909   1.140   1.382   1.633   1.892   2.156   2.426   2.697   2.969   3.237   3.500   3.753   3.990   4.211   4.412   4.591   4.741   4.867
   5.050  -0.462  -0.458  -0.453  -0.448  -0.441  -0.431  -0.418  -0.400  -0.376  -0.343  -0.301  -0.247  -0.176  -0.087   0.024   0.160   0.319   0.501   0.703   0.921   1.152   1.395   1.646   1.904   2.168   2.437   2.708   2.978   3.246   3.508   3.759   3.995   4.214   4.411   4.584   4.729   4.848
   5.075  -0.435  -0.429  -0.422  -0.416  -0.408  -0.398  -0.384  -0.366  -0.342  -0.310  -0.268  -0.215  -0.146  -0.058   0.050   0.182   0.338   0.518   0.718   0.936   1.168   1.410   1.661   1.920   2.183   2.451   2.721   2.992   3.258   3.518   3.767   3.999   4.213   4.404   4.571   4.708   4.819
   5.100  -0.410  -0.401  -0.393  -0.384  -0.374  -0.363  -0.348  -0.329  -0.305  -0.272  -0.230  -0.177  -0.108  -0.023   0.083   0.212   0.364   0.541   0.739   0.955   1.187   1.429   1.680   1.938   2.201   2.468   2.737   3.005   3.270   3.527   3.771   3.998   4.206   4.390   4.550   4.680   4.783
   5.125  -0.391  -0.380  -0.368  -0.357  -0.344  -0.330  -0.312  -0.292  -0.265  -0.231  -0.188  -0.133  -0.064   0.021   0.125   0.251   0.400   0.573   0.767   0.982   1.212   1.453   1.702   1.959   2.220   2.485   2.752   3.018   3.279   3.531   3.769   3.990   4.190   4.367   4.518   4.642   4.739
   5.150  -0.380  -0.366  -0.352  -0.337  -0.321  -0.303  -0.282  -0.258  -0.229  -0.192  -0.146  -0.089  -0.018   0.067   0.171   0.295   0.441   0.611   0.801   1.013   1.241   1.479   1.727   1.981   2.240   2.502   2.765   3.026   3.282   3.527   3.759   3.971   4.163   4.332   4.476   4.594   4.685
   5.175  -0.380  -0.363  -0.346  -0.328  -0.308  -0.287  -0.262  -0.234  -0.201  -0.160  -0.110  -0.049   0.025   0.114   0.219   0.343   0.487   0.653   0.840   1.048   1.272   1.507   1.752   2.003   2.259   2.516   2.773   3.028   3.276   3.513   3.736   3.940   4.124   4.285   4.423   4.537   4.626
   5.200  -0.389  -0.370  -0.349  -0.328  -0.305  -0.280  -0.252  -0.220  -0.182  -0.137  -0.082  -0.016   0.063   0.156   0.264   0.389   0.532   0.696   0.879   1.083   1.302   1.534   1.776   2.023   2.274   2.525   2.775   3.021   3.260   3.487   3.701   3.896   4.072   4.227   4.361   4.471   4.559
   5.225  -0.406  -0.385  -0.362  -0.338  -0.313  -0.285  -0.253  -0.217  -0.176  -0.126  -0.066   0.005   0.089   0.187   0.299   0.427   0.571   0.733   0.913   1.113   1.328   1.556   1.794   2.036   2.282   2.526   2.767   3.003   3.231   3.449   3.653   3.840   4.009   4.159   4.289   4.400   4.488
   5.250  -0.429  -0.407  -0.383  -0.357  -0.329  -0.299  -0.264  -0.225  -0.180  -0.126  -0.062   0.014   0.104   0.207   0.324   0.455   0.601   0.763   0.941   1.138   1.348   1.572   1.805   2.042   2.281   2.517   2.750   2.975   3.192   3.399   3.594   3.774   3.937   4.084   4.212   4.322   4.413
   5.275  -0.457  -0.435  -0.410  -0.383  -0.354  -0.321  -0.285  -0.244  -0.196  -0.139  -0.071   0.009   0.103   0.211   0.333   0.469   0.618   0.781   0.958   1.152   1.360   1.579   1.806   2.038   2.270   2.498   2.721   2.936   3.142   3.340   3.526   3.700   3.859   4.003   4.131   4.243   4.337
   5.300  -0.487  -0.465  -0.441  -0.414  -0.384  -0.351  -0.313  -0.270  -0.220  -0.161  -0.092  -0.008   0.089   0.203   0.330   0.469   0.622   0.788   0.966   1.158   1.363   1.578   1.799   2.024   2.249   2.469   2.683   2.888   3.085   3.274   3.453   3.621   3.777   3.919   4.048   4.161   4.259
   5.325  -0.515  -0.495  -0.472  -0.446  -0.417  -0.384  -0.346  -0.303  -0.252  -0.193  -0.122  -0.036   0.064   0.181   0.312   0.457   0.615   0.784   0.964   1.156   1.357   1.568   1.784   2.003   2.220   2.432   2.637   2.834   3.022   3.203   3.376   3.540   3.693   3.835   3.964   4.080   4.181
   5.350  -0.541  -0.523  -0.502  -0.478  -0.451  -0.419  -0.382  -0.339  -0.289  -0.230  -0.159  -0.073   0.029   0.149   0.285   0.435   0.598   0.771   0.953   1.145   1.344   1.551   1.761   1.974   2.185   2.389   2.586   2.775   2.956   3.130   3.297   3.458   3.609   3.751   3.881   3.999   4.104
   5.375  -0.563  -0.549  -0.531  -0.510  -0.485  -0.455  -0.420  -0.379  -0.330  -0.271  -0.201  -0.115  -0.012   0.110   0.249   0.404   0.571   0.748   0.933   1.125   1.323   1.526   1.732   1.939   2.144   2.341   2.532   2.714   2.888   3.056   3.219   3.376   3.527   3.669   3.800   3.920   4.027
   5.400  -0.581  -0.570  -0.556  -0.538  -0.516  -0.489  -0.457  -0.418  -0.371  -0.314  -0.245  -0.160  -0.057   0.067   0.208   0.366   0.537   0.718   0.906   1.099   1.296   1.496   1.698   1.900   2.099   2.291   2.475   2.651   2.820   2.983   3.141   3.297   3.446   3.588   3.721   3.842   3.951
   5.425  -0.594  -0.585  -0.574  -0.559  -0.541  -0.518  -0.489  -0.454  -0.410  -0.356  -0.288  -0.205  -0.103   0.021   0.164   0.325   0.500   0.684   0.875   1.069   1.265   1.464   1.662   1.860   2.054   2.240   2.419   2.589   2.752   2.911   3.066   3.219   3.368   3.510   3.644   3.766   3.877
   5.450  -0.602  -0.596  -0.587  -0.576  -0.561  -0.542  -0.517  -0.486  -0.446  -0.395  -0.331  -0.249  -0.149  -0.026   0.118   0.281   0.459   0.646   0.840   1.035   1.232   1.429   1.624   1.818   2.007   2.188   2.362   2.527   2.686   2.841   2.992   3.144   3.292   3.435   3.570   3.693   3.805
   5.475  -0.608  -0.604  -0.597  -0.589  -0.577  -0.562  -0.541  -0.514  -0.477  -0.431  -0.370  -0.292  -0.194  -0.072   0.071   0.235   0.415   0.606   0.802   1.000   1.197   1.393   1.586   1.777   1.961   2.138   2.307   2.467   2.622   2.773   2.922   3.072   3.220   3.363   3.499   3.622   3.735
   5.500  -0.612  -0.609  -0.604  -0.598  -0.590  -0.577  -0.560  -0.537  -0.506  -0.464  -0.407  -0.334  -0.239  -0.120   0.022   0.187   0.369   0.562   0.762   0.962   1.161   1.357   1.548   1.735   1.916   2.088   2.253   2.409   2.560   2.708   2.854   3.003   3.150   3.293   3.430   3.554   3.666
   5.525  -0.613  -0.612  -0.608  -0.604  -0.598  -0.589  -0.575  -0.556  -0.530  -0.493  -0.442  -0.373  -0.284  -0.168  -0.028   0.137   0.321   0.517   0.721   0.924   1.125   1.320   1.511   1.695   1.872   2.040   2.201   2.353   2.501   2.645   2.789   2.936   3.083   3.227   3.363   3.487   3.600
   5.550  -0.614  -0.613  -0.611  -0.608  -0.604  -0.597  -0.586  -0.571  -0.549  -0.518  -0.473  -0.411  -0.327  -0.215  -0.079   0.085   0.270   0.469   0.677   0.883   1.087   1.283   1.473   1.655   1.829   1.994   2.151   2.300   2.444   2.585   2.727   2.873   3.019   3.162   3.299   3.423   3.536
   5.575  -0.615  -0.614  -0.613  -0.611  -0.607  -0.602  -0.594  -0.582  -0.564  -0.538  -0.499  -0.444  -0.367  -0.262  -0.130   0.031   0.215   0.417   0.628   0.839   1.046   1.245   1.435   1.616   1.788   1.950   2.103   2.248   2.389   2.528   2.668   2.813   2.957   3.101   3.237   3.361   3.475
   5.600  -0.616  -0.615  -0.614  -0.612  -0.609  -0.605  -0.599  -0.590  -0.576  -0.554  -0.521  -0.473  -0.403  -0.306  -0.181  -0.024   0.158   0.361   0.576   0.791   1.003   1.204   1.397   1.577   1.748   1.907   2.058   2.200   2.338   2.474   2.612   2.755   2.899   3.041   3.178   3.302   3.415
   5.625  -0.617  -0.616  -0.615  -0.613  -0.611  -0.607  -0.602  -0.595  -0.583  -0.566  -0.538  -0.497  -0.435  -0.347  -0.230  -0.080   0.098   0.301   0.517   0.737   0.954   1.161   1.357   1.539   1.709   1.866   2.014   2.154   2.289   2.424   2.559   2.701   2.843   2.985   3.121   3.245   3.358
   5.650  -0.617  -0.616  -0.615  -0.614  -0.611  -0.609  -0.604  -0.598  -0.588  -0.574  -0.551  -0.516  -0.462  -0.383  -0.276  -0.134   0.037   0.238   0.455   0.679   0.903   1.115   1.315   1.500   1.670   1.827   1.973   2.110   2.243   2.376   2.510   2.649   2.790   2.931   3.066   3.190   3.304
   5.675  -0.618  -0.617  -0.615  -0.614  -0.612  -0.609  -0.605  -0.600  -0.592  -0.580  -0.560  -0.530  -0.484  -0.414  -0.318  -0.186  -0.023   0.174   0.391   0.618   0.848   1.066   1.272   1.460   1.632   1.788   1.933   2.069   2.200   2.331   2.463   2.601   2.740   2.880   3.014   3.137   3.251
   5.700  -0.618  -0.617  -0.616  -0.614  -0.612  -0.610  -0.606  -0.601  -0.594  -0.584  -0.566  -0.541  -0.500  -0.440  -0.353  -0.232  -0.078   0.112   0.326   0.557   0.791   1.015   1.227   1.419   1.593   1.750   1.894   2.029   2.158   2.288   2.419   2.555   2.693   2.832   2.965   3.087   3.201
   5.725  -0.618  -0.617  -0.616  -0.614  -0.613  -0.610  -0.607  -0.602  -0.596  -0.586  -0.571  -0.548  -0.512  -0.459  -0.382  -0.271  -0.127   0.056   0.266   0.496   0.734   0.963   1.181   1.376   1.554   1.712   1.856   1.990   2.118   2.247   2.376   2.512   2.649   2.786   2.918   3.039   3.151
   5.750  -0.618  -0.617  -0.616  -0.615  -0.613  -0.610  -0.607  -0.603  -0.597  -0.588  -0.573  -0.553  -0.521  -0.474  -0.404  -0.303  -0.170   0.005   0.209   0.439   0.678   0.911   1.133   1.333   1.514   1.673   1.818   1.952   2.079   2.207   2.336   2.471   2.606   2.742   2.873   2.993   3.103
   5.775  -0.618  -0.617  -0.616  -0.615  -0.613  -0.611  -0.608  -0.603  -0.597  -0.589  -0.575  -0.557  -0.527  -0.485  -0.422  -0.330  -0.205  -0.039   0.158   0.385   0.623   0.859   1.085   1.289   1.472   1.634   1.780   1.914   2.041   2.169   2.298   2.432   2.567   2.701   2.831   2.948   3.057
   5.800  -0.618  -0.617  -0.616  -0.615  -0.613  -0.611  -0.608  -0.604  -0.598  -0.590  -0.577  -0.559  -0.532  -0.494  -0.436  -0.351  -0.235  -0.077   0.113   0.334   0.571   0.808   1.037   1.244   1.431   1.595   1.742   1.877   2.005   2.133   2.261   2.395   2.529   2.663   2.790   2.906   3.012
   5.825  -0.618  -0.617  -0.616  -0.615  -0.614  -0.612  -0.609  -0.605  -0.599  -0.591  -0.579  -0.562  -0.536  -0.500  -0.446  -0.367  -0.259  -0.109   0.072   0.288   0.521   0.758   0.989   1.199   1.389   1.555   1.705   1.840   1.969   2.098   2.227   2.361   2.494   2.626   2.752   2.866   2.969
   5.850  -0.618  -0.618  -0.617  -0.616  -0.614  -0.612  -0.609  -0.605  -0.600  -0.592  -0.580  -0.564  -0.539  -0.505  -0.454  -0.381  -0.278  -0.137   0.037   0.246   0.474   0.710   0.943   1.154   1.348   1.516   1.668   1.805   1.936   2.066   2.195   2.329   2.461   2.592   2.716   2.828   2.929
   5.875  -0.618  -0.618  -0.617  -0.616  -0.614  -0.612  -0.610  -0.606  -0.601  -0.593  -0.582  -0.566  -0.543  -0.510  -0.461  -0.392  -0.295  -0.161   0.006   0.208   0.431   0.665   0.897   1.111   1.307   1.478   1.632   1.772   1.904   2.035   2.166   2.299   2.430   2.559   2.681   2.790   2.889
   5.900  -0.618  -0.617  -0.617  -0.616  -0.614  -0.612  -0.610  -0.606  -0.601  -0.594  -0.583  -0.568  -0.545  -0.514  -0.468  -0.401  -0.309  -0.181  -0.021   0.175   0.392   0.623   0.854   1.069   1.268   1.442   1.599   1.741   1.875   2.008   2.139   2.271   2.401   2.527   2.646   2.753   2.849
   5.925  -0.617  -0.617  -0.616  -0.615  -0.614  -0.612  -0.610  -0.606  -0.602  -0.595  -0.584  -0.570  -0.548  -0.518  -0.473  -0.410  -0.321  -0.198  -0.044   0.146   0.359   0.586   0.816   1.031   1.232   1.408   1.568   1.713   1.849   1.983   2.115   2.246   2.373   2.496   2.611   2.716   2.811
   5.950  -0.617  -0.616  -0.615  -0.614  -0.613  -0.611  -0.609  -0.606  -0.601  -0.595  -0.585  -0.571  -0.550  -0.521  -0.478  -0.416  -0.331  -0.212  -0.063   0.121   0.329   0.553   0.781   0.997   1.199   1.378   1.540   1.687   1.825   1.961   2.093   2.222   2.346   2.465   2.576   2.679   2.773
   5.975  -0.616  -0.615  -0.614  -0.613  -0.611  -0.610  -0.607  -0.604  -0.600  -0.594  -0.585  -0.572  -0.552  -0.524  -0.482  -0.423  -0.339  -0.224  -0.079   0.101   0.305   0.525   0.751   0.966   1.169   1.350   1.515   1.665   1.805   1.942   2.073   2.200   2.320   2.434   2.541   2.643   2.739
   6.000  -0.616  -0.615  -0.613  -0.612  -0.610  -0.608  -0.606  -0.603  -0.598  -0.592  -0.583  -0.571  -0.552  -0.526  -0.486  -0.428  -0.347  -0.235  -0.093   0.083   0.283   0.500   0.723   0.938   1.142   1.325   1.493   1.645   1.787   1.924   2.055   2.177   2.293   2.402   2.506   2.608   2.707
   6.050  -0.617  -0.615  -0.613  -0.611  -0.608  -0.605  -0.602  -0.598  -0.593  -0.587  -0.578  -0.567  -0.550  -0.526  -0.489  -0.436  -0.361  -0.255  -0.121   0.048   0.241   0.453   0.673   0.888   1.095   1.283   1.455   1.613   1.757   1.893   2.018   2.131   2.237   2.337   2.435   2.539   2.648
   6.100  -0.618  -0.616  -0.614  -0.611  -0.608  -0.604  -0.600  -0.595  -0.589  -0.582  -0.572  -0.561  -0.544  -0.522  -0.489  -0.440  -0.369  -0.271  -0.143   0.018   0.205   0.412   0.629   0.845   1.054   1.246   1.422   1.582   1.726   1.857   1.975   2.079   2.175   2.267   2.362   2.473   2.596
   6.150  -0.619  -0.619  -0.617  -0.615  -0.612  -0.608  -0.603  -0.597  -0.589  -0.580  -0.569  -0.554  -0.536  -0.513  -0.480  -0.433  -0.368  -0.277  -0.158  -0.005   0.174   0.377   0.592   0.809   1.020   1.213   1.390   1.548   1.688   1.810   1.919   2.014   2.102   2.189   2.284   2.403   2.538
   6.200  -0.621  -0.621  -0.620  -0.618  -0.616  -0.613  -0.608  -0.602  -0.593  -0.583  -0.569  -0.552  -0.531  -0.505  -0.471  -0.425  -0.362  -0.277  -0.165  -0.019   0.153   0.351   0.562   0.778   0.988   1.179   1.353   1.506   1.639   1.752   1.851   1.939   2.023   2.108   2.206   2.331   2.479
   6.250  -0.622  -0.621  -0.621  -0.620  -0.619  -0.616  -0.613  -0.608  -0.602  -0.592  -0.579  -0.561  -0.538  -0.508  -0.469  -0.419  -0.353  -0.267  -0.158  -0.018   0.147   0.339   0.543   0.752   0.955   1.140   1.306   1.450   1.574   1.678   1.769   1.854   1.938   2.028   2.132   2.263   2.417
   6.300  -0.622  -0.621  -0.621  -0.621  -0.620  -0.619  -0.618  -0.615  -0.610  -0.603  -0.592  -0.575  -0.551  -0.519  -0.476  -0.421  -0.350  -0.261  -0.151  -0.013   0.147   0.330   0.526   0.725   0.917   1.091   1.247   1.381   1.496   1.591   1.678   1.763   1.851   1.948   2.061   2.197   2.354
   6.350  -0.623  -0.622  -0.621  -0.621  -0.621  -0.620  -0.619  -0.618  -0.615  -0.610  -0.602  -0.589  -0.569  -0.540  -0.498  -0.441  -0.366  -0.271  -0.155  -0.014   0.145   0.322   0.508   0.693   0.870   1.029   1.173   1.296   1.403   1.495   1.581   1.669   1.764   1.870   1.991   2.132   2.291
   6.400  -0.623  -0.622  -0.622  -0.622  -0.621  -0.621  -0.620  -0.619  -0.618  -0.615  -0.610  -0.602  -0.587  -0.563  -0.525  -0.469  -0.393  -0.293  -0.171  -0.027   0.132   0.304   0.479   0.650   0.811   0.956   1.086   1.200   1.302   1.393   1.481   1.575   1.678   1.793   1.922   2.068   2.229
   6.450  -0.623  -0.623  -0.622  -0.622  -0.622  -0.622  -0.621  -0.621  -0.619  -0.617  -0.614  -0.608  -0.597  -0.579  -0.548  -0.499  -0.429  -0.331  -0.211  -0.066   0.093   0.261   0.429   0.588   0.736   0.869   0.990   1.098   1.197   1.289   1.382   1.483   1.595   1.719   1.856   2.004   2.164
   6.500  -0.623  -0.623  -0.623  -0.623  -0.623  -0.623  -0.622  -0.621  -0.620  -0.619  -0.616  -0.612  -0.603  -0.590  -0.566  -0.526  -0.465  -0.375  -0.260  -0.118   0.038   0.201   0.363   0.513   0.651   0.775   0.889   0.992   1.090   1.185   1.284   1.394   1.514   1.648   1.792   1.941   2.098
   6.550  -0.623  -0.624  -0.624  -0.624  -0.623  -0.623  -0.623  -0.622  -0.621  -0.620  -0.618  -0.614  -0.608  -0.597  -0.577  -0.545  -0.493  -0.414  -0.310  -0.179  -0.031   0.125   0.281   0.426   0.559   0.678   0.787   0.887   0.984   1.083   1.188   1.307   1.437   1.579   1.728   1.879   2.033
   6.600  -0.624  -0.624  -0.624  -0.624  -0.624  -0.624  -0.623  -0.623  -0.622  -0.621  -0.619  -0.616  -0.611  -0.602  -0.585  -0.559  -0.516  -0.449  -0.359  -0.240  -0.104   0.043   0.193   0.333   0.464   0.579   0.685   0.784   0.882   0.985   1.097   1.224   1.363   1.512   1.665   1.817   1.968
   6.650  -0.624  -0.624  -0.625  -0.625  -0.624  -0.624  -0.624  -0.624  -0.623  -0.622  -0.621  -0.618  -0.613  -0.606  -0.592  -0.570  -0.534  -0.477  -0.399  -0.294  -0.171  -0.034   0.108   0.242   0.368   0.481   0.586   0.685   0.785   0.894   1.012   1.146   1.291   1.446   1.603   1.754   1.903
   6.700  -0.625  -0.625  -0.625  -0.625  -0.625  -0.625  -0.625  -0.625  -0.624  -0.624  -0.622  -0.620  -0.616  -0.609  -0.597  -0.579  -0.548  -0.500  -0.433  -0.341  -0.232  -0.107   0.024   0.152   0.274   0.384   0.489   0.590   0.693   0.807   0.932   1.073   1.223   1.382   1.541   1.692   1.838
   6.750  -0.626  -0.626  -0.625  -0.625  -0.625  -0.626  -0.626  -0.625  -0.625  -0.625  -0.623  -0.622  -0.618  -0.612  -0.603  -0.587  -0.561  -0.521  -0.463  -0.383  -0.286  -0.174  -0.054   0.065   0.182   0.289   0.394   0.497   0.606   0.726   0.857   1.004   1.160   1.321   1.481   1.631   1.773
   6.800  -0.627  -0.626  -0.626  -0.626  -0.626  -0.626  -0.626  -0.626  -0.626  -0.625  -0.624  -0.623  -0.620  -0.615  -0.607  -0.594  -0.572  -0.538  -0.488  -0.419  -0.334  -0.234  -0.126  -0.015   0.095   0.200   0.305   0.411   0.525   0.651   0.788   0.940   1.100   1.262   1.422   1.569   1.706
   6.850  -0.627  -0.627  -0.627  -0.627  -0.627  -0.627  -0.627  -0.627  -0.627  -0.626  -0.625  -0.624  -0.621  -0.617  -0.610  -0.599  -0.581  -0.552  -0.510  -0.450  -0.377  -0.288  -0.190  -0.088   0.017   0.120   0.225   0.334   0.452   0.584   0.726   0.882   1.043   1.205   1.363   1.505   1.636
   6.900  -0.628  -0.628  -0.628  -0.628  -0.628  -0.628  -0.628  -0.628  -0.627  -0.627  -0.626  -0.625  -0.623  -0.619  -0.613  -0.603  -0.587  -0.563  -0.527  -0.477  -0.413  -0.334  -0.245  -0.151  -0.052   0.048   0.154   0.267   0.389   0.524   0.670   0.827   0.988   1.149   1.304   1.441   1.565
   6.950  -0.629  -0.629  -0.629  -0.629  -0.629  -0.629  -0.629  -0.629  -0.628  -0.628  -0.627  -0.626  -0.623  -0.620  -0.614  -0.606  -0.592  -0.571  -0.541  -0.498  -0.442  -0.373  -0.293  -0.206  -0.112  -0.013   0.093   0.209   0.335   0.472   0.618   0.775   0.936   1.094   1.244   1.377   1.496
   7.000  -0.630  -0.630  -0.630  -0.630  -0.630  -0.630  -0.630  -0.630  -0.629  -0.629  -0.628  -0.627  -0.624  -0.621  -0.615  -0.607  -0.595  -0.577  -0.551  -0.514  -0.465  -0.403  -0.331  -0.250  -0.161  -0.065   0.041   0.160   0.288   0.424   0.568   0.725   0.884   1.039   1.185   1.314   1.429
   7.050  -0.631  -0.631  -0.631  -0.631  -0.631  -0.631  -0.631  -0.631  -0.630  -0.630  -0.629  -0.628  -0.625  -0.622  -0.616  -0.608  -0.596  -0.580  -0.556  -0.522  -0.479  -0.424  -0.358  -0.283  -0.198  -0.104   0.001   0.117   0.243   0.377   0.520   0.674   0.831   0.985   1.128   1.248   1.352
   7.100  -0.633  -0.632  -0.632  -0.632  -0.632  -0.632  -0.632  -0.632  -0.632  -0.632  -0.631  -0.629  -0.627  -0.623  -0.618  -0.610  -0.598  -0.582  -0.559  -0.528  -0.488  -0.438  -0.378  -0.308  -0.227  -0.135  -0.033   0.079   0.200   0.331   0.472   0.624   0.778   0.930   1.068   1.180   1.269
   7.150  -0.634  -0.634  -0.634  -0.634  -0.634  -0.634  -0.634  -0.634  -0.633  -0.633  -0.633  -0.632  -0.629  -0.626  -0.621  -0.613  -0.602  -0.585  -0.562  -0.532  -0.494  -0.448  -0.392  -0.327  -0.251  -0.163  -0.065   0.040   0.156   0.285   0.424   0.574   0.725   0.874   1.007   1.100   1.171
   7.200  -0.636  -0.636  -0.636  -0.636  -0.636  -0.636  -0.636  -0.635  -0.635  -0.635  -0.635  -0.634  -0.632  -0.630  -0.625  -0.618  -0.606  -0.589  -0.567  -0.538  -0.501  -0.457  -0.404  -0.343  -0.273  -0.190  -0.097   0.002   0.112   0.239   0.376   0.524   0.672   0.812   0.932   1.013   1.062
   7.250  -0.638  -0.638  -0.638  -0.638  -0.638  -0.638  -0.638  -0.638  -0.637  -0.637  -0.637  -0.636  -0.634  -0.632  -0.628  -0.622  -0.611  -0.596  -0.575  -0.547  -0.511  -0.469  -0.419  -0.362  -0.296  -0.219  -0.132  -0.038   0.068   0.193   0.328   0.477   0.618   0.729   0.817   0.893   0.928
   7.300  -0.640  -0.640  -0.640  -0.640  -0.640  -0.640  -0.640  -0.640  -0.640  -0.640  -0.639  -0.638  -0.637  -0.635  -0.632  -0.626  -0.617  -0.603  -0.584  -0.557  -0.524  -0.483  -0.436  -0.382  -0.320  -0.249  -0.169  -0.079   0.025   0.148   0.281   0.429   0.563   0.647   0.704   0.748   0.775
   7.350  -0.642  -0.642  -0.642  -0.642  -0.642  -0.642  -0.642  -0.642  -0.642  -0.642  -0.641  -0.641  -0.640  -0.638  -0.635  -0.631  -0.623  -0.611  -0.594  -0.570  -0.539  -0.501  -0.457  -0.405  -0.346  -0.281  -0.205  -0.118  -0.016   0.104   0.236   0.384   0.518   0.598   0.652   0.671   0.694
   7.400  -0.644  -0.645  -0.645  -0.645  -0.645  -0.645  -0.645  -0.645  -0.645  -0.645  -0.644  -0.644  -0.643  -0.642  -0.639  -0.635  -0.629  -0.619  -0.604  -0.583  -0.555  -0.520  -0.479  -0.430  -0.374  -0.312  -0.241  -0.156  -0.056   0.062   0.191   0.331   0.456   0.535   0.588   0.630   0.655
   7.450  -0.647  -0.648  -0.648  -0.648  -0.648  -0.648  -0.648  -0.648  -0.648  -0.648  -0.647  -0.647  -0.646  -0.645  -0.643  -0.640  -0.634  -0.626  -0.613  -0.595  -0.570  -0.539  -0.501  -0.455  -0.402  -0.343  -0.274  -0.191  -0.095   0.025   0.146   0.250   0.335   0.392   0.431   0.488   0.508
   7.500  -0.651  -0.651  -0.651  -0.651  -0.651  -0.651  -0.651  -0.651  -0.651  -0.651  -0.651  -0.651  -0.650  -0.649  -0.647  -0.644  -0.639  -0.632  -0.621  -0.606  -0.585  -0.557  -0.522  -0.479  -0.429  -0.373  -0.306  -0.226  -0.132  -0.012   0.100   0.169   0.216   0.250   0.274   0.292   0.303
   7.550  -0.654  -0.654  -0.654  -0.654  -0.654  -0.654  -0.654  -0.654  -0.654  -0.654  -0.654  -0.654  -0.654  -0.653  -0.651  -0.649  -0.644  -0.638  -0.629  -0.616  -0.598  -0.572  -0.540  -0.501  -0.454  -0.400  -0.336  -0.259  -0.168  -0.053   0.055   0.117   0.158   0.188   0.209   0.211   0.219
   7.600  -0.658  -0.658  -0.658  -0.658  -0.658  -0.658  -0.658  -0.658  -0.658  -0.658  -0.658  -0.658  -0.658  -0.657  -0.656  -0.654  -0.650  -0.644  -0.636  -0.625  -0.610  -0.586  -0.556  -0.520  -0.477  -0.426  -0.365  -0.291  -0.204  -0.094   0.010   0.074   0.117   0.149   0.171   0.187   0.197
   7.650  -0.663  -0.663  -0.663  -0.663  -0.663  -0.663  -0.663  -0.663  -0.663  -0.663  -0.663  -0.663  -0.662  -0.662  -0.661  -0.659  -0.655  -0.650  -0.643  -0.634  -0.620  -0.599  -0.571  -0.538  -0.499  -0.451  -0.393  -0.322  -0.239  -0.134  -0.035   0.025   0.067   0.097   0.118   0.133   0.143
   7.700  -0.668  -0.668  -0.668  -0.668  -0.668  -0.668  -0.668  -0.668  -0.668  -0.668  -0.668  -0.668  -0.667  -0.667  -0.666  -0.664  -0.661  -0.657  -0.651  -0.643  -0.630  -0.610  -0.585  -0.555  -0.519  -0.475  -0.421  -0.354  -0.275  -0.175  -0.082  -0.025   0.014   0.043   0.063   0.078   0.087
   7.750  -0.673  -0.673  -0.673  -0.673  -0.673  -0.673  -0.673  -0.673  -0.673  -0.674  -0.674  -0.673  -0.673  -0.672  -0.672  -0.670  -0.668  -0.664  -0.659  -0.651  -0.640  -0.622  -0.599  -0.572  -0.539  -0.499  -0.449  -0.386  -0.311  -0.216  -0.127  -0.072  -0.035  -0.008   0.011   0.017   0.025
   7.800  -0.679  -0.679  -0.679  -0.679  -0.679  -0.679  -0.679  -0.679  -0.679  -0.680  -0.680  -0.680  -0.679  -0.679  -0.678  -0.677  -0.675  -0.672  -0.668  -0.660  -0.649  -0.633  -0.613  -0.589  -0.559  -0.523  -0.477  -0.418  -0.348  -0.263  -0.184  -0.135  -0.102  -0.078  -0.061  -0.048  -0.040
   7.850  -0.686  -0.686  -0.686  -0.686  -0.686  -0.686  -0.686  -0.686  -0.686  -0.686  -0.687  -0.687  -0.686  -0.686  -0.685  -0.684  -0.683  -0.681  -0.677  -0.669  -0.658  -0.644  -0.627  -0.606  -0.579  -0.547  -0.506  -0.448  -0.386  -0.328  -0.278  -0.246  -0.224  -0.208  -0.197  -0.168  -0.162
   7.900  -0.694  -0.694  -0.694  -0.694  -0.694  -0.694  -0.694  -0.694  -0.694  -0.694  -0.694  -0.694  -0.694  -0.694  -0.693  -0.692  -0.691  -0.689  -0.686  -0.678  -0.668  -0.656  -0.641  -0.623  -0.600  -0.572  -0.535  -0.479  -0.425  -0.392  -0.370  -0.354  -0.343  -0.334  -0.329  -0.324  -0.322
   7.950  -0.702  -0.702  -0.702  -0.702  -0.702  -0.702  -0.702  -0.702  -0.702  -0.702  -0.702  -0.702  -0.702  -0.702  -0.701  -0.700  -0.699  -0.698  -0.694  -0.688  -0.679  -0.668  -0.655  -0.640  -0.620  -0.596  -0.563  -0.512  -0.463  -0.437  -0.420  -0.407  -0.398  -0.391  -0.387  -0.395  -0.394
   8.000  -0.710  -0.710  -0.710  -0.710  -0.710  -0.710  -0.710  -0.710  -0.710  -0.710  -0.710  -0.710  -0.710  -0.710  -0.710  -0.709  -0.708  -0.706  -0.703  -0.697  -0.690  -0.681  -0.670  -0.657  -0.641  -0.620  -0.592  -0.547  -0.503  -0.477  -0.458  -0.445  -0.436  -0.430  -0.425  -0.422  -0.420
   8.100  -0.730  -0.730  -0.730  -0.730  -0.730  -0.730  -0.730  -0.730  -0.730  -0.730  -0.730  -0.730  -0.730  -0.730  -0.730  -0.730  -0.730  -0.728  -0.724  -0.720  -0.715  -0.709  -0.703  -0.696  -0.687  -0.674  -0.655  -0.623  -0.591  -0.572  -0.559  -0.549  -0.543  -0.538  -0.535  -0.532  -0.531
   8.200  -0.754  -0.754  -0.754  -0.754  -0.754  -0.754  -0.754  -0.754  -0.754  -0.754  -0.754  -0.755  -0.755  -0.755  -0.755  -0.755  -0.755  -0.753  -0.750  -0.748  -0.745  -0.743  -0.741  -0.741  -0.739  -0.734  -0.722  -0.698  -0.672  -0.657  -0.647  -0.640  -0.635  -0.631  -0.628  -0.654  -0.653
   8.300  -0.783  -0.783  -0.783  -0.783  -0.783  -0.783  -0.783  -0.783  -0.783  -0.783  -0.783  -0.783  -0.784  -0.784  -0.784  -0.784  -0.783  -0.782  -0.781  -0.780  -0.780  -0.781  -0.784  -0.790  -0.795  -0.796  -0.795  -0.793  -0.790  -0.789  -0.787  -0.787  -0.786  -0.786  -0.786  -0.785  -0.785
   8.400  -0.834  -0.826  -0.820  -0.817  -0.816  -0.816  -0.817  -0.817  -0.817  -0.816  -0.817  -0.817  -0.817  -0.817  -0.817  -0.817  -0.816  -0.816  -0.816  -0.817  -0.819  -0.824  -0.832  -0.843  -0.855  -0.856  -0.874  -0.952  -1.037  -1.086  -1.119  -1.144  -1.160  -1.172  -1.181  -1.092  -1.094
   8.500  -0.853  -0.853  -0.853  -0.853  -0.853  -0.854  -0.854  -0.854  -0.854  -0.854  -0.854  -0.854  -0.854  -0.854  -0.854  -0.854  -0.854  -0.855  -0.856  -0.858  -0.863  -0.872  -0.884  -0.901  -0.920  -0.922  -0.957  -1.097  -1.250  -1.337  -1.396  -1.440  -1.470  -1.491  -1.506  -1.518  -1.525
   8.600  -0.783  -0.836  -0.871  -0.890  -0.891  -0.895  -0.894  -0.895  -0.895  -0.895  -0.895  -0.895  -0.895  -0.895  -0.895  -0.895  -0.895  -0.897  -0.899  -0.904  -0.910  -0.923  -0.940  -0.962  -0.988  -1.015  -1.043  -1.138  -1.277  -1.350  -1.394  -1.431  -1.453  -1.471  -1.482  -1.491  -1.496
   8.700  -0.643  -0.783  -0.878  -0.927  -0.931  -0.940  -0.938  -0.939  -0.939  -0.939  -0.939  -0.939  -0.939  -0.939  -0.939  -0.939  -0.940  -0.942  -0.946  -0.952  -0.961  -0.977  -0.999  -1.027  -1.061  -1.096  -1.133  -1.156  -1.169  -1.180  -1.187  -1.193  -1.196  -1.199  -1.201  -1.202  -1.203

