fixed metal distribution -- based on Grevesse & Sauval (1998)
    form     version        X           Z          logRs    logR_min    logR_max       logTs    logT_min    logT_max
       1          38    0.200000    0.004000          37   -8.000000    1.000000         138    3.750000    8.700000

   logT                       logR = logRho - 3*logT + 18
          -8.000  -7.750  -7.500  -7.250  -7.000  -6.750  -6.500  -6.250  -6.000  -5.750  -5.500  -5.250  -5.000  -4.750  -4.500  -4.250  -4.000  -3.750  -3.500  -3.250  -3.000  -2.750  -2.500  -2.250  -2.000  -1.750  -1.500  -1.250  -1.000  -0.750  -0.500  -0.250   0.000   0.250   0.500   0.750   1.000

   3.750   0.000   0.000   0.000   0.000   0.000   0.000   0.000   0.000   0.000   0.000   0.000   0.000   0.000  -2.386  -2.486  -2.577  -2.661  -2.727  -2.778  -2.802  -2.803  -2.778  -2.728  -2.662  -2.576  -2.481  -2.374  -2.265  -2.151  -2.029  -1.901  -1.760  -1.608  -1.452  -1.289  -1.115  -0.930
   3.775   0.000   0.000   0.000   0.000   0.000   0.000   0.000   0.000   0.000   0.000   0.000   0.000   0.000  -2.043  -2.138  -2.224  -2.301  -2.362  -2.409  -2.430  -2.430  -2.406  -2.359  -2.297  -2.219  -2.129  -2.027  -1.924  -1.818  -1.704  -1.584  -1.457  -1.321  -1.183  -1.041  -0.889  -0.728
   3.800   0.000   0.000   0.000   0.000   0.000   0.000   0.000   0.000   0.000   0.000   0.000   0.000   0.000  -1.725  -1.807  -1.880  -1.946  -1.997  -2.037  -2.054  -2.052  -2.028  -1.984  -1.928  -1.856  -1.773  -1.677  -1.582  -1.484  -1.378  -1.266  -1.149  -1.027  -0.903  -0.777  -0.642  -0.500
   3.825   0.000   0.000   0.000   0.000   0.000   0.000   0.000   0.000   0.000   0.000   0.000   0.000   0.000  -1.422  -1.482  -1.538  -1.588  -1.629  -1.658  -1.669  -1.664  -1.641  -1.603  -1.551  -1.487  -1.410  -1.325  -1.240  -1.149  -1.050  -0.945  -0.836  -0.723  -0.609  -0.492  -0.374  -0.246
   3.850   0.000   0.000   0.000   0.000   0.000   0.000   0.000   0.000   0.000   0.000   0.000   0.000   0.000  -1.161  -1.192  -1.223  -1.250  -1.272  -1.286  -1.287  -1.277  -1.254  -1.219  -1.172  -1.114  -1.046  -0.971  -0.894  -0.812  -0.721  -0.623  -0.521  -0.416  -0.309  -0.199  -0.084   0.034
   3.875   0.000   0.000   0.000   0.000   0.000   0.000   0.000   0.000   0.000   0.000   0.000   0.000   0.000  -0.970  -0.962  -0.955  -0.947  -0.939  -0.928  -0.912  -0.891  -0.864  -0.829  -0.785  -0.734  -0.675  -0.610  -0.542  -0.468  -0.387  -0.300  -0.207  -0.111  -0.012   0.090   0.194   0.303
   3.900   0.000   0.000   0.000   0.000   0.000   0.000   0.000   0.000   0.000   0.000   0.000   0.000   0.000  -0.835  -0.787  -0.739  -0.692  -0.647  -0.605  -0.566  -0.529  -0.491  -0.451  -0.408  -0.360  -0.308  -0.252  -0.192  -0.126  -0.054   0.022   0.105   0.192   0.282   0.376   0.473   0.573
   3.925   0.000   0.000   0.000   0.000   0.000   0.000   0.000   0.000   0.000   0.000   0.000   0.000   0.000  -0.759  -0.678  -0.593  -0.507  -0.423  -0.344  -0.273  -0.209  -0.152  -0.100  -0.050  -0.002   0.048   0.099   0.153   0.212   0.275   0.342   0.415   0.492   0.573   0.658   0.746   0.838
   3.950   0.000   0.000   0.000   0.000   0.000   0.000   0.000   0.000   0.000   0.000   0.000   0.000   0.000  -0.724  -0.618  -0.501  -0.380  -0.259  -0.142  -0.036   0.060   0.142   0.213   0.275   0.331   0.383   0.433   0.485   0.538   0.594   0.654   0.718   0.786   0.858   0.934   1.015   1.100
   3.975   0.000   0.000   0.000   0.000   0.000   0.000   0.000   0.000   0.000   0.000   0.000  -0.904  -0.824  -0.722  -0.601  -0.463  -0.316  -0.163  -0.011   0.131   0.261   0.375   0.473   0.556   0.627   0.689   0.744   0.796   0.848   0.900   0.953   1.010   1.070   1.134   1.202   1.275   1.353
   4.000   0.000   0.000   0.000   0.000   0.000   0.000   0.000   0.000   0.000   0.000   0.000  -0.911  -0.835  -0.733  -0.607  -0.458  -0.293  -0.116   0.064   0.238   0.402   0.549   0.678   0.786   0.878   0.955   1.021   1.080   1.133   1.185   1.235   1.287   1.342   1.399   1.461   1.527   1.598
   4.025   0.000   0.000   0.000   0.000   0.000  -0.931  -0.948  -0.961  -0.965  -0.959  -0.937  -0.894  -0.829  -0.736  -0.616  -0.468  -0.299  -0.111   0.087   0.285   0.477   0.654   0.814   0.953   1.072   1.171   1.254   1.325   1.386   1.442   1.493   1.545   1.596   1.650   1.706   1.767   1.832
   4.050   0.000   0.000   0.000   0.000   0.000  -0.867  -0.884  -0.899  -0.907  -0.906  -0.892  -0.860  -0.807  -0.726  -0.617  -0.478  -0.314  -0.124   0.080   0.292   0.504   0.707   0.896   1.064   1.212   1.337   1.443   1.531   1.605   1.669   1.726   1.780   1.832   1.884   1.938   1.995   2.056
   4.075  -0.775  -0.778  -0.783  -0.791  -0.801  -0.813  -0.825  -0.836  -0.842  -0.842  -0.830  -0.802  -0.756  -0.685  -0.589  -0.464  -0.313  -0.135   0.063   0.276   0.496   0.714   0.925   1.120   1.297   1.450   1.582   1.692   1.784   1.862   1.929   1.989   2.045   2.099   2.152   2.208   2.265
   4.100  -0.773  -0.768  -0.766  -0.766  -0.767  -0.771  -0.776  -0.781  -0.782  -0.778  -0.764  -0.737  -0.693  -0.629  -0.543  -0.432  -0.297  -0.134   0.050   0.255   0.472   0.697   0.922   1.137   1.339   1.519   1.678   1.813   1.927   2.022   2.103   2.173   2.236   2.294   2.350   2.406   2.463
   4.125  -0.773  -0.767  -0.763  -0.759  -0.756  -0.754  -0.752  -0.749  -0.742  -0.729  -0.708  -0.675  -0.628  -0.564  -0.481  -0.377  -0.252  -0.105   0.063   0.252   0.457   0.677   0.902   1.127   1.345   1.547   1.732   1.892   2.031   2.148   2.248   2.332   2.404   2.469   2.529   2.590   2.647
   4.150  -0.775  -0.771  -0.766  -0.761  -0.756  -0.749  -0.741  -0.730  -0.716  -0.695  -0.666  -0.625  -0.571  -0.502  -0.417  -0.315  -0.196  -0.060   0.094   0.267   0.456   0.663   0.882   1.108   1.334   1.552   1.757   1.941   2.105   2.245   2.366   2.466   2.552   2.627   2.693   2.758   2.820
   4.175  -0.776  -0.772  -0.767  -0.762  -0.755  -0.747  -0.737  -0.725  -0.707  -0.682  -0.647  -0.599  -0.537  -0.458  -0.365  -0.257  -0.134   0.001   0.150   0.312   0.488   0.680   0.885   1.102   1.324   1.546   1.763   1.965   2.151   2.314   2.457   2.577   2.679   2.766   2.842   2.915   2.981
   4.200  -0.777  -0.773  -0.768  -0.763  -0.756  -0.748  -0.738  -0.725  -0.707  -0.679  -0.641  -0.587  -0.518  -0.431  -0.328  -0.210  -0.080   0.060   0.211   0.369   0.537   0.717   0.907   1.111   1.323   1.543   1.763   1.977   2.180   2.364   2.528   2.668   2.788   2.889   2.978   3.059   3.132
   4.225  -0.779  -0.775  -0.770  -0.764  -0.757  -0.749  -0.738  -0.725  -0.706  -0.678  -0.640  -0.586  -0.516  -0.426  -0.318  -0.192  -0.051   0.101   0.261   0.427   0.598   0.774   0.957   1.149   1.349   1.559   1.774   1.990   2.201   2.400   2.582   2.741   2.880   2.999   3.102   3.195   3.275
   4.250  -0.779  -0.776  -0.771  -0.766  -0.759  -0.750  -0.739  -0.725  -0.706  -0.680  -0.642  -0.591  -0.522  -0.431  -0.321  -0.188  -0.038   0.126   0.299   0.477   0.657   0.837   1.019   1.203   1.393   1.592   1.798   2.011   2.224   2.431   2.627   2.803   2.960   3.096   3.215   3.320   3.409
   4.275  -0.779  -0.777  -0.773  -0.767  -0.760  -0.751  -0.739  -0.725  -0.706  -0.679  -0.643  -0.592  -0.525  -0.437  -0.328  -0.195  -0.042   0.129   0.313   0.505   0.700   0.892   1.083   1.270   1.458   1.650   1.847   2.052   2.261   2.470   2.672   2.859   3.031   3.183   3.318   3.437   3.537
   4.300  -0.773  -0.773  -0.770  -0.766  -0.759  -0.751  -0.739  -0.724  -0.705  -0.678  -0.642  -0.594  -0.529  -0.444  -0.338  -0.207  -0.054   0.122   0.315   0.519   0.730   0.937   1.142   1.338   1.530   1.720   1.912   2.110   2.311   2.517   2.721   2.915   3.098   3.264   3.414   3.545   3.657
   4.325  -0.753  -0.757  -0.759  -0.758  -0.755  -0.749  -0.738  -0.724  -0.704  -0.678  -0.642  -0.594  -0.531  -0.449  -0.346  -0.217  -0.065   0.113   0.309   0.521   0.741   0.962   1.181   1.392   1.596   1.794   1.989   2.185   2.382   2.584   2.784   2.981   3.169   3.344   3.504   3.647   3.771
   4.350  -0.724  -0.733  -0.739  -0.743  -0.744  -0.740  -0.732  -0.719  -0.700  -0.674  -0.639  -0.593  -0.532  -0.452  -0.351  -0.224  -0.073   0.104   0.301   0.517   0.744   0.976   1.209   1.436   1.656   1.865   2.069   2.267   2.463   2.662   2.859   3.055   3.245   3.425   3.593   3.744   3.880
   4.375  -0.688  -0.699  -0.707  -0.714  -0.719  -0.719  -0.715  -0.706  -0.690  -0.666  -0.633  -0.588  -0.528  -0.450  -0.351  -0.226  -0.076   0.101   0.300   0.518   0.748   0.987   1.228   1.467   1.700   1.924   2.139   2.347   2.549   2.749   2.946   3.141   3.331   3.512   3.683   3.841   3.984
   4.400  -0.652  -0.662  -0.671  -0.680  -0.686  -0.690  -0.689  -0.683  -0.671  -0.650  -0.619  -0.576  -0.518  -0.442  -0.344  -0.221  -0.072   0.104   0.303   0.521   0.753   0.995   1.243   1.490   1.735   1.973   2.202   2.422   2.634   2.839   3.039   3.234   3.423   3.604   3.775   3.935   4.083
   4.425  -0.621  -0.629  -0.636  -0.644  -0.650  -0.653  -0.653  -0.648  -0.637  -0.619  -0.590  -0.551  -0.497  -0.425  -0.331  -0.211  -0.065   0.110   0.309   0.527   0.761   1.006   1.257   1.510   1.763   2.011   2.253   2.485   2.710   2.925   3.131   3.331   3.521   3.702   3.873   4.033   4.183
   4.450  -0.598  -0.602  -0.606  -0.611  -0.615  -0.616  -0.614  -0.608  -0.597  -0.578  -0.551  -0.514  -0.463  -0.394  -0.304  -0.188  -0.046   0.126   0.323   0.540   0.774   1.020   1.273   1.529   1.787   2.043   2.295   2.541   2.778   3.004   3.221   3.426   3.620   3.802   3.973   4.133   4.282
   4.475  -0.590  -0.590  -0.589  -0.590  -0.589  -0.586  -0.579  -0.569  -0.552  -0.529  -0.498  -0.458  -0.406  -0.340  -0.255  -0.145  -0.010   0.156   0.347   0.562   0.795   1.040   1.294   1.552   1.813   2.074   2.333   2.587   2.835   3.073   3.300   3.514   3.715   3.901   4.074   4.233   4.381
   4.500  -0.589  -0.585  -0.580  -0.576  -0.571  -0.563  -0.552  -0.535  -0.512  -0.482  -0.443  -0.397  -0.340  -0.272  -0.188  -0.083   0.046   0.204   0.388   0.597   0.825   1.068   1.321   1.579   1.841   2.104   2.367   2.629   2.885   3.133   3.371   3.594   3.803   3.995   4.172   4.333   4.479
   4.525  -0.589  -0.584  -0.579  -0.573  -0.566  -0.555  -0.539  -0.516  -0.486  -0.446  -0.397  -0.338  -0.270  -0.192  -0.101   0.005   0.130   0.280   0.453   0.651   0.870   1.106   1.354   1.610   1.871   2.135   2.401   2.666   2.928   3.185   3.431   3.663   3.881   4.080   4.262   4.425   4.571
   4.550  -0.590  -0.585  -0.580  -0.575  -0.566  -0.553  -0.534  -0.508  -0.471  -0.422  -0.362  -0.290  -0.207  -0.115  -0.012   0.101   0.229   0.374   0.538   0.725   0.932   1.158   1.398   1.648   1.906   2.169   2.434   2.701   2.967   3.229   3.483   3.723   3.948   4.155   4.343   4.511   4.660
   4.575  -0.589  -0.585  -0.580  -0.575  -0.566  -0.554  -0.536  -0.508  -0.470  -0.417  -0.349  -0.265  -0.166  -0.055   0.068   0.199   0.339   0.489   0.651   0.828   1.021   1.233   1.459   1.699   1.949   2.206   2.469   2.735   3.002   3.267   3.526   3.772   4.004   4.217   4.411   4.583   4.734
   4.600  -0.589  -0.585  -0.580  -0.575  -0.568  -0.557  -0.540  -0.514  -0.476  -0.421  -0.349  -0.256  -0.144  -0.015   0.128   0.280   0.438   0.600   0.767   0.940   1.123   1.321   1.533   1.760   1.999   2.249   2.506   2.769   3.035   3.301   3.562   3.812   4.049   4.268   4.467   4.644   4.797
   4.625  -0.588  -0.584  -0.580  -0.575  -0.568  -0.558  -0.542  -0.518  -0.482  -0.429  -0.358  -0.264  -0.147  -0.007   0.152   0.324   0.504   0.685   0.868   1.050   1.234   1.425   1.624   1.837   2.061   2.299   2.547   2.805   3.067   3.332   3.593   3.845   4.085   4.308   4.511   4.691   4.848
   4.650  -0.588  -0.584  -0.579  -0.575  -0.568  -0.558  -0.543  -0.521  -0.488  -0.440  -0.372  -0.280  -0.164  -0.018   0.150   0.338   0.538   0.741   0.944   1.140   1.333   1.524   1.717   1.918   2.130   2.355   2.593   2.842   3.099   3.360   3.619   3.871   4.112   4.337   4.544   4.726   4.886
   4.675  -0.586  -0.583  -0.578  -0.574  -0.567  -0.558  -0.544  -0.523  -0.492  -0.447  -0.384  -0.297  -0.184  -0.042   0.126   0.319   0.529   0.748   0.971   1.188   1.400   1.602   1.802   2.001   2.205   2.421   2.646   2.885   3.132   3.387   3.642   3.892   4.132   4.358   4.566   4.751   4.914
   4.700  -0.585  -0.581  -0.577  -0.572  -0.566  -0.557  -0.544  -0.525  -0.496  -0.454  -0.394  -0.313  -0.207  -0.072   0.090   0.282   0.494   0.725   0.963   1.200   1.433   1.653   1.867   2.071   2.275   2.484   2.700   2.929   3.166   3.413   3.662   3.908   4.147   4.372   4.581   4.766   4.931
   4.725  -0.584  -0.580  -0.575  -0.570  -0.564  -0.556  -0.543  -0.525  -0.498  -0.459  -0.403  -0.326  -0.226  -0.099   0.056   0.240   0.447   0.677   0.920   1.169   1.418   1.659   1.892   2.113   2.327   2.538   2.752   2.973   3.202   3.440   3.681   3.922   4.156   4.380   4.588   4.775   4.941
   4.750  -0.584  -0.579  -0.574  -0.569  -0.562  -0.554  -0.542  -0.525  -0.500  -0.463  -0.411  -0.338  -0.244  -0.123   0.023   0.196   0.395   0.618   0.859   1.114   1.375   1.634   1.887   2.126   2.356   2.577   2.794   3.012   3.234   3.465   3.698   3.933   4.163   4.384   4.591   4.777   4.944
   4.775  -0.584  -0.579  -0.574  -0.568  -0.562  -0.553  -0.542  -0.526  -0.501  -0.467  -0.417  -0.349  -0.259  -0.145  -0.006   0.160   0.350   0.564   0.798   1.049   1.311   1.578   1.845   2.103   2.352   2.588   2.816   3.039   3.261   3.486   3.713   3.942   4.167   4.385   4.590   4.776   4.943
   4.800  -0.585  -0.579  -0.574  -0.568  -0.561  -0.553  -0.541  -0.525  -0.502  -0.469  -0.423  -0.358  -0.273  -0.164  -0.030   0.128   0.310   0.515   0.739   0.983   1.241   1.511   1.785   2.058   2.325   2.578   2.821   3.053   3.278   3.503   3.725   3.950   4.170   4.384   4.587   4.770   4.938
   4.825  -0.585  -0.580  -0.574  -0.568  -0.561  -0.552  -0.540  -0.525  -0.502  -0.471  -0.426  -0.365  -0.284  -0.179  -0.051   0.102   0.278   0.476   0.693   0.929   1.181   1.447   1.722   2.002   2.279   2.547   2.804   3.048   3.283   3.511   3.734   3.956   4.173   4.384   4.583   4.766   4.932
   4.850  -0.585  -0.580  -0.574  -0.567  -0.560  -0.551  -0.539  -0.524  -0.502  -0.471  -0.429  -0.370  -0.292  -0.192  -0.068   0.080   0.251   0.444   0.656   0.885   1.130   1.390   1.662   1.943   2.226   2.504   2.775   3.031   3.277   3.511   3.738   3.960   4.176   4.384   4.580   4.760   4.925
   4.875  -0.585  -0.579  -0.573  -0.566  -0.559  -0.549  -0.536  -0.521  -0.499  -0.469  -0.428  -0.372  -0.298  -0.201  -0.082   0.063   0.230   0.419   0.627   0.852   1.093   1.348   1.616   1.894   2.177   2.460   2.738   3.005   3.261   3.504   3.737   3.962   4.178   4.385   4.579   4.756   4.918
   4.900  -0.583  -0.578  -0.572  -0.565  -0.556  -0.546  -0.533  -0.517  -0.495  -0.466  -0.426  -0.372  -0.300  -0.207  -0.091   0.050   0.214   0.400   0.606   0.828   1.066   1.317   1.581   1.855   2.136   2.419   2.701   2.976   3.241   3.493   3.733   3.963   4.181   4.387   4.579   4.754   4.912
   4.925  -0.580  -0.575  -0.569  -0.562  -0.554  -0.543  -0.529  -0.512  -0.490  -0.461  -0.422  -0.369  -0.299  -0.209  -0.097   0.042   0.203   0.388   0.592   0.813   1.049   1.298   1.559   1.830   2.107   2.390   2.673   2.951   3.221   3.481   3.728   3.963   4.183   4.390   4.581   4.752   4.905
   4.950  -0.574  -0.570  -0.565  -0.558  -0.549  -0.538  -0.524  -0.506  -0.483  -0.454  -0.415  -0.364  -0.296  -0.208  -0.098   0.038   0.198   0.381   0.585   0.805   1.041   1.289   1.547   1.815   2.090   2.370   2.651   2.931   3.205   3.470   3.723   3.962   4.186   4.394   4.583   4.751   4.899
   4.975  -0.564  -0.561  -0.556  -0.550  -0.542  -0.531  -0.517  -0.499  -0.475  -0.446  -0.407  -0.355  -0.289  -0.203  -0.094   0.040   0.199   0.381   0.584   0.804   1.040   1.287   1.544   1.810   2.083   2.361   2.642   2.921   3.197   3.465   3.722   3.964   4.190   4.398   4.586   4.749   4.891
   5.000  -0.551  -0.548  -0.544  -0.539  -0.532  -0.521  -0.507  -0.489  -0.465  -0.435  -0.395  -0.345  -0.278  -0.193  -0.086   0.047   0.204   0.386   0.589   0.809   1.044   1.291   1.548   1.813   2.084   2.361   2.640   2.919   3.195   3.465   3.724   3.967   4.194   4.402   4.587   4.747   4.881
   5.025  -0.534  -0.532  -0.528  -0.523  -0.517  -0.508  -0.494  -0.476  -0.453  -0.422  -0.382  -0.331  -0.265  -0.181  -0.075   0.057   0.213   0.395   0.597   0.818   1.053   1.301   1.558   1.822   2.093   2.369   2.647   2.926   3.201   3.471   3.730   3.973   4.199   4.404   4.586   4.739   4.866
   5.050  -0.515  -0.512  -0.509  -0.505  -0.499  -0.490  -0.477  -0.460  -0.436  -0.405  -0.365  -0.314  -0.248  -0.164  -0.059   0.072   0.227   0.407   0.610   0.831   1.067   1.315   1.572   1.837   2.107   2.383   2.660   2.938   3.212   3.481   3.738   3.979   4.202   4.403   4.580   4.727   4.846
   5.075  -0.496  -0.492  -0.487  -0.483  -0.476  -0.467  -0.455  -0.437  -0.414  -0.383  -0.343  -0.291  -0.225  -0.142  -0.038   0.092   0.245   0.425   0.626   0.848   1.085   1.333   1.590   1.855   2.125   2.400   2.676   2.953   3.226   3.492   3.747   3.984   4.202   4.397   4.567   4.706   4.817
   5.100  -0.478  -0.473  -0.467  -0.460  -0.453  -0.443  -0.430  -0.413  -0.389  -0.358  -0.317  -0.265  -0.198  -0.115  -0.011   0.117   0.269   0.447   0.648   0.869   1.107   1.354   1.611   1.875   2.145   2.418   2.694   2.969   3.240   3.502   3.752   3.984   4.196   4.384   4.546   4.678   4.781
   5.125  -0.465  -0.457  -0.449  -0.441  -0.431  -0.420  -0.406  -0.387  -0.362  -0.330  -0.288  -0.235  -0.167  -0.083   0.021   0.148   0.300   0.477   0.676   0.897   1.133   1.380   1.635   1.898   2.166   2.437   2.710   2.982   3.249   3.507   3.750   3.975   4.180   4.360   4.514   4.639   4.736
   5.150  -0.456  -0.447  -0.436  -0.426  -0.414  -0.401  -0.384  -0.364  -0.338  -0.304  -0.260  -0.205  -0.135  -0.049   0.056   0.183   0.334   0.509   0.707   0.926   1.161   1.406   1.660   1.920   2.185   2.453   2.722   2.989   3.251   3.502   3.739   3.956   4.153   4.325   4.471   4.590   4.682
   5.175  -0.456  -0.444  -0.432  -0.419  -0.405  -0.389  -0.370  -0.348  -0.319  -0.283  -0.237  -0.178  -0.105  -0.017   0.091   0.219   0.370   0.544   0.739   0.956   1.189   1.431   1.683   1.940   2.201   2.464   2.727   2.987   3.241   3.485   3.714   3.923   4.112   4.277   4.417   4.533   4.622
   5.200  -0.462  -0.449  -0.434  -0.419  -0.403  -0.385  -0.363  -0.338  -0.307  -0.268  -0.219  -0.157  -0.081   0.012   0.122   0.252   0.403   0.576   0.770   0.984   1.213   1.453   1.701   1.954   2.210   2.467   2.722   2.974   3.220   3.455   3.675   3.877   4.059   4.218   4.354   4.466   4.554
   5.225  -0.474  -0.459  -0.443  -0.426  -0.408  -0.387  -0.364  -0.336  -0.303  -0.261  -0.209  -0.144  -0.064   0.033   0.146   0.279   0.431   0.603   0.794   1.005   1.231   1.468   1.712   1.960   2.209   2.458   2.705   2.947   3.183   3.410   3.622   3.817   3.993   4.148   4.281   4.394   4.483
   5.250  -0.490  -0.474  -0.457  -0.438  -0.419  -0.396  -0.371  -0.342  -0.306  -0.262  -0.207  -0.139  -0.055   0.045   0.162   0.297   0.450   0.622   0.812   1.020   1.242   1.474   1.713   1.955   2.198   2.438   2.675   2.908   3.135   3.352   3.558   3.747   3.918   4.070   4.203   4.315   4.407
   5.275  -0.510  -0.494  -0.476  -0.457  -0.436  -0.413  -0.386  -0.355  -0.318  -0.272  -0.215  -0.144  -0.058   0.045   0.165   0.303   0.458   0.630   0.819   1.024   1.242   1.470   1.703   1.938   2.173   2.405   2.633   2.857   3.074   3.285   3.484   3.668   3.837   3.987   4.119   4.234   4.330
   5.300  -0.531  -0.515  -0.498  -0.479  -0.458  -0.433  -0.406  -0.374  -0.335  -0.289  -0.231  -0.158  -0.070   0.036   0.159   0.300   0.457   0.630   0.817   1.020   1.234   1.456   1.683   1.911   2.139   2.362   2.581   2.796   3.005   3.209   3.403   3.584   3.750   3.900   4.034   4.151   4.250
   5.325  -0.550  -0.536  -0.520  -0.501  -0.481  -0.457  -0.429  -0.397  -0.358  -0.311  -0.253  -0.180  -0.091   0.017   0.143   0.287   0.446   0.620   0.808   1.007   1.217   1.434   1.655   1.876   2.095   2.311   2.522   2.729   2.931   3.129   3.319   3.497   3.663   3.813   3.948   4.068   4.172
   5.350  -0.567  -0.555  -0.541  -0.524  -0.505  -0.482  -0.455  -0.423  -0.385  -0.338  -0.280  -0.207  -0.118  -0.008   0.120   0.266   0.428   0.603   0.790   0.988   1.193   1.405   1.619   1.833   2.046   2.254   2.457   2.658   2.854   3.047   3.233   3.409   3.575   3.726   3.863   3.985   4.093
   5.375  -0.582  -0.573  -0.561  -0.547  -0.529  -0.508  -0.482  -0.452  -0.414  -0.369  -0.311  -0.239  -0.149  -0.039   0.090   0.238   0.402   0.578   0.765   0.960   1.162   1.369   1.578   1.786   1.992   2.193   2.391   2.585   2.776   2.965   3.148   3.323   3.488   3.641   3.780   3.905   4.015
   5.400  -0.595  -0.588  -0.578  -0.566  -0.551  -0.533  -0.509  -0.481  -0.445  -0.401  -0.345  -0.273  -0.184  -0.074   0.056   0.205   0.370   0.547   0.734   0.928   1.127   1.329   1.533   1.735   1.936   2.131   2.323   2.512   2.699   2.883   3.063   3.238   3.403   3.557   3.698   3.825   3.938
   5.425  -0.603  -0.598  -0.590  -0.581  -0.568  -0.552  -0.532  -0.506  -0.473  -0.431  -0.377  -0.307  -0.220  -0.110   0.020   0.170   0.336   0.514   0.701   0.893   1.089   1.288   1.487   1.684   1.879   2.069   2.256   2.441   2.623   2.804   2.982   3.155   3.321   3.476   3.619   3.748   3.862
   5.450  -0.608  -0.604  -0.599  -0.592  -0.582  -0.569  -0.551  -0.529  -0.499  -0.460  -0.409  -0.342  -0.256  -0.148  -0.019   0.132   0.298   0.477   0.665   0.856   1.050   1.245   1.439   1.632   1.822   2.008   2.190   2.370   2.549   2.727   2.902   3.075   3.241   3.398   3.543   3.673   3.788
   5.475  -0.612  -0.609  -0.605  -0.600  -0.592  -0.582  -0.567  -0.548  -0.522  -0.486  -0.439  -0.375  -0.293  -0.187  -0.060   0.091   0.258   0.437   0.625   0.816   1.009   1.201   1.393   1.581   1.767   1.948   2.126   2.302   2.477   2.652   2.826   2.998   3.164   3.322   3.469   3.600   3.716
   5.500  -0.614  -0.612  -0.609  -0.606  -0.600  -0.592  -0.581  -0.564  -0.542  -0.510  -0.467  -0.408  -0.329  -0.227  -0.102   0.047   0.214   0.394   0.584   0.775   0.967   1.158   1.346   1.531   1.713   1.890   2.064   2.237   2.409   2.581   2.752   2.924   3.090   3.249   3.397   3.529   3.646
   5.525  -0.615  -0.614  -0.612  -0.610  -0.606  -0.600  -0.590  -0.577  -0.558  -0.531  -0.493  -0.439  -0.366  -0.268  -0.146   0.001   0.167   0.349   0.540   0.732   0.925   1.114   1.301   1.483   1.661   1.834   2.005   2.174   2.343   2.512   2.682   2.853   3.019   3.179   3.328   3.460   3.578
   5.550  -0.616  -0.615  -0.614  -0.612  -0.609  -0.605  -0.598  -0.587  -0.571  -0.549  -0.515  -0.467  -0.400  -0.308  -0.191  -0.047   0.118   0.301   0.493   0.688   0.882   1.071   1.256   1.435   1.611   1.781   1.948   2.114   2.280   2.447   2.614   2.784   2.951   3.111   3.261   3.394   3.513
   5.575  -0.617  -0.616  -0.615  -0.614  -0.612  -0.608  -0.602  -0.594  -0.581  -0.563  -0.534  -0.492  -0.431  -0.346  -0.236  -0.096   0.066   0.248   0.442   0.639   0.836   1.026   1.212   1.390   1.563   1.730   1.894   2.057   2.220   2.384   2.550   2.719   2.886   3.046   3.196   3.330   3.449
   5.600  -0.618  -0.617  -0.616  -0.615  -0.613  -0.610  -0.606  -0.599  -0.589  -0.573  -0.549  -0.512  -0.458  -0.381  -0.279  -0.146   0.012   0.193   0.387   0.587   0.787   0.981   1.167   1.346   1.517   1.682   1.843   2.003   2.163   2.325   2.489   2.657   2.823   2.983   3.134   3.268   3.388
   5.625  -0.618  -0.617  -0.616  -0.615  -0.614  -0.612  -0.608  -0.602  -0.594  -0.581  -0.560  -0.529  -0.481  -0.412  -0.319  -0.194  -0.043   0.135   0.329   0.531   0.736   0.933   1.123   1.302   1.473   1.636   1.795   1.952   2.109   2.269   2.432   2.598   2.763   2.923   3.074   3.208   3.328
   5.650  -0.618  -0.617  -0.616  -0.616  -0.614  -0.612  -0.609  -0.604  -0.597  -0.586  -0.568  -0.542  -0.501  -0.440  -0.355  -0.240  -0.097   0.076   0.269   0.473   0.682   0.883   1.077   1.258   1.429   1.592   1.749   1.903   2.058   2.216   2.377   2.542   2.706   2.865   3.016   3.150   3.271
   5.675  -0.619  -0.618  -0.617  -0.616  -0.615  -0.613  -0.610  -0.606  -0.599  -0.590  -0.574  -0.552  -0.516  -0.463  -0.387  -0.281  -0.147   0.020   0.209   0.414   0.626   0.832   1.030   1.214   1.387   1.549   1.704   1.857   2.009   2.166   2.325   2.488   2.651   2.810   2.960   3.095   3.216
   5.700  -0.619  -0.618  -0.617  -0.616  -0.615  -0.613  -0.610  -0.607  -0.601  -0.592  -0.579  -0.559  -0.528  -0.481  -0.414  -0.318  -0.193  -0.033   0.151   0.356   0.570   0.780   0.983   1.170   1.344   1.507   1.661   1.812   1.963   2.118   2.276   2.438   2.599   2.757   2.907   3.041   3.162
   5.725  -0.619  -0.618  -0.617  -0.616  -0.615  -0.613  -0.611  -0.607  -0.602  -0.594  -0.582  -0.564  -0.536  -0.495  -0.435  -0.348  -0.232  -0.080   0.099   0.302   0.516   0.729   0.935   1.125   1.302   1.465   1.619   1.769   1.918   2.072   2.229   2.390   2.550   2.707   2.856   2.989   3.109
   5.750  -0.619  -0.618  -0.618  -0.617  -0.616  -0.614  -0.611  -0.608  -0.603  -0.596  -0.584  -0.568  -0.543  -0.506  -0.451  -0.372  -0.265  -0.121   0.051   0.251   0.464   0.678   0.888   1.080   1.259   1.423   1.578   1.727   1.875   2.029   2.184   2.344   2.504   2.660   2.807   2.939   3.058
   5.775  -0.619  -0.619  -0.618  -0.617  -0.616  -0.614  -0.612  -0.609  -0.604  -0.597  -0.586  -0.571  -0.548  -0.515  -0.465  -0.393  -0.293  -0.157   0.009   0.204   0.414   0.629   0.840   1.035   1.216   1.381   1.536   1.686   1.834   1.987   2.142   2.301   2.460   2.615   2.761   2.891   3.008
   5.800  -0.619  -0.619  -0.618  -0.617  -0.616  -0.615  -0.612  -0.609  -0.605  -0.598  -0.588  -0.574  -0.552  -0.522  -0.476  -0.409  -0.316  -0.188  -0.029   0.161   0.368   0.582   0.794   0.990   1.173   1.340   1.496   1.646   1.795   1.947   2.102   2.261   2.418   2.571   2.716   2.844   2.959
   5.825  -0.619  -0.619  -0.618  -0.617  -0.617  -0.615  -0.613  -0.610  -0.606  -0.599  -0.590  -0.576  -0.556  -0.527  -0.484  -0.423  -0.336  -0.214  -0.063   0.121   0.324   0.536   0.748   0.946   1.131   1.299   1.457   1.608   1.757   1.910   2.064   2.222   2.378   2.530   2.673   2.799   2.912
   5.850  -0.619  -0.619  -0.618  -0.618  -0.617  -0.616  -0.614  -0.611  -0.606  -0.600  -0.591  -0.578  -0.559  -0.532  -0.492  -0.434  -0.352  -0.237  -0.093   0.085   0.282   0.493   0.704   0.902   1.090   1.260   1.419   1.572   1.722   1.875   2.029   2.186   2.341   2.491   2.631   2.755   2.866
   5.875  -0.619  -0.619  -0.618  -0.618  -0.617  -0.616  -0.614  -0.611  -0.607  -0.602  -0.593  -0.581  -0.562  -0.537  -0.498  -0.444  -0.366  -0.258  -0.120   0.051   0.244   0.451   0.661   0.861   1.050   1.222   1.384   1.538   1.689   1.843   1.997   2.152   2.305   2.452   2.589   2.711   2.821
   5.900  -0.619  -0.618  -0.618  -0.617  -0.617  -0.616  -0.614  -0.612  -0.608  -0.602  -0.594  -0.583  -0.565  -0.541  -0.504  -0.453  -0.379  -0.276  -0.144   0.022   0.209   0.413   0.622   0.822   1.013   1.187   1.351   1.507   1.659   1.813   1.967   2.120   2.270   2.414   2.548   2.668   2.776
   5.925  -0.618  -0.618  -0.617  -0.617  -0.616  -0.615  -0.613  -0.611  -0.608  -0.603  -0.595  -0.584  -0.568  -0.545  -0.510  -0.460  -0.390  -0.291  -0.164  -0.004   0.178   0.379   0.586   0.786   0.979   1.155   1.322   1.479   1.633   1.787   1.939   2.090   2.236   2.376   2.507   2.626   2.734
   5.950  -0.618  -0.617  -0.617  -0.616  -0.615  -0.614  -0.613  -0.611  -0.607  -0.603  -0.596  -0.586  -0.570  -0.548  -0.515  -0.467  -0.400  -0.305  -0.182  -0.027   0.151   0.348   0.553   0.754   0.948   1.126   1.295   1.455   1.609   1.763   1.913   2.061   2.203   2.338   2.466   2.584   2.694
   5.975  -0.618  -0.617  -0.616  -0.615  -0.614  -0.613  -0.611  -0.609  -0.606  -0.602  -0.596  -0.586  -0.571  -0.551  -0.519  -0.473  -0.408  -0.316  -0.198  -0.047   0.127   0.322   0.525   0.726   0.920   1.101   1.272   1.433   1.588   1.741   1.889   2.032   2.169   2.300   2.425   2.544   2.657
   6.000  -0.617  -0.616  -0.615  -0.614  -0.613  -0.612  -0.610  -0.608  -0.605  -0.601  -0.594  -0.586  -0.572  -0.552  -0.522  -0.479  -0.416  -0.327  -0.212  -0.065   0.106   0.298   0.499   0.700   0.896   1.079   1.252   1.414   1.569   1.720   1.865   2.003   2.135   2.261   2.384   2.504   2.623
   6.050  -0.618  -0.617  -0.615  -0.614  -0.612  -0.610  -0.607  -0.604  -0.601  -0.596  -0.590  -0.582  -0.569  -0.552  -0.525  -0.486  -0.429  -0.347  -0.239  -0.099   0.066   0.253   0.453   0.655   0.854   1.041   1.217   1.380   1.533   1.678   1.814   1.942   2.064   2.182   2.302   2.429   2.561
   6.100  -0.619  -0.618  -0.617  -0.615  -0.613  -0.610  -0.606  -0.602  -0.598  -0.592  -0.585  -0.577  -0.565  -0.549  -0.524  -0.489  -0.436  -0.361  -0.260  -0.127   0.032   0.216   0.414   0.617   0.818   1.006   1.183   1.344   1.492   1.629   1.757   1.875   1.988   2.102   2.222   2.359   2.509
   6.150  -0.620  -0.620  -0.619  -0.617  -0.615  -0.613  -0.609  -0.605  -0.599  -0.593  -0.584  -0.573  -0.560  -0.542  -0.517  -0.483  -0.433  -0.363  -0.269  -0.144   0.008   0.187   0.382   0.584   0.784   0.971   1.144   1.299   1.440   1.568   1.687   1.798   1.907   2.020   2.143   2.290   2.454
   6.200  -0.621  -0.621  -0.620  -0.620  -0.618  -0.616  -0.613  -0.609  -0.603  -0.596  -0.586  -0.573  -0.558  -0.538  -0.511  -0.476  -0.428  -0.361  -0.272  -0.153  -0.007   0.166   0.355   0.554   0.750   0.931   1.097   1.244   1.377   1.496   1.607   1.715   1.824   1.939   2.069   2.223   2.400
   6.250  -0.622  -0.622  -0.621  -0.621  -0.620  -0.619  -0.617  -0.614  -0.609  -0.603  -0.594  -0.582  -0.566  -0.544  -0.514  -0.475  -0.424  -0.356  -0.267  -0.151  -0.011   0.155   0.336   0.524   0.710   0.880   1.037   1.175   1.300   1.413   1.520   1.628   1.742   1.864   2.001   2.161   2.343
   6.300  -0.622  -0.622  -0.622  -0.622  -0.621  -0.620  -0.619  -0.618  -0.615  -0.611  -0.604  -0.593  -0.577  -0.555  -0.523  -0.482  -0.427  -0.356  -0.265  -0.150  -0.015   0.144   0.315   0.490   0.663   0.820   0.966   1.095   1.214   1.322   1.428   1.540   1.660   1.792   1.937   2.103   2.286
   6.350  -0.623  -0.623  -0.623  -0.622  -0.622  -0.621  -0.621  -0.620  -0.618  -0.615  -0.610  -0.602  -0.590  -0.571  -0.542  -0.502  -0.447  -0.373  -0.280  -0.164  -0.030   0.122   0.283   0.445   0.603   0.747   0.882   1.005   1.120   1.228   1.336   1.455   1.582   1.723   1.877   2.045   2.229
   6.400  -0.623  -0.623  -0.623  -0.623  -0.622  -0.622  -0.621  -0.621  -0.619  -0.618  -0.615  -0.610  -0.601  -0.587  -0.563  -0.526  -0.473  -0.399  -0.305  -0.189  -0.057   0.088   0.240   0.388   0.532   0.666   0.791   0.909   1.022   1.132   1.245   1.371   1.508   1.658   1.819   1.990   2.171
   6.450  -0.623  -0.623  -0.623  -0.623  -0.623  -0.622  -0.622  -0.621  -0.621  -0.619  -0.617  -0.614  -0.607  -0.597  -0.578  -0.547  -0.501  -0.433  -0.344  -0.233  -0.105   0.034   0.177   0.317   0.451   0.577   0.697   0.812   0.925   1.038   1.158   1.292   1.437   1.596   1.764   1.935   2.112
   6.500  -0.623  -0.623  -0.623  -0.623  -0.623  -0.623  -0.623  -0.622  -0.621  -0.620  -0.619  -0.616  -0.611  -0.603  -0.589  -0.565  -0.527  -0.467  -0.387  -0.283  -0.162  -0.030   0.106   0.238   0.365   0.486   0.602   0.715   0.829   0.947   1.074   1.216   1.370   1.537   1.710   1.881   2.051
   6.550  -0.623  -0.623  -0.623  -0.624  -0.624  -0.624  -0.623  -0.623  -0.622  -0.622  -0.620  -0.618  -0.614  -0.608  -0.596  -0.577  -0.545  -0.494  -0.424  -0.331  -0.221  -0.098   0.031   0.158   0.281   0.398   0.511   0.622   0.737   0.860   0.993   1.144   1.307   1.480   1.656   1.825   1.990
   6.600  -0.624  -0.624  -0.624  -0.624  -0.624  -0.624  -0.624  -0.624  -0.623  -0.623  -0.621  -0.619  -0.616  -0.610  -0.600  -0.585  -0.558  -0.516  -0.457  -0.376  -0.277  -0.164  -0.043   0.079   0.199   0.312   0.424   0.534   0.650   0.778   0.918   1.077   1.246   1.424   1.602   1.769   1.928
   6.650  -0.624  -0.624  -0.624  -0.624  -0.625  -0.625  -0.625  -0.624  -0.624  -0.624  -0.622  -0.621  -0.618  -0.613  -0.605  -0.591  -0.569  -0.534  -0.483  -0.412  -0.325  -0.222  -0.110   0.005   0.121   0.232   0.342   0.453   0.572   0.704   0.851   1.014   1.188   1.369   1.547   1.712   1.867
   6.700  -0.625  -0.625  -0.625  -0.625  -0.625  -0.625  -0.625  -0.625  -0.625  -0.624  -0.624  -0.622  -0.619  -0.615  -0.608  -0.597  -0.577  -0.548  -0.505  -0.443  -0.366  -0.274  -0.171  -0.063   0.047   0.155   0.265   0.378   0.499   0.637   0.789   0.957   1.133   1.314   1.492   1.654   1.806
   6.750  -0.626  -0.626  -0.625  -0.625  -0.625  -0.625  -0.626  -0.626  -0.625  -0.625  -0.624  -0.623  -0.621  -0.617  -0.611  -0.601  -0.585  -0.560  -0.523  -0.469  -0.402  -0.319  -0.226  -0.126  -0.021   0.083   0.191   0.306   0.432   0.574   0.731   0.902   1.081   1.262   1.437   1.596   1.744
   6.800  -0.627  -0.626  -0.626  -0.626  -0.626  -0.626  -0.626  -0.626  -0.626  -0.626  -0.625  -0.624  -0.622  -0.619  -0.614  -0.605  -0.591  -0.570  -0.538  -0.491  -0.432  -0.359  -0.275  -0.183  -0.084   0.016   0.124   0.241   0.370   0.517   0.677   0.851   1.031   1.210   1.382   1.538   1.681
   6.850  -0.627  -0.627  -0.627  -0.627  -0.627  -0.627  -0.627  -0.627  -0.627  -0.627  -0.626  -0.625  -0.623  -0.621  -0.616  -0.609  -0.597  -0.578  -0.550  -0.510  -0.458  -0.393  -0.317  -0.232  -0.140  -0.042   0.065   0.184   0.316   0.466   0.629   0.803   0.981   1.158   1.326   1.477   1.613
   6.900  -0.628  -0.628  -0.628  -0.628  -0.628  -0.628  -0.628  -0.628  -0.628  -0.628  -0.627  -0.626  -0.624  -0.622  -0.618  -0.611  -0.601  -0.584  -0.560  -0.526  -0.480  -0.422  -0.353  -0.275  -0.188  -0.092   0.014   0.134   0.268   0.420   0.583   0.757   0.933   1.106   1.270   1.415   1.543
   6.950  -0.629  -0.629  -0.629  -0.629  -0.629  -0.629  -0.629  -0.629  -0.629  -0.629  -0.628  -0.627  -0.625  -0.623  -0.619  -0.613  -0.604  -0.589  -0.568  -0.538  -0.498  -0.446  -0.383  -0.311  -0.228  -0.136  -0.030   0.091   0.227   0.378   0.540   0.712   0.886   1.055   1.214   1.353   1.477
   7.000  -0.630  -0.630  -0.630  -0.630  -0.630  -0.630  -0.630  -0.630  -0.630  -0.630  -0.629  -0.628  -0.626  -0.624  -0.620  -0.615  -0.606  -0.593  -0.574  -0.548  -0.512  -0.465  -0.407  -0.340  -0.261  -0.171  -0.068   0.053   0.189   0.338   0.497   0.667   0.838   1.003   1.157   1.292   1.411
   7.050  -0.631  -0.631  -0.631  -0.631  -0.631  -0.631  -0.631  -0.631  -0.631  -0.631  -0.630  -0.629  -0.627  -0.625  -0.621  -0.616  -0.607  -0.595  -0.578  -0.554  -0.521  -0.479  -0.426  -0.362  -0.287  -0.199  -0.098   0.020   0.153   0.299   0.455   0.622   0.790   0.952   1.102   1.227   1.335
   7.100  -0.633  -0.633  -0.633  -0.633  -0.633  -0.633  -0.632  -0.632  -0.632  -0.632  -0.632  -0.631  -0.629  -0.627  -0.623  -0.617  -0.609  -0.597  -0.581  -0.558  -0.528  -0.489  -0.440  -0.380  -0.308  -0.223  -0.124  -0.010   0.118   0.260   0.413   0.576   0.741   0.900   1.044   1.160   1.252
   7.150  -0.634  -0.634  -0.634  -0.634  -0.634  -0.634  -0.634  -0.634  -0.634  -0.634  -0.633  -0.632  -0.631  -0.629  -0.626  -0.620  -0.612  -0.600  -0.584  -0.562  -0.534  -0.497  -0.451  -0.395  -0.328  -0.245  -0.150  -0.040   0.082   0.221   0.371   0.532   0.692   0.848   0.985   1.082   1.155
   7.200  -0.636  -0.636  -0.636  -0.636  -0.636  -0.636  -0.636  -0.636  -0.636  -0.636  -0.635  -0.634  -0.633  -0.632  -0.629  -0.624  -0.616  -0.604  -0.588  -0.567  -0.540  -0.505  -0.461  -0.409  -0.346  -0.267  -0.175  -0.071   0.047   0.183   0.330   0.487   0.643   0.789   0.912   0.996   1.046
   7.250  -0.638  -0.638  -0.638  -0.638  -0.638  -0.638  -0.638  -0.638  -0.638  -0.638  -0.637  -0.636  -0.635  -0.634  -0.631  -0.627  -0.620  -0.609  -0.594  -0.574  -0.548  -0.515  -0.473  -0.424  -0.364  -0.290  -0.202  -0.102   0.012   0.145   0.288   0.444   0.591   0.707   0.797   0.876   0.913
   7.300  -0.640  -0.640  -0.640  -0.640  -0.640  -0.640  -0.640  -0.640  -0.640  -0.640  -0.639  -0.639  -0.638  -0.637  -0.634  -0.630  -0.624  -0.615  -0.601  -0.582  -0.557  -0.526  -0.487  -0.440  -0.382  -0.312  -0.230  -0.134  -0.023   0.107   0.247   0.401   0.539   0.626   0.685   0.731   0.758
   7.350  -0.642  -0.642  -0.642  -0.642  -0.642  -0.642  -0.642  -0.642  -0.642  -0.642  -0.641  -0.641  -0.641  -0.640  -0.637  -0.634  -0.628  -0.620  -0.608  -0.591  -0.568  -0.539  -0.502  -0.457  -0.401  -0.335  -0.257  -0.164  -0.057   0.069   0.206   0.359   0.496   0.579   0.634   0.654   0.678
   7.400  -0.644  -0.644  -0.644  -0.645  -0.645  -0.645  -0.645  -0.645  -0.645  -0.645  -0.644  -0.644  -0.644  -0.643  -0.641  -0.638  -0.633  -0.626  -0.615  -0.600  -0.579  -0.552  -0.518  -0.474  -0.421  -0.359  -0.284  -0.194  -0.090   0.032   0.164   0.307   0.436   0.517   0.572   0.615   0.640
   7.450  -0.647  -0.647  -0.647  -0.648  -0.648  -0.648  -0.648  -0.648  -0.648  -0.648  -0.647  -0.647  -0.647  -0.646  -0.644  -0.642  -0.638  -0.631  -0.622  -0.608  -0.590  -0.565  -0.533  -0.491  -0.441  -0.381  -0.310  -0.224  -0.124  -0.001   0.122   0.228   0.316   0.374   0.413   0.472   0.492
   7.500  -0.651  -0.651  -0.651  -0.651  -0.651  -0.651  -0.651  -0.651  -0.651  -0.651  -0.651  -0.651  -0.650  -0.649  -0.648  -0.646  -0.642  -0.636  -0.628  -0.616  -0.600  -0.577  -0.547  -0.508  -0.460  -0.404  -0.336  -0.253  -0.157  -0.035   0.079   0.149   0.197   0.232   0.256   0.274   0.285
   7.550  -0.654  -0.654  -0.654  -0.654  -0.654  -0.654  -0.654  -0.654  -0.654  -0.654  -0.654  -0.654  -0.654  -0.653  -0.652  -0.650  -0.646  -0.641  -0.634  -0.624  -0.610  -0.588  -0.559  -0.523  -0.478  -0.425  -0.361  -0.282  -0.190  -0.073   0.036   0.099   0.140   0.171   0.192   0.193   0.202
   7.600  -0.658  -0.658  -0.658  -0.658  -0.658  -0.658  -0.658  -0.658  -0.658  -0.658  -0.658  -0.658  -0.658  -0.657  -0.656  -0.654  -0.651  -0.646  -0.640  -0.632  -0.619  -0.598  -0.571  -0.537  -0.496  -0.446  -0.385  -0.311  -0.223  -0.112  -0.007   0.057   0.101   0.133   0.155   0.172   0.182
   7.650  -0.663  -0.663  -0.663  -0.663  -0.663  -0.663  -0.663  -0.663  -0.663  -0.663  -0.663  -0.663  -0.662  -0.662  -0.661  -0.659  -0.656  -0.652  -0.646  -0.639  -0.628  -0.608  -0.583  -0.552  -0.514  -0.467  -0.410  -0.339  -0.256  -0.150  -0.051   0.011   0.052   0.083   0.104   0.119   0.128
   7.700  -0.668  -0.668  -0.668  -0.668  -0.668  -0.668  -0.668  -0.668  -0.668  -0.668  -0.668  -0.668  -0.667  -0.667  -0.666  -0.664  -0.662  -0.658  -0.653  -0.647  -0.636  -0.618  -0.594  -0.566  -0.532  -0.489  -0.435  -0.369  -0.290  -0.190  -0.096  -0.038   0.001   0.030   0.049   0.065   0.074
   7.750  -0.673  -0.673  -0.673  -0.673  -0.673  -0.673  -0.673  -0.673  -0.673  -0.674  -0.674  -0.673  -0.673  -0.672  -0.672  -0.670  -0.668  -0.666  -0.661  -0.655  -0.644  -0.627  -0.606  -0.581  -0.549  -0.510  -0.461  -0.399  -0.324  -0.230  -0.141  -0.086  -0.049  -0.021  -0.003   0.004   0.012
   7.800  -0.679  -0.679  -0.679  -0.679  -0.679  -0.679  -0.679  -0.679  -0.679  -0.680  -0.680  -0.680  -0.679  -0.679  -0.678  -0.677  -0.675  -0.673  -0.670  -0.663  -0.652  -0.637  -0.618  -0.595  -0.567  -0.532  -0.488  -0.429  -0.360  -0.276  -0.197  -0.149  -0.115  -0.091  -0.075  -0.062  -0.054
   7.850  -0.686  -0.686  -0.686  -0.686  -0.686  -0.686  -0.686  -0.686  -0.686  -0.686  -0.687  -0.687  -0.686  -0.686  -0.685  -0.684  -0.683  -0.682  -0.678  -0.671  -0.661  -0.648  -0.631  -0.611  -0.586  -0.555  -0.515  -0.458  -0.397  -0.339  -0.290  -0.258  -0.236  -0.220  -0.209  -0.181  -0.175
   7.900  -0.694  -0.694  -0.694  -0.694  -0.694  -0.694  -0.694  -0.694  -0.694  -0.694  -0.694  -0.694  -0.694  -0.694  -0.693  -0.692  -0.691  -0.690  -0.687  -0.680  -0.671  -0.659  -0.645  -0.628  -0.606  -0.579  -0.543  -0.488  -0.435  -0.403  -0.381  -0.365  -0.354  -0.346  -0.340  -0.336  -0.334
   7.950  -0.702  -0.702  -0.702  -0.702  -0.702  -0.702  -0.702  -0.702  -0.702  -0.702  -0.702  -0.702  -0.702  -0.702  -0.701  -0.700  -0.699  -0.698  -0.695  -0.689  -0.681  -0.671  -0.659  -0.644  -0.626  -0.602  -0.571  -0.521  -0.473  -0.447  -0.430  -0.417  -0.409  -0.402  -0.398  -0.407  -0.405
   8.000  -0.710  -0.710  -0.710  -0.710  -0.710  -0.710  -0.710  -0.710  -0.710  -0.710  -0.710  -0.710  -0.710  -0.710  -0.710  -0.709  -0.708  -0.707  -0.704  -0.698  -0.691  -0.683  -0.673  -0.661  -0.646  -0.626  -0.599  -0.555  -0.512  -0.486  -0.469  -0.456  -0.447  -0.440  -0.436  -0.432  -0.430
   8.100  -0.730  -0.730  -0.730  -0.730  -0.730  -0.730  -0.730  -0.730  -0.730  -0.730  -0.730  -0.730  -0.730  -0.730  -0.730  -0.730  -0.730  -0.728  -0.725  -0.721  -0.716  -0.711  -0.706  -0.700  -0.691  -0.679  -0.661  -0.630  -0.599  -0.581  -0.568  -0.559  -0.552  -0.548  -0.545  -0.542  -0.541
   8.200  -0.754  -0.754  -0.754  -0.754  -0.754  -0.754  -0.754  -0.754  -0.754  -0.754  -0.754  -0.755  -0.755  -0.755  -0.755  -0.755  -0.755  -0.753  -0.751  -0.748  -0.746  -0.745  -0.744  -0.744  -0.742  -0.738  -0.728  -0.704  -0.679  -0.665  -0.655  -0.648  -0.643  -0.639  -0.637  -0.662  -0.661
   8.300  -0.783  -0.783  -0.783  -0.783  -0.783  -0.783  -0.783  -0.783  -0.783  -0.783  -0.783  -0.783  -0.784  -0.784  -0.784  -0.784  -0.784  -0.783  -0.781  -0.780  -0.781  -0.783  -0.786  -0.792  -0.798  -0.800  -0.800  -0.798  -0.796  -0.795  -0.794  -0.793  -0.793  -0.793  -0.793  -0.792  -0.792
   8.400  -0.834  -0.826  -0.820  -0.817  -0.816  -0.816  -0.817  -0.817  -0.817  -0.816  -0.817  -0.817  -0.817  -0.817  -0.817  -0.817  -0.817  -0.816  -0.816  -0.818  -0.820  -0.826  -0.833  -0.845  -0.858  -0.860  -0.878  -0.956  -1.042  -1.090  -1.124  -1.148  -1.165  -1.177  -1.185  -1.096  -1.099
   8.500  -0.853  -0.853  -0.853  -0.853  -0.853  -0.854  -0.854  -0.854  -0.854  -0.854  -0.854  -0.854  -0.854  -0.854  -0.854  -0.854  -0.854  -0.855  -0.856  -0.859  -0.864  -0.873  -0.885  -0.903  -0.923  -0.926  -0.961  -1.100  -1.253  -1.340  -1.399  -1.442  -1.472  -1.494  -1.508  -1.520  -1.527
   8.600  -0.783  -0.836  -0.871  -0.890  -0.891  -0.895  -0.894  -0.895  -0.895  -0.895  -0.895  -0.895  -0.895  -0.895  -0.895  -0.895  -0.895  -0.897  -0.899  -0.904  -0.911  -0.924  -0.941  -0.963  -0.991  -1.018  -1.047  -1.141  -1.280  -1.353  -1.397  -1.433  -1.455  -1.473  -1.484  -1.493  -1.499
   8.700  -0.643  -0.783  -0.878  -0.927  -0.931  -0.940  -0.938  -0.939  -0.939  -0.939  -0.939  -0.939  -0.939  -0.939  -0.939  -0.939  -0.940  -0.942  -0.946  -0.953  -0.962  -0.978  -1.000  -1.028  -1.063  -1.098  -1.136  -1.159  -1.172  -1.184  -1.191  -1.196  -1.200  -1.203  -1.204  -1.206  -1.207

