fixed metal distribution -- based on Grevesse & Sauval (1998)
    form     version        X           Z          logRs    logR_min    logR_max       logTs    logT_min    logT_max
       1          38    0.900000    0.000300          37   -8.000000    1.000000         138    3.750000    8.700000

   logT                       logR = logRho - 3*logT + 18
          -8.000  -7.750  -7.500  -7.250  -7.000  -6.750  -6.500  -6.250  -6.000  -5.750  -5.500  -5.250  -5.000  -4.750  -4.500  -4.250  -4.000  -3.750  -3.500  -3.250  -3.000  -2.750  -2.500  -2.250  -2.000  -1.750  -1.500  -1.250  -1.000  -0.750  -0.500  -0.250   0.000   0.250   0.500   0.750   1.000

   3.750  -0.698  -0.779  -0.868  -0.963  -1.066  -1.170  -1.278  -1.386  -1.495  -1.602  -1.708  -1.810  -1.908  -1.996  -2.075  -2.133  -2.175  -2.189  -2.178  -2.144  -2.086  -2.016  -1.931  -1.839  -1.738  -1.636  -1.530  -1.421  -1.310  -1.197  -1.083  -0.967  -0.849  -0.729  -0.608  -0.485  -0.361
   3.775  -0.560  -0.603  -0.657  -0.722  -0.797  -0.880  -0.973  -1.067  -1.167  -1.266  -1.366  -1.462  -1.554  -1.635  -1.707  -1.760  -1.798  -1.809  -1.799  -1.766  -1.711  -1.646  -1.566  -1.477  -1.376  -1.279  -1.179  -1.074  -0.965  -0.856  -0.747  -0.634  -0.518  -0.402  -0.283  -0.164  -0.042
   3.800  -0.471  -0.488  -0.516  -0.554  -0.603  -0.662  -0.731  -0.805  -0.885  -0.967  -1.053  -1.134  -1.214  -1.282  -1.343  -1.388  -1.419  -1.427  -1.415  -1.384  -1.333  -1.272  -1.199  -1.115  -1.019  -0.927  -0.833  -0.733  -0.629  -0.525  -0.419  -0.310  -0.199  -0.086   0.029   0.146   0.264
   3.825  -0.442  -0.447  -0.457  -0.472  -0.493  -0.521  -0.556  -0.597  -0.645  -0.700  -0.758  -0.819  -0.878  -0.931  -0.977  -1.012  -1.035  -1.038  -1.025  -0.996  -0.952  -0.896  -0.829  -0.751  -0.667  -0.582  -0.493  -0.400  -0.303  -0.203  -0.101   0.002   0.108   0.217   0.328   0.442   0.557
   3.850  -0.442  -0.441  -0.440  -0.439  -0.438  -0.438  -0.440  -0.448  -0.462  -0.484  -0.510  -0.541  -0.572  -0.602  -0.627  -0.646  -0.656  -0.652  -0.636  -0.608  -0.569  -0.518  -0.457  -0.389  -0.316  -0.238  -0.156  -0.071   0.018   0.112   0.209   0.306   0.406   0.510   0.617   0.726   0.838
   3.875  -0.439  -0.435  -0.430  -0.423  -0.413  -0.401  -0.387  -0.374  -0.360  -0.349  -0.338  -0.329  -0.321  -0.314  -0.306  -0.297  -0.285  -0.268  -0.245  -0.216  -0.179  -0.133  -0.080  -0.022   0.042   0.110   0.183   0.259   0.340   0.426   0.514   0.605   0.699   0.796   0.896   1.000   1.108
   3.900  -0.439  -0.436  -0.430  -0.423  -0.411  -0.394  -0.373  -0.344  -0.310  -0.269  -0.224  -0.175  -0.126  -0.077  -0.030   0.013   0.053   0.089   0.125   0.162   0.200   0.243   0.291   0.342   0.398   0.456   0.519   0.587   0.659   0.735   0.814   0.898   0.984   1.074   1.166   1.264   1.365
   3.925  -0.440  -0.438  -0.433  -0.426  -0.415  -0.398  -0.373  -0.338  -0.291  -0.233  -0.163  -0.084   0.000   0.088   0.175   0.257   0.332   0.398   0.457   0.509   0.557   0.603   0.649   0.696   0.746   0.797   0.852   0.912   0.974   1.041   1.111   1.185   1.263   1.345   1.431   1.522   1.618
   3.950  -0.441  -0.440  -0.436  -0.432  -0.424  -0.408  -0.384  -0.346  -0.295  -0.226  -0.142  -0.041   0.072   0.193   0.317   0.438   0.551   0.651   0.740   0.814   0.878   0.933   0.984   1.031   1.078   1.125   1.175   1.226   1.281   1.339   1.400   1.465   1.535   1.609   1.689   1.773   1.862
   3.975  -0.440  -0.439  -0.436  -0.433  -0.426  -0.413  -0.391  -0.356  -0.306  -0.236  -0.146  -0.035   0.094   0.239   0.391   0.545   0.694   0.831   0.954   1.058   1.147   1.221   1.283   1.338   1.387   1.434   1.480   1.526   1.574   1.625   1.678   1.735   1.797   1.865   1.937   2.015   2.098
   4.000  -0.437  -0.436  -0.434  -0.432  -0.427  -0.417  -0.398  -0.367  -0.321  -0.255  -0.166  -0.051   0.085   0.243   0.415   0.596   0.776   0.947   1.104   1.242   1.361   1.458   1.540   1.607   1.665   1.716   1.762   1.807   1.850   1.896   1.943   1.995   2.050   2.111   2.177   2.249   2.326
   4.025  -0.434  -0.434  -0.432  -0.431  -0.427  -0.418  -0.401  -0.374  -0.332  -0.269  -0.185  -0.073   0.063   0.224   0.404   0.599   0.800   0.996   1.184   1.354   1.505   1.632   1.739   1.828   1.901   1.962   2.014   2.061   2.105   2.149   2.193   2.241   2.292   2.348   2.409   2.475   2.547
   4.050  -0.431  -0.431  -0.429  -0.428  -0.425  -0.417  -0.403  -0.379  -0.340  -0.283  -0.204  -0.099   0.032   0.190   0.371   0.572   0.784   0.999   1.211   1.409   1.592   1.750   1.887   2.001   2.095   2.171   2.234   2.288   2.336   2.382   2.427   2.474   2.523   2.575   2.632   2.694   2.760
   4.075  -0.429  -0.428  -0.426  -0.425  -0.422  -0.416  -0.403  -0.381  -0.346  -0.294  -0.220  -0.121   0.004   0.156   0.332   0.532   0.746   0.970   1.196   1.416   1.625   1.813   1.980   2.122   2.241   2.338   2.418   2.485   2.542   2.594   2.643   2.691   2.740   2.791   2.845   2.904   2.968
   4.100  -0.427  -0.425  -0.423  -0.422  -0.419  -0.413  -0.402  -0.382  -0.351  -0.302  -0.234  -0.141  -0.024   0.121   0.290   0.483   0.695   0.921   1.155   1.390   1.619   1.833   2.029   2.199   2.346   2.467   2.568   2.652   2.723   2.785   2.841   2.893   2.944   2.996   3.050   3.108   3.169
   4.125  -0.426  -0.424  -0.422  -0.420  -0.417  -0.411  -0.400  -0.382  -0.353  -0.308  -0.245  -0.159  -0.049   0.088   0.250   0.436   0.643   0.868   1.104   1.347   1.589   1.821   2.040   2.235   2.409   2.558   2.685   2.790   2.879   2.955   3.020   3.079   3.135   3.190   3.245   3.303   3.364
   4.150  -0.425  -0.423  -0.420  -0.418  -0.414  -0.409  -0.398  -0.382  -0.355  -0.313  -0.255  -0.174  -0.071   0.058   0.213   0.391   0.592   0.813   1.048   1.294   1.543   1.789   2.024   2.243   2.442   2.617   2.771   2.901   3.011   3.103   3.180   3.249   3.312   3.372   3.431   3.492   3.553
   4.175  -0.425  -0.422  -0.419  -0.416  -0.413  -0.407  -0.397  -0.381  -0.355  -0.317  -0.262  -0.187  -0.090   0.033   0.180   0.352   0.547   0.764   0.998   1.244   1.496   1.748   1.995   2.230   2.450   2.650   2.830   2.985   3.117   3.228   3.321   3.402   3.474   3.541   3.605   3.670   3.733
   4.200  -0.425  -0.421  -0.418  -0.415  -0.411  -0.405  -0.395  -0.380  -0.356  -0.320  -0.269  -0.198  -0.106   0.011   0.152   0.318   0.508   0.721   0.952   1.196   1.449   1.704   1.958   2.205   2.441   2.663   2.866   3.046   3.202   3.333   3.445   3.540   3.623   3.698   3.769   3.838   3.906
   4.225  -0.426  -0.421  -0.417  -0.414  -0.409  -0.403  -0.393  -0.378  -0.355  -0.322  -0.274  -0.207  -0.120  -0.009   0.127   0.290   0.475   0.685   0.913   1.156   1.407   1.664   1.921   2.177   2.425   2.663   2.886   3.088   3.268   3.420   3.551   3.663   3.759   3.845   3.923   3.999   4.070
   4.250  -0.426  -0.421  -0.417  -0.413  -0.407  -0.400  -0.390  -0.376  -0.354  -0.322  -0.277  -0.214  -0.131  -0.024   0.107   0.266   0.448   0.656   0.882   1.122   1.373   1.629   1.889   2.149   2.405   2.656   2.896   3.117   3.318   3.492   3.643   3.772   3.884   3.981   4.068   4.151   4.227
   4.275  -0.426  -0.421  -0.417  -0.411  -0.405  -0.397  -0.387  -0.372  -0.351  -0.321  -0.277  -0.218  -0.139  -0.036   0.092   0.247   0.427   0.633   0.858   1.098   1.349   1.605   1.866   2.128   2.390   2.649   2.901   3.138   3.357   3.551   3.722   3.869   3.997   4.107   4.205   4.295   4.376
   4.300  -0.425  -0.421  -0.416  -0.410  -0.403  -0.394  -0.383  -0.368  -0.347  -0.317  -0.276  -0.219  -0.143  -0.044   0.080   0.233   0.411   0.616   0.841   1.081   1.332   1.589   1.850   2.114   2.378   2.644   2.904   3.154   3.389   3.600   3.790   3.956   4.099   4.224   4.332   4.431   4.517
   4.325  -0.424  -0.421  -0.416  -0.410  -0.401  -0.391  -0.378  -0.362  -0.340  -0.312  -0.272  -0.217  -0.144  -0.048   0.073   0.224   0.401   0.605   0.830   1.070   1.322   1.579   1.842   2.107   2.374   2.644   2.910   3.170   3.417   3.644   3.850   4.032   4.192   4.330   4.451   4.557   4.649
   4.350  -0.423  -0.420  -0.416  -0.409  -0.399  -0.388  -0.373  -0.356  -0.333  -0.304  -0.265  -0.212  -0.141  -0.047   0.072   0.221   0.397   0.601   0.825   1.066   1.318   1.576   1.840   2.107   2.376   2.648   2.919   3.187   3.444   3.684   3.905   4.101   4.276   4.428   4.560   4.675   4.773
   4.375  -0.421  -0.419  -0.414  -0.407  -0.397  -0.385  -0.369  -0.349  -0.325  -0.295  -0.255  -0.203  -0.134  -0.042   0.076   0.224   0.400   0.603   0.828   1.068   1.321   1.580   1.845   2.114   2.385   2.660   2.935   3.208   3.472   3.723   3.956   4.165   4.352   4.517   4.660   4.785   4.889
   4.400  -0.419  -0.417  -0.413  -0.406  -0.396  -0.382  -0.364  -0.343  -0.316  -0.285  -0.244  -0.192  -0.123  -0.032   0.085   0.233   0.409   0.611   0.836   1.077   1.330   1.591   1.857   2.126   2.400   2.677   2.955   3.232   3.503   3.762   4.005   4.225   4.423   4.598   4.752   4.885   4.997
   4.425  -0.417  -0.416  -0.411  -0.405  -0.395  -0.381  -0.362  -0.338  -0.309  -0.274  -0.231  -0.178  -0.108  -0.017   0.099   0.246   0.422   0.625   0.849   1.091   1.345   1.606   1.873   2.145   2.420   2.700   2.980   3.262   3.537   3.803   4.053   4.282   4.489   4.674   4.837   4.978   5.097
   4.450  -0.415  -0.414  -0.410  -0.404  -0.395  -0.380  -0.361  -0.335  -0.302  -0.265  -0.218  -0.162  -0.091   0.001   0.118   0.265   0.440   0.644   0.868   1.110   1.365   1.627   1.895   2.168   2.445   2.727   3.010   3.294   3.574   3.844   4.101   4.336   4.551   4.744   4.914   5.062   5.187
   4.475  -0.414  -0.413  -0.409  -0.404  -0.395  -0.381  -0.361  -0.333  -0.299  -0.257  -0.206  -0.146  -0.071   0.024   0.142   0.291   0.466   0.670   0.895   1.138   1.393   1.655   1.924   2.198   2.476   2.759   3.044   3.330   3.613   3.887   4.147   4.388   4.609   4.807   4.983   5.136   5.266
   4.500  -0.414  -0.412  -0.408  -0.404  -0.396  -0.383  -0.362  -0.334  -0.297  -0.252  -0.196  -0.130  -0.050   0.049   0.170   0.321   0.497   0.701   0.927   1.170   1.426   1.689   1.958   2.232   2.510   2.794   3.080   3.368   3.652   3.927   4.191   4.435   4.660   4.862   5.043   5.200   5.334
   4.525  -0.413  -0.412  -0.408  -0.405  -0.397  -0.385  -0.365  -0.337  -0.299  -0.250  -0.190  -0.119  -0.032   0.073   0.200   0.354   0.533   0.739   0.965   1.208   1.464   1.726   1.995   2.269   2.547   2.831   3.117   3.405   3.690   3.966   4.230   4.476   4.703   4.908   5.090   5.247   5.382
   4.550  -0.414  -0.412  -0.409  -0.405  -0.399  -0.387  -0.369  -0.341  -0.303  -0.252  -0.189  -0.112  -0.018   0.094   0.228   0.388   0.571   0.778   1.005   1.248   1.504   1.765   2.033   2.306   2.584   2.867   3.152   3.439   3.723   3.998   4.262   4.508   4.735   4.941   5.123   5.281   5.415
   4.575  -0.414  -0.412  -0.409  -0.406  -0.400  -0.389  -0.372  -0.346  -0.309  -0.258  -0.193  -0.111  -0.011   0.109   0.251   0.418   0.607   0.818   1.047   1.290   1.545   1.805   2.072   2.343   2.619   2.900   3.183   3.467   3.748   4.021   4.282   4.527   4.753   4.957   5.138   5.294   5.426
   4.600  -0.414  -0.412  -0.409  -0.406  -0.401  -0.391  -0.376  -0.351  -0.315  -0.266  -0.200  -0.115  -0.010   0.117   0.266   0.440   0.636   0.851   1.083   1.327   1.581   1.841   2.106   2.375   2.649   2.926   3.206   3.486   3.762   4.032   4.289   4.531   4.754   4.956   5.135   5.289   5.418
   4.625  -0.414  -0.412  -0.409  -0.406  -0.402  -0.393  -0.379  -0.356  -0.323  -0.274  -0.209  -0.124  -0.017   0.114   0.269   0.449   0.650   0.871   1.106   1.353   1.608   1.867   2.130   2.397   2.668   2.941   3.216   3.491   3.763   4.027   4.280   4.518   4.738   4.937   5.113   5.266   5.393
   4.650  -0.413  -0.411  -0.409  -0.406  -0.402  -0.395  -0.382  -0.361  -0.330  -0.284  -0.220  -0.136  -0.029   0.104   0.262   0.446   0.652   0.877   1.116   1.365   1.620   1.880   2.142   2.407   2.675   2.944   3.214   3.484   3.749   4.008   4.256   4.490   4.706   4.902   5.076   5.225   5.349
   4.675  -0.413  -0.411  -0.408  -0.406  -0.403  -0.396  -0.384  -0.365  -0.336  -0.292  -0.231  -0.149  -0.044   0.089   0.247   0.432   0.639   0.866   1.107   1.357   1.614   1.874   2.137   2.401   2.666   2.931   3.197   3.461   3.721   3.974   4.217   4.446   4.660   4.853   5.025   5.175   5.298
   4.700  -0.412  -0.410  -0.408  -0.406  -0.403  -0.397  -0.386  -0.368  -0.341  -0.300  -0.242  -0.163  -0.060   0.070   0.226   0.409   0.616   0.842   1.083   1.334   1.592   1.853   2.116   2.379   2.643   2.906   3.167   3.426   3.681   3.929   4.168   4.394   4.604   4.795   4.966   5.113   5.236
   4.725  -0.412  -0.410  -0.407  -0.406  -0.402  -0.397  -0.387  -0.371  -0.345  -0.307  -0.252  -0.177  -0.078   0.049   0.201   0.381   0.584   0.807   1.046   1.295   1.553   1.814   2.078   2.342   2.605   2.867   3.126   3.382   3.633   3.878   4.113   4.335   4.543   4.733   4.903   5.050   5.174
   4.750  -0.411  -0.410  -0.407  -0.405  -0.402  -0.397  -0.387  -0.372  -0.349  -0.313  -0.262  -0.190  -0.095   0.027   0.174   0.349   0.547   0.766   1.001   1.248   1.504   1.766   2.030   2.294   2.558   2.819   3.078   3.332   3.581   3.823   4.055   4.276   4.481   4.670   4.839   4.984   5.108
   4.775  -0.411  -0.410  -0.408  -0.406  -0.402  -0.396  -0.387  -0.373  -0.351  -0.318  -0.270  -0.202  -0.111   0.006   0.148   0.317   0.510   0.724   0.955   1.198   1.452   1.712   1.975   2.240   2.505   2.767   3.026   3.280   3.528   3.769   4.000   4.219   4.423   4.610   4.777   4.922   5.045
   4.800  -0.412  -0.411  -0.409  -0.406  -0.402  -0.397  -0.388  -0.374  -0.353  -0.323  -0.277  -0.213  -0.127  -0.015   0.122   0.286   0.473   0.682   0.909   1.149   1.399   1.657   1.920   2.185   2.451   2.714   2.974   3.229   3.478   3.718   3.949   4.167   4.369   4.554   4.719   4.863   4.984
   4.825  -0.413  -0.411  -0.409  -0.406  -0.403  -0.397  -0.389  -0.376  -0.356  -0.326  -0.283  -0.222  -0.140  -0.033   0.098   0.257   0.439   0.644   0.867   1.104   1.352   1.608   1.870   2.134   2.400   2.665   2.926   3.183   3.432   3.674   3.904   4.121   4.321   4.504   4.667   4.807   4.926
   4.850  -0.413  -0.412  -0.409  -0.407  -0.403  -0.398  -0.390  -0.377  -0.358  -0.329  -0.288  -0.229  -0.151  -0.049   0.077   0.231   0.409   0.610   0.829   1.064   1.310   1.564   1.824   2.088   2.354   2.620   2.883   3.141   3.392   3.635   3.865   4.081   4.280   4.459   4.619   4.756   4.871
   4.875  -0.414  -0.412  -0.410  -0.407  -0.404  -0.399  -0.391  -0.378  -0.359  -0.331  -0.291  -0.235  -0.160  -0.062   0.060   0.210   0.383   0.581   0.798   1.030   1.274   1.528   1.787   2.051   2.316   2.582   2.846   3.106   3.359   3.603   3.834   4.048   4.244   4.420   4.575   4.707   4.818
   4.900  -0.414  -0.412  -0.410  -0.408  -0.405  -0.400  -0.391  -0.379  -0.361  -0.333  -0.294  -0.240  -0.167  -0.072   0.046   0.192   0.362   0.557   0.772   1.002   1.246   1.498   1.757   2.020   2.285   2.551   2.816   3.077   3.332   3.576   3.807   4.019   4.212   4.383   4.533   4.661   4.766
   4.925  -0.413  -0.412  -0.410  -0.408  -0.405  -0.400  -0.393  -0.381  -0.363  -0.336  -0.298  -0.245  -0.174  -0.081   0.035   0.179   0.346   0.539   0.752   0.981   1.224   1.475   1.734   1.996   2.261   2.528   2.793   3.055   3.310   3.555   3.784   3.994   4.183   4.349   4.493   4.614   4.714
   4.950  -0.413  -0.411  -0.410  -0.408  -0.405  -0.401  -0.393  -0.383  -0.365  -0.339  -0.302  -0.250  -0.180  -0.088   0.026   0.168   0.334   0.525   0.737   0.965   1.207   1.458   1.716   1.978   2.243   2.510   2.775   3.037   3.292   3.536   3.764   3.969   4.154   4.314   4.451   4.568   4.662
   4.975  -0.411  -0.410  -0.409  -0.407  -0.405  -0.401  -0.394  -0.384  -0.367  -0.342  -0.305  -0.254  -0.186  -0.095   0.018   0.159   0.324   0.514   0.725   0.953   1.195   1.446   1.703   1.965   2.230   2.496   2.761   3.022   3.276   3.518   3.742   3.944   4.122   4.276   4.407   4.517   4.607
   5.000  -0.408  -0.408  -0.407  -0.406  -0.403  -0.400  -0.394  -0.384  -0.368  -0.345  -0.309  -0.259  -0.192  -0.102   0.011   0.150   0.315   0.505   0.716   0.944   1.185   1.436   1.693   1.954   2.218   2.483   2.746   3.006   3.258   3.496   3.717   3.913   4.086   4.233   4.358   4.465   4.551
   5.025  -0.405  -0.405  -0.404  -0.403  -0.401  -0.398  -0.393  -0.384  -0.370  -0.347  -0.314  -0.265  -0.199  -0.110   0.002   0.142   0.306   0.496   0.707   0.935   1.177   1.426   1.683   1.943   2.205   2.468   2.729   2.986   3.234   3.469   3.685   3.875   4.042   4.183   4.304   4.406   4.491
   5.050  -0.401  -0.401  -0.400  -0.399  -0.398  -0.395  -0.391  -0.383  -0.370  -0.349  -0.318  -0.271  -0.206  -0.119  -0.008   0.132   0.296   0.487   0.698   0.926   1.166   1.415   1.670   1.928   2.188   2.448   2.705   2.959   3.203   3.432   3.643   3.828   3.990   4.127   4.243   4.344   4.428
   5.075  -0.397  -0.397  -0.396  -0.395  -0.394  -0.392  -0.387  -0.381  -0.369  -0.350  -0.320  -0.276  -0.214  -0.129  -0.019   0.119   0.284   0.474   0.685   0.912   1.152   1.399   1.651   1.906   2.162   2.418   2.671   2.920   3.159   3.383   3.589   3.769   3.927   4.061   4.176   4.277   4.362
   5.100  -0.393  -0.393  -0.392  -0.391  -0.389  -0.387  -0.383  -0.377  -0.366  -0.349  -0.322  -0.281  -0.221  -0.139  -0.032   0.105   0.268   0.457   0.667   0.894   1.132   1.376   1.625   1.876   2.128   2.379   2.627   2.870   3.103   3.323   3.524   3.701   3.857   3.990   4.104   4.206   4.292
   5.125  -0.390  -0.389  -0.387  -0.386  -0.384  -0.382  -0.378  -0.372  -0.362  -0.346  -0.321  -0.283  -0.227  -0.149  -0.045   0.089   0.249   0.436   0.644   0.868   1.103   1.344   1.589   1.835   2.082   2.327   2.569   2.807   3.035   3.249   3.447   3.623   3.778   3.911   4.028   4.132   4.222
   5.150  -0.387  -0.386  -0.384  -0.382  -0.380  -0.377  -0.373  -0.367  -0.357  -0.343  -0.320  -0.285  -0.233  -0.158  -0.059   0.070   0.226   0.410   0.614   0.834   1.066   1.303   1.544   1.785   2.025   2.265   2.501   2.733   2.956   3.167   3.362   3.537   3.693   3.828   3.948   4.056   4.150
   5.175  -0.387  -0.385  -0.383  -0.380  -0.377  -0.374  -0.370  -0.364  -0.354  -0.341  -0.319  -0.286  -0.237  -0.167  -0.073   0.050   0.200   0.378   0.577   0.793   1.020   1.252   1.488   1.724   1.958   2.192   2.423   2.650   2.869   3.077   3.272   3.447   3.604   3.743   3.867   3.979   4.078
   5.200  -0.388  -0.385  -0.383  -0.380  -0.377  -0.373  -0.368  -0.362  -0.352  -0.339  -0.318  -0.288  -0.242  -0.177  -0.088   0.028   0.172   0.343   0.535   0.745   0.967   1.194   1.425   1.655   1.885   2.113   2.338   2.561   2.777   2.984   3.177   3.354   3.514   3.657   3.785   3.902   4.006
   5.225  -0.390  -0.387  -0.384  -0.381  -0.377  -0.373  -0.367  -0.360  -0.351  -0.338  -0.318  -0.289  -0.247  -0.186  -0.103   0.007   0.142   0.305   0.490   0.694   0.909   1.131   1.356   1.581   1.806   2.029   2.251   2.470   2.683   2.888   3.082   3.260   3.424   3.571   3.705   3.826   3.934
   5.250  -0.393  -0.390  -0.386  -0.383  -0.379  -0.374  -0.368  -0.361  -0.351  -0.338  -0.319  -0.292  -0.252  -0.195  -0.118  -0.015   0.112   0.267   0.444   0.640   0.849   1.065   1.285   1.505   1.724   1.944   2.161   2.378   2.589   2.793   2.988   3.168   3.335   3.487   3.625   3.751   3.864
   5.275  -0.397  -0.394  -0.391  -0.387  -0.382  -0.377  -0.371  -0.363  -0.353  -0.341  -0.322  -0.296  -0.258  -0.205  -0.132  -0.036   0.083   0.230   0.399   0.587   0.789   0.999   1.213   1.428   1.644   1.859   2.074   2.287   2.497   2.700   2.895   3.078   3.249   3.405   3.548   3.678   3.795
   5.300  -0.402  -0.399  -0.396  -0.392  -0.387  -0.381  -0.375  -0.367  -0.357  -0.345  -0.326  -0.301  -0.265  -0.215  -0.147  -0.057   0.055   0.194   0.355   0.535   0.730   0.933   1.143   1.353   1.565   1.776   1.988   2.199   2.407   2.610   2.806   2.991   3.165   3.326   3.473   3.607   3.727
   5.325  -0.406  -0.404  -0.400  -0.396  -0.392  -0.386  -0.379  -0.372  -0.362  -0.349  -0.332  -0.308  -0.273  -0.226  -0.162  -0.078   0.029   0.160   0.313   0.486   0.674   0.871   1.075   1.281   1.488   1.696   1.905   2.114   2.321   2.524   2.720   2.908   3.085   3.249   3.401   3.538   3.661
   5.350  -0.410  -0.408  -0.405  -0.401  -0.397  -0.391  -0.385  -0.377  -0.367  -0.355  -0.338  -0.315  -0.283  -0.238  -0.178  -0.098   0.003   0.128   0.273   0.439   0.620   0.812   1.010   1.211   1.415   1.620   1.826   2.033   2.238   2.441   2.638   2.828   3.008   3.176   3.330   3.470   3.595
   5.375  -0.414  -0.412  -0.410  -0.407  -0.403  -0.398  -0.392  -0.384  -0.375  -0.363  -0.346  -0.324  -0.293  -0.250  -0.193  -0.118  -0.022   0.097   0.236   0.395   0.570   0.756   0.949   1.146   1.346   1.547   1.750   1.955   2.160   2.362   2.561   2.752   2.934   3.105   3.263   3.404   3.531
   5.400  -0.417  -0.416  -0.414  -0.411  -0.408  -0.404  -0.398  -0.391  -0.382  -0.370  -0.354  -0.333  -0.303  -0.263  -0.209  -0.137  -0.046   0.067   0.200   0.354   0.523   0.703   0.891   1.084   1.280   1.478   1.679   1.881   2.085   2.287   2.486   2.679   2.864   3.037   3.197   3.341   3.469
   5.425  -0.419  -0.418  -0.416  -0.414  -0.412  -0.408  -0.403  -0.397  -0.389  -0.377  -0.362  -0.342  -0.314  -0.275  -0.224  -0.155  -0.069   0.040   0.167   0.315   0.478   0.653   0.837   1.025   1.218   1.413   1.610   1.811   2.013   2.216   2.416   2.610   2.796   2.971   3.133   3.278   3.408
   5.450  -0.420  -0.419  -0.418  -0.416  -0.414  -0.411  -0.407  -0.402  -0.394  -0.384  -0.370  -0.351  -0.324  -0.287  -0.238  -0.173  -0.090   0.014   0.137   0.279   0.437   0.607   0.786   0.970   1.159   1.351   1.546   1.745   1.946   2.148   2.349   2.544   2.731   2.908   3.072   3.218   3.349
   5.475  -0.421  -0.420  -0.419  -0.418  -0.416  -0.414  -0.411  -0.406  -0.399  -0.390  -0.377  -0.359  -0.334  -0.299  -0.252  -0.190  -0.110  -0.011   0.108   0.245   0.398   0.563   0.738   0.918   1.103   1.292   1.485   1.682   1.882   2.084   2.285   2.481   2.670   2.847   3.011   3.159   3.292
   5.500  -0.421  -0.421  -0.420  -0.419  -0.418  -0.416  -0.413  -0.410  -0.404  -0.396  -0.384  -0.367  -0.343  -0.311  -0.266  -0.206  -0.130  -0.034   0.080   0.213   0.361   0.522   0.692   0.868   1.050   1.236   1.427   1.622   1.821   2.024   2.225   2.421   2.610   2.788   2.953   3.102   3.237
   5.525  -0.422  -0.421  -0.421  -0.420  -0.419  -0.418  -0.416  -0.413  -0.408  -0.401  -0.390  -0.375  -0.353  -0.322  -0.280  -0.222  -0.149  -0.056   0.054   0.183   0.327   0.483   0.650   0.822   1.000   1.183   1.371   1.565   1.763   1.966   2.168   2.364   2.553   2.730   2.896   3.047   3.185
   5.550  -0.422  -0.421  -0.421  -0.421  -0.420  -0.419  -0.417  -0.415  -0.411  -0.405  -0.396  -0.382  -0.362  -0.333  -0.293  -0.238  -0.168  -0.078   0.029   0.154   0.294   0.447   0.609   0.778   0.953   1.134   1.319   1.511   1.708   1.911   2.113   2.309   2.497   2.674   2.841   2.994   3.136
   5.575  -0.422  -0.422  -0.421  -0.421  -0.421  -0.420  -0.418  -0.416  -0.413  -0.408  -0.400  -0.388  -0.370  -0.343  -0.306  -0.254  -0.187  -0.100   0.003   0.126   0.263   0.412   0.571   0.737   0.909   1.087   1.270   1.460   1.656   1.858   2.061   2.256   2.444   2.621   2.787   2.944   3.091
   5.600  -0.422  -0.422  -0.422  -0.421  -0.421  -0.420  -0.419  -0.418  -0.415  -0.410  -0.403  -0.393  -0.376  -0.352  -0.318  -0.269  -0.205  -0.122  -0.022   0.098   0.232   0.379   0.535   0.698   0.867   1.042   1.224   1.412   1.607   1.809   2.010   2.205   2.392   2.569   2.737   2.897   3.048
   5.625  -0.423  -0.422  -0.422  -0.422  -0.421  -0.421  -0.420  -0.418  -0.416  -0.412  -0.406  -0.396  -0.382  -0.360  -0.329  -0.284  -0.223  -0.144  -0.047   0.070   0.202   0.346   0.500   0.661   0.828   1.000   1.180   1.367   1.560   1.761   1.962   2.156   2.342   2.519   2.688   2.852   3.010
   5.650  -0.423  -0.422  -0.422  -0.422  -0.421  -0.421  -0.420  -0.419  -0.416  -0.413  -0.407  -0.399  -0.386  -0.367  -0.338  -0.297  -0.240  -0.165  -0.071   0.043   0.172   0.314   0.466   0.625   0.790   0.960   1.138   1.324   1.516   1.716   1.916   2.108   2.295   2.471   2.642   2.810   2.975
   5.675  -0.423  -0.422  -0.422  -0.422  -0.422  -0.421  -0.420  -0.419  -0.417  -0.414  -0.409  -0.402  -0.390  -0.373  -0.347  -0.309  -0.256  -0.184  -0.094   0.016   0.142   0.282   0.433   0.589   0.753   0.922   1.098   1.283   1.475   1.673   1.872   2.063   2.249   2.426   2.599   2.772   2.943
   5.700  -0.423  -0.423  -0.422  -0.422  -0.422  -0.421  -0.420  -0.419  -0.417  -0.415  -0.410  -0.404  -0.393  -0.378  -0.354  -0.319  -0.270  -0.203  -0.117  -0.009   0.114   0.252   0.400   0.555   0.717   0.885   1.060   1.244   1.435   1.632   1.830   2.020   2.205   2.383   2.558   2.736   2.914
   5.725  -0.423  -0.423  -0.423  -0.422  -0.422  -0.421  -0.421  -0.420  -0.418  -0.415  -0.411  -0.405  -0.396  -0.382  -0.360  -0.328  -0.283  -0.219  -0.136  -0.033   0.087   0.222   0.369   0.522   0.683   0.849   1.023   1.207   1.398   1.593   1.789   1.979   2.164   2.342   2.519   2.702   2.887
   5.750  -0.423  -0.423  -0.423  -0.422  -0.422  -0.422  -0.421  -0.420  -0.418  -0.416  -0.412  -0.407  -0.398  -0.385  -0.365  -0.336  -0.293  -0.233  -0.154  -0.055   0.062   0.194   0.338   0.490   0.649   0.814   0.988   1.172   1.362   1.556   1.750   1.939   2.124   2.303   2.483   2.670   2.863
   5.775  -0.423  -0.423  -0.423  -0.423  -0.422  -0.422  -0.421  -0.420  -0.419  -0.416  -0.413  -0.408  -0.399  -0.388  -0.369  -0.342  -0.302  -0.245  -0.170  -0.075   0.039   0.168   0.309   0.459   0.617   0.782   0.955   1.138   1.328   1.520   1.713   1.901   2.085   2.266   2.448   2.640   2.838
   5.800  -0.423  -0.423  -0.423  -0.423  -0.422  -0.422  -0.421  -0.420  -0.419  -0.417  -0.413  -0.409  -0.401  -0.390  -0.373  -0.347  -0.310  -0.256  -0.185  -0.093   0.016   0.142   0.281   0.429   0.586   0.751   0.923   1.107   1.295   1.486   1.677   1.864   2.049   2.231   2.416   2.611   2.813
   5.825  -0.423  -0.423  -0.423  -0.423  -0.422  -0.422  -0.421  -0.421  -0.419  -0.417  -0.414  -0.410  -0.402  -0.392  -0.376  -0.352  -0.316  -0.266  -0.198  -0.110  -0.004   0.118   0.255   0.401   0.557   0.722   0.894   1.077   1.265   1.454   1.643   1.829   2.014   2.197   2.385   2.582   2.788
   5.850  -0.423  -0.423  -0.423  -0.423  -0.423  -0.422  -0.422  -0.421  -0.420  -0.418  -0.415  -0.410  -0.404  -0.394  -0.378  -0.356  -0.322  -0.274  -0.210  -0.126  -0.024   0.096   0.230   0.375   0.531   0.695   0.868   1.050   1.236   1.423   1.611   1.796   1.981   2.166   2.355   2.555   2.763
   5.875  -0.423  -0.423  -0.423  -0.423  -0.423  -0.422  -0.422  -0.421  -0.420  -0.418  -0.415  -0.411  -0.405  -0.396  -0.381  -0.359  -0.327  -0.282  -0.221  -0.140  -0.041   0.076   0.208   0.352   0.507   0.672   0.844   1.025   1.209   1.394   1.579   1.763   1.948   2.135   2.327   2.528   2.736
   5.900  -0.423  -0.423  -0.423  -0.423  -0.423  -0.422  -0.422  -0.421  -0.420  -0.419  -0.416  -0.412  -0.406  -0.397  -0.383  -0.362  -0.332  -0.289  -0.230  -0.153  -0.057   0.058   0.188   0.331   0.486   0.651   0.823   1.002   1.184   1.366   1.549   1.732   1.917   2.106   2.300   2.502   2.709
   5.925  -0.423  -0.423  -0.423  -0.422  -0.422  -0.422  -0.422  -0.421  -0.420  -0.419  -0.416  -0.413  -0.407  -0.398  -0.385  -0.365  -0.336  -0.295  -0.239  -0.164  -0.071   0.042   0.171   0.314   0.468   0.633   0.804   0.980   1.159   1.338   1.518   1.701   1.887   2.078   2.274   2.476   2.683
   5.950  -0.423  -0.423  -0.422  -0.422  -0.422  -0.422  -0.421  -0.421  -0.420  -0.419  -0.417  -0.413  -0.408  -0.400  -0.387  -0.368  -0.340  -0.300  -0.246  -0.173  -0.083   0.028   0.156   0.298   0.452   0.616   0.786   0.960   1.136   1.311   1.489   1.671   1.857   2.051   2.249   2.451   2.657
   5.975  -0.423  -0.423  -0.422  -0.422  -0.421  -0.421  -0.421  -0.420  -0.420  -0.418  -0.416  -0.413  -0.408  -0.400  -0.388  -0.370  -0.344  -0.305  -0.253  -0.182  -0.093   0.016   0.143   0.285   0.439   0.601   0.770   0.940   1.112   1.284   1.459   1.641   1.828   2.024   2.224   2.426   2.632
   6.000  -0.423  -0.422  -0.422  -0.422  -0.421  -0.421  -0.420  -0.420  -0.419  -0.418  -0.416  -0.413  -0.408  -0.401  -0.389  -0.372  -0.347  -0.310  -0.259  -0.190  -0.103   0.005   0.131   0.273   0.426   0.587   0.753   0.920   1.088   1.257   1.430   1.611   1.800   1.998   2.200   2.402   2.607
   6.050  -0.423  -0.423  -0.422  -0.422  -0.421  -0.421  -0.420  -0.419  -0.418  -0.417  -0.414  -0.412  -0.408  -0.401  -0.391  -0.376  -0.353  -0.319  -0.272  -0.206  -0.122  -0.016   0.108   0.248   0.399   0.556   0.717   0.876   1.037   1.200   1.371   1.554   1.745   1.947   2.152   2.355   2.557
   6.100  -0.423  -0.423  -0.423  -0.423  -0.422  -0.422  -0.421  -0.419  -0.418  -0.416  -0.413  -0.411  -0.407  -0.401  -0.392  -0.378  -0.357  -0.326  -0.282  -0.220  -0.139  -0.036   0.085   0.223   0.370   0.521   0.674   0.826   0.981   1.142   1.313   1.498   1.693   1.897   2.105   2.308   2.508
   6.150  -0.423  -0.424  -0.424  -0.423  -0.423  -0.422  -0.422  -0.420  -0.419  -0.417  -0.414  -0.411  -0.406  -0.400  -0.391  -0.378  -0.358  -0.329  -0.288  -0.229  -0.153  -0.054   0.062   0.193   0.333   0.476   0.622   0.768   0.920   1.081   1.255   1.443   1.642   1.849   2.058   2.260   2.458
   6.200  -0.424  -0.424  -0.424  -0.424  -0.424  -0.423  -0.423  -0.422  -0.420  -0.418  -0.416  -0.412  -0.407  -0.401  -0.391  -0.378  -0.359  -0.331  -0.292  -0.237  -0.165  -0.072   0.037   0.160   0.292   0.426   0.566   0.707   0.857   1.021   1.198   1.391   1.593   1.802   2.011   2.212   2.408
   6.250  -0.425  -0.425  -0.425  -0.424  -0.424  -0.424  -0.423  -0.423  -0.422  -0.421  -0.418  -0.415  -0.410  -0.404  -0.394  -0.381  -0.361  -0.335  -0.297  -0.245  -0.177  -0.091   0.010   0.124   0.247   0.374   0.507   0.647   0.798   0.965   1.145   1.341   1.546   1.756   1.965   2.164   2.358
   6.300  -0.425  -0.425  -0.425  -0.425  -0.424  -0.424  -0.424  -0.424  -0.423  -0.423  -0.421  -0.418  -0.414  -0.407  -0.398  -0.385  -0.366  -0.340  -0.304  -0.254  -0.191  -0.112  -0.019   0.085   0.199   0.320   0.450   0.589   0.741   0.911   1.096   1.294   1.500   1.710   1.918   2.116   2.308
   6.350  -0.425  -0.425  -0.425  -0.425  -0.425  -0.425  -0.424  -0.424  -0.424  -0.423  -0.422  -0.420  -0.417  -0.411  -0.403  -0.391  -0.374  -0.349  -0.314  -0.268  -0.209  -0.137  -0.051   0.045   0.152   0.268   0.395   0.535   0.689   0.862   1.050   1.250   1.457   1.665   1.871   2.067   2.255
   6.400  -0.425  -0.425  -0.425  -0.425  -0.425  -0.425  -0.425  -0.425  -0.424  -0.424  -0.423  -0.421  -0.419  -0.415  -0.408  -0.397  -0.381  -0.358  -0.326  -0.283  -0.229  -0.162  -0.084   0.006   0.107   0.218   0.344   0.484   0.641   0.817   1.006   1.207   1.414   1.621   1.825   2.017   2.200
   6.450  -0.425  -0.425  -0.425  -0.425  -0.426  -0.425  -0.425  -0.425  -0.425  -0.424  -0.423  -0.422  -0.420  -0.417  -0.411  -0.402  -0.388  -0.367  -0.338  -0.299  -0.249  -0.187  -0.114  -0.030   0.066   0.175   0.299   0.439   0.597   0.774   0.965   1.166   1.371   1.577   1.778   1.966   2.145
   6.500  -0.426  -0.426  -0.426  -0.426  -0.426  -0.426  -0.426  -0.426  -0.425  -0.425  -0.424  -0.423  -0.421  -0.418  -0.413  -0.406  -0.393  -0.375  -0.349  -0.314  -0.268  -0.211  -0.142  -0.063   0.030   0.136   0.258   0.398   0.556   0.734   0.924   1.125   1.329   1.533   1.730   1.915   2.090
   6.550  -0.426  -0.426  -0.426  -0.427  -0.427  -0.426  -0.426  -0.426  -0.426  -0.425  -0.425  -0.424  -0.423  -0.420  -0.415  -0.409  -0.398  -0.381  -0.358  -0.326  -0.284  -0.231  -0.167  -0.092  -0.003   0.100   0.220   0.360   0.518   0.695   0.885   1.084   1.287   1.488   1.682   1.864   2.033
   6.600  -0.427  -0.427  -0.427  -0.427  -0.427  -0.427  -0.427  -0.427  -0.427  -0.426  -0.426  -0.425  -0.424  -0.421  -0.417  -0.411  -0.401  -0.386  -0.365  -0.336  -0.297  -0.248  -0.188  -0.117  -0.032   0.068   0.186   0.324   0.481   0.658   0.847   1.045   1.245   1.443   1.634   1.811   1.977
   6.650  -0.428  -0.427  -0.427  -0.428  -0.428  -0.427  -0.427  -0.427  -0.427  -0.427  -0.426  -0.426  -0.424  -0.422  -0.419  -0.413  -0.404  -0.391  -0.372  -0.344  -0.309  -0.264  -0.208  -0.140  -0.059   0.040   0.156   0.293   0.449   0.623   0.811   1.006   1.203   1.398   1.586   1.759   1.920
   6.700  -0.428  -0.428  -0.428  -0.428  -0.428  -0.428  -0.428  -0.428  -0.428  -0.428  -0.427  -0.426  -0.425  -0.423  -0.420  -0.415  -0.407  -0.395  -0.377  -0.352  -0.319  -0.277  -0.225  -0.161  -0.082   0.014   0.129   0.264   0.418   0.590   0.775   0.967   1.161   1.353   1.537   1.707   1.864
   6.750  -0.428  -0.428  -0.428  -0.428  -0.428  -0.429  -0.429  -0.428  -0.428  -0.428  -0.428  -0.427  -0.426  -0.424  -0.422  -0.417  -0.410  -0.399  -0.382  -0.359  -0.329  -0.290  -0.241  -0.179  -0.102  -0.008   0.104   0.237   0.388   0.558   0.740   0.928   1.119   1.307   1.487   1.652   1.805
   6.800  -0.429  -0.429  -0.429  -0.429  -0.429  -0.429  -0.429  -0.429  -0.429  -0.429  -0.428  -0.428  -0.427  -0.425  -0.423  -0.419  -0.412  -0.402  -0.387  -0.366  -0.338  -0.302  -0.255  -0.195  -0.121  -0.029   0.081   0.211   0.360   0.526   0.704   0.890   1.077   1.261   1.437   1.597   1.745
   6.850  -0.429  -0.429  -0.430  -0.430  -0.430  -0.430  -0.430  -0.430  -0.430  -0.430  -0.429  -0.429  -0.428  -0.427  -0.424  -0.420  -0.414  -0.404  -0.391  -0.372  -0.346  -0.312  -0.268  -0.211  -0.139  -0.049   0.059   0.186   0.332   0.495   0.670   0.852   1.035   1.214   1.384   1.538   1.678
   6.900  -0.430  -0.430  -0.430  -0.430  -0.431  -0.431  -0.431  -0.431  -0.431  -0.431  -0.430  -0.430  -0.429  -0.428  -0.426  -0.422  -0.416  -0.407  -0.394  -0.377  -0.353  -0.322  -0.280  -0.225  -0.155  -0.068   0.037   0.162   0.304   0.464   0.635   0.813   0.993   1.167   1.331   1.476   1.605
   6.950  -0.431  -0.431  -0.431  -0.431  -0.432  -0.432  -0.432  -0.432  -0.432  -0.432  -0.431  -0.431  -0.430  -0.429  -0.427  -0.423  -0.418  -0.410  -0.398  -0.382  -0.359  -0.330  -0.290  -0.237  -0.170  -0.086   0.016   0.137   0.275   0.432   0.599   0.775   0.951   1.119   1.277   1.416   1.539
   7.000  -0.432  -0.432  -0.432  -0.433  -0.433  -0.433  -0.433  -0.433  -0.433  -0.433  -0.432  -0.432  -0.431  -0.430  -0.428  -0.425  -0.420  -0.412  -0.401  -0.386  -0.365  -0.337  -0.299  -0.248  -0.183  -0.102  -0.004   0.113   0.247   0.400   0.564   0.737   0.909   1.071   1.222   1.356   1.474
   7.050  -0.433  -0.433  -0.433  -0.434  -0.434  -0.434  -0.434  -0.434  -0.434  -0.434  -0.433  -0.433  -0.432  -0.431  -0.429  -0.426  -0.421  -0.414  -0.404  -0.391  -0.371  -0.344  -0.307  -0.257  -0.194  -0.117  -0.023   0.090   0.220   0.369   0.529   0.698   0.867   1.023   1.164   1.286   1.389
   7.100  -0.435  -0.435  -0.435  -0.435  -0.435  -0.435  -0.435  -0.435  -0.435  -0.435  -0.435  -0.435  -0.434  -0.433  -0.431  -0.428  -0.423  -0.416  -0.407  -0.395  -0.377  -0.350  -0.314  -0.266  -0.205  -0.131  -0.042   0.067   0.194   0.338   0.493   0.658   0.822   0.972   1.105   1.210   1.292
   7.150  -0.436  -0.436  -0.436  -0.436  -0.436  -0.436  -0.436  -0.436  -0.436  -0.436  -0.436  -0.436  -0.435  -0.435  -0.433  -0.430  -0.425  -0.419  -0.410  -0.398  -0.381  -0.356  -0.322  -0.276  -0.217  -0.147  -0.061   0.044   0.167   0.307   0.458   0.615   0.770   0.919   1.049   1.138   1.202
   7.200  -0.438  -0.438  -0.438  -0.438  -0.438  -0.438  -0.438  -0.438  -0.438  -0.438  -0.438  -0.438  -0.437  -0.436  -0.435  -0.432  -0.428  -0.422  -0.414  -0.402  -0.385  -0.361  -0.329  -0.285  -0.230  -0.163  -0.080   0.021   0.139   0.276   0.422   0.571   0.718   0.860   0.982   1.064   1.114
   7.250  -0.440  -0.440  -0.440  -0.440  -0.440  -0.440  -0.440  -0.440  -0.440  -0.440  -0.440  -0.439  -0.439  -0.438  -0.437  -0.434  -0.430  -0.425  -0.418  -0.407  -0.390  -0.367  -0.335  -0.294  -0.242  -0.178  -0.099  -0.002   0.112   0.241   0.381   0.533   0.676   0.791   0.881   0.957   0.994
   7.300  -0.442  -0.442  -0.442  -0.442  -0.442  -0.442  -0.442  -0.442  -0.442  -0.442  -0.442  -0.442  -0.441  -0.440  -0.439  -0.437  -0.433  -0.429  -0.422  -0.412  -0.396  -0.373  -0.342  -0.304  -0.255  -0.194  -0.119  -0.025   0.084   0.206   0.340   0.494   0.634   0.721   0.781   0.827   0.855
   7.350  -0.444  -0.444  -0.444  -0.444  -0.444  -0.444  -0.444  -0.444  -0.444  -0.444  -0.444  -0.444  -0.444  -0.443  -0.442  -0.440  -0.436  -0.432  -0.426  -0.416  -0.400  -0.379  -0.350  -0.314  -0.268  -0.211  -0.139  -0.049   0.056   0.172   0.301   0.453   0.592   0.675   0.730   0.752   0.776
   7.400  -0.447  -0.447  -0.447  -0.447  -0.447  -0.447  -0.447  -0.447  -0.447  -0.447  -0.447  -0.447  -0.447  -0.446  -0.445  -0.443  -0.440  -0.436  -0.430  -0.420  -0.405  -0.385  -0.359  -0.325  -0.282  -0.227  -0.159  -0.074   0.026   0.139   0.262   0.403   0.531   0.611   0.665   0.708   0.733
   7.450  -0.450  -0.450  -0.450  -0.450  -0.450  -0.450  -0.450  -0.450  -0.450  -0.450  -0.450  -0.450  -0.450  -0.449  -0.448  -0.446  -0.444  -0.440  -0.434  -0.425  -0.411  -0.392  -0.368  -0.336  -0.295  -0.244  -0.180  -0.100  -0.006   0.109   0.225   0.328   0.414   0.470   0.509   0.567   0.586
   7.500  -0.453  -0.453  -0.453  -0.453  -0.453  -0.453  -0.453  -0.453  -0.453  -0.453  -0.453  -0.453  -0.453  -0.452  -0.451  -0.450  -0.448  -0.445  -0.439  -0.430  -0.417  -0.400  -0.377  -0.347  -0.309  -0.261  -0.201  -0.127  -0.038   0.077   0.186   0.252   0.298   0.331   0.354   0.372   0.382
   7.550  -0.456  -0.456  -0.456  -0.457  -0.457  -0.457  -0.457  -0.457  -0.457  -0.457  -0.457  -0.457  -0.456  -0.456  -0.455  -0.454  -0.452  -0.449  -0.444  -0.435  -0.423  -0.407  -0.386  -0.359  -0.324  -0.279  -0.223  -0.154  -0.070   0.040   0.143   0.203   0.241   0.270   0.290   0.290   0.298
   7.600  -0.460  -0.460  -0.460  -0.460  -0.461  -0.461  -0.461  -0.461  -0.461  -0.461  -0.461  -0.461  -0.460  -0.460  -0.459  -0.458  -0.457  -0.454  -0.449  -0.441  -0.429  -0.414  -0.395  -0.371  -0.339  -0.298  -0.246  -0.181  -0.103   0.001   0.099   0.159   0.200   0.230   0.250   0.266   0.276
   7.650  -0.465  -0.465  -0.465  -0.465  -0.465  -0.465  -0.465  -0.465  -0.465  -0.465  -0.465  -0.465  -0.465  -0.464  -0.464  -0.463  -0.462  -0.459  -0.454  -0.446  -0.436  -0.422  -0.405  -0.383  -0.355  -0.317  -0.270  -0.210  -0.136  -0.039   0.054   0.111   0.150   0.178   0.198   0.211   0.220
   7.700  -0.470  -0.470  -0.470  -0.470  -0.470  -0.470  -0.470  -0.470  -0.470  -0.470  -0.470  -0.470  -0.470  -0.470  -0.469  -0.468  -0.467  -0.464  -0.459  -0.452  -0.443  -0.431  -0.416  -0.397  -0.371  -0.338  -0.295  -0.239  -0.171  -0.080   0.007   0.060   0.096   0.122   0.141   0.154   0.163
   7.750  -0.476  -0.476  -0.476  -0.476  -0.476  -0.476  -0.476  -0.476  -0.476  -0.476  -0.476  -0.476  -0.476  -0.476  -0.475  -0.475  -0.473  -0.470  -0.466  -0.459  -0.451  -0.441  -0.428  -0.411  -0.389  -0.360  -0.321  -0.271  -0.208  -0.124  -0.043   0.006   0.040   0.064   0.081   0.088   0.096
   7.800  -0.482  -0.482  -0.482  -0.482  -0.482  -0.482  -0.482  -0.482  -0.482  -0.482  -0.482  -0.482  -0.482  -0.482  -0.482  -0.481  -0.480  -0.477  -0.473  -0.467  -0.460  -0.451  -0.440  -0.426  -0.408  -0.382  -0.348  -0.303  -0.247  -0.174  -0.104  -0.062  -0.032  -0.011   0.003   0.014   0.021
   7.850  -0.489  -0.489  -0.489  -0.489  -0.489  -0.489  -0.489  -0.489  -0.489  -0.489  -0.489  -0.489  -0.489  -0.489  -0.489  -0.489  -0.487  -0.485  -0.481  -0.476  -0.470  -0.463  -0.454  -0.443  -0.428  -0.406  -0.376  -0.334  -0.286  -0.238  -0.196  -0.170  -0.151  -0.138  -0.129  -0.103  -0.099
   7.900  -0.496  -0.496  -0.496  -0.496  -0.496  -0.496  -0.496  -0.497  -0.497  -0.497  -0.497  -0.497  -0.497  -0.497  -0.497  -0.496  -0.495  -0.492  -0.489  -0.485  -0.480  -0.475  -0.468  -0.460  -0.449  -0.431  -0.406  -0.366  -0.326  -0.302  -0.286  -0.274  -0.266  -0.260  -0.256  -0.253  -0.251
   7.950  -0.504  -0.504  -0.504  -0.504  -0.504  -0.504  -0.504  -0.504  -0.505  -0.505  -0.505  -0.505  -0.505  -0.505  -0.505  -0.504  -0.502  -0.500  -0.498  -0.494  -0.491  -0.487  -0.482  -0.478  -0.470  -0.457  -0.436  -0.400  -0.365  -0.347  -0.336  -0.327  -0.321  -0.317  -0.314  -0.324  -0.322
   8.000  -0.512  -0.512  -0.512  -0.512  -0.512  -0.512  -0.512  -0.513  -0.513  -0.513  -0.513  -0.513  -0.513  -0.513  -0.513  -0.512  -0.510  -0.509  -0.507  -0.505  -0.502  -0.499  -0.497  -0.496  -0.492  -0.483  -0.467  -0.437  -0.407  -0.389  -0.377  -0.368  -0.362  -0.358  -0.354  -0.352  -0.351
   8.100  -0.532  -0.532  -0.532  -0.532  -0.532  -0.532  -0.532  -0.532  -0.532  -0.532  -0.532  -0.533  -0.533  -0.533  -0.533  -0.532  -0.531  -0.530  -0.529  -0.528  -0.528  -0.529  -0.532  -0.537  -0.541  -0.541  -0.536  -0.520  -0.503  -0.493  -0.486  -0.482  -0.478  -0.476  -0.474  -0.473  -0.472
   8.200  -0.556  -0.556  -0.556  -0.556  -0.556  -0.557  -0.557  -0.557  -0.557  -0.557  -0.557  -0.557  -0.557  -0.557  -0.557  -0.557  -0.556  -0.556  -0.556  -0.557  -0.559  -0.565  -0.573  -0.585  -0.597  -0.605  -0.607  -0.596  -0.584  -0.577  -0.572  -0.569  -0.567  -0.565  -0.564  -0.600  -0.600
   8.300  -0.585  -0.585  -0.585  -0.585  -0.585  -0.585  -0.586  -0.586  -0.586  -0.586  -0.586  -0.586  -0.586  -0.585  -0.585  -0.585  -0.586  -0.586  -0.587  -0.590  -0.596  -0.606  -0.620  -0.637  -0.656  -0.673  -0.689  -0.702  -0.712  -0.719  -0.723  -0.727  -0.729  -0.731  -0.732  -0.733  -0.734
   8.400  -0.630  -0.624  -0.620  -0.619  -0.619  -0.619  -0.619  -0.619  -0.619  -0.619  -0.619  -0.619  -0.619  -0.619  -0.618  -0.619  -0.620  -0.621  -0.623  -0.629  -0.637  -0.652  -0.671  -0.687  -0.711  -0.747  -0.805  -0.912  -1.021  -1.085  -1.128  -1.160  -1.182  -1.198  -1.209  -1.094  -1.098
   8.500  -0.656  -0.656  -0.656  -0.656  -0.656  -0.656  -0.656  -0.656  -0.656  -0.656  -0.656  -0.656  -0.656  -0.656  -0.656  -0.657  -0.658  -0.660  -0.664  -0.671  -0.683  -0.703  -0.726  -0.743  -0.773  -0.825  -0.917  -1.096  -1.279  -1.386  -1.460  -1.514  -1.551  -1.577  -1.596  -1.610  -1.618
   8.600  -0.628  -0.663  -0.685  -0.696  -0.695  -0.697  -0.697  -0.697  -0.697  -0.697  -0.697  -0.697  -0.697  -0.697  -0.697  -0.698  -0.700  -0.703  -0.708  -0.718  -0.732  -0.756  -0.786  -0.817  -0.850  -0.911  -0.990  -1.116  -1.277  -1.367  -1.421  -1.466  -1.493  -1.515  -1.529  -1.540  -1.547
   8.700  -0.559  -0.650  -0.710  -0.739  -0.737  -0.742  -0.741  -0.742  -0.741  -0.741  -0.741  -0.741  -0.741  -0.741  -0.742  -0.743  -0.745  -0.749  -0.755  -0.768  -0.786  -0.814  -0.851  -0.892  -0.939  -0.987  -1.037  -1.068  -1.086  -1.101  -1.110  -1.118  -1.123  -1.127  -1.129  -1.131  -1.132

