fixed metal distribution -- based on Grevesse & Sauval (1998)
    form     version        X           Z          logRs    logR_min    logR_max       logTs    logT_min    logT_max
       1          38    0.980000    0.020000          37   -8.000000    1.000000         138    3.750000    8.700000

   logT                       logR = logRho - 3*logT + 18
          -8.000  -7.750  -7.500  -7.250  -7.000  -6.750  -6.500  -6.250  -6.000  -5.750  -5.500  -5.250  -5.000  -4.750  -4.500  -4.250  -4.000  -3.750  -3.500  -3.250  -3.000  -2.750  -2.500  -2.250  -2.000  -1.750  -1.500  -1.250  -1.000  -0.750  -0.500  -0.250   0.000   0.250   0.500   0.750   1.000

   3.750  -0.667  -0.750  -0.839  -0.935  -1.037  -1.141  -1.249  -1.356  -1.464  -1.570  -1.675  -1.775  -1.872  -1.957  -2.032  -2.086  -2.122  -2.130  -2.113  -2.073  -2.008  -1.931  -1.838  -1.738  -1.629  -1.517  -1.399  -1.272  -1.136  -0.992  -0.841  -0.680  -0.511  -0.334  -0.148   0.038   0.226
   3.775  -0.522  -0.567  -0.623  -0.688  -0.764  -0.848  -0.941  -1.036  -1.135  -1.234  -1.334  -1.428  -1.519  -1.598  -1.666  -1.716  -1.749  -1.756  -1.739  -1.700  -1.639  -1.568  -1.484  -1.388  -1.281  -1.177  -1.069  -0.952  -0.826  -0.698  -0.566  -0.426  -0.279  -0.123   0.041   0.205   0.374
   3.800  -0.429  -0.447  -0.476  -0.515  -0.565  -0.625  -0.696  -0.771  -0.851  -0.933  -1.019  -1.100  -1.178  -1.245  -1.303  -1.345  -1.372  -1.376  -1.359  -1.323  -1.266  -1.201  -1.124  -1.035  -0.934  -0.837  -0.738  -0.630  -0.514  -0.398  -0.280  -0.156  -0.026   0.112   0.258   0.406   0.557
   3.825  -0.398  -0.402  -0.412  -0.428  -0.449  -0.478  -0.514  -0.557  -0.605  -0.661  -0.721  -0.781  -0.839  -0.892  -0.935  -0.968  -0.987  -0.987  -0.970  -0.936  -0.888  -0.829  -0.758  -0.676  -0.587  -0.499  -0.406  -0.304  -0.198  -0.091   0.020   0.134   0.252   0.379   0.510   0.638   0.777
   3.850  -0.396  -0.394  -0.392  -0.390  -0.389  -0.389  -0.392  -0.401  -0.416  -0.439  -0.467  -0.498  -0.530  -0.559  -0.583  -0.600  -0.607  -0.600  -0.580  -0.549  -0.507  -0.452  -0.388  -0.317  -0.239  -0.158  -0.072   0.021   0.119   0.220   0.325   0.431   0.541   0.657   0.778   0.903   1.032
   3.875  -0.393  -0.388  -0.381  -0.373  -0.362  -0.349  -0.335  -0.321  -0.308  -0.297  -0.288  -0.279  -0.272  -0.265  -0.256  -0.247  -0.234  -0.214  -0.189  -0.157  -0.118  -0.069  -0.013   0.049   0.117   0.188   0.265   0.349   0.437   0.529   0.625   0.723   0.825   0.931   1.042   1.156   1.275
   3.900  -0.394  -0.390  -0.382  -0.372  -0.359  -0.340  -0.317  -0.287  -0.251  -0.210  -0.165  -0.117  -0.068  -0.020   0.026   0.068   0.108   0.146   0.182   0.221   0.262   0.307   0.357   0.411   0.470   0.533   0.601   0.675   0.753   0.835   0.922   1.013   1.107   1.204   1.306   1.412   1.523
   3.925  -0.396  -0.392  -0.385  -0.376  -0.363  -0.343  -0.315  -0.277  -0.229  -0.168  -0.098  -0.018   0.067   0.153   0.239   0.320   0.394   0.459   0.518   0.570   0.619   0.667   0.715   0.765   0.818   0.874   0.934   0.998   1.067   1.140   1.217   1.299   1.384   1.474   1.568   1.665   1.768
   3.950  -0.399  -0.395  -0.390  -0.383  -0.372  -0.353  -0.325  -0.284  -0.230  -0.157  -0.070   0.033   0.147   0.269   0.392   0.511   0.622   0.720   0.806   0.880   0.943   1.000   1.051   1.101   1.151   1.202   1.255   1.312   1.373   1.437   1.506   1.579   1.656   1.738   1.824   1.916   2.012
   3.975  -0.399  -0.396  -0.391  -0.385  -0.376  -0.359  -0.333  -0.293  -0.239  -0.164  -0.069   0.046   0.178   0.324   0.476   0.629   0.776   0.910   1.030   1.131   1.218   1.291   1.354   1.410   1.462   1.512   1.562   1.613   1.667   1.724   1.784   1.849   1.918   1.993   2.072   2.156   2.246
   4.000  -0.398  -0.395  -0.391  -0.386  -0.378  -0.364  -0.340  -0.305  -0.253  -0.180  -0.085   0.035   0.177   0.339   0.512   0.692   0.871   1.038   1.192   1.325   1.440   1.536   1.616   1.684   1.743   1.796   1.846   1.895   1.944   1.996   2.050   2.109   2.171   2.238   2.311   2.389   2.472
   4.025  -0.397  -0.394  -0.390  -0.387  -0.379  -0.367  -0.345  -0.312  -0.264  -0.194  -0.101   0.018   0.161   0.328   0.512   0.708   0.907   1.101   1.284   1.449   1.595   1.719   1.823   1.910   1.983   2.045   2.100   2.151   2.200   2.249   2.300   2.354   2.411   2.473   2.540   2.611   2.689
   4.050  -0.394  -0.392  -0.389  -0.386  -0.379  -0.368  -0.349  -0.319  -0.273  -0.208  -0.120  -0.005   0.134   0.300   0.487   0.691   0.903   1.117   1.325   1.518   1.694   1.848   1.980   2.090   2.182   2.259   2.323   2.380   2.432   2.483   2.533   2.585   2.639   2.696   2.758   2.825   2.896
   4.075  -0.391  -0.388  -0.385  -0.383  -0.377  -0.367  -0.350  -0.322  -0.280  -0.219  -0.136  -0.027   0.108   0.270   0.454   0.658   0.875   1.099   1.322   1.537   1.739   1.921   2.082   2.219   2.335   2.431   2.511   2.579   2.639   2.694   2.746   2.799   2.852   2.907   2.966   3.029   3.096
   4.100  -0.387  -0.384  -0.381  -0.379  -0.374  -0.365  -0.349  -0.324  -0.286  -0.229  -0.151  -0.048   0.080   0.235   0.413   0.614   0.830   1.058   1.290   1.521   1.744   1.951   2.139   2.304   2.447   2.565   2.665   2.748   2.820   2.883   2.941   2.996   3.051   3.106   3.163   3.224   3.288
   4.125  -0.384  -0.381  -0.377  -0.374  -0.369  -0.361  -0.347  -0.324  -0.289  -0.237  -0.165  -0.068   0.053   0.200   0.372   0.567   0.780   1.008   1.244   1.484   1.721   1.947   2.158   2.348   2.517   2.661   2.784   2.888   2.975   3.050   3.116   3.177   3.235   3.293   3.350   3.411   3.473
   4.150  -0.382  -0.378  -0.374  -0.370  -0.364  -0.356  -0.343  -0.322  -0.290  -0.242  -0.176  -0.086   0.027   0.168   0.332   0.520   0.728   0.953   1.190   1.434   1.680   1.920   2.150   2.362   2.556   2.726   2.874   3.000   3.106   3.196   3.273   3.342   3.406   3.467   3.528   3.590   3.653
   4.175  -0.381  -0.377  -0.371  -0.367  -0.361  -0.352  -0.339  -0.319  -0.288  -0.244  -0.182  -0.099   0.007   0.140   0.296   0.478   0.680   0.901   1.137   1.383   1.633   1.882   2.124   2.354   2.569   2.763   2.936   3.085   3.213   3.320   3.411   3.491   3.563   3.630   3.695   3.760   3.825
   4.200  -0.382  -0.376  -0.370  -0.365  -0.357  -0.348  -0.335  -0.315  -0.286  -0.244  -0.186  -0.108  -0.008   0.117   0.266   0.440   0.636   0.854   1.087   1.332   1.584   1.838   2.089   2.332   2.564   2.780   2.976   3.149   3.299   3.426   3.533   3.626   3.708   3.783   3.853   3.922   3.990
   4.225  -0.382  -0.376  -0.370  -0.364  -0.356  -0.346  -0.332  -0.312  -0.284  -0.244  -0.188  -0.115  -0.020   0.099   0.242   0.409   0.600   0.813   1.043   1.287   1.539   1.796   2.052   2.305   2.550   2.783   2.999   3.194   3.367   3.514   3.640   3.748   3.842   3.926   4.003   4.077   4.148
   4.250  -0.382  -0.377  -0.370  -0.363  -0.355  -0.344  -0.330  -0.310  -0.282  -0.243  -0.189  -0.118  -0.028   0.086   0.223   0.385   0.571   0.780   1.007   1.249   1.500   1.757   2.017   2.276   2.531   2.777   3.011   3.226   3.420   3.587   3.732   3.856   3.964   4.059   4.144   4.225   4.301
   4.275  -0.381  -0.375  -0.369  -0.362  -0.353  -0.342  -0.327  -0.307  -0.279  -0.241  -0.189  -0.121  -0.033   0.077   0.210   0.369   0.551   0.757   0.982   1.222   1.472   1.729   1.991   2.253   2.514   2.770   3.017   3.248   3.460   3.647   3.812   3.953   4.077   4.184   4.278   4.366   4.446
   4.300  -0.379  -0.374  -0.367  -0.360  -0.351  -0.339  -0.324  -0.304  -0.276  -0.239  -0.188  -0.122  -0.036   0.071   0.202   0.358   0.538   0.742   0.965   1.203   1.453   1.710   1.971   2.236   2.501   2.764   3.020   3.265   3.493   3.698   3.881   4.040   4.179   4.299   4.404   4.500   4.584
   4.325  -0.376  -0.371  -0.365  -0.357  -0.347  -0.335  -0.319  -0.299  -0.272  -0.235  -0.187  -0.122  -0.039   0.066   0.195   0.351   0.530   0.734   0.956   1.194   1.443   1.699   1.961   2.227   2.495   2.763   3.026   3.281   3.522   3.742   3.942   4.117   4.272   4.405   4.522   4.625   4.714
   4.350  -0.373  -0.368  -0.362  -0.353  -0.343  -0.330  -0.313  -0.292  -0.265  -0.230  -0.183  -0.120  -0.039   0.065   0.193   0.348   0.528   0.732   0.954   1.191   1.440   1.696   1.959   2.226   2.495   2.767   3.035   3.298   3.549   3.783   3.997   4.187   4.356   4.503   4.630   4.741   4.835
   4.375  -0.372  -0.367  -0.359  -0.350  -0.338  -0.324  -0.306  -0.284  -0.256  -0.220  -0.174  -0.113  -0.034   0.068   0.195   0.351   0.531   0.735   0.958   1.196   1.445   1.702   1.965   2.232   2.503   2.777   3.049   3.318   3.577   3.822   4.048   4.251   4.432   4.591   4.730   4.849   4.950
   4.400  -0.371  -0.365  -0.358  -0.348  -0.335  -0.319  -0.299  -0.275  -0.245  -0.209  -0.162  -0.102  -0.024   0.076   0.202   0.357   0.538   0.743   0.967   1.206   1.456   1.713   1.977   2.245   2.517   2.793   3.068   3.341   3.607   3.860   4.096   4.310   4.502   4.672   4.820   4.949   5.057
   4.425  -0.370  -0.365  -0.357  -0.347  -0.334  -0.317  -0.295  -0.268  -0.236  -0.197  -0.148  -0.088  -0.010   0.090   0.214   0.368   0.548   0.754   0.978   1.218   1.470   1.729   1.994   2.264   2.537   2.815   3.092   3.369   3.639   3.898   4.142   4.365   4.566   4.745   4.903   5.039   5.154
   4.450  -0.369  -0.364  -0.357  -0.347  -0.334  -0.316  -0.293  -0.264  -0.228  -0.186  -0.134  -0.071   0.008   0.107   0.231   0.384   0.564   0.769   0.994   1.236   1.489   1.750   2.017   2.288   2.563   2.841   3.120   3.399   3.672   3.936   4.186   4.415   4.624   4.811   4.977   5.120   5.242
   4.475  -0.368  -0.363  -0.356  -0.347  -0.334  -0.316  -0.293  -0.262  -0.223  -0.178  -0.122  -0.055   0.028   0.130   0.255   0.408   0.587   0.792   1.017   1.260   1.514   1.776   2.044   2.316   2.592   2.872   3.152   3.432   3.707   3.973   4.226   4.460   4.675   4.868   5.040   5.188   5.315
   4.500  -0.367  -0.362  -0.355  -0.347  -0.335  -0.317  -0.294  -0.262  -0.221  -0.172  -0.112  -0.040   0.047   0.153   0.280   0.435   0.614   0.820   1.045   1.288   1.543   1.806   2.075   2.348   2.624   2.904   3.185   3.465   3.741   4.008   4.262   4.499   4.717   4.914   5.090   5.244   5.375
   4.525  -0.365  -0.360  -0.354  -0.346  -0.335  -0.319  -0.295  -0.263  -0.222  -0.170  -0.107  -0.031   0.061   0.173   0.305   0.463   0.645   0.851   1.077   1.320   1.575   1.837   2.106   2.380   2.657   2.937   3.217   3.497   3.771   4.037   4.291   4.528   4.748   4.947   5.125   5.279   5.412
   4.550  -0.363  -0.359  -0.352  -0.345  -0.335  -0.320  -0.297  -0.266  -0.224  -0.171  -0.105  -0.025   0.073   0.190   0.328   0.491   0.676   0.885   1.111   1.354   1.608   1.869   2.137   2.411   2.688   2.967   3.246   3.524   3.796   4.060   4.311   4.546   4.765   4.964   5.142   5.297   5.429
   4.575  -0.362  -0.357  -0.351  -0.344  -0.334  -0.320  -0.298  -0.268  -0.227  -0.173  -0.105  -0.022   0.080   0.203   0.348   0.517   0.707   0.919   1.147   1.389   1.642   1.902   2.169   2.440   2.715   2.992   3.269   3.544   3.813   4.072   4.318   4.550   4.765   4.961   5.137   5.291   5.422
   4.600  -0.360  -0.355  -0.349  -0.343  -0.333  -0.319  -0.299  -0.269  -0.229  -0.176  -0.107  -0.021   0.085   0.213   0.363   0.538   0.733   0.948   1.179   1.421   1.673   1.932   2.196   2.464   2.736   3.011   3.284   3.555   3.819   4.072   4.314   4.540   4.750   4.942   5.114   5.265   5.394
   4.625  -0.358  -0.353  -0.347  -0.341  -0.332  -0.319  -0.299  -0.271  -0.232  -0.179  -0.110  -0.022   0.086   0.217   0.372   0.550   0.750   0.968   1.200   1.444   1.696   1.953   2.215   2.481   2.749   3.019   3.288   3.554   3.812   4.059   4.294   4.514   4.718   4.905   5.073   5.222   5.350
   4.650  -0.356  -0.352  -0.346  -0.340  -0.331  -0.319  -0.300  -0.273  -0.234  -0.182  -0.114  -0.025   0.084   0.217   0.374   0.556   0.758   0.978   1.212   1.457   1.709   1.965   2.225   2.487   2.752   3.018   3.281   3.541   3.793   4.034   4.262   4.475   4.673   4.854   5.018   5.162   5.288
   4.675  -0.354  -0.349  -0.344  -0.338  -0.329  -0.317  -0.299  -0.274  -0.237  -0.186  -0.118  -0.030   0.079   0.214   0.372   0.554   0.757   0.978   1.213   1.458   1.710   1.965   2.223   2.483   2.744   3.005   3.263   3.517   3.763   3.997   4.218   4.425   4.617   4.793   4.953   5.096   5.220
   4.700  -0.352  -0.347  -0.341  -0.335  -0.327  -0.316  -0.299  -0.274  -0.239  -0.189  -0.123  -0.036   0.073   0.207   0.365   0.547   0.750   0.970   1.205   1.449   1.700   1.954   2.211   2.468   2.725   2.982   3.235   3.483   3.723   3.951   4.166   4.367   4.553   4.724   4.880   5.020   5.144
   4.725  -0.351  -0.345  -0.339  -0.333  -0.325  -0.314  -0.297  -0.274  -0.240  -0.193  -0.129  -0.043   0.064   0.197   0.354   0.534   0.735   0.954   1.186   1.429   1.678   1.931   2.186   2.442   2.697   2.950   3.200   3.443   3.677   3.899   4.108   4.304   4.485   4.652   4.805   4.944   5.067
   4.750  -0.350  -0.344  -0.338  -0.331  -0.323  -0.312  -0.296  -0.274  -0.242  -0.196  -0.134  -0.051   0.054   0.185   0.340   0.518   0.716   0.932   1.162   1.401   1.649   1.900   2.154   2.409   2.662   2.913   3.159   3.398   3.627   3.844   4.048   4.238   4.415   4.579   4.728   4.865   4.989
   4.775  -0.350  -0.344  -0.338  -0.331  -0.322  -0.311  -0.295  -0.274  -0.243  -0.199  -0.139  -0.059   0.044   0.172   0.324   0.499   0.694   0.907   1.133   1.370   1.615   1.865   2.117   2.371   2.623   2.872   3.116   3.352   3.577   3.790   3.989   4.175   4.347   4.506   4.653   4.789   4.912
   4.800  -0.351  -0.345  -0.338  -0.331  -0.322  -0.311  -0.295  -0.274  -0.244  -0.202  -0.144  -0.066   0.033   0.158   0.306   0.478   0.669   0.878   1.102   1.336   1.578   1.826   2.077   2.330   2.582   2.830   3.073   3.306   3.528   3.737   3.932   4.113   4.280   4.435   4.579   4.713   4.836
   4.825  -0.352  -0.346  -0.339  -0.332  -0.323  -0.311  -0.296  -0.275  -0.246  -0.205  -0.149  -0.073   0.023   0.145   0.289   0.456   0.643   0.849   1.069   1.300   1.541   1.787   2.038   2.290   2.542   2.790   3.031   3.263   3.483   3.688   3.879   4.055   4.217   4.368   4.508   4.641   4.763
   4.850  -0.353  -0.347  -0.340  -0.333  -0.324  -0.312  -0.296  -0.276  -0.247  -0.207  -0.152  -0.079   0.014   0.131   0.271   0.434   0.617   0.819   1.035   1.265   1.504   1.749   2.000   2.252   2.503   2.751   2.992   3.223   3.441   3.642   3.829   4.000   4.158   4.304   4.440   4.570   4.692
   4.875  -0.353  -0.347  -0.340  -0.333  -0.324  -0.312  -0.296  -0.276  -0.248  -0.209  -0.155  -0.085   0.006   0.119   0.255   0.413   0.592   0.789   1.003   1.231   1.469   1.714   1.964   2.216   2.467   2.715   2.956   3.185   3.401   3.600   3.782   3.948   4.101   4.243   4.376   4.503   4.624
   4.900  -0.353  -0.347  -0.339  -0.332  -0.323  -0.311  -0.296  -0.276  -0.248  -0.210  -0.158  -0.089  -0.001   0.108   0.240   0.394   0.568   0.762   0.973   1.199   1.435   1.680   1.930   2.183   2.434   2.682   2.922   3.151   3.365   3.560   3.739   3.900   4.048   4.185   4.313   4.438   4.557
   4.925  -0.351  -0.345  -0.338  -0.331  -0.322  -0.311  -0.296  -0.276  -0.249  -0.212  -0.161  -0.094  -0.009   0.099   0.227   0.377   0.547   0.738   0.946   1.169   1.404   1.648   1.898   2.151   2.403   2.651   2.891   3.119   3.331   3.522   3.697   3.854   3.997   4.129   4.253   4.375   4.493
   4.950  -0.347  -0.342  -0.335  -0.328  -0.320  -0.309  -0.294  -0.275  -0.248  -0.212  -0.164  -0.098  -0.015   0.090   0.215   0.363   0.530   0.717   0.922   1.142   1.376   1.619   1.869   2.122   2.375   2.623   2.863   3.089   3.298   3.487   3.657   3.809   3.947   4.075   4.195   4.314   4.430
   4.975  -0.340  -0.335  -0.329  -0.323  -0.315  -0.304  -0.290  -0.272  -0.246  -0.212  -0.164  -0.101  -0.019   0.083   0.207   0.352   0.517   0.701   0.903   1.121   1.351   1.593   1.843   2.096   2.349   2.597   2.836   3.061   3.268   3.453   3.619   3.766   3.899   4.022   4.138   4.255   4.370
   5.000  -0.329  -0.325  -0.319  -0.314  -0.306  -0.296  -0.283  -0.266  -0.242  -0.209  -0.163  -0.102  -0.022   0.078   0.199   0.343   0.506   0.688   0.887   1.102   1.330   1.570   1.819   2.072   2.325   2.573   2.812   3.034   3.239   3.420   3.582   3.724   3.852   3.970   4.083   4.198   4.311
   5.025  -0.314  -0.310  -0.306  -0.300  -0.293  -0.284  -0.272  -0.256  -0.233  -0.202  -0.159  -0.100  -0.024   0.074   0.192   0.334   0.495   0.675   0.872   1.084   1.311   1.550   1.797   2.050   2.303   2.551   2.789   3.010   3.212   3.389   3.546   3.683   3.806   3.920   4.029   4.141   4.254
   5.050  -0.296  -0.293  -0.288  -0.283  -0.277  -0.268  -0.257  -0.242  -0.220  -0.191  -0.150  -0.095  -0.022   0.073   0.188   0.327   0.486   0.664   0.859   1.069   1.294   1.531   1.777   2.030   2.283   2.531   2.768   2.987   3.186   3.360   3.512   3.643   3.761   3.871   3.976   4.086   4.198
   5.075  -0.278  -0.273  -0.268  -0.262  -0.255  -0.247  -0.235  -0.221  -0.200  -0.172  -0.134  -0.082  -0.012   0.078   0.189   0.324   0.480   0.655   0.849   1.057   1.280   1.515   1.760   2.012   2.264   2.512   2.748   2.966   3.162   3.330   3.477   3.604   3.717   3.822   3.924   4.032   4.143
   5.100  -0.260  -0.254  -0.247  -0.240  -0.232  -0.223  -0.211  -0.196  -0.176  -0.149  -0.112  -0.063   0.002   0.088   0.195   0.325   0.477   0.650   0.841   1.047   1.268   1.502   1.745   1.995   2.247   2.494   2.729   2.944   3.137   3.301   3.443   3.564   3.673   3.774   3.873   3.979   4.089
   5.125  -0.246  -0.238  -0.229  -0.220  -0.211  -0.200  -0.186  -0.170  -0.149  -0.122  -0.086  -0.039   0.024   0.105   0.206   0.331   0.478   0.647   0.835   1.039   1.258   1.490   1.731   1.980   2.231   2.477   2.711   2.924   3.113   3.272   3.409   3.525   3.629   3.726   3.823   3.927   4.036
   5.150  -0.236  -0.226  -0.215  -0.205  -0.193  -0.179  -0.164  -0.146  -0.123  -0.095  -0.059  -0.012   0.048   0.125   0.221   0.341   0.482   0.647   0.831   1.033   1.250   1.480   1.719   1.967   2.216   2.461   2.693   2.903   3.089   3.243   3.374   3.485   3.585   3.679   3.773   3.875   3.983
   5.175  -0.235  -0.223  -0.210  -0.197  -0.183  -0.167  -0.149  -0.128  -0.103  -0.072  -0.034   0.013   0.073   0.148   0.241   0.355   0.490   0.650   0.830   1.029   1.243   1.471   1.709   1.956   2.203   2.446   2.676   2.882   3.063   3.212   3.338   3.445   3.540   3.632   3.724   3.825   3.932
   5.200  -0.239  -0.225  -0.211  -0.196  -0.179  -0.161  -0.140  -0.116  -0.088  -0.055  -0.015   0.035   0.095   0.169   0.260   0.369   0.500   0.653   0.828   1.023   1.235   1.462   1.699   1.945   2.190   2.432   2.659   2.860   3.037   3.180   3.301   3.404   3.496   3.585   3.675   3.775   3.882
   5.225  -0.250  -0.234  -0.218  -0.201  -0.182  -0.162  -0.139  -0.113  -0.082  -0.046  -0.003   0.048   0.110   0.185   0.274   0.381   0.506   0.655   0.824   1.016   1.225   1.450   1.687   1.932   2.177   2.416   2.640   2.837   3.008   3.147   3.262   3.361   3.451   3.538   3.628   3.726   3.831
   5.250  -0.265  -0.248  -0.231  -0.212  -0.192  -0.169  -0.144  -0.116  -0.083  -0.045   0.001   0.054   0.118   0.194   0.283   0.387   0.510   0.654   0.819   1.006   1.213   1.437   1.673   1.918   2.162   2.399   2.620   2.812   2.978   3.111   3.223   3.318   3.405   3.492   3.580   3.678   3.782
   5.275  -0.284  -0.267  -0.249  -0.229  -0.208  -0.184  -0.157  -0.127  -0.092  -0.052  -0.004   0.051   0.117   0.194   0.284   0.388   0.509   0.651   0.812   0.996   1.199   1.422   1.657   1.901   2.145   2.379   2.596   2.784   2.945   3.074   3.181   3.275   3.360   3.445   3.533   3.629   3.732
   5.300  -0.305  -0.289  -0.271  -0.250  -0.228  -0.203  -0.175  -0.143  -0.107  -0.065  -0.017   0.040   0.107   0.185   0.276   0.381   0.503   0.643   0.802   0.984   1.184   1.405   1.639   1.882   2.125   2.357   2.570   2.754   2.910   3.035   3.139   3.230   3.314   3.399   3.486   3.582   3.683
   5.325  -0.325  -0.310  -0.292  -0.273  -0.250  -0.225  -0.197  -0.164  -0.128  -0.085  -0.036   0.021   0.089   0.168   0.260   0.366   0.488   0.629   0.788   0.968   1.167   1.386   1.618   1.861   2.102   2.331   2.542   2.721   2.873   2.994   3.095   3.185   3.268   3.353   3.440   3.534   3.634
   5.350  -0.343  -0.330  -0.314  -0.296  -0.274  -0.250  -0.222  -0.189  -0.153  -0.110  -0.061  -0.003   0.064   0.144   0.236   0.344   0.468   0.610   0.770   0.949   1.147   1.365   1.596   1.837   2.077   2.303   2.511   2.686   2.834   2.952   3.050   3.139   3.222   3.306   3.393   3.487   3.585
   5.375  -0.360  -0.349  -0.335  -0.319  -0.299  -0.276  -0.249  -0.218  -0.181  -0.139  -0.089  -0.032   0.036   0.116   0.209   0.318   0.443   0.587   0.748   0.928   1.126   1.343   1.573   1.813   2.050   2.274   2.478   2.649   2.793   2.908   3.005   3.092   3.175   3.259   3.346   3.439   3.536
   5.400  -0.374  -0.365  -0.354  -0.340  -0.323  -0.302  -0.276  -0.246  -0.210  -0.169  -0.120  -0.062   0.005   0.085   0.178   0.288   0.416   0.561   0.724   0.906   1.104   1.321   1.550   1.788   2.022   2.243   2.444   2.611   2.752   2.864   2.959   3.046   3.128   3.212   3.299   3.391   3.488
   5.425  -0.384  -0.377  -0.367  -0.356  -0.341  -0.323  -0.300  -0.272  -0.238  -0.198  -0.150  -0.093  -0.026   0.053   0.147   0.258   0.387   0.534   0.699   0.882   1.082   1.299   1.527   1.763   1.995   2.213   2.409   2.572   2.709   2.819   2.913   2.999   3.080   3.164   3.251   3.343   3.440
   5.450  -0.390  -0.385  -0.378  -0.368  -0.357  -0.341  -0.321  -0.296  -0.265  -0.226  -0.180  -0.124  -0.057   0.022   0.116   0.228   0.358   0.508   0.675   0.860   1.061   1.279   1.506   1.740   1.969   2.182   2.374   2.533   2.666   2.774   2.866   2.951   3.033   3.116   3.203   3.296   3.393
   5.475  -0.395  -0.391  -0.385  -0.378  -0.369  -0.356  -0.339  -0.317  -0.288  -0.253  -0.208  -0.154  -0.088  -0.009   0.086   0.200   0.332   0.484   0.654   0.841   1.043   1.261   1.487   1.718   1.944   2.153   2.340   2.494   2.624   2.729   2.820   2.904   2.984   3.068   3.155   3.249   3.348
   5.500  -0.398  -0.395  -0.391  -0.385  -0.378  -0.368  -0.354  -0.335  -0.310  -0.277  -0.235  -0.183  -0.119  -0.040   0.056   0.172   0.307   0.462   0.635   0.824   1.027   1.245   1.469   1.698   1.920   2.124   2.306   2.455   2.581   2.684   2.773   2.856   2.936   3.020   3.107   3.202   3.304
   5.525  -0.399  -0.397  -0.394  -0.390  -0.385  -0.377  -0.365  -0.350  -0.328  -0.300  -0.262  -0.213  -0.150  -0.071   0.025   0.144   0.282   0.441   0.618   0.809   1.014   1.231   1.454   1.679   1.897   2.095   2.272   2.417   2.538   2.639   2.727   2.809   2.889   2.972   3.059   3.157   3.262
   5.550  -0.400  -0.399  -0.396  -0.394  -0.389  -0.383  -0.374  -0.362  -0.344  -0.320  -0.286  -0.240  -0.180  -0.103  -0.006   0.115   0.257   0.420   0.600   0.795   1.001   1.218   1.439   1.661   1.874   2.067   2.239   2.378   2.495   2.594   2.681   2.762   2.841   2.924   3.013   3.113   3.222
   5.575  -0.401  -0.399  -0.398  -0.396  -0.392  -0.388  -0.380  -0.371  -0.356  -0.335  -0.306  -0.265  -0.209  -0.134  -0.037   0.085   0.230   0.397   0.581   0.779   0.988   1.205   1.425   1.643   1.852   2.040   2.205   2.340   2.453   2.549   2.635   2.715   2.794   2.877   2.967   3.070   3.184
   5.600  -0.401  -0.400  -0.398  -0.397  -0.394  -0.390  -0.385  -0.377  -0.365  -0.348  -0.323  -0.286  -0.235  -0.163  -0.069   0.054   0.200   0.371   0.560   0.762   0.973   1.191   1.410   1.626   1.829   2.012   2.171   2.301   2.411   2.505   2.589   2.668   2.747   2.831   2.923   3.029   3.149
   5.625  -0.401  -0.400  -0.399  -0.397  -0.395  -0.392  -0.387  -0.381  -0.371  -0.357  -0.336  -0.304  -0.257  -0.190  -0.100   0.021   0.167   0.340   0.533   0.739   0.955   1.175   1.394   1.607   1.807   1.983   2.138   2.263   2.369   2.461   2.544   2.623   2.702   2.787   2.881   2.992   3.117
   5.650  -0.401  -0.401  -0.399  -0.398  -0.396  -0.393  -0.389  -0.383  -0.375  -0.364  -0.346  -0.318  -0.277  -0.215  -0.130  -0.013   0.133   0.307   0.503   0.714   0.934   1.157   1.377   1.587   1.783   1.955   2.104   2.225   2.328   2.417   2.499   2.578   2.658   2.744   2.842   2.957   3.088
   5.675  -0.402  -0.401  -0.399  -0.398  -0.396  -0.393  -0.390  -0.385  -0.378  -0.369  -0.353  -0.330  -0.293  -0.237  -0.157  -0.045   0.097   0.271   0.469   0.684   0.909   1.135   1.356   1.566   1.758   1.925   2.069   2.187   2.287   2.375   2.456   2.535   2.616   2.704   2.805   2.925   3.062
   5.700  -0.402  -0.401  -0.400  -0.398  -0.396  -0.394  -0.390  -0.386  -0.380  -0.372  -0.358  -0.338  -0.305  -0.255  -0.182  -0.075   0.063   0.236   0.434   0.652   0.881   1.110   1.333   1.542   1.731   1.894   2.034   2.149   2.247   2.334   2.414   2.493   2.576   2.667   2.771   2.896   3.040
   5.725  -0.402  -0.401  -0.400  -0.398  -0.396  -0.394  -0.391  -0.387  -0.381  -0.373  -0.361  -0.343  -0.314  -0.269  -0.201  -0.100   0.032   0.202   0.399   0.619   0.851   1.083   1.308   1.515   1.702   1.862   1.999   2.111   2.208   2.293   2.373   2.454   2.539   2.633   2.741   2.870   3.019
   5.750  -0.402  -0.401  -0.400  -0.398  -0.397  -0.394  -0.391  -0.387  -0.382  -0.374  -0.363  -0.347  -0.320  -0.279  -0.217  -0.122   0.004   0.169   0.364   0.585   0.819   1.053   1.279   1.486   1.672   1.829   1.963   2.074   2.169   2.254   2.335   2.417   2.505   2.602   2.713   2.847   3.001
   5.775  -0.402  -0.401  -0.400  -0.399  -0.397  -0.394  -0.391  -0.387  -0.382  -0.375  -0.364  -0.349  -0.325  -0.288  -0.229  -0.141  -0.021   0.140   0.331   0.551   0.785   1.021   1.249   1.456   1.640   1.795   1.926   2.036   2.131   2.217   2.298   2.383   2.474   2.574   2.690   2.827   2.985
   5.800  -0.402  -0.401  -0.400  -0.399  -0.397  -0.395  -0.391  -0.387  -0.382  -0.375  -0.364  -0.350  -0.328  -0.293  -0.239  -0.157  -0.043   0.113   0.299   0.518   0.751   0.988   1.217   1.424   1.607   1.760   1.890   2.000   2.095   2.181   2.264   2.352   2.446   2.550   2.670   2.810   2.970
   5.825  -0.403  -0.402  -0.401  -0.399  -0.398  -0.395  -0.392  -0.388  -0.382  -0.375  -0.365  -0.351  -0.329  -0.297  -0.247  -0.169  -0.061   0.088   0.270   0.485   0.717   0.954   1.184   1.390   1.574   1.726   1.855   1.964   2.060   2.148   2.233   2.324   2.422   2.531   2.654   2.797   2.958
   5.850  -0.403  -0.402  -0.401  -0.400  -0.398  -0.396  -0.392  -0.388  -0.382  -0.375  -0.365  -0.352  -0.331  -0.300  -0.252  -0.179  -0.076   0.067   0.243   0.454   0.684   0.920   1.150   1.357   1.540   1.692   1.821   1.930   2.028   2.117   2.206   2.300   2.402   2.515   2.641   2.786   2.948
   5.875  -0.403  -0.402  -0.401  -0.400  -0.399  -0.396  -0.393  -0.389  -0.383  -0.376  -0.365  -0.352  -0.332  -0.302  -0.256  -0.187  -0.089   0.048   0.218   0.425   0.652   0.887   1.116   1.322   1.506   1.658   1.788   1.899   1.998   2.091   2.182   2.280   2.386   2.502   2.630   2.775   2.935
   5.900  -0.403  -0.402  -0.401  -0.400  -0.399  -0.397  -0.394  -0.390  -0.384  -0.377  -0.366  -0.353  -0.333  -0.304  -0.260  -0.194  -0.100   0.032   0.197   0.399   0.621   0.854   1.083   1.289   1.473   1.626   1.757   1.870   1.971   2.067   2.163   2.264   2.373   2.491   2.620   2.764   2.920
   5.925  -0.403  -0.402  -0.401  -0.400  -0.399  -0.397  -0.394  -0.390  -0.385  -0.378  -0.368  -0.354  -0.334  -0.306  -0.262  -0.199  -0.108   0.018   0.178   0.375   0.593   0.823   1.050   1.257   1.442   1.596   1.729   1.845   1.949   2.049   2.148   2.252   2.363   2.482   2.611   2.752   2.904
   5.950  -0.402  -0.401  -0.400  -0.399  -0.398  -0.396  -0.394  -0.391  -0.386  -0.379  -0.369  -0.355  -0.335  -0.307  -0.264  -0.203  -0.115   0.007   0.162   0.353   0.567   0.794   1.020   1.226   1.413   1.569   1.705   1.823   1.930   2.034   2.136   2.243   2.356   2.475   2.602   2.739   2.886
   5.975  -0.402  -0.401  -0.399  -0.398  -0.397  -0.395  -0.393  -0.390  -0.385  -0.379  -0.369  -0.357  -0.337  -0.309  -0.267  -0.206  -0.121  -0.002   0.148   0.335   0.545   0.768   0.992   1.198   1.386   1.545   1.683   1.805   1.916   2.023   2.129   2.238   2.350   2.469   2.594   2.726   2.867
   6.000  -0.401  -0.400  -0.399  -0.398  -0.396  -0.394  -0.392  -0.389  -0.384  -0.378  -0.370  -0.357  -0.338  -0.311  -0.269  -0.209  -0.126  -0.010   0.136   0.319   0.524   0.745   0.966   1.173   1.361   1.523   1.665   1.791   1.905   2.016   2.124   2.234   2.346   2.463   2.584   2.713   2.847
   6.050  -0.402  -0.400  -0.399  -0.397  -0.395  -0.392  -0.389  -0.385  -0.381  -0.375  -0.367  -0.356  -0.339  -0.313  -0.274  -0.217  -0.137  -0.026   0.114   0.290   0.488   0.704   0.922   1.129   1.321   1.489   1.640   1.773   1.895   2.010   2.120   2.228   2.336   2.447   2.561   2.679   2.804
   6.100  -0.403  -0.402  -0.400  -0.397  -0.395  -0.391  -0.387  -0.383  -0.378  -0.371  -0.363  -0.352  -0.336  -0.313  -0.276  -0.223  -0.147  -0.040   0.095   0.265   0.458   0.670   0.886   1.094   1.290   1.465   1.623   1.762   1.889   2.005   2.114   2.217   2.318   2.420   2.525   2.638   2.756
   6.150  -0.405  -0.403  -0.402  -0.400  -0.397  -0.394  -0.390  -0.384  -0.378  -0.369  -0.359  -0.347  -0.329  -0.306  -0.271  -0.222  -0.151  -0.051   0.079   0.243   0.432   0.642   0.858   1.069   1.269   1.449   1.612   1.755   1.881   1.993   2.095   2.189   2.280   2.373   2.471   2.583   2.700
   6.200  -0.406  -0.405  -0.404  -0.403  -0.401  -0.398  -0.394  -0.388  -0.380  -0.371  -0.358  -0.344  -0.324  -0.299  -0.265  -0.217  -0.150  -0.055   0.068   0.227   0.412   0.620   0.836   1.049   1.252   1.435   1.598   1.740   1.864   1.968   2.061   2.146   2.228   2.313   2.406   2.515   2.638
   6.250  -0.407  -0.406  -0.405  -0.404  -0.403  -0.401  -0.398  -0.394  -0.387  -0.379  -0.366  -0.350  -0.327  -0.299  -0.260  -0.210  -0.142  -0.050   0.069   0.223   0.403   0.606   0.819   1.031   1.233   1.413   1.574   1.709   1.824   1.920   2.004   2.082   2.160   2.243   2.336   2.449   2.576
   6.300  -0.407  -0.407  -0.406  -0.406  -0.405  -0.404  -0.402  -0.400  -0.395  -0.388  -0.377  -0.360  -0.336  -0.304  -0.262  -0.208  -0.137  -0.044   0.074   0.223   0.397   0.595   0.803   1.010   1.207   1.381   1.534   1.661   1.767   1.854   1.932   2.006   2.082   2.166   2.263   2.379   2.511
   6.350  -0.407  -0.407  -0.407  -0.406  -0.406  -0.405  -0.404  -0.403  -0.400  -0.395  -0.386  -0.372  -0.351  -0.320  -0.276  -0.219  -0.144  -0.046   0.075   0.224   0.395   0.586   0.785   0.981   1.166   1.329   1.472   1.589   1.687   1.770   1.845   1.920   1.999   2.089   2.190   2.310   2.446
   6.400  -0.407  -0.407  -0.407  -0.407  -0.406  -0.406  -0.405  -0.404  -0.402  -0.399  -0.393  -0.383  -0.366  -0.338  -0.296  -0.237  -0.159  -0.056   0.068   0.218   0.387   0.570   0.758   0.941   1.113   1.263   1.393   1.502   1.594   1.675   1.751   1.829   1.914   2.009   2.117   2.241   2.379
   6.450  -0.408  -0.407  -0.407  -0.407  -0.407  -0.407  -0.406  -0.405  -0.404  -0.402  -0.397  -0.390  -0.376  -0.353  -0.316  -0.260  -0.184  -0.081   0.045   0.195   0.361   0.538   0.716   0.885   1.043   1.181   1.302   1.404   1.494   1.575   1.655   1.738   1.829   1.931   2.044   2.171   2.312
   6.500  -0.408  -0.408  -0.408  -0.408  -0.407  -0.407  -0.407  -0.406  -0.405  -0.403  -0.399  -0.394  -0.383  -0.365  -0.334  -0.284  -0.212  -0.112   0.012   0.160   0.322   0.492   0.660   0.818   0.963   1.091   1.203   1.301   1.390   1.473   1.557   1.647   1.744   1.853   1.972   2.102   2.244
   6.550  -0.409  -0.408  -0.408  -0.408  -0.408  -0.408  -0.407  -0.407  -0.406  -0.404  -0.401  -0.397  -0.388  -0.373  -0.346  -0.302  -0.238  -0.145  -0.028   0.113   0.269   0.431   0.591   0.740   0.876   0.995   1.102   1.197   1.286   1.372   1.461   1.557   1.661   1.776   1.900   2.034   2.178
   6.600  -0.409  -0.408  -0.408  -0.408  -0.408  -0.408  -0.408  -0.407  -0.407  -0.405  -0.403  -0.399  -0.391  -0.379  -0.356  -0.318  -0.261  -0.178  -0.071   0.062   0.209   0.362   0.515   0.655   0.784   0.897   1.000   1.093   1.182   1.272   1.366   1.468   1.579   1.700   1.830   1.967   2.112
   6.650  -0.409  -0.409  -0.409  -0.409  -0.409  -0.409  -0.409  -0.408  -0.408  -0.407  -0.404  -0.401  -0.395  -0.384  -0.365  -0.332  -0.282  -0.207  -0.110   0.012   0.148   0.292   0.436   0.569   0.691   0.799   0.898   0.990   1.080   1.174   1.273   1.382   1.500   1.627   1.762   1.901   2.045
   6.700  -0.410  -0.410  -0.410  -0.410  -0.410  -0.410  -0.410  -0.409  -0.409  -0.408  -0.406  -0.403  -0.397  -0.389  -0.372  -0.344  -0.301  -0.235  -0.148  -0.037   0.088   0.221   0.356   0.481   0.598   0.701   0.798   0.889   0.981   1.078   1.183   1.299   1.423   1.556   1.695   1.835   1.977
   6.750  -0.410  -0.411  -0.411  -0.410  -0.410  -0.410  -0.410  -0.410  -0.409  -0.409  -0.407  -0.405  -0.400  -0.393  -0.379  -0.356  -0.318  -0.261  -0.184  -0.085   0.028   0.150   0.275   0.392   0.503   0.603   0.698   0.790   0.884   0.986   1.097   1.220   1.351   1.489   1.629   1.765   1.900
   6.800  -0.411  -0.411  -0.411  -0.411  -0.411  -0.411  -0.411  -0.411  -0.410  -0.410  -0.408  -0.407  -0.403  -0.397  -0.385  -0.366  -0.334  -0.284  -0.218  -0.130  -0.030   0.081   0.195   0.305   0.410   0.508   0.602   0.695   0.792   0.899   1.016   1.145   1.282   1.423   1.563   1.694   1.818
   6.850  -0.412  -0.412  -0.412  -0.412  -0.412  -0.412  -0.412  -0.412  -0.411  -0.411  -0.410  -0.408  -0.405  -0.400  -0.390  -0.374  -0.347  -0.305  -0.248  -0.172  -0.084   0.015   0.119   0.220   0.321   0.415   0.510   0.605   0.706   0.819   0.941   1.076   1.216   1.359   1.499   1.624   1.740
   6.900  -0.413  -0.413  -0.413  -0.413  -0.413  -0.413  -0.413  -0.413  -0.412  -0.412  -0.411  -0.410  -0.407  -0.402  -0.394  -0.381  -0.358  -0.323  -0.275  -0.210  -0.134  -0.046   0.047   0.142   0.237   0.330   0.424   0.522   0.627   0.745   0.872   1.010   1.153   1.296   1.434   1.555   1.665
   6.950  -0.414  -0.414  -0.414  -0.414  -0.414  -0.414  -0.414  -0.414  -0.413  -0.413  -0.412  -0.411  -0.408  -0.404  -0.397  -0.386  -0.368  -0.338  -0.298  -0.243  -0.177  -0.100  -0.016   0.072   0.163   0.254   0.349   0.448   0.555   0.675   0.806   0.947   1.091   1.232   1.367   1.487   1.595
   7.000  -0.415  -0.415  -0.415  -0.415  -0.415  -0.415  -0.415  -0.415  -0.414  -0.414  -0.413  -0.412  -0.409  -0.405  -0.399  -0.390  -0.375  -0.351  -0.317  -0.271  -0.214  -0.147  -0.071   0.011   0.098   0.187   0.281   0.380   0.489   0.612   0.744   0.887   1.031   1.169   1.300   1.420   1.530
   7.050  -0.416  -0.416  -0.416  -0.416  -0.416  -0.416  -0.416  -0.415  -0.415  -0.415  -0.414  -0.413  -0.410  -0.407  -0.401  -0.393  -0.380  -0.359  -0.331  -0.292  -0.244  -0.184  -0.115  -0.039   0.044   0.129   0.221   0.320   0.430   0.553   0.686   0.831   0.976   1.110   1.234   1.344   1.441
   7.100  -0.417  -0.417  -0.417  -0.417  -0.417  -0.417  -0.417  -0.417  -0.416  -0.416  -0.416  -0.414  -0.412  -0.409  -0.404  -0.396  -0.384  -0.366  -0.341  -0.309  -0.267  -0.214  -0.151  -0.080  -0.003   0.079   0.168   0.266   0.375   0.498   0.632   0.776   0.920   1.052   1.169   1.263   1.338
   7.150  -0.418  -0.418  -0.418  -0.418  -0.418  -0.418  -0.418  -0.418  -0.418  -0.418  -0.417  -0.416  -0.414  -0.412  -0.407  -0.400  -0.388  -0.372  -0.350  -0.321  -0.284  -0.236  -0.180  -0.115  -0.043   0.034   0.120   0.216   0.324   0.448   0.581   0.719   0.857   0.991   1.109   1.189   1.248
   7.200  -0.420  -0.420  -0.420  -0.420  -0.420  -0.420  -0.420  -0.420  -0.420  -0.420  -0.419  -0.418  -0.417  -0.415  -0.411  -0.404  -0.393  -0.378  -0.358  -0.332  -0.298  -0.255  -0.204  -0.145  -0.079  -0.006   0.076   0.170   0.276   0.399   0.530   0.664   0.796   0.927   1.040   1.116   1.162
   7.250  -0.422  -0.422  -0.422  -0.422  -0.422  -0.422  -0.422  -0.422  -0.422  -0.422  -0.421  -0.421  -0.419  -0.418  -0.414  -0.408  -0.398  -0.386  -0.368  -0.344  -0.312  -0.273  -0.226  -0.172  -0.111  -0.043   0.035   0.126   0.230   0.349   0.477   0.616   0.747   0.854   0.938   1.009   1.044
   7.300  -0.424  -0.424  -0.424  -0.424  -0.424  -0.424  -0.424  -0.424  -0.424  -0.424  -0.424  -0.423  -0.422  -0.420  -0.417  -0.412  -0.404  -0.393  -0.378  -0.355  -0.326  -0.289  -0.246  -0.197  -0.141  -0.077  -0.003   0.086   0.187   0.301   0.425   0.569   0.700   0.782   0.837   0.880   0.906
   7.350  -0.426  -0.426  -0.426  -0.426  -0.426  -0.426  -0.426  -0.426  -0.426  -0.426  -0.426  -0.426  -0.425  -0.423  -0.420  -0.416  -0.409  -0.400  -0.387  -0.366  -0.339  -0.306  -0.267  -0.222  -0.170  -0.110  -0.039   0.047   0.146   0.256   0.377   0.521   0.653   0.731   0.783   0.805   0.827
   7.400  -0.429  -0.429  -0.429  -0.429  -0.429  -0.429  -0.429  -0.429  -0.429  -0.429  -0.429  -0.429  -0.428  -0.426  -0.424  -0.420  -0.415  -0.407  -0.395  -0.376  -0.352  -0.322  -0.287  -0.246  -0.197  -0.141  -0.073   0.010   0.106   0.214   0.331   0.466   0.588   0.664   0.716   0.757   0.781
   7.450  -0.432  -0.432  -0.432  -0.432  -0.432  -0.432  -0.432  -0.432  -0.432  -0.432  -0.432  -0.432  -0.431  -0.430  -0.428  -0.425  -0.420  -0.414  -0.403  -0.386  -0.364  -0.338  -0.306  -0.268  -0.222  -0.169  -0.105  -0.026   0.066   0.176   0.289   0.388   0.471   0.526   0.563   0.618   0.637
   7.500  -0.435  -0.435  -0.435  -0.435  -0.435  -0.435  -0.435  -0.435  -0.435  -0.435  -0.435  -0.435  -0.434  -0.433  -0.432  -0.430  -0.426  -0.420  -0.410  -0.395  -0.376  -0.352  -0.323  -0.288  -0.246  -0.196  -0.136  -0.062   0.026   0.139   0.246   0.311   0.356   0.389   0.411   0.428   0.439
   7.550  -0.439  -0.439  -0.439  -0.439  -0.439  -0.439  -0.439  -0.439  -0.439  -0.439  -0.439  -0.438  -0.438  -0.437  -0.436  -0.434  -0.431  -0.426  -0.417  -0.404  -0.387  -0.365  -0.339  -0.307  -0.268  -0.222  -0.165  -0.095  -0.012   0.098   0.200   0.259   0.297   0.325   0.345   0.346   0.354
   7.600  -0.443  -0.443  -0.443  -0.443  -0.443  -0.443  -0.443  -0.443  -0.443  -0.443  -0.443  -0.443  -0.442  -0.441  -0.440  -0.439  -0.437  -0.432  -0.424  -0.412  -0.397  -0.378  -0.354  -0.325  -0.290  -0.247  -0.194  -0.128  -0.049   0.054   0.152   0.212   0.252   0.282   0.303   0.318   0.328
   7.650  -0.447  -0.447  -0.447  -0.447  -0.447  -0.447  -0.447  -0.447  -0.447  -0.447  -0.447  -0.447  -0.447  -0.446  -0.445  -0.444  -0.442  -0.438  -0.430  -0.420  -0.407  -0.390  -0.369  -0.343  -0.311  -0.272  -0.223  -0.161  -0.087   0.011   0.103   0.160   0.198   0.227   0.246   0.260   0.269
   7.700  -0.452  -0.452  -0.452  -0.452  -0.452  -0.452  -0.452  -0.452  -0.452  -0.452  -0.452  -0.452  -0.452  -0.452  -0.451  -0.450  -0.448  -0.444  -0.437  -0.428  -0.417  -0.402  -0.383  -0.360  -0.332  -0.297  -0.252  -0.195  -0.125  -0.034   0.052   0.105   0.140   0.167   0.185   0.199   0.207
   7.750  -0.458  -0.458  -0.458  -0.458  -0.458  -0.458  -0.458  -0.458  -0.458  -0.458  -0.458  -0.458  -0.458  -0.458  -0.457  -0.456  -0.454  -0.450  -0.444  -0.436  -0.426  -0.414  -0.397  -0.378  -0.353  -0.321  -0.281  -0.228  -0.165  -0.081  -0.001   0.048   0.081   0.105   0.122   0.129   0.136
   7.800  -0.464  -0.464  -0.464  -0.464  -0.464  -0.464  -0.464  -0.464  -0.464  -0.464  -0.464  -0.464  -0.464  -0.464  -0.464  -0.463  -0.461  -0.457  -0.452  -0.445  -0.436  -0.425  -0.412  -0.396  -0.375  -0.347  -0.310  -0.262  -0.205  -0.132  -0.064  -0.022   0.006   0.027   0.042   0.053   0.059
   7.850  -0.471  -0.471  -0.471  -0.471  -0.471  -0.471  -0.471  -0.471  -0.471  -0.471  -0.471  -0.471  -0.471  -0.471  -0.471  -0.470  -0.468  -0.465  -0.460  -0.454  -0.447  -0.438  -0.427  -0.414  -0.397  -0.373  -0.341  -0.296  -0.246  -0.198  -0.156  -0.129  -0.111  -0.097  -0.088  -0.064  -0.059
   7.900  -0.479  -0.479  -0.479  -0.479  -0.479  -0.479  -0.479  -0.479  -0.479  -0.479  -0.479  -0.479  -0.479  -0.479  -0.479  -0.478  -0.476  -0.473  -0.469  -0.464  -0.458  -0.451  -0.442  -0.433  -0.420  -0.400  -0.373  -0.330  -0.288  -0.263  -0.245  -0.233  -0.224  -0.218  -0.214  -0.210  -0.208
   7.950  -0.486  -0.486  -0.486  -0.486  -0.486  -0.486  -0.487  -0.487  -0.487  -0.487  -0.487  -0.487  -0.487  -0.487  -0.487  -0.486  -0.484  -0.481  -0.478  -0.474  -0.469  -0.464  -0.458  -0.452  -0.443  -0.427  -0.405  -0.367  -0.330  -0.310  -0.298  -0.289  -0.282  -0.278  -0.274  -0.283  -0.282
   8.000  -0.494  -0.494  -0.494  -0.494  -0.494  -0.495  -0.495  -0.495  -0.495  -0.495  -0.495  -0.495  -0.495  -0.495  -0.495  -0.494  -0.492  -0.490  -0.488  -0.485  -0.481  -0.478  -0.474  -0.471  -0.466  -0.455  -0.437  -0.406  -0.374  -0.355  -0.342  -0.333  -0.327  -0.322  -0.319  -0.316  -0.315
   8.100  -0.514  -0.514  -0.514  -0.514  -0.514  -0.514  -0.514  -0.514  -0.514  -0.514  -0.515  -0.515  -0.515  -0.515  -0.515  -0.514  -0.512  -0.511  -0.510  -0.509  -0.508  -0.509  -0.511  -0.514  -0.516  -0.514  -0.507  -0.490  -0.473  -0.463  -0.456  -0.451  -0.447  -0.445  -0.443  -0.442  -0.441
   8.200  -0.538  -0.538  -0.538  -0.539  -0.539  -0.539  -0.539  -0.539  -0.539  -0.539  -0.540  -0.540  -0.539  -0.539  -0.539  -0.538  -0.538  -0.537  -0.537  -0.538  -0.540  -0.545  -0.553  -0.564  -0.573  -0.579  -0.579  -0.569  -0.556  -0.549  -0.545  -0.541  -0.539  -0.537  -0.536  -0.573  -0.573
   8.300  -0.567  -0.567  -0.567  -0.567  -0.568  -0.568  -0.568  -0.568  -0.568  -0.569  -0.569  -0.569  -0.568  -0.567  -0.567  -0.567  -0.568  -0.568  -0.569  -0.572  -0.577  -0.587  -0.600  -0.616  -0.634  -0.650  -0.665  -0.678  -0.689  -0.696  -0.701  -0.705  -0.707  -0.709  -0.710  -0.711  -0.711
   8.400  -0.611  -0.606  -0.602  -0.601  -0.601  -0.601  -0.601  -0.601  -0.602  -0.602  -0.602  -0.601  -0.601  -0.601  -0.601  -0.601  -0.602  -0.603  -0.605  -0.610  -0.619  -0.634  -0.652  -0.667  -0.690  -0.727  -0.787  -0.898  -1.010  -1.076  -1.121  -1.154  -1.176  -1.193  -1.204  -1.085  -1.088
   8.500  -0.638  -0.638  -0.638  -0.638  -0.638  -0.638  -0.638  -0.639  -0.639  -0.639  -0.638  -0.638  -0.638  -0.638  -0.639  -0.639  -0.640  -0.642  -0.646  -0.653  -0.665  -0.685  -0.708  -0.723  -0.752  -0.807  -0.904  -1.088  -1.277  -1.388  -1.464  -1.519  -1.557  -1.584  -1.603  -1.618  -1.627
   8.600  -0.614  -0.646  -0.668  -0.678  -0.677  -0.679  -0.679  -0.679  -0.680  -0.679  -0.679  -0.678  -0.679  -0.679  -0.680  -0.681  -0.682  -0.685  -0.690  -0.701  -0.715  -0.738  -0.769  -0.799  -0.830  -0.893  -0.977  -1.106  -1.272  -1.364  -1.419  -1.465  -1.493  -1.516  -1.530  -1.542  -1.548
   8.700  -0.550  -0.637  -0.694  -0.722  -0.720  -0.724  -0.723  -0.724  -0.724  -0.724  -0.723  -0.723  -0.723  -0.723  -0.724  -0.725  -0.727  -0.732  -0.738  -0.751  -0.769  -0.797  -0.834  -0.875  -0.922  -0.969  -1.019  -1.049  -1.068  -1.083  -1.092  -1.099  -1.104  -1.108  -1.110  -1.112  -1.113

