fixed metal distribution -- based on Grevesse & Sauval (1998)
    form     version        X           Z          logRs    logR_min    logR_max       logTs    logT_min    logT_max
       1          38    0.200000    0.004000          37   -8.000000    1.000000         138    3.750000    8.700000

   logT                       logR = logRho - 3*logT + 18
          -8.000  -7.750  -7.500  -7.250  -7.000  -6.750  -6.500  -6.250  -6.000  -5.750  -5.500  -5.250  -5.000  -4.750  -4.500  -4.250  -4.000  -3.750  -3.500  -3.250  -3.000  -2.750  -2.500  -2.250  -2.000  -1.750  -1.500  -1.250  -1.000  -0.750  -0.500  -0.250   0.000   0.250   0.500   0.750   1.000

   3.750   0.000   0.000   0.000   0.000   0.000   0.000   0.000   0.000   0.000   0.000   0.000   0.000   0.000  -2.387  -2.487  -2.578  -2.663  -2.729  -2.781  -2.805  -2.806  -2.781  -2.732  -2.666  -2.580  -2.486  -2.380  -2.271  -2.157  -2.035  -1.907  -1.767  -1.617  -1.462  -1.300  -1.127  -0.945
   3.775   0.000   0.000   0.000   0.000   0.000   0.000   0.000   0.000   0.000   0.000   0.000   0.000   0.000  -2.044  -2.139  -2.225  -2.303  -2.364  -2.411  -2.433  -2.433  -2.409  -2.362  -2.301  -2.223  -2.134  -2.032  -1.930  -1.824  -1.710  -1.591  -1.464  -1.330  -1.194  -1.052  -0.901  -0.742
   3.800   0.000   0.000   0.000   0.000   0.000   0.000   0.000   0.000   0.000   0.000   0.000   0.000   0.000  -1.726  -1.808  -1.881  -1.948  -2.000  -2.039  -2.056  -2.055  -2.031  -1.987  -1.931  -1.860  -1.777  -1.682  -1.587  -1.489  -1.383  -1.272  -1.156  -1.036  -0.914  -0.788  -0.654  -0.513
   3.825   0.000   0.000   0.000   0.000   0.000   0.000   0.000   0.000   0.000   0.000   0.000   0.000   0.000  -1.424  -1.484  -1.540  -1.590  -1.631  -1.660  -1.672  -1.667  -1.644  -1.606  -1.554  -1.491  -1.414  -1.330  -1.245  -1.154  -1.055  -0.951  -0.843  -0.732  -0.619  -0.502  -0.385  -0.258
   3.850   0.000   0.000   0.000   0.000   0.000   0.000   0.000   0.000   0.000   0.000   0.000   0.000   0.000  -1.163  -1.194  -1.225  -1.252  -1.274  -1.288  -1.290  -1.280  -1.257  -1.222  -1.175  -1.117  -1.050  -0.976  -0.899  -0.816  -0.725  -0.629  -0.528  -0.424  -0.318  -0.209  -0.095   0.023
   3.875   0.000   0.000   0.000   0.000   0.000   0.000   0.000   0.000   0.000   0.000   0.000   0.000   0.000  -0.972  -0.964  -0.957  -0.949  -0.941  -0.930  -0.914  -0.894  -0.867  -0.832  -0.788  -0.737  -0.679  -0.615  -0.546  -0.472  -0.391  -0.305  -0.214  -0.119  -0.021   0.080   0.184   0.292
   3.900   0.000   0.000   0.000   0.000   0.000   0.000   0.000   0.000   0.000   0.000   0.000   0.000   0.000  -0.838  -0.790  -0.742  -0.694  -0.650  -0.608  -0.569  -0.531  -0.494  -0.454  -0.411  -0.364  -0.312  -0.256  -0.195  -0.130  -0.059   0.017   0.099   0.184   0.274   0.366   0.463   0.562
   3.925   0.000   0.000   0.000   0.000   0.000   0.000   0.000   0.000   0.000   0.000   0.000   0.000   0.000  -0.762  -0.682  -0.596  -0.510  -0.426  -0.347  -0.276  -0.212  -0.155  -0.103  -0.053  -0.005   0.044   0.096   0.150   0.208   0.270   0.337   0.409   0.485   0.565   0.649   0.736   0.828
   3.950   0.000   0.000   0.000   0.000   0.000   0.000   0.000   0.000   0.000   0.000   0.000   0.000   0.000  -0.728  -0.622  -0.505  -0.384  -0.262  -0.145  -0.039   0.057   0.139   0.210   0.272   0.328   0.380   0.430   0.481   0.534   0.590   0.649   0.712   0.779   0.850   0.925   1.005   1.090
   3.975   0.000   0.000   0.000   0.000   0.000   0.000   0.000   0.000   0.000   0.000   0.000  -0.909  -0.829  -0.727  -0.607  -0.469  -0.321  -0.167  -0.016   0.127   0.258   0.371   0.470   0.553   0.623   0.685   0.740   0.792   0.843   0.895   0.948   1.004   1.063   1.126   1.193   1.265   1.343
   4.000   0.000   0.000   0.000   0.000   0.000   0.000   0.000   0.000   0.000   0.000   0.000  -0.916  -0.841  -0.739  -0.614  -0.465  -0.299  -0.122   0.058   0.232   0.397   0.544   0.673   0.782   0.874   0.951   1.016   1.075   1.128   1.179   1.229   1.280   1.334   1.391   1.451   1.517   1.588
   4.025   0.000   0.000   0.000   0.000   0.000  -0.934  -0.951  -0.964  -0.969  -0.963  -0.942  -0.900  -0.836  -0.743  -0.624  -0.476  -0.307  -0.119   0.078   0.277   0.469   0.647   0.808   0.947   1.066   1.165   1.248   1.319   1.380   1.435   1.486   1.537   1.588   1.640   1.696   1.756   1.821
   4.050   0.000   0.000   0.000   0.000   0.000  -0.870  -0.887  -0.902  -0.911  -0.911  -0.898  -0.867  -0.814  -0.734  -0.626  -0.488  -0.323  -0.135   0.070   0.282   0.495   0.698   0.888   1.056   1.205   1.330   1.436   1.523   1.597   1.661   1.717   1.771   1.822   1.874   1.927   1.984   2.044
   4.075  -0.777  -0.780  -0.785  -0.794  -0.804  -0.816  -0.828  -0.839  -0.846  -0.847  -0.835  -0.809  -0.763  -0.693  -0.598  -0.474  -0.324  -0.146   0.051   0.264   0.484   0.703   0.914   1.110   1.287   1.441   1.573   1.683   1.775   1.853   1.919   1.979   2.034   2.088   2.141   2.196   2.253
   4.100  -0.776  -0.771  -0.769  -0.769  -0.771  -0.775  -0.780  -0.785  -0.787  -0.783  -0.770  -0.744  -0.701  -0.638  -0.553  -0.443  -0.309  -0.147   0.036   0.241   0.458   0.684   0.909   1.125   1.328   1.508   1.668   1.802   1.917   2.012   2.093   2.163   2.225   2.283   2.338   2.394   2.451
   4.125  -0.775  -0.770  -0.766  -0.763  -0.760  -0.758  -0.756  -0.753  -0.747  -0.735  -0.715  -0.682  -0.636  -0.573  -0.491  -0.388  -0.265  -0.118   0.049   0.237   0.442   0.662   0.888   1.114   1.332   1.535   1.720   1.881   2.020   2.138   2.237   2.321   2.394   2.458   2.518   2.578   2.636
   4.150  -0.777  -0.774  -0.769  -0.765  -0.759  -0.753  -0.745  -0.735  -0.721  -0.701  -0.672  -0.632  -0.579  -0.510  -0.426  -0.326  -0.208  -0.073   0.080   0.252   0.441   0.648   0.867   1.094   1.320   1.539   1.744   1.929   2.093   2.234   2.355   2.456   2.542   2.616   2.683   2.748   2.810
   4.175  -0.779  -0.775  -0.770  -0.765  -0.759  -0.751  -0.742  -0.730  -0.713  -0.688  -0.654  -0.606  -0.545  -0.467  -0.375  -0.267  -0.146  -0.012   0.136   0.297   0.473   0.666   0.871   1.088   1.310   1.533   1.749   1.952   2.138   2.303   2.446   2.566   2.669   2.756   2.833   2.906   2.973
   4.200  -0.780  -0.776  -0.771  -0.766  -0.760  -0.753  -0.743  -0.731  -0.712  -0.686  -0.648  -0.595  -0.527  -0.440  -0.338  -0.221  -0.092   0.048   0.197   0.355   0.523   0.703   0.894   1.097   1.310   1.529   1.749   1.964   2.167   2.352   2.517   2.657   2.778   2.881   2.970   3.052   3.124
   4.225  -0.781  -0.777  -0.773  -0.767  -0.761  -0.753  -0.743  -0.730  -0.711  -0.685  -0.647  -0.594  -0.525  -0.436  -0.329  -0.203  -0.063   0.089   0.249   0.414   0.585   0.761   0.944   1.136   1.336   1.546   1.760   1.977   2.189   2.388   2.571   2.731   2.871   2.991   3.095   3.188   3.268
   4.250  -0.781  -0.778  -0.774  -0.769  -0.762  -0.754  -0.743  -0.730  -0.711  -0.686  -0.650  -0.599  -0.531  -0.442  -0.332  -0.200  -0.050   0.114   0.287   0.465   0.646   0.825   1.007   1.192   1.381   1.580   1.786   1.999   2.212   2.421   2.617   2.794   2.952   3.090   3.209   3.314   3.404
   4.275  -0.782  -0.779  -0.776  -0.770  -0.763  -0.755  -0.743  -0.730  -0.711  -0.685  -0.650  -0.601  -0.535  -0.448  -0.340  -0.207  -0.055   0.117   0.301   0.493   0.689   0.881   1.072   1.260   1.448   1.639   1.836   2.042   2.251   2.460   2.663   2.851   3.024   3.177   3.313   3.432   3.532
   4.300  -0.776  -0.775  -0.773  -0.769  -0.763  -0.754  -0.743  -0.729  -0.710  -0.684  -0.649  -0.602  -0.539  -0.455  -0.350  -0.219  -0.066   0.110   0.303   0.508   0.719   0.927   1.132   1.328   1.521   1.711   1.902   2.101   2.303   2.510   2.714   2.909   3.092   3.260   3.410   3.541   3.653
   4.325  -0.756  -0.760  -0.762  -0.762  -0.759  -0.753  -0.743  -0.729  -0.709  -0.684  -0.649  -0.603  -0.541  -0.460  -0.357  -0.229  -0.077   0.101   0.297   0.510   0.731   0.953   1.172   1.383   1.588   1.786   1.981   2.177   2.375   2.577   2.779   2.976   3.164   3.340   3.501   3.644   3.768
   4.350  -0.727  -0.736  -0.742  -0.747  -0.748  -0.745  -0.737  -0.724  -0.706  -0.681  -0.646  -0.601  -0.541  -0.462  -0.361  -0.236  -0.085   0.092   0.290   0.507   0.734   0.968   1.201   1.428   1.648   1.858   2.062   2.261   2.457   2.656   2.854   3.051   3.241   3.422   3.590   3.742   3.877
   4.375  -0.691  -0.702  -0.711  -0.718  -0.723  -0.724  -0.720  -0.711  -0.696  -0.673  -0.640  -0.596  -0.537  -0.460  -0.361  -0.237  -0.087   0.090   0.289   0.507   0.739   0.978   1.220   1.459   1.693   1.917   2.134   2.342   2.544   2.745   2.942   3.138   3.328   3.510   3.681   3.838   3.982
   4.400  -0.654  -0.665  -0.675  -0.684  -0.691  -0.695  -0.695  -0.689  -0.677  -0.657  -0.626  -0.584  -0.527  -0.452  -0.355  -0.232  -0.084   0.093   0.292   0.511   0.744   0.987   1.235   1.483   1.729   1.967   2.197   2.417   2.630   2.836   3.036   3.231   3.421   3.602   3.773   3.933   4.081
   4.425  -0.623  -0.632  -0.640  -0.648  -0.654  -0.658  -0.659  -0.654  -0.644  -0.626  -0.598  -0.560  -0.507  -0.435  -0.342  -0.222  -0.077   0.099   0.298   0.517   0.752   0.997   1.249   1.503   1.757   2.005   2.248   2.481   2.706   2.922   3.129   3.329   3.519   3.701   3.872   4.031   4.181
   4.450  -0.600  -0.605  -0.610  -0.615  -0.619  -0.621  -0.620  -0.614  -0.603  -0.586  -0.559  -0.523  -0.473  -0.405  -0.316  -0.200  -0.058   0.115   0.312   0.530   0.765   1.012   1.265   1.523   1.781   2.038   2.291   2.537   2.775   3.002   3.219   3.424   3.619   3.801   3.972   4.132   4.281
   4.475  -0.592  -0.592  -0.592  -0.593  -0.592  -0.590  -0.584  -0.574  -0.559  -0.536  -0.506  -0.467  -0.416  -0.351  -0.266  -0.157  -0.022   0.144   0.336   0.552   0.786   1.032   1.287   1.546   1.808   2.069   2.329   2.584   2.832   3.071   3.299   3.513   3.713   3.900   4.073   4.232   4.380
   4.500  -0.591  -0.588  -0.583  -0.579  -0.574  -0.567  -0.556  -0.540  -0.518  -0.489  -0.451  -0.406  -0.350  -0.283  -0.199  -0.095   0.034   0.193   0.377   0.587   0.817   1.061   1.315   1.573   1.836   2.100   2.363   2.625   2.882   3.131   3.370   3.593   3.802   3.994   4.170   4.332   4.478
   4.525  -0.591  -0.587  -0.582  -0.576  -0.569  -0.558  -0.543  -0.521  -0.492  -0.453  -0.404  -0.347  -0.279  -0.202  -0.112  -0.006   0.119   0.269   0.443   0.642   0.861   1.098   1.348   1.604   1.866   2.131   2.397   2.663   2.926   3.183   3.430   3.662   3.879   4.079   4.261   4.424   4.571
   4.550  -0.592  -0.588  -0.583  -0.577  -0.569  -0.557  -0.538  -0.512  -0.477  -0.429  -0.369  -0.298  -0.216  -0.124  -0.022   0.091   0.218   0.364   0.528   0.716   0.923   1.151   1.392   1.643   1.901   2.165   2.431   2.699   2.965   3.227   3.481   3.722   3.947   4.154   4.343   4.511   4.659
   4.575  -0.591  -0.587  -0.582  -0.577  -0.569  -0.558  -0.540  -0.513  -0.476  -0.423  -0.356  -0.273  -0.175  -0.064   0.059   0.189   0.329   0.479   0.642   0.819   1.013   1.225   1.452   1.693   1.944   2.202   2.466   2.733   3.000   3.266   3.524   3.771   4.003   4.216   4.411   4.583   4.733
   4.600  -0.590  -0.587  -0.582  -0.577  -0.570  -0.560  -0.543  -0.519  -0.481  -0.428  -0.356  -0.264  -0.153  -0.024   0.119   0.271   0.429   0.591   0.758   0.932   1.116   1.314   1.527   1.754   1.994   2.244   2.503   2.767   3.034   3.300   3.561   3.811   4.048   4.267   4.467   4.643   4.797
   4.625  -0.589  -0.586  -0.582  -0.577  -0.571  -0.561  -0.545  -0.522  -0.487  -0.436  -0.366  -0.272  -0.156  -0.016   0.143   0.315   0.495   0.677   0.861   1.042   1.227   1.418   1.618   1.831   2.056   2.295   2.544   2.802   3.065   3.330   3.591   3.844   4.084   4.307   4.510   4.690   4.847
   4.650  -0.588  -0.585  -0.581  -0.577  -0.570  -0.561  -0.547  -0.526  -0.493  -0.446  -0.380  -0.289  -0.173  -0.027   0.141   0.329   0.529   0.733   0.937   1.133   1.327   1.518   1.711   1.913   2.125   2.352   2.590   2.840   3.097   3.358   3.618   3.870   4.111   4.337   4.543   4.725   4.885
   4.675  -0.587  -0.584  -0.580  -0.575  -0.569  -0.561  -0.547  -0.528  -0.497  -0.453  -0.391  -0.305  -0.193  -0.051   0.116   0.309   0.520   0.740   0.964   1.181   1.394   1.597   1.797   1.997   2.201   2.417   2.643   2.882   3.130   3.385   3.641   3.891   4.132   4.358   4.566   4.751   4.913
   4.700  -0.586  -0.582  -0.578  -0.574  -0.568  -0.560  -0.547  -0.529  -0.500  -0.459  -0.401  -0.320  -0.216  -0.081   0.080   0.272   0.485   0.715   0.955   1.193   1.427   1.648   1.862   2.067   2.271   2.481   2.697   2.926   3.164   3.412   3.661   3.907   4.146   4.372   4.580   4.766   4.931
   4.725  -0.585  -0.581  -0.576  -0.572  -0.566  -0.558  -0.546  -0.529  -0.502  -0.464  -0.409  -0.333  -0.234  -0.108   0.046   0.230   0.437   0.667   0.910   1.161   1.411   1.654   1.888   2.109   2.323   2.535   2.749   2.971   3.200   3.439   3.680   3.921   4.156   4.380   4.588   4.775   4.941
   4.750  -0.585  -0.580  -0.575  -0.570  -0.564  -0.557  -0.545  -0.529  -0.504  -0.467  -0.416  -0.345  -0.251  -0.132   0.013   0.186   0.384   0.607   0.848   1.104   1.367   1.627   1.881   2.122   2.353   2.574   2.791   3.011   3.233   3.464   3.697   3.932   4.162   4.384   4.591   4.777   4.944
   4.775  -0.585  -0.580  -0.575  -0.569  -0.563  -0.555  -0.544  -0.528  -0.505  -0.471  -0.422  -0.355  -0.266  -0.153  -0.015   0.150   0.339   0.553   0.787   1.039   1.302   1.571   1.839   2.098   2.348   2.585   2.814   3.037   3.259   3.485   3.712   3.942   4.167   4.385   4.590   4.776   4.943
   4.800  -0.586  -0.580  -0.575  -0.569  -0.562  -0.554  -0.543  -0.527  -0.505  -0.473  -0.427  -0.363  -0.280  -0.171  -0.039   0.118   0.299   0.503   0.728   0.972   1.231   1.502   1.778   2.053   2.321   2.575   2.819   3.051   3.277   3.502   3.725   3.949   4.170   4.384   4.587   4.770   4.938
   4.825  -0.586  -0.581  -0.575  -0.569  -0.562  -0.553  -0.542  -0.527  -0.505  -0.474  -0.431  -0.370  -0.290  -0.187  -0.060   0.092   0.267   0.464   0.682   0.918   1.171   1.438   1.715   1.996   2.274   2.543   2.802   3.046   3.281   3.510   3.733   3.956   4.173   4.384   4.583   4.766   4.932
   4.850  -0.586  -0.581  -0.575  -0.569  -0.561  -0.552  -0.540  -0.525  -0.504  -0.474  -0.432  -0.375  -0.298  -0.199  -0.077   0.071   0.241   0.433   0.645   0.874   1.120   1.381   1.654   1.936   2.220   2.500   2.772   3.029   3.275   3.510   3.737   3.960   4.175   4.383   4.580   4.760   4.924
   4.875  -0.586  -0.581  -0.575  -0.568  -0.560  -0.550  -0.538  -0.523  -0.501  -0.472  -0.432  -0.376  -0.303  -0.208  -0.090   0.054   0.220   0.408   0.617   0.842   1.083   1.340   1.608   1.888   2.172   2.456   2.735   3.002   3.259   3.503   3.736   3.962   4.178   4.384   4.578   4.756   4.918
   4.900  -0.585  -0.580  -0.574  -0.567  -0.559  -0.548  -0.535  -0.519  -0.497  -0.469  -0.429  -0.376  -0.305  -0.213  -0.099   0.041   0.204   0.390   0.596   0.819   1.057   1.309   1.573   1.849   2.130   2.415   2.698   2.973   3.238   3.491   3.732   3.962   4.180   4.386   4.578   4.753   4.912
   4.925  -0.583  -0.579  -0.573  -0.566  -0.557  -0.546  -0.532  -0.515  -0.493  -0.464  -0.425  -0.373  -0.305  -0.216  -0.104   0.033   0.194   0.378   0.583   0.804   1.041   1.291   1.552   1.823   2.102   2.385   2.669   2.947   3.219   3.479   3.727   3.962   4.183   4.389   4.580   4.751   4.905
   4.950  -0.578  -0.575  -0.569  -0.563  -0.554  -0.543  -0.528  -0.511  -0.488  -0.458  -0.419  -0.368  -0.301  -0.215  -0.106   0.030   0.189   0.372   0.576   0.797   1.033   1.282   1.541   1.809   2.084   2.365   2.647   2.928   3.203   3.468   3.722   3.961   4.185   4.393   4.582   4.751   4.899
   4.975  -0.571  -0.568  -0.563  -0.557  -0.549  -0.538  -0.523  -0.505  -0.481  -0.451  -0.412  -0.361  -0.295  -0.210  -0.102   0.032   0.190   0.373   0.576   0.796   1.032   1.280   1.538   1.804   2.077   2.356   2.637   2.918   3.194   3.463   3.721   3.963   4.189   4.397   4.585   4.749   4.891
   5.000  -0.560  -0.558  -0.554  -0.548  -0.541  -0.530  -0.516  -0.497  -0.473  -0.442  -0.402  -0.351  -0.286  -0.201  -0.095   0.038   0.195   0.378   0.580   0.801   1.037   1.284   1.542   1.807   2.079   2.356   2.636   2.916   3.193   3.463   3.722   3.966   4.194   4.401   4.587   4.747   4.881
   5.025  -0.546  -0.544  -0.540  -0.536  -0.529  -0.520  -0.506  -0.487  -0.463  -0.432  -0.391  -0.340  -0.274  -0.190  -0.084   0.048   0.204   0.386   0.589   0.810   1.046   1.294   1.552   1.817   2.088   2.365   2.644   2.923   3.199   3.469   3.728   3.972   4.198   4.404   4.586   4.739   4.866
   5.050  -0.530  -0.528  -0.524  -0.520  -0.514  -0.506  -0.492  -0.474  -0.450  -0.418  -0.377  -0.325  -0.259  -0.175  -0.070   0.061   0.216   0.398   0.601   0.823   1.060   1.309   1.567   1.832   2.103   2.379   2.657   2.935   3.210   3.479   3.737   3.978   4.201   4.403   4.580   4.727   4.846
   5.075  -0.514  -0.511  -0.506  -0.502  -0.496  -0.487  -0.474  -0.457  -0.432  -0.401  -0.359  -0.306  -0.239  -0.155  -0.051   0.079   0.234   0.415   0.618   0.840   1.079   1.327   1.585   1.850   2.121   2.396   2.674   2.951   3.225   3.491   3.745   3.983   4.201   4.397   4.567   4.706   4.818
   5.100  -0.499  -0.494  -0.489  -0.483  -0.477  -0.467  -0.454  -0.437  -0.412  -0.380  -0.338  -0.285  -0.217  -0.132  -0.028   0.102   0.256   0.436   0.639   0.862   1.101   1.349   1.607   1.872   2.142   2.416   2.692   2.968   3.239   3.501   3.751   3.983   4.195   4.383   4.545   4.678   4.781
   5.125  -0.487  -0.481  -0.474  -0.467  -0.458  -0.447  -0.434  -0.415  -0.391  -0.358  -0.315  -0.260  -0.191  -0.105   0.000   0.130   0.284   0.463   0.665   0.888   1.127   1.375   1.632   1.895   2.163   2.435   2.708   2.981   3.249   3.506   3.750   3.975   4.179   4.359   4.514   4.639   4.736
   5.150  -0.480  -0.472  -0.463  -0.454  -0.443  -0.431  -0.416  -0.396  -0.371  -0.337  -0.293  -0.236  -0.165  -0.077   0.030   0.160   0.314   0.493   0.694   0.917   1.154   1.401   1.657   1.918   2.184   2.452   2.721   2.989   3.251   3.502   3.739   3.956   4.152   4.325   4.471   4.590   4.682
   5.175  -0.480  -0.470  -0.459  -0.448  -0.436  -0.422  -0.404  -0.383  -0.356  -0.321  -0.274  -0.215  -0.142  -0.051   0.059   0.191   0.346   0.524   0.724   0.945   1.181   1.426   1.680   1.938   2.200   2.463   2.726   2.987   3.242   3.485   3.714   3.923   4.112   4.277   4.417   4.533   4.622
   5.200  -0.485  -0.474  -0.461  -0.448  -0.434  -0.418  -0.399  -0.376  -0.347  -0.309  -0.261  -0.199  -0.122  -0.028   0.085   0.219   0.375   0.553   0.751   0.970   1.204   1.447   1.698   1.952   2.209   2.467   2.722   2.975   3.220   3.455   3.676   3.878   4.059   4.218   4.354   4.466   4.554
   5.225  -0.496  -0.483  -0.469  -0.454  -0.438  -0.420  -0.399  -0.375  -0.344  -0.304  -0.254  -0.189  -0.109  -0.012   0.104   0.241   0.397   0.575   0.772   0.989   1.219   1.460   1.707   1.957   2.209   2.458   2.705   2.949   3.184   3.411   3.623   3.818   3.994   4.148   4.281   4.394   4.483
   5.250  -0.509  -0.496  -0.481  -0.465  -0.448  -0.428  -0.406  -0.380  -0.347  -0.306  -0.253  -0.187  -0.104  -0.004   0.115   0.254   0.412   0.590   0.786   1.000   1.228   1.464   1.707   1.952   2.197   2.439   2.677   2.910   3.136   3.354   3.559   3.748   3.919   4.071   4.203   4.315   4.407
   5.275  -0.526  -0.513  -0.498  -0.481  -0.463  -0.443  -0.419  -0.391  -0.357  -0.315  -0.261  -0.193  -0.109  -0.006   0.116   0.257   0.416   0.594   0.789   1.001   1.225   1.458   1.696   1.935   2.172   2.406   2.635   2.859   3.076   3.286   3.485   3.669   3.838   3.988   4.120   4.235   4.330
   5.300  -0.544  -0.531  -0.517  -0.500  -0.482  -0.461  -0.436  -0.408  -0.373  -0.330  -0.275  -0.206  -0.121  -0.016   0.108   0.251   0.411   0.590   0.784   0.993   1.214   1.442   1.675   1.907   2.138   2.363   2.583   2.799   3.008   3.211   3.405   3.585   3.752   3.902   4.035   4.151   4.251
   5.325  -0.560  -0.549  -0.535  -0.519  -0.501  -0.481  -0.456  -0.427  -0.392  -0.350  -0.295  -0.226  -0.140  -0.033   0.092   0.236   0.399   0.577   0.771   0.977   1.194   1.417   1.644   1.870   2.094   2.311   2.524   2.732   2.935   3.132   3.321   3.499   3.664   3.814   3.949   4.069   4.172
   5.350  -0.575  -0.565  -0.553  -0.539  -0.522  -0.502  -0.478  -0.450  -0.416  -0.373  -0.319  -0.250  -0.164  -0.057   0.069   0.215   0.379   0.558   0.750   0.954   1.167   1.385   1.606   1.826   2.043   2.254   2.460   2.661   2.858   3.050   3.235   3.411   3.576   3.727   3.864   3.986   4.093
   5.375  -0.588  -0.580  -0.570  -0.558  -0.543  -0.524  -0.502  -0.475  -0.442  -0.400  -0.347  -0.279  -0.193  -0.086   0.041   0.188   0.352   0.531   0.722   0.923   1.132   1.346   1.562   1.777   1.988   2.193   2.393   2.589   2.780   2.968   3.150   3.325   3.489   3.642   3.781   3.905   4.015
   5.400  -0.599  -0.593  -0.585  -0.575  -0.562  -0.546  -0.525  -0.500  -0.468  -0.428  -0.376  -0.309  -0.224  -0.118   0.009   0.156   0.321   0.499   0.689   0.888   1.094   1.304   1.515   1.724   1.931   2.130   2.325   2.516   2.702   2.886   3.066   3.239   3.404   3.558   3.699   3.825   3.938
   5.425  -0.606  -0.601  -0.595  -0.587  -0.576  -0.563  -0.545  -0.522  -0.492  -0.455  -0.405  -0.339  -0.256  -0.151  -0.025   0.123   0.287   0.465   0.655   0.851   1.053   1.259   1.466   1.671   1.873   2.068   2.258   2.444   2.626   2.807   2.984   3.156   3.322   3.477   3.619   3.748   3.862
   5.450  -0.610  -0.607  -0.602  -0.596  -0.587  -0.576  -0.561  -0.541  -0.515  -0.480  -0.432  -0.370  -0.289  -0.185  -0.061   0.086   0.250   0.428   0.617   0.812   1.011   1.213   1.416   1.617   1.815   2.006   2.191   2.373   2.552   2.729   2.904   3.076   3.242   3.398   3.543   3.672   3.788
   5.475  -0.613  -0.611  -0.607  -0.603  -0.596  -0.587  -0.575  -0.558  -0.534  -0.503  -0.459  -0.400  -0.322  -0.221  -0.099   0.047   0.211   0.389   0.577   0.771   0.968   1.168   1.367   1.565   1.758   1.945   2.127   2.305   2.480   2.654   2.827   2.998   3.164   3.322   3.468   3.599   3.716
   5.500  -0.615  -0.613  -0.611  -0.608  -0.603  -0.596  -0.586  -0.572  -0.552  -0.524  -0.484  -0.429  -0.355  -0.258  -0.138   0.006   0.169   0.347   0.535   0.729   0.925   1.123   1.319   1.513   1.703   1.886   2.064   2.239   2.411   2.582   2.753   2.924   3.090   3.249   3.396   3.528   3.646
   5.525  -0.616  -0.615  -0.613  -0.611  -0.607  -0.602  -0.594  -0.583  -0.566  -0.542  -0.506  -0.456  -0.388  -0.295  -0.180  -0.038   0.124   0.302   0.492   0.685   0.882   1.078   1.273   1.464   1.650   1.829   2.004   2.175   2.344   2.513   2.681   2.852   3.018   3.178   3.327   3.459   3.578
   5.550  -0.616  -0.616  -0.614  -0.613  -0.610  -0.606  -0.600  -0.591  -0.577  -0.557  -0.526  -0.481  -0.419  -0.332  -0.222  -0.083   0.076   0.255   0.445   0.640   0.838   1.034   1.227   1.416   1.599   1.775   1.946   2.114   2.279   2.446   2.613   2.783   2.949   3.110   3.259   3.393   3.512
   5.575  -0.617  -0.616  -0.615  -0.614  -0.612  -0.609  -0.604  -0.597  -0.585  -0.568  -0.542  -0.503  -0.446  -0.367  -0.263  -0.130   0.026   0.204   0.395   0.592   0.792   0.989   1.182   1.369   1.550   1.723   1.891   2.055   2.218   2.382   2.548   2.716   2.883   3.044   3.194   3.328   3.448
   5.600  -0.618  -0.617  -0.616  -0.615  -0.614  -0.611  -0.607  -0.601  -0.591  -0.577  -0.554  -0.521  -0.471  -0.399  -0.302  -0.176  -0.025   0.151   0.343   0.542   0.744   0.943   1.138   1.324   1.503   1.673   1.838   1.999   2.158   2.321   2.485   2.653   2.819   2.980   3.132   3.266   3.386
   5.625  -0.618  -0.618  -0.617  -0.616  -0.614  -0.612  -0.608  -0.604  -0.595  -0.583  -0.564  -0.535  -0.491  -0.426  -0.338  -0.220  -0.076   0.097   0.287   0.488   0.694   0.896   1.093   1.279   1.457   1.626   1.788   1.945   2.102   2.263   2.425   2.592   2.758   2.919   3.071   3.206   3.326
   5.650  -0.619  -0.618  -0.617  -0.616  -0.615  -0.613  -0.610  -0.605  -0.598  -0.588  -0.571  -0.546  -0.507  -0.450  -0.371  -0.261  -0.125   0.042   0.230   0.433   0.641   0.847   1.047   1.235   1.413   1.579   1.739   1.894   2.049   2.207   2.369   2.535   2.700   2.861   3.013   3.148   3.269
   5.675  -0.619  -0.618  -0.617  -0.616  -0.615  -0.613  -0.610  -0.607  -0.600  -0.591  -0.577  -0.555  -0.521  -0.471  -0.399  -0.299  -0.171  -0.010   0.174   0.377   0.588   0.797   1.001   1.190   1.368   1.534   1.692   1.845   1.997   2.154   2.315   2.480   2.644   2.805   2.957   3.092   3.213
   5.700  -0.619  -0.618  -0.618  -0.617  -0.615  -0.614  -0.611  -0.607  -0.602  -0.594  -0.581  -0.562  -0.532  -0.487  -0.423  -0.332  -0.213  -0.059   0.121   0.323   0.535   0.747   0.954   1.145   1.324   1.489   1.646   1.798   1.948   2.104   2.263   2.428   2.591   2.752   2.903   3.038   3.159
   5.725  -0.619  -0.618  -0.618  -0.617  -0.616  -0.614  -0.611  -0.608  -0.603  -0.595  -0.584  -0.567  -0.540  -0.500  -0.442  -0.359  -0.248  -0.101   0.072   0.272   0.484   0.698   0.907   1.100   1.280   1.445   1.601   1.751   1.901   2.056   2.215   2.378   2.542   2.701   2.852   2.986   3.107
   5.750  -0.619  -0.619  -0.618  -0.617  -0.616  -0.614  -0.612  -0.608  -0.603  -0.597  -0.586  -0.570  -0.546  -0.510  -0.458  -0.382  -0.278  -0.139   0.028   0.224   0.434   0.649   0.860   1.054   1.236   1.401   1.557   1.707   1.856   2.011   2.169   2.332   2.494   2.653   2.803   2.936   3.055
   5.775  -0.619  -0.619  -0.618  -0.617  -0.616  -0.614  -0.612  -0.609  -0.604  -0.598  -0.588  -0.573  -0.551  -0.519  -0.470  -0.400  -0.304  -0.172  -0.011   0.180   0.388   0.602   0.814   1.009   1.192   1.358   1.514   1.664   1.812   1.967   2.125   2.288   2.450   2.608   2.756   2.888   3.005
   5.800  -0.619  -0.619  -0.618  -0.618  -0.616  -0.615  -0.612  -0.609  -0.605  -0.599  -0.589  -0.575  -0.555  -0.525  -0.480  -0.416  -0.326  -0.201  -0.047   0.139   0.343   0.556   0.768   0.965   1.148   1.315   1.472   1.622   1.771   1.926   2.085   2.247   2.408   2.565   2.712   2.842   2.957
   5.825  -0.619  -0.619  -0.618  -0.618  -0.617  -0.615  -0.613  -0.610  -0.606  -0.600  -0.590  -0.578  -0.558  -0.530  -0.489  -0.429  -0.344  -0.226  -0.079   0.101   0.301   0.512   0.723   0.921   1.106   1.273   1.431   1.583   1.733   1.888   2.047   2.208   2.368   2.524   2.669   2.797   2.910
   5.850  -0.619  -0.619  -0.619  -0.618  -0.617  -0.615  -0.613  -0.611  -0.607  -0.601  -0.592  -0.580  -0.561  -0.535  -0.495  -0.439  -0.360  -0.248  -0.108   0.066   0.261   0.470   0.680   0.878   1.064   1.234   1.393   1.546   1.697   1.853   2.012   2.173   2.331   2.484   2.627   2.753   2.864
   5.875  -0.619  -0.619  -0.618  -0.618  -0.617  -0.616  -0.614  -0.611  -0.607  -0.602  -0.594  -0.582  -0.564  -0.539  -0.502  -0.449  -0.374  -0.268  -0.134   0.034   0.224   0.429   0.638   0.836   1.025   1.196   1.357   1.512   1.665   1.822   1.980   2.140   2.296   2.447   2.587   2.710   2.819
   5.900  -0.619  -0.619  -0.618  -0.618  -0.617  -0.616  -0.614  -0.612  -0.608  -0.603  -0.595  -0.584  -0.567  -0.543  -0.507  -0.457  -0.386  -0.285  -0.157   0.006   0.190   0.392   0.599   0.798   0.987   1.161   1.325   1.482   1.636   1.793   1.951   2.109   2.263   2.410   2.546   2.668   2.775
   5.925  -0.618  -0.618  -0.618  -0.617  -0.616  -0.615  -0.614  -0.612  -0.608  -0.604  -0.596  -0.586  -0.569  -0.546  -0.512  -0.464  -0.396  -0.300  -0.176  -0.020   0.160   0.358   0.564   0.762   0.954   1.129   1.296   1.455   1.610   1.768   1.925   2.080   2.231   2.373   2.506   2.626   2.733
   5.950  -0.618  -0.618  -0.617  -0.616  -0.616  -0.615  -0.613  -0.611  -0.608  -0.604  -0.597  -0.587  -0.571  -0.549  -0.517  -0.471  -0.405  -0.313  -0.193  -0.042   0.133   0.328   0.532   0.731   0.923   1.101   1.270   1.431   1.588   1.746   1.901   2.052   2.198   2.336   2.466   2.585   2.693
   5.975  -0.618  -0.617  -0.616  -0.616  -0.615  -0.614  -0.612  -0.610  -0.607  -0.603  -0.597  -0.587  -0.573  -0.552  -0.521  -0.477  -0.413  -0.324  -0.208  -0.061   0.111   0.303   0.504   0.703   0.897   1.077   1.249   1.412   1.569   1.726   1.878   2.025   2.166   2.299   2.425   2.544   2.657
   6.000  -0.618  -0.617  -0.616  -0.615  -0.614  -0.613  -0.611  -0.609  -0.606  -0.602  -0.596  -0.587  -0.574  -0.554  -0.524  -0.482  -0.420  -0.334  -0.222  -0.078   0.090   0.279   0.479   0.678   0.874   1.057   1.230   1.394   1.552   1.707   1.856   1.998   2.133   2.261   2.384   2.505   2.623
   6.050  -0.619  -0.618  -0.617  -0.615  -0.614  -0.611  -0.609  -0.606  -0.603  -0.598  -0.592  -0.584  -0.572  -0.555  -0.528  -0.490  -0.434  -0.354  -0.249  -0.111   0.051   0.237   0.436   0.637   0.836   1.023   1.201   1.366   1.521   1.669   1.809   1.939   2.063   2.183   2.303   2.431   2.562
   6.100  -0.620  -0.619  -0.618  -0.616  -0.614  -0.612  -0.608  -0.605  -0.601  -0.595  -0.589  -0.581  -0.569  -0.553  -0.529  -0.494  -0.443  -0.369  -0.270  -0.138   0.019   0.202   0.400   0.603   0.804   0.994   1.172   1.335   1.485   1.625   1.755   1.874   1.989   2.103   2.223   2.360   2.510
   6.150  -0.621  -0.620  -0.619  -0.618  -0.616  -0.614  -0.611  -0.607  -0.602  -0.596  -0.588  -0.578  -0.565  -0.548  -0.523  -0.490  -0.441  -0.373  -0.280  -0.156  -0.005   0.174   0.369   0.572   0.774   0.963   1.138   1.295   1.437   1.567   1.687   1.799   1.909   2.021   2.145   2.291   2.455
   6.200  -0.621  -0.621  -0.621  -0.620  -0.619  -0.617  -0.615  -0.611  -0.606  -0.599  -0.590  -0.579  -0.564  -0.545  -0.519  -0.485  -0.438  -0.372  -0.284  -0.166  -0.021   0.153   0.343   0.543   0.742   0.925   1.094   1.243   1.377   1.497   1.609   1.717   1.826   1.941   2.070   2.225   2.400
   6.250  -0.622  -0.622  -0.621  -0.621  -0.621  -0.619  -0.618  -0.615  -0.611  -0.606  -0.598  -0.587  -0.571  -0.551  -0.523  -0.486  -0.436  -0.370  -0.282  -0.166  -0.027   0.140   0.322   0.513   0.701   0.875   1.034   1.174   1.301   1.414   1.522   1.631   1.744   1.866   2.002   2.162   2.344
   6.300  -0.622  -0.622  -0.622  -0.622  -0.621  -0.621  -0.620  -0.619  -0.616  -0.612  -0.606  -0.597  -0.582  -0.562  -0.533  -0.494  -0.441  -0.372  -0.283  -0.169  -0.033   0.126   0.298   0.476   0.652   0.813   0.962   1.094   1.214   1.324   1.431   1.543   1.663   1.794   1.939   2.103   2.286
   6.350  -0.623  -0.623  -0.622  -0.622  -0.622  -0.621  -0.621  -0.620  -0.619  -0.616  -0.612  -0.605  -0.593  -0.576  -0.550  -0.513  -0.460  -0.390  -0.300  -0.185  -0.052   0.100   0.263   0.428   0.590   0.739   0.877   1.003   1.120   1.229   1.339   1.457   1.585   1.725   1.879   2.046   2.229
   6.400  -0.623  -0.623  -0.623  -0.623  -0.622  -0.622  -0.621  -0.621  -0.620  -0.619  -0.616  -0.611  -0.603  -0.590  -0.568  -0.534  -0.485  -0.415  -0.326  -0.213  -0.082   0.064   0.217   0.369   0.518   0.656   0.786   0.907   1.023   1.134   1.248   1.374   1.511   1.660   1.821   1.991   2.172
   6.450  -0.623  -0.623  -0.623  -0.623  -0.623  -0.622  -0.622  -0.622  -0.621  -0.620  -0.618  -0.614  -0.608  -0.598  -0.581  -0.553  -0.510  -0.446  -0.362  -0.254  -0.129   0.010   0.155   0.298   0.437   0.568   0.692   0.810   0.926   1.041   1.161   1.295   1.440   1.599   1.766   1.936   2.113
   6.500  -0.623  -0.623  -0.623  -0.623  -0.623  -0.623  -0.623  -0.622  -0.621  -0.620  -0.618  -0.616  -0.611  -0.604  -0.591  -0.568  -0.533  -0.476  -0.400  -0.300  -0.183  -0.052   0.085   0.220   0.353   0.478   0.599   0.715   0.831   0.950   1.077   1.219   1.373   1.539   1.711   1.882   2.052
   6.550  -0.623  -0.623  -0.623  -0.624  -0.624  -0.624  -0.623  -0.623  -0.622  -0.621  -0.620  -0.618  -0.614  -0.608  -0.597  -0.579  -0.548  -0.500  -0.434  -0.344  -0.236  -0.114   0.015   0.144   0.272   0.392   0.509   0.623   0.739   0.863   0.997   1.147   1.309   1.482   1.657   1.826   1.991
   6.600  -0.624  -0.624  -0.624  -0.624  -0.624  -0.624  -0.624  -0.624  -0.623  -0.622  -0.621  -0.619  -0.616  -0.611  -0.601  -0.586  -0.560  -0.520  -0.463  -0.384  -0.287  -0.175  -0.054   0.070   0.193   0.309   0.423   0.536   0.653   0.781   0.921   1.079   1.248   1.426   1.603   1.770   1.929
   6.650  -0.624  -0.624  -0.624  -0.624  -0.625  -0.625  -0.625  -0.624  -0.624  -0.623  -0.622  -0.621  -0.618  -0.613  -0.605  -0.592  -0.570  -0.536  -0.486  -0.417  -0.331  -0.229  -0.116   0.000   0.118   0.231   0.343   0.455   0.574   0.707   0.853   1.017   1.190   1.370   1.548   1.713   1.868
   6.700  -0.625  -0.625  -0.625  -0.625  -0.625  -0.625  -0.625  -0.625  -0.625  -0.624  -0.624  -0.622  -0.619  -0.615  -0.608  -0.597  -0.578  -0.549  -0.506  -0.446  -0.370  -0.277  -0.174  -0.065   0.047   0.156   0.267   0.380   0.502   0.640   0.791   0.959   1.135   1.316   1.493   1.655   1.807
   6.750  -0.626  -0.626  -0.625  -0.625  -0.625  -0.625  -0.626  -0.626  -0.625  -0.625  -0.624  -0.623  -0.621  -0.617  -0.611  -0.601  -0.585  -0.560  -0.523  -0.471  -0.404  -0.320  -0.227  -0.126  -0.020   0.084   0.193   0.308   0.434   0.576   0.732   0.903   1.082   1.262   1.438   1.597   1.745
   6.800  -0.627  -0.626  -0.626  -0.626  -0.626  -0.626  -0.626  -0.626  -0.626  -0.626  -0.625  -0.624  -0.622  -0.619  -0.614  -0.605  -0.591  -0.570  -0.538  -0.492  -0.433  -0.359  -0.275  -0.182  -0.083   0.018   0.126   0.243   0.372   0.518   0.678   0.852   1.031   1.210   1.382   1.538   1.681
   6.850  -0.627  -0.627  -0.627  -0.627  -0.627  -0.627  -0.627  -0.627  -0.627  -0.627  -0.626  -0.625  -0.624  -0.621  -0.616  -0.609  -0.597  -0.578  -0.550  -0.510  -0.459  -0.393  -0.317  -0.232  -0.139  -0.041   0.066   0.184   0.316   0.466   0.628   0.802   0.981   1.158   1.326   1.477   1.614
   6.900  -0.628  -0.628  -0.628  -0.628  -0.628  -0.628  -0.628  -0.628  -0.628  -0.628  -0.627  -0.627  -0.625  -0.623  -0.618  -0.612  -0.601  -0.584  -0.560  -0.526  -0.480  -0.422  -0.353  -0.275  -0.188  -0.093   0.013   0.133   0.267   0.418   0.581   0.755   0.932   1.106   1.270   1.415   1.543
   6.950  -0.629  -0.629  -0.629  -0.629  -0.629  -0.629  -0.629  -0.629  -0.629  -0.629  -0.628  -0.627  -0.626  -0.624  -0.620  -0.614  -0.604  -0.590  -0.568  -0.538  -0.498  -0.446  -0.384  -0.312  -0.229  -0.138  -0.033   0.087   0.223   0.374   0.536   0.709   0.884   1.054   1.213   1.353   1.476
   7.000  -0.630  -0.630  -0.630  -0.630  -0.630  -0.630  -0.630  -0.630  -0.630  -0.630  -0.629  -0.628  -0.627  -0.625  -0.621  -0.616  -0.607  -0.594  -0.575  -0.548  -0.513  -0.466  -0.409  -0.342  -0.264  -0.175  -0.073   0.048   0.183   0.333   0.493   0.664   0.836   1.002   1.156   1.291   1.410
   7.050  -0.631  -0.631  -0.631  -0.631  -0.631  -0.631  -0.631  -0.631  -0.631  -0.631  -0.630  -0.630  -0.628  -0.626  -0.622  -0.617  -0.609  -0.597  -0.580  -0.556  -0.524  -0.482  -0.429  -0.366  -0.292  -0.205  -0.105   0.013   0.146   0.293   0.451   0.619   0.788   0.951   1.101   1.226   1.334
   7.100  -0.633  -0.633  -0.633  -0.633  -0.633  -0.633  -0.632  -0.632  -0.632  -0.632  -0.632  -0.631  -0.630  -0.628  -0.624  -0.619  -0.611  -0.600  -0.584  -0.562  -0.532  -0.494  -0.446  -0.387  -0.315  -0.231  -0.133  -0.019   0.110   0.254   0.409   0.574   0.739   0.899   1.043   1.159   1.251
   7.150  -0.634  -0.634  -0.634  -0.634  -0.634  -0.634  -0.634  -0.634  -0.634  -0.634  -0.633  -0.633  -0.632  -0.630  -0.626  -0.622  -0.614  -0.603  -0.588  -0.567  -0.539  -0.504  -0.459  -0.404  -0.336  -0.255  -0.159  -0.050   0.075   0.215   0.367   0.529   0.690   0.847   0.984   1.081   1.154
   7.200  -0.636  -0.636  -0.636  -0.636  -0.636  -0.636  -0.636  -0.636  -0.636  -0.636  -0.635  -0.635  -0.634  -0.632  -0.629  -0.625  -0.618  -0.607  -0.592  -0.572  -0.546  -0.512  -0.470  -0.419  -0.356  -0.277  -0.185  -0.080   0.040   0.177   0.326   0.484   0.641   0.787   0.911   0.995   1.046
   7.250  -0.638  -0.638  -0.638  -0.638  -0.638  -0.638  -0.638  -0.638  -0.638  -0.637  -0.637  -0.637  -0.636  -0.634  -0.632  -0.628  -0.622  -0.612  -0.598  -0.579  -0.554  -0.522  -0.483  -0.434  -0.375  -0.300  -0.211  -0.110   0.006   0.140   0.285   0.442   0.589   0.705   0.796   0.875   0.912
   7.300  -0.640  -0.640  -0.640  -0.640  -0.640  -0.640  -0.640  -0.640  -0.640  -0.640  -0.639  -0.639  -0.638  -0.637  -0.635  -0.632  -0.626  -0.617  -0.604  -0.586  -0.563  -0.533  -0.496  -0.450  -0.393  -0.322  -0.238  -0.140  -0.028   0.103   0.244   0.398   0.537   0.624   0.684   0.729   0.757
   7.350  -0.642  -0.642  -0.642  -0.642  -0.642  -0.642  -0.642  -0.642  -0.642  -0.642  -0.641  -0.641  -0.641  -0.640  -0.638  -0.635  -0.630  -0.622  -0.610  -0.594  -0.573  -0.546  -0.510  -0.466  -0.411  -0.344  -0.264  -0.170  -0.061   0.066   0.204   0.357   0.494   0.577   0.633   0.653   0.676
   7.400  -0.644  -0.644  -0.644  -0.645  -0.645  -0.645  -0.645  -0.645  -0.645  -0.645  -0.644  -0.644  -0.644  -0.643  -0.641  -0.638  -0.634  -0.627  -0.617  -0.603  -0.583  -0.558  -0.525  -0.482  -0.429  -0.366  -0.290  -0.199  -0.094   0.030   0.163   0.307   0.435   0.516   0.571   0.613   0.639
   7.450  -0.647  -0.647  -0.647  -0.648  -0.648  -0.648  -0.648  -0.648  -0.648  -0.648  -0.647  -0.647  -0.647  -0.646  -0.644  -0.642  -0.638  -0.632  -0.623  -0.610  -0.593  -0.570  -0.539  -0.498  -0.447  -0.387  -0.315  -0.228  -0.127  -0.003   0.121   0.227   0.315   0.373   0.413   0.472   0.492
   7.500  -0.651  -0.651  -0.651  -0.651  -0.651  -0.651  -0.651  -0.651  -0.651  -0.651  -0.651  -0.651  -0.650  -0.649  -0.648  -0.646  -0.642  -0.637  -0.629  -0.618  -0.602  -0.581  -0.552  -0.513  -0.464  -0.407  -0.339  -0.256  -0.159  -0.037   0.078   0.148   0.197   0.232   0.256   0.274   0.285
   7.550  -0.654  -0.654  -0.654  -0.654  -0.654  -0.654  -0.654  -0.654  -0.654  -0.654  -0.654  -0.654  -0.654  -0.653  -0.652  -0.650  -0.647  -0.642  -0.635  -0.625  -0.611  -0.591  -0.563  -0.527  -0.482  -0.428  -0.363  -0.284  -0.191  -0.074   0.035   0.098   0.140   0.171   0.192   0.193   0.202
   7.600  -0.658  -0.658  -0.658  -0.658  -0.658  -0.658  -0.658  -0.658  -0.658  -0.658  -0.658  -0.658  -0.658  -0.657  -0.656  -0.655  -0.652  -0.648  -0.641  -0.633  -0.620  -0.600  -0.574  -0.541  -0.499  -0.449  -0.388  -0.313  -0.224  -0.113  -0.008   0.056   0.100   0.132   0.154   0.171   0.181
   7.650  -0.663  -0.663  -0.663  -0.663  -0.663  -0.663  -0.663  -0.663  -0.663  -0.663  -0.663  -0.663  -0.662  -0.662  -0.661  -0.659  -0.657  -0.653  -0.647  -0.640  -0.628  -0.609  -0.584  -0.554  -0.516  -0.470  -0.412  -0.341  -0.257  -0.151  -0.052   0.009   0.051   0.082   0.103   0.118   0.127
   7.700  -0.668  -0.668  -0.668  -0.668  -0.668  -0.668  -0.668  -0.668  -0.668  -0.668  -0.668  -0.668  -0.667  -0.667  -0.666  -0.664  -0.662  -0.659  -0.654  -0.647  -0.636  -0.618  -0.595  -0.567  -0.533  -0.490  -0.437  -0.370  -0.291  -0.191  -0.097  -0.039   0.000   0.029   0.048   0.064   0.073
   7.750  -0.673  -0.673  -0.673  -0.673  -0.673  -0.673  -0.673  -0.673  -0.673  -0.674  -0.674  -0.673  -0.673  -0.672  -0.672  -0.670  -0.668  -0.666  -0.662  -0.655  -0.644  -0.628  -0.607  -0.582  -0.550  -0.511  -0.462  -0.400  -0.325  -0.230  -0.141  -0.086  -0.049  -0.022  -0.003   0.003   0.012
   7.800  -0.679  -0.679  -0.679  -0.679  -0.679  -0.679  -0.679  -0.679  -0.679  -0.680  -0.680  -0.680  -0.679  -0.679  -0.678  -0.677  -0.675  -0.673  -0.670  -0.663  -0.653  -0.638  -0.619  -0.596  -0.568  -0.533  -0.488  -0.429  -0.360  -0.276  -0.197  -0.149  -0.115  -0.091  -0.075  -0.062  -0.054
   7.850  -0.686  -0.686  -0.686  -0.686  -0.686  -0.686  -0.686  -0.686  -0.686  -0.686  -0.687  -0.687  -0.686  -0.686  -0.685  -0.684  -0.683  -0.681  -0.678  -0.672  -0.662  -0.649  -0.632  -0.612  -0.587  -0.556  -0.515  -0.459  -0.398  -0.340  -0.291  -0.259  -0.237  -0.221  -0.210  -0.181  -0.176
   7.900  -0.694  -0.694  -0.694  -0.694  -0.694  -0.694  -0.694  -0.694  -0.694  -0.694  -0.694  -0.694  -0.694  -0.694  -0.693  -0.692  -0.691  -0.690  -0.687  -0.680  -0.671  -0.660  -0.646  -0.629  -0.607  -0.579  -0.543  -0.489  -0.436  -0.404  -0.382  -0.367  -0.356  -0.348  -0.342  -0.338  -0.336
   7.950  -0.702  -0.702  -0.702  -0.702  -0.702  -0.702  -0.702  -0.702  -0.702  -0.702  -0.702  -0.702  -0.702  -0.702  -0.701  -0.700  -0.699  -0.698  -0.695  -0.689  -0.681  -0.671  -0.660  -0.645  -0.627  -0.603  -0.571  -0.521  -0.473  -0.447  -0.431  -0.418  -0.409  -0.403  -0.399  -0.408  -0.406
   8.000  -0.710  -0.710  -0.710  -0.710  -0.710  -0.710  -0.710  -0.710  -0.710  -0.710  -0.710  -0.710  -0.710  -0.710  -0.710  -0.709  -0.708  -0.707  -0.704  -0.698  -0.691  -0.683  -0.674  -0.662  -0.647  -0.627  -0.600  -0.556  -0.512  -0.486  -0.468  -0.455  -0.446  -0.439  -0.435  -0.432  -0.429
   8.100  -0.730  -0.730  -0.730  -0.730  -0.730  -0.730  -0.730  -0.730  -0.730  -0.730  -0.730  -0.730  -0.730  -0.730  -0.730  -0.730  -0.730  -0.728  -0.725  -0.721  -0.716  -0.711  -0.706  -0.700  -0.692  -0.679  -0.661  -0.630  -0.599  -0.581  -0.568  -0.559  -0.552  -0.548  -0.545  -0.542  -0.541
   8.200  -0.754  -0.754  -0.754  -0.754  -0.754  -0.754  -0.754  -0.754  -0.754  -0.754  -0.754  -0.755  -0.755  -0.755  -0.755  -0.755  -0.755  -0.753  -0.751  -0.748  -0.746  -0.745  -0.743  -0.744  -0.742  -0.738  -0.728  -0.704  -0.679  -0.665  -0.655  -0.648  -0.643  -0.639  -0.637  -0.663  -0.662
   8.300  -0.783  -0.783  -0.783  -0.783  -0.783  -0.783  -0.783  -0.783  -0.783  -0.783  -0.783  -0.783  -0.784  -0.784  -0.784  -0.784  -0.784  -0.783  -0.781  -0.780  -0.781  -0.783  -0.786  -0.792  -0.798  -0.800  -0.800  -0.798  -0.796  -0.795  -0.794  -0.793  -0.793  -0.793  -0.793  -0.792  -0.792
   8.400  -0.834  -0.826  -0.820  -0.817  -0.816  -0.816  -0.817  -0.817  -0.817  -0.816  -0.817  -0.817  -0.817  -0.817  -0.817  -0.817  -0.817  -0.816  -0.816  -0.818  -0.820  -0.826  -0.833  -0.845  -0.858  -0.860  -0.878  -0.956  -1.042  -1.090  -1.124  -1.148  -1.165  -1.177  -1.185  -1.096  -1.099
   8.500  -0.853  -0.853  -0.853  -0.853  -0.853  -0.854  -0.854  -0.854  -0.854  -0.854  -0.854  -0.854  -0.854  -0.854  -0.854  -0.854  -0.854  -0.855  -0.856  -0.859  -0.864  -0.873  -0.885  -0.903  -0.923  -0.926  -0.961  -1.100  -1.253  -1.340  -1.399  -1.442  -1.472  -1.494  -1.508  -1.520  -1.527
   8.600  -0.783  -0.836  -0.871  -0.890  -0.891  -0.895  -0.894  -0.895  -0.895  -0.895  -0.895  -0.895  -0.895  -0.895  -0.895  -0.895  -0.895  -0.897  -0.899  -0.904  -0.911  -0.924  -0.941  -0.963  -0.991  -1.018  -1.047  -1.141  -1.280  -1.353  -1.397  -1.433  -1.455  -1.473  -1.484  -1.493  -1.499
   8.700  -0.643  -0.783  -0.878  -0.927  -0.931  -0.940  -0.938  -0.939  -0.939  -0.939  -0.939  -0.939  -0.939  -0.939  -0.939  -0.939  -0.940  -0.942  -0.946  -0.953  -0.962  -0.978  -1.000  -1.028  -1.063  -1.098  -1.136  -1.159  -1.172  -1.184  -1.191  -1.196  -1.200  -1.203  -1.204  -1.206  -1.207

