fixed metal distribution -- based on Grevesse & Sauval (1998) solar abundances
    form     version        X           Z          logRs    logR_min    logR_max       logTs    logT_min    logT_max
       1          38    0.700000    0.080000          37   -8.000000    1.000000         138    3.750000    8.700000

   logT                       logR = logRho - 3*logT + 18
          -8.000  -7.750  -7.500  -7.250  -7.000  -6.750  -6.500  -6.250  -6.000  -5.750  -5.500  -5.250  -5.000  -4.750  -4.500  -4.250  -4.000  -3.750  -3.500  -3.250  -3.000  -2.750  -2.500  -2.250  -2.000  -1.750  -1.500  -1.250  -1.000  -0.750  -0.500  -0.250   0.000   0.250   0.500   0.750   1.000

   3.750  -0.759  -0.835  -0.919  -1.010  -1.108  -1.209  -1.314  -1.419  -1.525  -1.630  -1.734  -1.833  -1.928  -2.013  -2.089  -2.144  -2.182  -2.192  -2.178  -2.137  -2.070  -1.985  -1.880  -1.762  -1.628  -1.490  -1.345  -1.164  -0.957  -0.754  -0.544  -0.328  -0.105   0.097   0.287   0.464   0.628
   3.775  -0.631  -0.671  -0.720  -0.779  -0.848  -0.927  -1.015  -1.106  -1.203  -1.300  -1.399  -1.493  -1.585  -1.664  -1.736  -1.788  -1.826  -1.836  -1.823  -1.786  -1.725  -1.651  -1.561  -1.454  -1.331  -1.213  -1.093  -0.940  -0.764  -0.591  -0.412  -0.219  -0.015   0.185   0.387   0.562   0.721
   3.800  -0.549  -0.563  -0.586  -0.619  -0.662  -0.716  -0.781  -0.851  -0.929  -1.009  -1.094  -1.175  -1.254  -1.323  -1.384  -1.430  -1.462  -1.470  -1.457  -1.423  -1.369  -1.304  -1.225  -1.130  -1.019  -0.917  -0.815  -0.684  -0.534  -0.385  -0.231  -0.060   0.123   0.314   0.514   0.688   0.847
   3.825  -0.521  -0.523  -0.529  -0.541  -0.559  -0.584  -0.615  -0.654  -0.699  -0.752  -0.809  -0.869  -0.927  -0.981  -1.027  -1.064  -1.086  -1.090  -1.077  -1.046  -1.000  -0.941  -0.870  -0.783  -0.689  -0.603  -0.508  -0.389  -0.260  -0.130   0.007   0.155   0.314   0.488   0.668   0.840   1.007
   3.850  -0.520  -0.516  -0.513  -0.510  -0.508  -0.506  -0.507  -0.513  -0.525  -0.545  -0.571  -0.601  -0.632  -0.662  -0.687  -0.705  -0.714  -0.710  -0.693  -0.664  -0.623  -0.569  -0.504  -0.429  -0.348  -0.269  -0.182  -0.077   0.038   0.155   0.278   0.406   0.542   0.691   0.850   1.020   1.200
   3.875  -0.519  -0.512  -0.504  -0.495  -0.483  -0.470  -0.455  -0.441  -0.428  -0.417  -0.408  -0.400  -0.393  -0.386  -0.378  -0.367  -0.353  -0.334  -0.309  -0.277  -0.238  -0.188  -0.130  -0.067   0.003   0.075   0.154   0.246   0.345   0.450   0.561   0.675   0.795   0.925   1.066   1.217   1.386
   3.900  -0.521  -0.514  -0.505  -0.494  -0.479  -0.461  -0.438  -0.411  -0.378  -0.341  -0.299  -0.254  -0.207  -0.160  -0.113  -0.068  -0.025   0.015   0.055   0.095   0.138   0.187   0.240   0.295   0.355   0.421   0.494   0.573   0.660   0.755   0.855   0.958   1.066   1.181   1.304   1.436   1.579
   3.925  -0.522  -0.517  -0.508  -0.498  -0.483  -0.464  -0.437  -0.402  -0.358  -0.303  -0.239  -0.165  -0.085  -0.001   0.085   0.167   0.245   0.315   0.379   0.437   0.491   0.545   0.597   0.650   0.705   0.765   0.830   0.901   0.978   1.063   1.153   1.246   1.344   1.447   1.557   1.671   1.796
   3.950  -0.522  -0.518  -0.511  -0.503  -0.491  -0.472  -0.445  -0.408  -0.358  -0.293  -0.213  -0.118  -0.011   0.105   0.225   0.345   0.460   0.564   0.657   0.738   0.810   0.874   0.933   0.988   1.042   1.098   1.158   1.222   1.292   1.368   1.450   1.534   1.624   1.718   1.817   1.922   2.032
   3.975  -0.515  -0.513  -0.508  -0.501  -0.491  -0.475  -0.450  -0.413  -0.363  -0.295  -0.209  -0.102   0.022   0.160   0.308   0.459   0.607   0.746   0.874   0.984   1.081   1.164   1.236   1.300   1.358   1.416   1.473   1.534   1.597   1.666   1.739   1.816   1.897   1.983   2.075   2.168   2.268
   4.000  -0.506  -0.504  -0.500  -0.496  -0.488  -0.474  -0.452  -0.419  -0.371  -0.304  -0.216  -0.105   0.028   0.181   0.348   0.524   0.702   0.873   1.033   1.175   1.301   1.408   1.499   1.577   1.646   1.709   1.768   1.827   1.887   1.951   2.017   2.088   2.162   2.242   2.326   2.415   2.510
   4.025  -0.494  -0.493  -0.490  -0.487  -0.480  -0.468  -0.449  -0.418  -0.373  -0.308  -0.223  -0.111   0.024   0.183   0.359   0.551   0.748   0.943   1.130   1.302   1.458   1.593   1.709   1.808   1.892   1.966   2.033   2.096   2.157   2.218   2.281   2.347   2.416   2.489   2.566   2.647   2.734
   4.050  -0.482  -0.480  -0.477  -0.475  -0.469  -0.459  -0.441  -0.413  -0.371  -0.311  -0.228  -0.120   0.013   0.172   0.352   0.550   0.759   0.972   1.181   1.379   1.562   1.725   1.869   1.992   2.097   2.187   2.266   2.336   2.401   2.464   2.526   2.589   2.654   2.722   2.794   2.869   2.948
   4.075  -0.470  -0.466  -0.462  -0.459  -0.454  -0.445  -0.429  -0.404  -0.364  -0.307  -0.229  -0.125   0.004   0.160   0.339   0.538   0.750   0.971   1.193   1.409   1.615   1.804   1.974   2.124   2.254   2.364   2.459   2.541   2.614   2.681   2.745   2.809   2.873   2.938   3.005   3.075   3.148
   4.100  -0.459  -0.454  -0.448  -0.444  -0.438  -0.429  -0.414  -0.391  -0.355  -0.301  -0.227  -0.127  -0.003   0.147   0.321   0.516   0.727   0.950   1.179   1.407   1.630   1.841   2.036   2.212   2.368   2.501   2.615   2.712   2.797   2.872   2.941   3.007   3.072   3.137   3.201   3.268   3.336
   4.125  -0.453  -0.446  -0.439  -0.433  -0.425  -0.415  -0.400  -0.377  -0.343  -0.292  -0.222  -0.128  -0.010   0.134   0.302   0.492   0.699   0.920   1.150   1.385   1.618   1.845   2.061   2.260   2.440   2.597   2.733   2.849   2.948   3.035   3.112   3.184   3.251   3.317   3.381   3.446   3.511
   4.150  -0.450  -0.441  -0.433  -0.424  -0.415  -0.403  -0.386  -0.364  -0.330  -0.282  -0.216  -0.127  -0.014   0.124   0.285   0.468   0.669   0.886   1.114   1.350   1.589   1.827   2.058   2.277   2.480   2.660   2.819   2.955   3.072   3.173   3.260   3.340   3.412   3.480   3.545   3.610   3.674
   4.175  -0.449  -0.440  -0.430  -0.420  -0.408  -0.394  -0.376  -0.352  -0.318  -0.271  -0.206  -0.121  -0.013   0.119   0.274   0.450   0.646   0.857   1.081   1.315   1.556   1.800   2.041   2.275   2.496   2.696   2.877   3.034   3.170   3.286   3.387   3.475   3.554   3.627   3.695   3.763   3.827
   4.200  -0.450  -0.440  -0.429  -0.417  -0.404  -0.388  -0.368  -0.343  -0.307  -0.260  -0.196  -0.113  -0.010   0.118   0.266   0.437   0.626   0.832   1.051   1.282   1.522   1.768   2.015   2.259   2.493   2.712   2.913   3.090   3.246   3.380   3.494   3.594   3.681   3.760   3.832   3.902   3.969
   4.225  -0.450  -0.440  -0.430  -0.418  -0.403  -0.387  -0.365  -0.338  -0.302  -0.254  -0.190  -0.108  -0.007   0.117   0.262   0.427   0.611   0.812   1.027   1.255   1.493   1.738   1.987   2.236   2.480   2.712   2.930   3.127   3.304   3.455   3.586   3.698   3.796   3.882   3.961   4.037   4.108
   4.250  -0.449  -0.440  -0.430  -0.418  -0.403  -0.386  -0.364  -0.336  -0.299  -0.250  -0.186  -0.104  -0.004   0.117   0.259   0.420   0.600   0.798   1.010   1.235   1.470   1.713   1.961   2.212   2.461   2.704   2.936   3.150   3.345   3.514   3.662   3.788   3.898   3.995   4.082   4.164   4.240
   4.275  -0.443  -0.435  -0.426  -0.414  -0.401  -0.384  -0.362  -0.334  -0.297  -0.247  -0.184  -0.102  -0.003   0.117   0.256   0.416   0.594   0.789   1.000   1.223   1.456   1.697   1.944   2.196   2.447   2.696   2.936   3.163   3.372   3.558   3.722   3.865   3.989   4.098   4.196   4.286   4.367
   4.300  -0.435  -0.428  -0.419  -0.408  -0.395  -0.379  -0.358  -0.331  -0.294  -0.245  -0.182  -0.102  -0.003   0.115   0.253   0.412   0.589   0.785   0.995   1.217   1.449   1.689   1.934   2.185   2.437   2.689   2.935   3.171   3.392   3.592   3.772   3.931   4.071   4.193   4.302   4.401   4.488
   4.325  -0.425  -0.418  -0.409  -0.399  -0.386  -0.370  -0.350  -0.324  -0.289  -0.243  -0.182  -0.104  -0.008   0.109   0.247   0.405   0.583   0.779   0.989   1.212   1.445   1.685   1.932   2.183   2.436   2.689   2.938   3.180   3.410   3.621   3.815   3.989   4.144   4.281   4.402   4.509   4.603
   4.350  -0.414  -0.407  -0.397  -0.387  -0.374  -0.359  -0.339  -0.314  -0.280  -0.236  -0.179  -0.104  -0.010   0.105   0.242   0.401   0.579   0.776   0.988   1.212   1.446   1.688   1.936   2.188   2.442   2.696   2.947   3.192   3.428   3.649   3.855   4.042   4.211   4.362   4.495   4.611   4.711
   4.375  -0.405  -0.396  -0.386  -0.375  -0.361  -0.344  -0.323  -0.297  -0.264  -0.221  -0.166  -0.095  -0.004   0.108   0.243   0.402   0.581   0.779   0.993   1.219   1.455   1.699   1.949   2.202   2.456   2.711   2.964   3.212   3.452   3.681   3.896   4.094   4.275   4.437   4.581   4.707   4.813
   4.400  -0.396  -0.387  -0.376  -0.363  -0.348  -0.329  -0.306  -0.278  -0.244  -0.202  -0.147  -0.078   0.009   0.119   0.251   0.409   0.588   0.787   1.002   1.229   1.467   1.714   1.966   2.221   2.477   2.733   2.987   3.237   3.480   3.715   3.938   4.145   4.335   4.508   4.662   4.795   4.909
   4.425  -0.390  -0.380  -0.369  -0.355  -0.338  -0.317  -0.292  -0.261  -0.223  -0.178  -0.122  -0.053   0.033   0.139   0.268   0.422   0.598   0.796   1.011   1.240   1.480   1.729   1.984   2.241   2.500   2.759   3.016   3.268   3.514   3.754   3.983   4.196   4.394   4.575   4.737   4.878   4.999
   4.450  -0.384  -0.375  -0.363  -0.348  -0.330  -0.308  -0.280  -0.245  -0.204  -0.155  -0.095  -0.024   0.063   0.167   0.293   0.443   0.616   0.811   1.025   1.255   1.497   1.748   2.005   2.265   2.527   2.789   3.048   3.303   3.553   3.796   4.029   4.248   4.452   4.639   4.807   4.955   5.082
   4.475  -0.380  -0.370  -0.357  -0.343  -0.324  -0.301  -0.272  -0.235  -0.189  -0.135  -0.070   0.006   0.096   0.203   0.329   0.477   0.647   0.840   1.052   1.280   1.522   1.774   2.032   2.294   2.558   2.822   3.083   3.341   3.594   3.840   4.077   4.300   4.509   4.700   4.873   5.025   5.157
   4.500  -0.376  -0.365  -0.352  -0.338  -0.320  -0.296  -0.266  -0.227  -0.178  -0.119  -0.049   0.033   0.129   0.240   0.369   0.518   0.686   0.877   1.086   1.313   1.553   1.804   2.063   2.325   2.591   2.856   3.119   3.379   3.635   3.884   4.124   4.351   4.562   4.756   4.932   5.088   5.224
   4.525  -0.373  -0.362  -0.349  -0.335  -0.316  -0.293  -0.262  -0.222  -0.171  -0.109  -0.035   0.053   0.156   0.274   0.408   0.560   0.730   0.920   1.126   1.350   1.588   1.837   2.094   2.357   2.622   2.888   3.153   3.415   3.672   3.924   4.167   4.396   4.611   4.807   4.986   5.142   5.279
   4.550  -0.372  -0.360  -0.347  -0.332  -0.314  -0.290  -0.259  -0.219  -0.167  -0.103  -0.025   0.069   0.178   0.304   0.445   0.603   0.777   0.967   1.173   1.394   1.629   1.875   2.130   2.390   2.654   2.919   3.184   3.447   3.707   3.961   4.205   4.436   4.652   4.850   5.029   5.187   5.324
   4.575  -0.370  -0.359  -0.345  -0.330  -0.311  -0.288  -0.257  -0.216  -0.164  -0.099  -0.018   0.080   0.196   0.329   0.479   0.645   0.826   1.021   1.229   1.450   1.682   1.923   2.173   2.428   2.688   2.950   3.213   3.477   3.737   3.992   4.237   4.469   4.685   4.882   5.060   5.217   5.353
   4.600  -0.369  -0.357  -0.344  -0.329  -0.310  -0.286  -0.255  -0.215  -0.163  -0.097  -0.014   0.088   0.208   0.348   0.507   0.681   0.870   1.071   1.282   1.504   1.735   1.973   2.218   2.468   2.722   2.979   3.240   3.502   3.763   4.017   4.262   4.492   4.707   4.902   5.078   5.233   5.367
   4.625  -0.368  -0.357  -0.343  -0.329  -0.310  -0.287  -0.256  -0.216  -0.163  -0.096  -0.012   0.091   0.215   0.359   0.523   0.703   0.899   1.106   1.323   1.549   1.781   2.018   2.260   2.505   2.754   3.008   3.264   3.524   3.781   4.034   4.277   4.505   4.716   4.909   5.082   5.235   5.366
   4.650  -0.367  -0.356  -0.343  -0.328  -0.310  -0.287  -0.257  -0.217  -0.165  -0.098  -0.014   0.091   0.216   0.363   0.529   0.715   0.916   1.129   1.352   1.582   1.818   2.056   2.297   2.539   2.784   3.033   3.284   3.540   3.794   4.043   4.282   4.507   4.715   4.904   5.074   5.222   5.350
   4.675  -0.365  -0.353  -0.340  -0.325  -0.308  -0.286  -0.257  -0.220  -0.170  -0.104  -0.020   0.084   0.210   0.358   0.526   0.715   0.919   1.138   1.366   1.601   1.841   2.082   2.324   2.565   2.808   3.053   3.301   3.552   3.800   4.044   4.278   4.498   4.701   4.886   5.052   5.199   5.324
   4.700  -0.364  -0.350  -0.336  -0.322  -0.305  -0.284  -0.257  -0.222  -0.174  -0.110  -0.028   0.075   0.200   0.347   0.517   0.707   0.914   1.135   1.367   1.606   1.850   2.095   2.339   2.582   2.824   3.067   3.311   3.557   3.800   4.038   4.266   4.480   4.679   4.860   5.022   5.164   5.286
   4.725  -0.363  -0.349  -0.334  -0.319  -0.302  -0.282  -0.255  -0.222  -0.176  -0.115  -0.035   0.066   0.188   0.335   0.503   0.692   0.899   1.120   1.353   1.595   1.841   2.089   2.337   2.583   2.827   3.071   3.313   3.555   3.793   4.025   4.247   4.456   4.649   4.826   4.985   5.125   5.246
   4.750  -0.363  -0.348  -0.333  -0.317  -0.300  -0.280  -0.254  -0.221  -0.177  -0.118  -0.041   0.058   0.178   0.322   0.488   0.675   0.881   1.101   1.333   1.574   1.822   2.072   2.323   2.573   2.820   3.065   3.307   3.547   3.781   4.007   4.223   4.427   4.616   4.788   4.944   5.080   5.199
   4.775  -0.364  -0.349  -0.333  -0.317  -0.300  -0.279  -0.252  -0.220  -0.176  -0.119  -0.044   0.053   0.170   0.312   0.476   0.661   0.864   1.082   1.312   1.551   1.798   2.048   2.300   2.553   2.803   3.051   3.294   3.532   3.763   3.986   4.197   4.396   4.581   4.750   4.902   5.037   5.153
   4.800  -0.364  -0.349  -0.334  -0.318  -0.300  -0.278  -0.252  -0.218  -0.175  -0.118  -0.045   0.050   0.165   0.305   0.466   0.649   0.848   1.063   1.289   1.526   1.770   2.020   2.273   2.527   2.781   3.031   3.276   3.514   3.744   3.963   4.171   4.365   4.546   4.712   4.861   4.993   5.107
   4.825  -0.364  -0.350  -0.335  -0.319  -0.301  -0.279  -0.251  -0.217  -0.174  -0.117  -0.044   0.049   0.163   0.300   0.459   0.638   0.834   1.045   1.268   1.501   1.743   1.991   2.245   2.500   2.756   3.008   3.255   3.494   3.723   3.940   4.145   4.337   4.515   4.677   4.823   4.952   5.064
   4.850  -0.361  -0.349  -0.334  -0.319  -0.300  -0.278  -0.250  -0.216  -0.171  -0.115  -0.043   0.050   0.162   0.297   0.454   0.629   0.822   1.029   1.249   1.479   1.718   1.965   2.218   2.474   2.731   2.985   3.234   3.473   3.702   3.918   4.121   4.311   4.486   4.645   4.788   4.913   5.021
   4.875  -0.356  -0.344  -0.330  -0.314  -0.296  -0.274  -0.247  -0.212  -0.169  -0.112  -0.041   0.050   0.161   0.295   0.449   0.623   0.813   1.018   1.234   1.462   1.699   1.945   2.196   2.452   2.709   2.963   3.212   3.452   3.681   3.898   4.100   4.288   4.461   4.617   4.757   4.878   4.982
   4.900  -0.346  -0.334  -0.321  -0.306  -0.288  -0.267  -0.240  -0.207  -0.164  -0.108  -0.038   0.052   0.162   0.294   0.447   0.619   0.808   1.010   1.224   1.450   1.685   1.928   2.178   2.433   2.689   2.943   3.192   3.433   3.662   3.879   4.081   4.268   4.438   4.592   4.728   4.845   4.945
   4.925  -0.330  -0.319  -0.307  -0.293  -0.277  -0.257  -0.231  -0.199  -0.157  -0.103  -0.033   0.055   0.163   0.294   0.445   0.616   0.804   1.005   1.219   1.442   1.675   1.916   2.164   2.417   2.672   2.926   3.175   3.416   3.646   3.863   4.065   4.250   4.419   4.569   4.701   4.814   4.908
   4.950  -0.306  -0.297  -0.286  -0.274  -0.259  -0.240  -0.216  -0.185  -0.145  -0.092  -0.025   0.061   0.167   0.297   0.446   0.617   0.804   1.005   1.217   1.439   1.670   1.909   2.155   2.406   2.659   2.912   3.160   3.401   3.631   3.848   4.050   4.234   4.401   4.547   4.675   4.784   4.873
   4.975  -0.272  -0.265  -0.255  -0.245  -0.232  -0.215  -0.192  -0.164  -0.126  -0.075  -0.010   0.074   0.178   0.306   0.455   0.625   0.812   1.012   1.223   1.444   1.672   1.909   2.153   2.401   2.652   2.902   3.149   3.388   3.617   3.835   4.037   4.219   4.382   4.525   4.649   4.752   4.836
   5.000  -0.231  -0.224  -0.215  -0.206  -0.195  -0.180  -0.160  -0.133  -0.097  -0.050   0.013   0.095   0.197   0.322   0.468   0.637   0.823   1.022   1.232   1.451   1.678   1.914   2.155   2.400   2.648   2.895   3.139   3.377   3.605   3.822   4.023   4.203   4.363   4.501   4.620   4.719   4.798
   5.025  -0.179  -0.173  -0.165  -0.157  -0.146  -0.133  -0.114  -0.090  -0.056  -0.012   0.048   0.126   0.223   0.345   0.487   0.652   0.835   1.031   1.240   1.458   1.684   1.918   2.157   2.400   2.645   2.890   3.132   3.369   3.595   3.810   4.008   4.185   4.340   4.474   4.588   4.681   4.755
   5.050  -0.124  -0.117  -0.108  -0.100  -0.090  -0.076  -0.059  -0.036  -0.004   0.038   0.094   0.168   0.262   0.378   0.515   0.674   0.851   1.044   1.250   1.467   1.691   1.923   2.160   2.401   2.643   2.887   3.127   3.361   3.586   3.798   3.992   4.164   4.314   4.443   4.551   4.640   4.710
   5.075  -0.067  -0.057  -0.046  -0.036  -0.024  -0.010   0.008   0.031   0.061   0.103   0.157   0.228   0.316   0.425   0.554   0.705   0.875   1.062   1.264   1.477   1.700   1.930   2.164   2.403   2.643   2.884   3.122   3.355   3.577   3.785   3.974   4.140   4.284   4.406   4.509   4.594   4.661
   5.100  -0.017  -0.002   0.013   0.027   0.042   0.059   0.078   0.102   0.134   0.175   0.229   0.297   0.381   0.484   0.605   0.747   0.908   1.088   1.283   1.493   1.712   1.939   2.171   2.406   2.644   2.883   3.119   3.349   3.568   3.770   3.953   4.112   4.249   4.365   4.462   4.543   4.607
   5.125   0.019   0.040   0.061   0.081   0.101   0.123   0.147   0.175   0.210   0.253   0.307   0.374   0.456   0.554   0.668   0.801   0.953   1.124   1.313   1.516   1.730   1.952   2.180   2.412   2.646   2.883   3.117   3.344   3.558   3.753   3.929   4.080   4.209   4.319   4.411   4.489   4.552
   5.150   0.041   0.067   0.094   0.121   0.148   0.177   0.208   0.242   0.281   0.329   0.386   0.454   0.535   0.629   0.739   0.864   1.008   1.170   1.350   1.546   1.754   1.970   2.193   2.421   2.652   2.886   3.116   3.339   3.547   3.735   3.901   4.044   4.165   4.269   4.356   4.431   4.493
   5.175   0.041   0.074   0.107   0.141   0.177   0.214   0.253   0.295   0.342   0.397   0.459   0.531   0.615   0.709   0.816   0.937   1.073   1.227   1.398   1.586   1.786   1.996   2.213   2.436   2.663   2.892   3.117   3.333   3.534   3.713   3.870   4.004   4.118   4.215   4.298   4.371   4.433
   5.200   0.025   0.062   0.102   0.143   0.187   0.232   0.281   0.332   0.388   0.451   0.521   0.600   0.687   0.784   0.892   1.010   1.141   1.288   1.450   1.629   1.822   2.025   2.236   2.454   2.675   2.899   3.117   3.325   3.518   3.687   3.835   3.960   4.067   4.158   4.237   4.309   4.371
   5.225  -0.008   0.033   0.077   0.124   0.174   0.227   0.285   0.346   0.412   0.484   0.564   0.650   0.745   0.847   0.957   1.075   1.203   1.345   1.500   1.672   1.857   2.054   2.259   2.472   2.687   2.904   3.116   3.315   3.499   3.659   3.797   3.914   4.013   4.099   4.176   4.246   4.309
   5.250  -0.053  -0.010   0.037   0.088   0.143   0.203   0.268   0.339   0.414   0.497   0.586   0.682   0.785   0.893   1.008   1.128   1.257   1.395   1.546   1.712   1.890   2.080   2.280   2.487   2.696   2.907   3.111   3.302   3.476   3.626   3.756   3.865   3.958   4.040   4.113   4.183   4.247
   5.275  -0.105  -0.061  -0.013   0.039   0.097   0.161   0.231   0.308   0.392   0.484   0.583   0.690   0.802   0.918   1.039   1.164   1.295   1.433   1.582   1.743   1.916   2.101   2.294   2.496   2.700   2.904   3.101   3.284   3.450   3.591   3.712   3.814   3.902   3.980   4.051   4.121   4.186
   5.300  -0.162  -0.119  -0.071  -0.018   0.040   0.106   0.178   0.260   0.350   0.450   0.558   0.674   0.795   0.921   1.050   1.181   1.316   1.457   1.606   1.765   1.934   2.114   2.303   2.499   2.698   2.896   3.087   3.262   3.419   3.552   3.666   3.762   3.845   3.920   3.990   4.059   4.125
   5.325  -0.218  -0.177  -0.131  -0.080  -0.023   0.042   0.114   0.197   0.289   0.393   0.506   0.630   0.760   0.896   1.035   1.175   1.318   1.464   1.616   1.775   1.942   2.119   2.303   2.495   2.689   2.882   3.067   3.235   3.385   3.511   3.619   3.710   3.789   3.861   3.930   3.998   4.066
   5.350  -0.271  -0.234  -0.191  -0.143  -0.088  -0.026   0.044   0.125   0.216   0.321   0.438   0.567   0.705   0.850   0.999   1.150   1.303   1.456   1.613   1.774   1.941   2.115   2.296   2.485   2.675   2.863   3.042   3.204   3.348   3.468   3.570   3.657   3.733   3.804   3.871   3.939   4.007
   5.375  -0.320  -0.287  -0.247  -0.203  -0.152  -0.093  -0.026   0.051   0.139   0.242   0.358   0.490   0.633   0.786   0.946   1.108   1.271   1.433   1.597   1.762   1.930   2.103   2.282   2.467   2.653   2.838   3.013   3.170   3.308   3.423   3.521   3.604   3.678   3.747   3.813   3.881   3.950
   5.400  -0.362  -0.334  -0.299  -0.259  -0.212  -0.158  -0.095  -0.023   0.062   0.160   0.274   0.406   0.552   0.711   0.879   1.051   1.225   1.397   1.569   1.739   1.910   2.084   2.261   2.445   2.628   2.809   2.980   3.133   3.267   3.378   3.471   3.552   3.624   3.691   3.757   3.825   3.894
   5.425  -0.395  -0.372  -0.342  -0.307  -0.265  -0.216  -0.158  -0.090  -0.011   0.083   0.192   0.321   0.466   0.628   0.801   0.981   1.165   1.347   1.528   1.706   1.882   2.059   2.237   2.420   2.601   2.778   2.945   3.094   3.224   3.332   3.422   3.501   3.571   3.637   3.703   3.771   3.840
   5.450  -0.421  -0.402  -0.378  -0.349  -0.312  -0.268  -0.215  -0.152  -0.078   0.010   0.114   0.238   0.380   0.542   0.718   0.905   1.097   1.289   1.480   1.666   1.849   2.030   2.210   2.392   2.571   2.746   2.910   3.055   3.181   3.286   3.374   3.450   3.519   3.585   3.650   3.718   3.787
   5.475  -0.438  -0.425  -0.406  -0.382  -0.351  -0.313  -0.265  -0.207  -0.138  -0.055   0.045   0.163   0.301   0.461   0.637   0.827   1.026   1.227   1.428   1.622   1.812   1.998   2.181   2.363   2.541   2.714   2.874   3.016   3.139   3.240   3.327   3.401   3.469   3.534   3.599   3.667   3.737
   5.500  -0.449  -0.440  -0.426  -0.408  -0.383  -0.351  -0.309  -0.256  -0.192  -0.113  -0.019   0.094   0.227   0.384   0.559   0.752   0.956   1.165   1.374   1.576   1.774   1.965   2.151   2.334   2.511   2.681   2.839   2.977   3.097   3.196   3.280   3.354   3.420   3.485   3.550   3.618   3.689
   5.525  -0.456  -0.450  -0.440  -0.427  -0.408  -0.381  -0.346  -0.300  -0.241  -0.169  -0.079   0.029   0.159   0.313   0.487   0.682   0.890   1.105   1.322   1.532   1.736   1.931   2.120   2.304   2.481   2.649   2.804   2.940   3.057   3.154   3.236   3.308   3.374   3.438   3.503   3.572   3.643
   5.550  -0.460  -0.456  -0.449  -0.439  -0.425  -0.405  -0.376  -0.337  -0.285  -0.219  -0.135  -0.031   0.095   0.247   0.421   0.617   0.829   1.049   1.273   1.489   1.699   1.898   2.090   2.276   2.452   2.619   2.772   2.904   3.018   3.112   3.193   3.264   3.329   3.394   3.459   3.528   3.600
   5.575  -0.462  -0.459  -0.454  -0.448  -0.437  -0.422  -0.399  -0.367  -0.323  -0.264  -0.186  -0.087   0.036   0.186   0.361   0.560   0.775   1.001   1.230   1.451   1.666   1.869   2.063   2.250   2.426   2.591   2.741   2.870   2.981   3.073   3.152   3.222   3.286   3.351   3.416   3.486   3.559
   5.600  -0.463  -0.461  -0.457  -0.452  -0.445  -0.433  -0.416  -0.391  -0.354  -0.302  -0.232  -0.138  -0.020   0.129   0.303   0.505   0.724   0.955   1.189   1.416   1.635   1.842   2.039   2.226   2.402   2.565   2.713   2.838   2.946   3.035   3.112   3.181   3.246   3.310   3.376   3.446   3.521
   5.625  -0.464  -0.462  -0.458  -0.455  -0.449  -0.441  -0.427  -0.408  -0.378  -0.334  -0.272  -0.186  -0.074   0.071   0.245   0.448   0.671   0.908   1.148   1.381   1.606   1.818   2.017   2.206   2.381   2.542   2.686   2.808   2.913   3.000   3.076   3.144   3.208   3.273   3.339   3.411   3.488
   5.650  -0.464  -0.462  -0.459  -0.456  -0.451  -0.445  -0.434  -0.419  -0.395  -0.360  -0.306  -0.229  -0.124   0.016   0.187   0.391   0.617   0.859   1.106   1.346   1.578   1.794   1.997   2.187   2.361   2.520   2.660   2.780   2.882   2.967   3.041   3.109   3.173   3.238   3.305   3.379   3.458
   5.675  -0.465  -0.462  -0.459  -0.457  -0.453  -0.447  -0.439  -0.426  -0.407  -0.378  -0.332  -0.264  -0.169  -0.037   0.128   0.331   0.560   0.808   1.062   1.310   1.549   1.771   1.978   2.169   2.343   2.499   2.636   2.753   2.852   2.936   3.009   3.076   3.140   3.205   3.274   3.349   3.430
   5.700  -0.465  -0.462  -0.460  -0.457  -0.453  -0.448  -0.441  -0.430  -0.414  -0.390  -0.351  -0.293  -0.207  -0.085   0.073   0.273   0.501   0.753   1.014   1.270   1.517   1.746   1.958   2.150   2.324   2.478   2.613   2.727   2.825   2.907   2.979   3.046   3.110   3.175   3.244   3.320   3.403
   5.725  -0.465  -0.463  -0.460  -0.457  -0.453  -0.449  -0.442  -0.432  -0.418  -0.397  -0.364  -0.313  -0.237  -0.125   0.024   0.217   0.442   0.696   0.962   1.226   1.482   1.717   1.934   2.129   2.303   2.456   2.589   2.702   2.798   2.880   2.951   3.018   3.082   3.147   3.215   3.292   3.375
   5.750  -0.465  -0.463  -0.460  -0.457  -0.453  -0.449  -0.442  -0.433  -0.420  -0.401  -0.372  -0.328  -0.260  -0.158  -0.020   0.164   0.384   0.638   0.907   1.178   1.442   1.685   1.908   2.106   2.281   2.434   2.565   2.677   2.772   2.854   2.926   2.992   3.056   3.120   3.188   3.264   3.346
   5.775  -0.465  -0.463  -0.460  -0.457  -0.453  -0.448  -0.442  -0.433  -0.421  -0.404  -0.377  -0.338  -0.277  -0.185  -0.057   0.118   0.330   0.581   0.851   1.127   1.398   1.648   1.877   2.079   2.256   2.409   2.540   2.652   2.747   2.828   2.901   2.967   3.031   3.095   3.163   3.238   3.320
   5.800  -0.465  -0.463  -0.460  -0.457  -0.453  -0.448  -0.442  -0.433  -0.421  -0.405  -0.380  -0.344  -0.288  -0.204  -0.086   0.078   0.282   0.526   0.795   1.074   1.350   1.607   1.843   2.049   2.229   2.383   2.515   2.627   2.722   2.804   2.877   2.944   3.008   3.072   3.140   3.215   3.296
   5.825  -0.465  -0.463  -0.460  -0.457  -0.453  -0.448  -0.442  -0.434  -0.422  -0.406  -0.382  -0.348  -0.295  -0.218  -0.107   0.047   0.241   0.478   0.741   1.020   1.300   1.562   1.804   2.015   2.199   2.356   2.488   2.601   2.697   2.780   2.853   2.921   2.986   3.052   3.120   3.195   3.276
   5.850  -0.464  -0.462  -0.460  -0.457  -0.454  -0.449  -0.442  -0.434  -0.422  -0.406  -0.383  -0.350  -0.300  -0.227  -0.123   0.022   0.206   0.434   0.691   0.968   1.249   1.516   1.763   1.979   2.168   2.326   2.461   2.575   2.672   2.756   2.831   2.900   2.966   3.033   3.102   3.178   3.260
   5.875  -0.464  -0.462  -0.460  -0.457  -0.454  -0.449  -0.442  -0.434  -0.422  -0.406  -0.383  -0.351  -0.303  -0.233  -0.134   0.003   0.179   0.398   0.648   0.920   1.200   1.469   1.721   1.941   2.134   2.296   2.433   2.549   2.647   2.733   2.809   2.880   2.947   3.014   3.084   3.160   3.242
   5.900  -0.464  -0.462  -0.460  -0.457  -0.453  -0.448  -0.442  -0.433  -0.421  -0.405  -0.382  -0.351  -0.304  -0.237  -0.142  -0.011   0.157   0.368   0.610   0.878   1.154   1.424   1.678   1.903   2.100   2.265   2.405   2.523   2.623   2.711   2.789   2.861   2.929   2.996   3.066   3.142   3.223
   5.925  -0.463  -0.462  -0.459  -0.457  -0.453  -0.448  -0.441  -0.432  -0.420  -0.404  -0.381  -0.350  -0.304  -0.239  -0.148  -0.021   0.141   0.345   0.580   0.842   1.115   1.385   1.640   1.867   2.067   2.235   2.378   2.498   2.601   2.690   2.770   2.842   2.910   2.977   3.045   3.121   3.202
   5.950  -0.463  -0.461  -0.459  -0.456  -0.452  -0.447  -0.440  -0.431  -0.419  -0.403  -0.380  -0.349  -0.304  -0.240  -0.150  -0.027   0.130   0.328   0.557   0.814   1.083   1.350   1.605   1.834   2.036   2.207   2.352   2.475   2.580   2.671   2.752   2.825   2.892   2.957   3.024   3.099   3.179
   5.975  -0.462  -0.460  -0.457  -0.454  -0.450  -0.445  -0.438  -0.429  -0.417  -0.401  -0.378  -0.347  -0.302  -0.239  -0.151  -0.030   0.124   0.318   0.542   0.794   1.058   1.322   1.576   1.804   2.008   2.180   2.328   2.453   2.560   2.654   2.736   2.809   2.875   2.939   3.005   3.078   3.158
   6.000  -0.461  -0.459  -0.456  -0.452  -0.448  -0.442  -0.435  -0.426  -0.414  -0.398  -0.376  -0.345  -0.300  -0.237  -0.150  -0.030   0.121   0.311   0.531   0.778   1.037   1.298   1.549   1.777   1.981   2.155   2.305   2.433   2.542   2.637   2.721   2.793   2.859   2.922   2.986   3.059   3.138
   6.050  -0.460  -0.457  -0.454  -0.449  -0.443  -0.437  -0.429  -0.420  -0.407  -0.392  -0.369  -0.339  -0.295  -0.232  -0.146  -0.028   0.120   0.303   0.513   0.749   0.998   1.250   1.496   1.722   1.929   2.107   2.263   2.396   2.510   2.608   2.692   2.765   2.830   2.892   2.954   3.021   3.099
   6.100  -0.461  -0.458  -0.453  -0.448  -0.441  -0.434  -0.425  -0.414  -0.401  -0.385  -0.362  -0.332  -0.288  -0.225  -0.139  -0.024   0.121   0.297   0.498   0.723   0.962   1.206   1.446   1.672   1.880   2.063   2.223   2.360   2.478   2.577   2.661   2.733   2.796   2.856   2.916   2.985   3.060
   6.150  -0.465  -0.462  -0.458  -0.452  -0.445  -0.437  -0.426  -0.413  -0.397  -0.378  -0.353  -0.321  -0.277  -0.215  -0.132  -0.020   0.118   0.287   0.480   0.696   0.926   1.164   1.401   1.626   1.836   2.022   2.186   2.326   2.445   2.542   2.623   2.689   2.748   2.802   2.860   2.930   3.007
   6.200  -0.469  -0.467  -0.463  -0.458  -0.452  -0.443  -0.431  -0.416  -0.397  -0.376  -0.348  -0.313  -0.267  -0.206  -0.124  -0.016   0.117   0.279   0.465   0.673   0.897   1.129   1.362   1.587   1.796   1.984   2.149   2.288   2.405   2.499   2.574   2.635   2.688   2.738   2.793   2.862   2.944
   6.250  -0.470  -0.469  -0.467  -0.464  -0.459  -0.452  -0.442  -0.429  -0.411  -0.387  -0.356  -0.316  -0.264  -0.198  -0.114  -0.007   0.123   0.280   0.459   0.661   0.878   1.106   1.335   1.556   1.763   1.947   2.109   2.244   2.355   2.442   2.512   2.568   2.617   2.666   2.720   2.791   2.875
   6.300  -0.471  -0.471  -0.469  -0.468  -0.466  -0.462  -0.454  -0.444  -0.428  -0.404  -0.371  -0.328  -0.272  -0.200  -0.111  -0.001   0.129   0.283   0.458   0.656   0.868   1.091   1.314   1.529   1.730   1.907   2.062   2.189   2.292   2.372   2.436   2.488   2.536   2.585   2.642   2.714   2.799
   6.350  -0.472  -0.471  -0.470  -0.470  -0.468  -0.466  -0.461  -0.454  -0.442  -0.423  -0.395  -0.354  -0.298  -0.222  -0.126  -0.008   0.131   0.290   0.467   0.662   0.869   1.084   1.297   1.502   1.692   1.858   2.001   2.118   2.213   2.287   2.346   2.397   2.445   2.496   2.556   2.633   2.722
   6.400  -0.472  -0.471  -0.471  -0.470  -0.470  -0.468  -0.466  -0.461  -0.454  -0.441  -0.419  -0.384  -0.331  -0.254  -0.154  -0.028   0.120   0.287   0.470   0.665   0.869   1.076   1.278   1.470   1.645   1.798   1.928   2.035   2.122   2.190   2.246   2.297   2.347   2.403   2.468   2.548   2.640
   6.450  -0.473  -0.472  -0.472  -0.471  -0.471  -0.470  -0.468  -0.465  -0.459  -0.450  -0.433  -0.405  -0.360  -0.290  -0.195  -0.068   0.084   0.260   0.452   0.654   0.858   1.059   1.251   1.427   1.586   1.723   1.841   1.937   2.018   2.083   2.140   2.194   2.248   2.309   2.378   2.460   2.554
   6.500  -0.473  -0.473  -0.473  -0.472  -0.471  -0.470  -0.469  -0.466  -0.462  -0.456  -0.443  -0.422  -0.385  -0.325  -0.239  -0.116   0.035   0.217   0.416   0.623   0.830   1.026   1.209   1.370   1.513   1.636   1.742   1.831   1.907   1.971   2.030   2.088   2.148   2.214   2.288   2.370   2.462
   6.550  -0.473  -0.474  -0.473  -0.473  -0.472  -0.471  -0.470  -0.468  -0.465  -0.460  -0.449  -0.432  -0.402  -0.351  -0.274  -0.163  -0.020   0.157   0.354   0.562   0.770   0.963   1.140   1.293   1.425   1.538   1.636   1.719   1.792   1.857   1.919   1.981   2.047   2.119   2.198   2.285   2.380
   6.600  -0.474  -0.474  -0.474  -0.474  -0.473  -0.473  -0.471  -0.470  -0.467  -0.463  -0.454  -0.440  -0.414  -0.372  -0.306  -0.207  -0.077   0.090   0.280   0.484   0.690   0.880   1.053   1.199   1.325   1.431   1.523   1.604   1.676   1.742   1.807   1.874   1.945   2.024   2.109   2.203   2.304
   6.650  -0.475  -0.475  -0.474  -0.474  -0.474  -0.474  -0.473  -0.471  -0.469  -0.465  -0.458  -0.446  -0.424  -0.388  -0.331  -0.244  -0.127   0.027   0.203   0.398   0.595   0.780   0.948   1.091   1.214   1.317   1.407   1.486   1.559   1.627   1.695   1.767   1.843   1.927   2.018   2.117   2.223
   6.700  -0.476  -0.475  -0.475  -0.475  -0.475  -0.475  -0.474  -0.473  -0.471  -0.468  -0.462  -0.452  -0.433  -0.403  -0.353  -0.277  -0.173  -0.035   0.126   0.308   0.494   0.671   0.834   0.974   1.096   1.198   1.288   1.368   1.443   1.515   1.587   1.664   1.745   1.834   1.929   2.031   2.139
   6.750  -0.477  -0.476  -0.475  -0.475  -0.476  -0.475  -0.475  -0.474  -0.473  -0.470  -0.465  -0.457  -0.442  -0.416  -0.374  -0.308  -0.217  -0.093   0.053   0.220   0.393   0.560   0.717   0.853   0.974   1.077   1.168   1.251   1.328   1.404   1.482   1.566   1.655   1.750   1.848   1.946   2.048
   6.800  -0.477  -0.476  -0.476  -0.476  -0.476  -0.476  -0.476  -0.475  -0.474  -0.472  -0.468  -0.461  -0.449  -0.428  -0.392  -0.336  -0.257  -0.148  -0.016   0.135   0.295   0.452   0.601   0.734   0.853   0.958   1.052   1.137   1.219   1.300   1.383   1.475   1.570   1.671   1.770   1.863   1.951
   6.850  -0.477  -0.477  -0.477  -0.477  -0.477  -0.477  -0.476  -0.476  -0.475  -0.473  -0.470  -0.465  -0.454  -0.437  -0.407  -0.360  -0.292  -0.196  -0.080   0.056   0.203   0.350   0.493   0.623   0.741   0.847   0.943   1.032   1.117   1.204   1.292   1.388   1.488   1.592   1.694   1.785   1.869
   6.900  -0.478  -0.478  -0.478  -0.478  -0.478  -0.478  -0.477  -0.477  -0.475  -0.474  -0.471  -0.466  -0.458  -0.444  -0.419  -0.379  -0.321  -0.239  -0.137  -0.015   0.118   0.257   0.393   0.519   0.637   0.744   0.843   0.936   1.026   1.117   1.210   1.309   1.410   1.516   1.618   1.710   1.794
   6.950  -0.479  -0.479  -0.479  -0.479  -0.479  -0.479  -0.478  -0.477  -0.476  -0.474  -0.470  -0.466  -0.458  -0.446  -0.426  -0.393  -0.345  -0.276  -0.187  -0.078   0.043   0.171   0.299   0.422   0.540   0.651   0.756   0.855   0.950   1.044   1.138   1.239   1.342   1.444   1.544   1.636   1.722
   7.000  -0.480  -0.480  -0.480  -0.480  -0.480  -0.480  -0.479  -0.478  -0.476  -0.474  -0.470  -0.465  -0.458  -0.447  -0.429  -0.402  -0.362  -0.302  -0.225  -0.128  -0.018   0.099   0.219   0.338   0.456   0.571   0.681   0.784   0.882   0.977   1.072   1.174   1.276   1.375   1.471   1.564   1.653
   7.050  -0.481  -0.482  -0.481  -0.481  -0.481  -0.481  -0.480  -0.479  -0.477  -0.475  -0.471  -0.466  -0.458  -0.446  -0.428  -0.403  -0.366  -0.313  -0.245  -0.158  -0.058   0.049   0.163   0.279   0.396   0.511   0.621   0.723   0.819   0.912   1.005   1.106   1.208   1.307   1.402   1.487   1.568
   7.100  -0.483  -0.483  -0.483  -0.482  -0.482  -0.482  -0.482  -0.481  -0.479  -0.477  -0.473  -0.467  -0.458  -0.445  -0.427  -0.402  -0.366  -0.317  -0.254  -0.175  -0.084   0.017   0.124   0.236   0.350   0.461   0.568   0.665   0.758   0.847   0.938   1.037   1.138   1.239   1.332   1.409   1.473
   7.150  -0.484  -0.485  -0.484  -0.484  -0.484  -0.484  -0.483  -0.483  -0.481  -0.479  -0.476  -0.470  -0.461  -0.448  -0.429  -0.402  -0.365  -0.317  -0.256  -0.181  -0.095  -0.001   0.101   0.207   0.314   0.418   0.517   0.607   0.693   0.781   0.871   0.966   1.064   1.168   1.263   1.328   1.378
   7.200  -0.486  -0.486  -0.486  -0.486  -0.486  -0.486  -0.485  -0.485  -0.484  -0.482  -0.479  -0.474  -0.466  -0.453  -0.433  -0.405  -0.367  -0.318  -0.257  -0.184  -0.102  -0.012   0.084   0.183   0.281   0.375   0.464   0.545   0.625   0.711   0.801   0.894   0.990   1.093   1.184   1.245   1.281
   7.250  -0.488  -0.488  -0.488  -0.488  -0.488  -0.488  -0.487  -0.487  -0.486  -0.485  -0.483  -0.479  -0.471  -0.460  -0.442  -0.414  -0.377  -0.327  -0.266  -0.193  -0.112  -0.025   0.066   0.156   0.243   0.325   0.403   0.476   0.550   0.635   0.725   0.825   0.922   1.004   1.070   1.129   1.155
   7.300  -0.490  -0.490  -0.490  -0.490  -0.490  -0.490  -0.490  -0.490  -0.489  -0.488  -0.486  -0.483  -0.477  -0.468  -0.452  -0.427  -0.391  -0.342  -0.282  -0.209  -0.129  -0.044   0.041   0.122   0.199   0.269   0.336   0.403   0.474   0.557   0.649   0.757   0.855   0.916   0.958   0.990   1.010
   7.350  -0.492  -0.492  -0.492  -0.492  -0.492  -0.492  -0.492  -0.492  -0.491  -0.491  -0.489  -0.487  -0.482  -0.475  -0.462  -0.440  -0.409  -0.364  -0.307  -0.238  -0.161  -0.080   0.000   0.073   0.141   0.202   0.263   0.328   0.400   0.484   0.578   0.690   0.793   0.853   0.893   0.907   0.924
   7.400  -0.495  -0.495  -0.495  -0.495  -0.495  -0.495  -0.495  -0.495  -0.494  -0.493  -0.492  -0.490  -0.487  -0.481  -0.471  -0.454  -0.427  -0.388  -0.337  -0.272  -0.200  -0.125  -0.051   0.015   0.077   0.132   0.189   0.254   0.328   0.415   0.511   0.619   0.718   0.779   0.822   0.854   0.873
   7.450  -0.498  -0.498  -0.498  -0.498  -0.498  -0.498  -0.498  -0.498  -0.497  -0.497  -0.496  -0.494  -0.491  -0.487  -0.479  -0.465  -0.443  -0.410  -0.367  -0.309  -0.245  -0.177  -0.109  -0.048   0.010   0.063   0.118   0.183   0.258   0.352   0.449   0.532   0.601   0.647   0.678   0.723   0.739
   7.500  -0.501  -0.501  -0.501  -0.501  -0.501  -0.501  -0.501  -0.501  -0.501  -0.501  -0.500  -0.499  -0.496  -0.493  -0.486  -0.475  -0.458  -0.431  -0.395  -0.346  -0.290  -0.229  -0.168  -0.112  -0.057  -0.005   0.051   0.115   0.191   0.292   0.388   0.446   0.486   0.516   0.536   0.551   0.560
   7.550  -0.505  -0.505  -0.505  -0.505  -0.505  -0.505  -0.505  -0.505  -0.504  -0.504  -0.504  -0.503  -0.501  -0.498  -0.493  -0.484  -0.471  -0.449  -0.419  -0.378  -0.330  -0.277  -0.222  -0.170  -0.118  -0.067  -0.011   0.054   0.130   0.232   0.327   0.382   0.418   0.445   0.463   0.466   0.474
   7.600  -0.509  -0.509  -0.509  -0.509  -0.509  -0.509  -0.509  -0.508  -0.508  -0.508  -0.508  -0.507  -0.506  -0.503  -0.499  -0.493  -0.482  -0.465  -0.440  -0.406  -0.366  -0.320  -0.272  -0.224  -0.174  -0.124  -0.068  -0.002   0.074   0.173   0.266   0.323   0.362   0.390   0.410   0.425   0.434
   7.650  -0.513  -0.513  -0.513  -0.513  -0.513  -0.513  -0.513  -0.513  -0.513  -0.513  -0.513  -0.512  -0.511  -0.509  -0.505  -0.500  -0.492  -0.478  -0.458  -0.430  -0.396  -0.358  -0.315  -0.272  -0.225  -0.176  -0.120  -0.055   0.020   0.116   0.206   0.261   0.299   0.326   0.345   0.359   0.368
   7.700  -0.518  -0.518  -0.518  -0.518  -0.518  -0.518  -0.518  -0.518  -0.518  -0.518  -0.518  -0.517  -0.516  -0.515  -0.512  -0.508  -0.501  -0.490  -0.473  -0.450  -0.422  -0.389  -0.353  -0.314  -0.271  -0.223  -0.168  -0.104  -0.031   0.060   0.145   0.197   0.233   0.259   0.277   0.291   0.299
   7.750  -0.524  -0.524  -0.524  -0.524  -0.524  -0.524  -0.524  -0.524  -0.524  -0.524  -0.524  -0.523  -0.522  -0.521  -0.519  -0.516  -0.510  -0.500  -0.487  -0.468  -0.444  -0.416  -0.384  -0.349  -0.310  -0.265  -0.213  -0.151  -0.082   0.005   0.085   0.135   0.169   0.193   0.210   0.217   0.225
   7.800  -0.530  -0.530  -0.530  -0.530  -0.530  -0.530  -0.530  -0.530  -0.530  -0.530  -0.530  -0.530  -0.529  -0.528  -0.526  -0.524  -0.519  -0.511  -0.499  -0.483  -0.463  -0.439  -0.411  -0.380  -0.345  -0.304  -0.255  -0.197  -0.131  -0.054   0.017   0.061   0.091   0.113   0.128   0.140   0.147
   7.850  -0.537  -0.537  -0.537  -0.537  -0.537  -0.537  -0.537  -0.537  -0.537  -0.537  -0.537  -0.537  -0.536  -0.536  -0.534  -0.532  -0.528  -0.521  -0.511  -0.497  -0.481  -0.460  -0.437  -0.410  -0.378  -0.341  -0.296  -0.239  -0.179  -0.125  -0.079  -0.049  -0.029  -0.014  -0.004   0.021   0.026
   7.900  -0.544  -0.544  -0.544  -0.544  -0.544  -0.544  -0.544  -0.544  -0.545  -0.545  -0.545  -0.545  -0.544  -0.544  -0.543  -0.541  -0.537  -0.531  -0.522  -0.511  -0.497  -0.480  -0.460  -0.437  -0.409  -0.376  -0.336  -0.280  -0.227  -0.195  -0.173  -0.156  -0.145  -0.137  -0.132  -0.127  -0.125
   7.950  -0.552  -0.552  -0.552  -0.552  -0.552  -0.552  -0.552  -0.552  -0.553  -0.553  -0.553  -0.552  -0.552  -0.551  -0.551  -0.549  -0.545  -0.540  -0.533  -0.524  -0.512  -0.498  -0.481  -0.462  -0.438  -0.409  -0.373  -0.323  -0.275  -0.248  -0.231  -0.218  -0.209  -0.203  -0.198  -0.205  -0.203
   8.000  -0.560  -0.560  -0.560  -0.560  -0.560  -0.560  -0.560  -0.560  -0.561  -0.561  -0.561  -0.561  -0.560  -0.560  -0.559  -0.557  -0.554  -0.550  -0.545  -0.537  -0.527  -0.515  -0.501  -0.485  -0.466  -0.441  -0.410  -0.366  -0.324  -0.298  -0.281  -0.268  -0.260  -0.253  -0.249  -0.245  -0.243
   8.100  -0.580  -0.580  -0.580  -0.580  -0.580  -0.580  -0.580  -0.580  -0.580  -0.580  -0.580  -0.581  -0.581  -0.581  -0.580  -0.578  -0.576  -0.573  -0.569  -0.564  -0.558  -0.551  -0.543  -0.534  -0.523  -0.507  -0.486  -0.457  -0.429  -0.412  -0.400  -0.392  -0.386  -0.382  -0.379  -0.377  -0.376
   8.200  -0.604  -0.604  -0.604  -0.604  -0.604  -0.605  -0.605  -0.605  -0.605  -0.605  -0.605  -0.605  -0.606  -0.605  -0.604  -0.603  -0.602  -0.600  -0.597  -0.595  -0.592  -0.590  -0.589  -0.587  -0.583  -0.574  -0.562  -0.543  -0.525  -0.514  -0.506  -0.500  -0.497  -0.494  -0.492  -0.524  -0.523
   8.300  -0.633  -0.633  -0.633  -0.633  -0.633  -0.633  -0.634  -0.634  -0.634  -0.634  -0.634  -0.634  -0.634  -0.634  -0.633  -0.633  -0.632  -0.631  -0.630  -0.629  -0.630  -0.634  -0.638  -0.642  -0.645  -0.646  -0.648  -0.658  -0.668  -0.674  -0.678  -0.681  -0.683  -0.684  -0.685  -0.686  -0.687
   8.400  -0.679  -0.673  -0.669  -0.667  -0.667  -0.667  -0.667  -0.667  -0.667  -0.667  -0.667  -0.667  -0.667  -0.667  -0.666  -0.666  -0.667  -0.666  -0.667  -0.668  -0.672  -0.681  -0.690  -0.695  -0.705  -0.723  -0.766  -0.873  -0.986  -1.052  -1.096  -1.129  -1.152  -1.168  -1.179  -1.064  -1.067
   8.500  -0.704  -0.704  -0.704  -0.704  -0.704  -0.704  -0.704  -0.704  -0.704  -0.704  -0.704  -0.704  -0.704  -0.704  -0.704  -0.704  -0.705  -0.705  -0.707  -0.711  -0.718  -0.731  -0.746  -0.753  -0.771  -0.804  -0.881  -1.061  -1.251  -1.361  -1.436  -1.491  -1.528  -1.556  -1.575  -1.589  -1.598
   8.600  -0.667  -0.706  -0.731  -0.744  -0.743  -0.745  -0.745  -0.745  -0.745  -0.745  -0.745  -0.745  -0.745  -0.745  -0.745  -0.746  -0.747  -0.749  -0.751  -0.758  -0.768  -0.784  -0.806  -0.827  -0.850  -0.898  -0.963  -1.086  -1.253  -1.344  -1.398  -1.444  -1.471  -1.493  -1.507  -1.518  -1.525
   8.700  -0.582  -0.685  -0.753  -0.786  -0.785  -0.790  -0.789  -0.789  -0.789  -0.789  -0.789  -0.789  -0.789  -0.789  -0.790  -0.791  -0.792  -0.795  -0.799  -0.808  -0.821  -0.842  -0.870  -0.903  -0.941  -0.980  -1.022  -1.047  -1.062  -1.075  -1.083  -1.089  -1.093  -1.096  -1.098  -1.100  -1.100

