fixed metal distribution -- based on Grevesse & Sauval (1998)
    form     version        X           Z          logRs    logR_min    logR_max       logTs    logT_min    logT_max
       1          38    0.800000    0.040000          37   -8.000000    1.000000         138    3.750000    8.700000

   logT                       logR = logRho - 3*logT + 18
          -8.000  -7.750  -7.500  -7.250  -7.000  -6.750  -6.500  -6.250  -6.000  -5.750  -5.500  -5.250  -5.000  -4.750  -4.500  -4.250  -4.000  -3.750  -3.500  -3.250  -3.000  -2.750  -2.500  -2.250  -2.000  -1.750  -1.500  -1.250  -1.000  -0.750  -0.500  -0.250   0.000   0.250   0.500   0.750   1.000

   3.750  -0.724  -0.803  -0.889  -0.982  -1.083  -1.186  -1.292  -1.398  -1.506  -1.612  -1.717  -1.818  -1.915  -2.002  -2.080  -2.137  -2.178  -2.191  -2.179  -2.142  -2.080  -2.003  -1.907  -1.801  -1.683  -1.562  -1.435  -1.286  -1.121  -0.948  -0.765  -0.573  -0.372  -0.169   0.037   0.225   0.402
   3.775  -0.590  -0.632  -0.683  -0.746  -0.818  -0.899  -0.989  -1.083  -1.180  -1.279  -1.379  -1.474  -1.567  -1.647  -1.718  -1.772  -1.810  -1.822  -1.810  -1.775  -1.717  -1.648  -1.562  -1.464  -1.352  -1.243  -1.131  -1.000  -0.856  -0.709  -0.555  -0.391  -0.219  -0.035   0.159   0.336   0.504
   3.800  -0.504  -0.519  -0.545  -0.581  -0.627  -0.684  -0.751  -0.823  -0.902  -0.984  -1.069  -1.151  -1.231  -1.300  -1.360  -1.405  -1.438  -1.446  -1.434  -1.401  -1.348  -1.285  -1.209  -1.119  -1.015  -0.917  -0.817  -0.701  -0.574  -0.446  -0.314  -0.173  -0.024   0.141   0.319   0.484   0.645
   3.825  -0.476  -0.478  -0.486  -0.500  -0.520  -0.546  -0.579  -0.619  -0.666  -0.721  -0.779  -0.840  -0.899  -0.952  -0.998  -1.034  -1.057  -1.061  -1.048  -1.017  -0.972  -0.914  -0.845  -0.762  -0.672  -0.585  -0.492  -0.385  -0.271  -0.155  -0.035   0.089   0.222   0.369   0.522   0.671   0.825
   3.850  -0.475  -0.472  -0.470  -0.468  -0.466  -0.464  -0.466  -0.474  -0.487  -0.508  -0.535  -0.566  -0.597  -0.627  -0.652  -0.671  -0.680  -0.676  -0.660  -0.632  -0.591  -0.538  -0.475  -0.403  -0.324  -0.245  -0.159  -0.061   0.043   0.150   0.261   0.375   0.494   0.620   0.754   0.895   1.044
   3.875  -0.473  -0.468  -0.461  -0.452  -0.441  -0.428  -0.413  -0.400  -0.387  -0.376  -0.366  -0.358  -0.351  -0.344  -0.336  -0.326  -0.313  -0.295  -0.272  -0.241  -0.202  -0.154  -0.099  -0.036   0.031   0.103   0.180   0.267   0.359   0.456   0.557   0.661   0.769   0.882   1.002   1.127   1.264
   3.900  -0.475  -0.470  -0.462  -0.452  -0.438  -0.420  -0.398  -0.369  -0.336  -0.297  -0.254  -0.207  -0.159  -0.111  -0.065  -0.021   0.020   0.059   0.096   0.135   0.176   0.223   0.273   0.327   0.386   0.450   0.520   0.595   0.677   0.764   0.856   0.950   1.049   1.152   1.260   1.376   1.497
   3.925  -0.477  -0.473  -0.465  -0.456  -0.443  -0.424  -0.397  -0.361  -0.316  -0.259  -0.192  -0.116  -0.033   0.052   0.138   0.220   0.296   0.364   0.426   0.481   0.532   0.582   0.632   0.683   0.736   0.793   0.855   0.922   0.993   1.071   1.154   1.239   1.329   1.423   1.523   1.625   1.735
   3.950  -0.478  -0.475  -0.469  -0.462  -0.451  -0.433  -0.407  -0.369  -0.317  -0.250  -0.167  -0.069   0.041   0.160   0.282   0.401   0.515   0.617   0.707   0.785   0.853   0.913   0.968   1.020   1.071   1.125   1.180   1.240   1.304   1.373   1.447   1.524   1.606   1.692   1.784   1.880   1.981
   3.975  -0.474  -0.472  -0.468  -0.462  -0.453  -0.437  -0.413  -0.376  -0.325  -0.255  -0.166  -0.056   0.071   0.213   0.362   0.515   0.663   0.801   0.925   1.032   1.125   1.203   1.271   1.330   1.385   1.438   1.491   1.546   1.604   1.665   1.731   1.800   1.874   1.953   2.037   2.124   2.218
   4.000  -0.468  -0.466  -0.463  -0.460  -0.452  -0.439  -0.417  -0.384  -0.336  -0.268  -0.178  -0.064   0.072   0.228   0.398   0.576   0.755   0.925   1.083   1.222   1.343   1.445   1.531   1.604   1.668   1.726   1.780   1.833   1.887   1.943   2.003   2.065   2.132   2.204   2.281   2.363   2.451
   4.025  -0.461  -0.459  -0.457  -0.454  -0.448  -0.437  -0.418  -0.388  -0.342  -0.277  -0.190  -0.077   0.061   0.222   0.402   0.595   0.793   0.988   1.175   1.344   1.496   1.626   1.737   1.830   1.909   1.977   2.038   2.094   2.148   2.203   2.258   2.317   2.379   2.444   2.515   2.590   2.671
   4.050  -0.452  -0.451  -0.449  -0.447  -0.441  -0.432  -0.415  -0.388  -0.346  -0.285  -0.202  -0.093   0.041   0.202   0.384   0.584   0.795   1.008   1.216   1.413   1.594   1.753   1.892   2.009   2.109   2.192   2.263   2.327   2.385   2.441   2.495   2.552   2.610   2.671   2.736   2.806   2.880
   4.075  -0.444  -0.442  -0.439  -0.437  -0.432  -0.424  -0.408  -0.384  -0.345  -0.288  -0.210  -0.106   0.024   0.181   0.360   0.560   0.774   0.996   1.218   1.434   1.639   1.825   1.991   2.136   2.260   2.363   2.451   2.526   2.592   2.652   2.710   2.767   2.824   2.883   2.944   3.010   3.078
   4.100  -0.437  -0.433  -0.430  -0.427  -0.422  -0.414  -0.400  -0.377  -0.342  -0.289  -0.215  -0.117   0.007   0.157   0.331   0.526   0.738   0.963   1.192   1.422   1.645   1.854   2.047   2.218   2.368   2.495   2.602   2.693   2.771   2.840   2.902   2.963   3.021   3.079   3.139   3.201   3.266
   4.125  -0.433  -0.428  -0.423  -0.419  -0.413  -0.405  -0.391  -0.370  -0.337  -0.287  -0.219  -0.126  -0.009   0.134   0.301   0.491   0.699   0.921   1.153   1.389   1.624   1.851   2.065   2.260   2.436   2.587   2.718   2.828   2.921   3.002   3.073   3.139   3.201   3.261   3.321   3.383   3.446
   4.150  -0.431  -0.425  -0.419  -0.413  -0.406  -0.397  -0.383  -0.362  -0.331  -0.284  -0.220  -0.133  -0.023   0.113   0.273   0.456   0.657   0.876   1.106   1.345   1.587   1.825   2.056   2.272   2.471   2.647   2.802   2.933   3.046   3.141   3.223   3.297   3.364   3.428   3.490   3.553   3.616
   4.175  -0.431  -0.424  -0.416  -0.409  -0.401  -0.390  -0.375  -0.355  -0.324  -0.279  -0.218  -0.136  -0.032   0.098   0.250   0.426   0.621   0.835   1.062   1.301   1.545   1.790   2.032   2.263   2.481   2.680   2.858   3.012   3.145   3.257   3.354   3.438   3.513   3.582   3.648   3.714   3.779
   4.200  -0.431  -0.424  -0.416  -0.407  -0.398  -0.386  -0.370  -0.348  -0.317  -0.274  -0.215  -0.136  -0.037   0.086   0.232   0.401   0.590   0.798   1.022   1.258   1.502   1.750   1.998   2.241   2.474   2.692   2.891   3.068   3.223   3.354   3.466   3.563   3.648   3.724   3.796   3.866   3.933
   4.225  -0.432  -0.424  -0.416  -0.407  -0.397  -0.384  -0.367  -0.345  -0.314  -0.271  -0.213  -0.137  -0.041   0.077   0.217   0.381   0.565   0.768   0.988   1.221   1.464   1.713   1.964   2.214   2.458   2.691   2.909   3.106   3.282   3.433   3.563   3.675   3.771   3.858   3.936   4.012   4.083
   4.250  -0.432  -0.425  -0.416  -0.407  -0.396  -0.383  -0.365  -0.342  -0.311  -0.268  -0.211  -0.137  -0.044   0.070   0.207   0.365   0.545   0.745   0.961   1.192   1.433   1.681   1.933   2.187   2.438   2.682   2.915   3.131   3.327   3.497   3.646   3.773   3.884   3.982   4.069   4.151   4.227
   4.275  -0.429  -0.422  -0.415  -0.406  -0.395  -0.381  -0.363  -0.340  -0.309  -0.267  -0.211  -0.138  -0.047   0.066   0.199   0.355   0.532   0.730   0.945   1.173   1.413   1.660   1.912   2.167   2.422   2.673   2.917   3.147   3.360   3.548   3.715   3.860   3.987   4.097   4.195   4.284   4.365
   4.300  -0.425  -0.419  -0.411  -0.403  -0.392  -0.378  -0.360  -0.338  -0.306  -0.265  -0.210  -0.138  -0.049   0.062   0.193   0.348   0.523   0.720   0.934   1.162   1.401   1.647   1.899   2.154   2.411   2.667   2.918   3.159   3.385   3.590   3.775   3.937   4.079   4.204   4.313   4.411   4.497
   4.325  -0.418  -0.413  -0.405  -0.397  -0.386  -0.372  -0.355  -0.333  -0.302  -0.262  -0.209  -0.140  -0.052   0.056   0.187   0.341   0.517   0.714   0.928   1.156   1.395   1.642   1.894   2.151   2.409   2.668   2.924   3.173   3.410   3.628   3.828   4.006   4.164   4.302   4.423   4.529   4.621
   4.350  -0.411  -0.406  -0.398  -0.390  -0.378  -0.365  -0.347  -0.325  -0.296  -0.257  -0.206  -0.139  -0.054   0.054   0.183   0.337   0.514   0.712   0.927   1.156   1.396   1.644   1.898   2.155   2.415   2.676   2.935   3.189   3.434   3.664   3.877   4.069   4.241   4.393   4.525   4.640   4.737
   4.375  -0.405  -0.399  -0.391  -0.382  -0.370  -0.355  -0.336  -0.313  -0.283  -0.246  -0.196  -0.131  -0.049   0.056   0.184   0.339   0.516   0.715   0.932   1.163   1.404   1.653   1.908   2.167   2.428   2.691   2.952   3.211   3.462   3.701   3.925   4.129   4.313   4.476   4.619   4.743   4.847
   4.400  -0.399  -0.393  -0.384  -0.374  -0.361  -0.345  -0.325  -0.300  -0.269  -0.231  -0.182  -0.119  -0.038   0.065   0.191   0.345   0.523   0.723   0.941   1.173   1.417   1.667   1.924   2.184   2.447   2.711   2.976   3.238   3.493   3.740   3.972   4.185   4.379   4.553   4.706   4.838   4.950
   4.425  -0.394  -0.388  -0.379  -0.369  -0.355  -0.337  -0.315  -0.288  -0.254  -0.213  -0.162  -0.099  -0.020   0.081   0.205   0.357   0.533   0.733   0.951   1.185   1.430   1.683   1.942   2.205   2.470   2.737   3.004   3.270   3.529   3.781   4.020   4.241   4.443   4.625   4.786   4.926   5.045
   4.450  -0.390  -0.384  -0.375  -0.364  -0.350  -0.331  -0.307  -0.277  -0.240  -0.195  -0.142  -0.077   0.004   0.104   0.226   0.375   0.549   0.748   0.967   1.201   1.448   1.703   1.965   2.230   2.498   2.768   3.037   3.305   3.568   3.824   4.068   4.294   4.503   4.691   4.860   5.007   5.133
   4.475  -0.387  -0.380  -0.371  -0.361  -0.347  -0.327  -0.302  -0.269  -0.229  -0.180  -0.121  -0.052   0.032   0.134   0.256   0.405   0.577   0.774   0.991   1.226   1.474   1.730   1.993   2.259   2.529   2.801   3.073   3.344   3.609   3.868   4.115   4.346   4.560   4.754   4.927   5.079   5.211
   4.500  -0.384  -0.377  -0.369  -0.358  -0.344  -0.325  -0.298  -0.264  -0.221  -0.168  -0.104  -0.029   0.060   0.166   0.291   0.440   0.611   0.807   1.023   1.257   1.504   1.760   2.024   2.292   2.563   2.837   3.110   3.383   3.650   3.911   4.161   4.395   4.612   4.810   4.987   5.144   5.280
   4.525  -0.382  -0.375  -0.366  -0.356  -0.342  -0.323  -0.297  -0.262  -0.217  -0.161  -0.093  -0.012   0.084   0.196   0.326   0.478   0.651   0.847   1.061   1.293   1.538   1.794   2.057   2.325   2.597   2.872   3.146   3.420   3.690   3.952   4.203   4.439   4.658   4.859   5.039   5.196   5.333
   4.550  -0.380  -0.373  -0.364  -0.354  -0.341  -0.322  -0.296  -0.262  -0.216  -0.158  -0.086   0.001   0.103   0.223   0.361   0.518   0.694   0.891   1.104   1.335   1.578   1.831   2.093   2.360   2.632   2.906   3.181   3.455   3.725   3.988   4.240   4.476   4.697   4.898   5.079   5.237   5.373
   4.575  -0.379  -0.371  -0.362  -0.352  -0.339  -0.321  -0.296  -0.262  -0.216  -0.157  -0.082   0.009   0.118   0.245   0.392   0.557   0.740   0.940   1.155   1.385   1.626   1.876   2.134   2.398   2.667   2.939   3.212   3.486   3.756   4.017   4.268   4.504   4.724   4.924   5.103   5.260   5.395
   4.600  -0.377  -0.370  -0.360  -0.351  -0.338  -0.320  -0.295  -0.262  -0.217  -0.157  -0.081   0.013   0.127   0.262   0.416   0.590   0.780   0.986   1.204   1.434   1.674   1.921   2.175   2.435   2.700   2.969   3.240   3.511   3.779   4.039   4.288   4.521   4.738   4.936   5.113   5.268   5.400
   4.625  -0.376  -0.368  -0.359  -0.350  -0.337  -0.320  -0.296  -0.263  -0.218  -0.159  -0.083   0.014   0.130   0.270   0.430   0.610   0.807   1.019   1.242   1.475   1.715   1.961   2.212   2.468   2.729   2.994   3.261   3.529   3.793   4.049   4.295   4.525   4.739   4.933   5.107   5.259   5.388
   4.650  -0.374  -0.367  -0.358  -0.348  -0.336  -0.319  -0.296  -0.264  -0.220  -0.162  -0.086   0.011   0.129   0.271   0.434   0.620   0.822   1.040   1.268   1.504   1.746   1.992   2.242   2.495   2.752   3.013   3.275   3.538   3.798   4.050   4.291   4.517   4.726   4.917   5.087   5.235   5.360
   4.675  -0.372  -0.364  -0.355  -0.345  -0.333  -0.317  -0.295  -0.265  -0.223  -0.165  -0.091   0.005   0.123   0.266   0.430   0.618   0.824   1.045   1.277   1.517   1.763   2.010   2.261   2.513   2.767   3.023   3.281   3.539   3.793   4.039   4.275   4.496   4.701   4.887   5.054   5.200   5.323
   4.700  -0.370  -0.361  -0.352  -0.342  -0.330  -0.315  -0.294  -0.265  -0.225  -0.169  -0.096  -0.002   0.115   0.256   0.421   0.608   0.815   1.038   1.273   1.516   1.765   2.015   2.266   2.518   2.771   3.025   3.278   3.531   3.779   4.020   4.250   4.465   4.666   4.848   5.012   5.154   5.275
   4.725  -0.368  -0.359  -0.349  -0.339  -0.327  -0.312  -0.292  -0.264  -0.226  -0.172  -0.102  -0.009   0.105   0.245   0.407   0.593   0.799   1.021   1.255   1.499   1.749   2.001   2.255   2.508   2.762   3.014   3.265   3.514   3.757   3.992   4.217   4.428   4.624   4.803   4.963   5.105   5.224
   4.750  -0.368  -0.358  -0.347  -0.337  -0.325  -0.310  -0.290  -0.263  -0.226  -0.175  -0.106  -0.016   0.096   0.233   0.393   0.576   0.778   0.997   1.230   1.472   1.722   1.976   2.231   2.487   2.742   2.995   3.244   3.490   3.729   3.960   4.180   4.387   4.579   4.754   4.912   5.050   5.169
   4.775  -0.368  -0.358  -0.347  -0.336  -0.324  -0.308  -0.288  -0.262  -0.225  -0.176  -0.109  -0.022   0.087   0.222   0.379   0.559   0.758   0.974   1.203   1.442   1.690   1.943   2.199   2.456   2.713   2.967   3.217   3.461   3.698   3.925   4.142   4.345   4.534   4.706   4.862   4.999   5.116
   4.800  -0.368  -0.358  -0.347  -0.336  -0.324  -0.308  -0.287  -0.261  -0.225  -0.176  -0.111  -0.026   0.081   0.213   0.367   0.543   0.739   0.950   1.175   1.411   1.655   1.907   2.163   2.421   2.679   2.934   3.185   3.429   3.665   3.890   4.104   4.304   4.490   4.660   4.813   4.947   5.064
   4.825  -0.369  -0.359  -0.349  -0.337  -0.324  -0.308  -0.287  -0.260  -0.224  -0.175  -0.112  -0.028   0.077   0.205   0.356   0.529   0.720   0.928   1.149   1.381   1.623   1.872   2.127   2.385   2.644   2.901   3.153   3.397   3.633   3.857   4.069   4.268   4.451   4.618   4.769   4.901   5.014
   4.850  -0.368  -0.359  -0.349  -0.338  -0.324  -0.308  -0.286  -0.259  -0.222  -0.174  -0.111  -0.029   0.074   0.200   0.348   0.517   0.704   0.908   1.125   1.354   1.593   1.840   2.094   2.352   2.611   2.869   3.122   3.367   3.603   3.827   4.038   4.235   4.416   4.581   4.728   4.857   4.967
   4.875  -0.367  -0.358  -0.348  -0.337  -0.323  -0.306  -0.284  -0.257  -0.221  -0.173  -0.111  -0.029   0.072   0.196   0.341   0.507   0.691   0.892   1.106   1.332   1.569   1.815   2.067   2.324   2.583   2.840   3.094   3.339   3.576   3.800   4.011   4.206   4.386   4.548   4.692   4.816   4.923
   4.900  -0.363  -0.354  -0.344  -0.333  -0.320  -0.303  -0.282  -0.254  -0.218  -0.171  -0.109  -0.029   0.071   0.193   0.336   0.500   0.681   0.879   1.091   1.316   1.551   1.795   2.046   2.301   2.559   2.816   3.069   3.315   3.552   3.777   3.988   4.182   4.359   4.518   4.658   4.779   4.881
   4.925  -0.356  -0.348  -0.338  -0.328  -0.315  -0.299  -0.278  -0.251  -0.215  -0.169  -0.108  -0.029   0.070   0.191   0.332   0.494   0.675   0.871   1.082   1.305   1.538   1.780   2.029   2.283   2.540   2.796   3.050   3.296   3.533   3.758   3.968   4.161   4.335   4.491   4.627   4.742   4.839
   4.950  -0.344  -0.337  -0.328  -0.318  -0.306  -0.291  -0.271  -0.245  -0.210  -0.164  -0.104  -0.027   0.070   0.190   0.331   0.492   0.672   0.868   1.077   1.298   1.529   1.770   2.017   2.270   2.525   2.781   3.034   3.280   3.517   3.742   3.951   4.141   4.313   4.464   4.596   4.707   4.798
   4.975  -0.326  -0.319  -0.312  -0.303  -0.292  -0.278  -0.259  -0.234  -0.201  -0.157  -0.098  -0.022   0.074   0.193   0.333   0.495   0.675   0.870   1.079   1.298   1.527   1.766   2.011   2.263   2.516   2.771   3.022   3.267   3.503   3.727   3.935   4.123   4.291   4.437   4.563   4.669   4.754
   5.000  -0.302  -0.296  -0.289  -0.281  -0.271  -0.258  -0.241  -0.218  -0.186  -0.144  -0.088  -0.013   0.081   0.198   0.337   0.499   0.679   0.874   1.082   1.301   1.529   1.766   2.009   2.259   2.511   2.763   3.013   3.256   3.491   3.713   3.919   4.103   4.267   4.408   4.529   4.629   4.710
   5.025  -0.271  -0.266  -0.259  -0.252  -0.243  -0.231  -0.215  -0.193  -0.164  -0.124  -0.070   0.001   0.092   0.207   0.343   0.503   0.682   0.876   1.084   1.302   1.529   1.766   2.008   2.256   2.507   2.758   3.006   3.248   3.480   3.699   3.902   4.081   4.240   4.375   4.490   4.586   4.662
   5.050  -0.237  -0.231  -0.225  -0.217  -0.208  -0.197  -0.182  -0.161  -0.133  -0.096  -0.045   0.023   0.111   0.221   0.354   0.510   0.686   0.879   1.086   1.304   1.531   1.767   2.009   2.256   2.505   2.754   3.000   3.240   3.469   3.685   3.882   4.056   4.208   4.338   4.447   4.538   4.611
   5.075  -0.201  -0.193  -0.185  -0.176  -0.166  -0.154  -0.139  -0.119  -0.092  -0.056  -0.007   0.057   0.140   0.245   0.372   0.523   0.694   0.884   1.090   1.307   1.534   1.769   2.010   2.255   2.503   2.751   2.995   3.232   3.457   3.667   3.859   4.026   4.171   4.294   4.398   4.486   4.556
   5.100  -0.168  -0.158  -0.147  -0.136  -0.124  -0.110  -0.093  -0.073  -0.045  -0.010   0.038   0.099   0.178   0.278   0.398   0.543   0.708   0.894   1.097   1.313   1.539   1.772   2.012   2.256   2.502   2.748   2.990   3.223   3.444   3.648   3.832   3.991   4.129   4.246   4.345   4.429   4.497
   5.125  -0.144  -0.130  -0.115  -0.100  -0.085  -0.068  -0.048  -0.025   0.005   0.042   0.089   0.149   0.225   0.320   0.434   0.572   0.730   0.911   1.110   1.322   1.547   1.778   2.015   2.257   2.501   2.745   2.985   3.214   3.429   3.625   3.800   3.951   4.081   4.192   4.286   4.369   4.436
   5.150  -0.129  -0.111  -0.092  -0.074  -0.054  -0.032  -0.008   0.019   0.052   0.092   0.141   0.202   0.276   0.367   0.476   0.607   0.759   0.934   1.127   1.336   1.557   1.785   2.020   2.260   2.502   2.743   2.979   3.203   3.411   3.598   3.764   3.906   4.029   4.134   4.225   4.305   4.373
   5.175  -0.128  -0.106  -0.083  -0.060  -0.036  -0.009   0.020   0.053   0.090   0.135   0.188   0.252   0.328   0.418   0.525   0.650   0.796   0.964   1.150   1.353   1.570   1.795   2.028   2.265   2.504   2.742   2.973   3.190   3.390   3.567   3.723   3.857   3.973   4.073   4.160   4.240   4.310
   5.200  -0.137  -0.112  -0.086  -0.059  -0.030   0.001   0.036   0.074   0.118   0.168   0.227   0.295   0.374   0.465   0.571   0.694   0.834   0.995   1.174   1.372   1.583   1.805   2.035   2.270   2.506   2.739   2.964   3.174   3.366   3.533   3.679   3.805   3.914   4.010   4.095   4.174   4.245
   5.225  -0.158  -0.130  -0.101  -0.071  -0.038  -0.003   0.037   0.080   0.130   0.186   0.250   0.324   0.407   0.502   0.610   0.731   0.868   1.023   1.196   1.388   1.594   1.812   2.039   2.271   2.504   2.733   2.953   3.154   3.337   3.495   3.633   3.751   3.854   3.946   4.029   4.108   4.181
   5.250  -0.186  -0.157  -0.126  -0.093  -0.057  -0.018   0.025   0.073   0.127   0.189   0.259   0.339   0.428   0.527   0.637   0.759   0.894   1.046   1.214   1.400   1.601   1.816   2.039   2.269   2.499   2.723   2.937   3.131   3.305   3.454   3.583   3.695   3.793   3.882   3.964   4.042   4.116
   5.275  -0.220  -0.191  -0.159  -0.124  -0.087  -0.045   0.001   0.052   0.111   0.177   0.252   0.336   0.431   0.535   0.649   0.773   0.909   1.059   1.224   1.407   1.603   1.814   2.034   2.261   2.487   2.708   2.916   3.103   3.270   3.410   3.532   3.638   3.731   3.818   3.898   3.977   4.053
   5.300  -0.257  -0.228  -0.196  -0.161  -0.123  -0.080  -0.032   0.021   0.082   0.152   0.230   0.319   0.418   0.527   0.646   0.774   0.913   1.064   1.228   1.407   1.600   1.807   2.024   2.248   2.471   2.687   2.890   3.071   3.230   3.364   3.480   3.580   3.670   3.754   3.834   3.913   3.991
   5.325  -0.294  -0.266  -0.235  -0.201  -0.163  -0.121  -0.073  -0.018   0.043   0.114   0.194   0.286   0.388   0.501   0.625   0.758   0.902   1.056   1.221   1.400   1.591   1.795   2.008   2.229   2.449   2.661   2.860   3.035   3.189   3.316   3.426   3.523   3.610   3.692   3.772   3.851   3.930
   5.350  -0.328  -0.303  -0.275  -0.243  -0.206  -0.164  -0.117  -0.063  -0.002   0.068   0.149   0.242   0.346   0.463   0.592   0.731   0.880   1.038   1.207   1.386   1.575   1.777   1.988   2.206   2.423   2.632   2.826   2.996   3.144   3.267   3.372   3.466   3.551   3.632   3.711   3.790   3.870
   5.375  -0.359  -0.338  -0.313  -0.283  -0.249  -0.209  -0.164  -0.111  -0.051   0.018   0.098   0.191   0.297   0.417   0.549   0.694   0.848   1.011   1.184   1.364   1.554   1.755   1.963   2.179   2.393   2.599   2.789   2.955   3.099   3.217   3.319   3.409   3.492   3.572   3.651   3.731   3.811
   5.400  -0.385  -0.368  -0.346  -0.320  -0.289  -0.253  -0.210  -0.160  -0.102  -0.034   0.044   0.136   0.242   0.364   0.500   0.649   0.809   0.977   1.154   1.337   1.529   1.729   1.937   2.150   2.362   2.564   2.751   2.912   3.052   3.167   3.265   3.353   3.435   3.514   3.592   3.672   3.753
   5.425  -0.404  -0.391  -0.373  -0.351  -0.324  -0.291  -0.252  -0.205  -0.149  -0.085  -0.008   0.082   0.187   0.310   0.447   0.599   0.764   0.937   1.119   1.306   1.500   1.702   1.909   2.121   2.330   2.529   2.712   2.869   3.005   3.116   3.212   3.299   3.379   3.457   3.535   3.615   3.696
   5.450  -0.418  -0.408  -0.394  -0.376  -0.353  -0.325  -0.290  -0.247  -0.195  -0.133  -0.059   0.029   0.133   0.254   0.392   0.548   0.716   0.895   1.081   1.273   1.470   1.673   1.880   2.091   2.297   2.493   2.672   2.826   2.958   3.066   3.160   3.245   3.324   3.402   3.480   3.560   3.641
   5.475  -0.428  -0.420  -0.409  -0.395  -0.377  -0.353  -0.322  -0.284  -0.236  -0.177  -0.106  -0.020   0.081   0.202   0.340   0.498   0.669   0.853   1.044   1.240   1.441   1.646   1.853   2.062   2.266   2.458   2.633   2.783   2.911   3.017   3.108   3.192   3.270   3.347   3.425   3.506   3.588
   5.500  -0.433  -0.428  -0.420  -0.410  -0.396  -0.377  -0.350  -0.316  -0.273  -0.218  -0.150  -0.068   0.032   0.151   0.290   0.449   0.624   0.812   1.008   1.209   1.413   1.619   1.826   2.034   2.236   2.424   2.595   2.741   2.865   2.969   3.058   3.140   3.217   3.294   3.372   3.453   3.537
   5.525  -0.437  -0.433  -0.428  -0.420  -0.410  -0.394  -0.373  -0.344  -0.306  -0.257  -0.193  -0.114  -0.017   0.102   0.241   0.402   0.581   0.773   0.975   1.179   1.387   1.595   1.802   2.008   2.206   2.391   2.559   2.700   2.821   2.921   3.009   3.090   3.166   3.243   3.321   3.403   3.488
   5.550  -0.438  -0.436  -0.432  -0.427  -0.419  -0.408  -0.391  -0.368  -0.335  -0.291  -0.233  -0.158  -0.064   0.054   0.193   0.357   0.539   0.736   0.943   1.152   1.362   1.572   1.779   1.983   2.179   2.360   2.523   2.660   2.777   2.875   2.961   3.041   3.117   3.193   3.271   3.355   3.441
   5.575  -0.439  -0.438  -0.435  -0.431  -0.426  -0.417  -0.404  -0.385  -0.358  -0.321  -0.269  -0.199  -0.109   0.007   0.146   0.312   0.498   0.701   0.912   1.125   1.339   1.550   1.757   1.960   2.153   2.330   2.488   2.621   2.735   2.831   2.915   2.993   3.068   3.145   3.223   3.308   3.397
   5.600  -0.440  -0.439  -0.437  -0.434  -0.429  -0.423  -0.412  -0.398  -0.376  -0.345  -0.300  -0.236  -0.151  -0.039   0.100   0.267   0.457   0.664   0.880   1.098   1.316   1.529   1.737   1.938   2.128   2.301   2.455   2.584   2.694   2.787   2.870   2.947   3.022   3.098   3.177   3.264   3.355
   5.625  -0.441  -0.440  -0.438  -0.435  -0.432  -0.426  -0.418  -0.407  -0.389  -0.364  -0.325  -0.269  -0.190  -0.083   0.052   0.219   0.411   0.622   0.844   1.068   1.291   1.507   1.716   1.917   2.104   2.273   2.422   2.547   2.654   2.745   2.826   2.903   2.977   3.054   3.134   3.222   3.317
   5.650  -0.441  -0.440  -0.438  -0.436  -0.433  -0.428  -0.421  -0.413  -0.398  -0.378  -0.345  -0.296  -0.225  -0.125   0.005   0.171   0.362   0.577   0.805   1.035   1.264   1.484   1.696   1.895   2.080   2.245   2.390   2.512   2.616   2.705   2.785   2.860   2.935   3.011   3.093   3.184   3.282
   5.675  -0.442  -0.440  -0.438  -0.436  -0.433  -0.429  -0.424  -0.416  -0.404  -0.388  -0.360  -0.318  -0.255  -0.163  -0.040   0.121   0.312   0.529   0.761   0.998   1.233   1.459   1.673   1.873   2.056   2.218   2.359   2.478   2.579   2.666   2.745   2.820   2.894   2.971   3.054   3.148   3.250
   5.700  -0.442  -0.440  -0.439  -0.436  -0.433  -0.430  -0.425  -0.418  -0.408  -0.394  -0.370  -0.335  -0.279  -0.196  -0.081   0.074   0.261   0.479   0.715   0.957   1.199   1.430   1.648   1.849   2.031   2.190   2.328   2.444   2.543   2.629   2.707   2.781   2.856   2.934   3.018   3.114   3.219
   5.725  -0.442  -0.441  -0.439  -0.436  -0.434  -0.430  -0.425  -0.419  -0.410  -0.398  -0.377  -0.346  -0.297  -0.222  -0.115   0.032   0.213   0.429   0.667   0.914   1.162   1.399   1.621   1.823   2.004   2.161   2.297   2.411   2.508   2.593   2.670   2.745   2.820   2.898   2.984   3.082   3.189
   5.750  -0.442  -0.441  -0.439  -0.437  -0.434  -0.430  -0.425  -0.420  -0.411  -0.400  -0.381  -0.354  -0.310  -0.242  -0.144  -0.006   0.168   0.381   0.618   0.869   1.122   1.364   1.591   1.794   1.976   2.132   2.266   2.378   2.474   2.559   2.636   2.711   2.786   2.865   2.952   3.051   3.161
   5.775  -0.442  -0.441  -0.439  -0.437  -0.434  -0.430  -0.426  -0.420  -0.412  -0.401  -0.384  -0.359  -0.319  -0.258  -0.168  -0.038   0.128   0.336   0.570   0.823   1.080   1.326   1.557   1.763   1.945   2.101   2.233   2.345   2.441   2.525   2.603   2.678   2.754   2.835   2.923   3.024   3.135
   5.800  -0.442  -0.441  -0.439  -0.437  -0.434  -0.430  -0.426  -0.420  -0.412  -0.401  -0.385  -0.362  -0.325  -0.270  -0.186  -0.065   0.093   0.294   0.525   0.777   1.036   1.286   1.522   1.730   1.913   2.069   2.201   2.312   2.408   2.493   2.571   2.648   2.725   2.807   2.897   2.999   3.112
   5.825  -0.442  -0.441  -0.439  -0.437  -0.434  -0.431  -0.426  -0.420  -0.412  -0.402  -0.386  -0.364  -0.329  -0.277  -0.200  -0.086   0.064   0.258   0.482   0.733   0.992   1.245   1.484   1.694   1.880   2.036   2.168   2.280   2.376   2.462   2.541   2.620   2.699   2.783   2.875   2.978   3.092
   5.850  -0.442  -0.441  -0.440  -0.438  -0.435  -0.432  -0.427  -0.421  -0.413  -0.402  -0.387  -0.365  -0.332  -0.283  -0.209  -0.102   0.040   0.226   0.444   0.690   0.949   1.203   1.444   1.658   1.845   2.003   2.136   2.248   2.345   2.433   2.514   2.594   2.675   2.761   2.855   2.960   3.076
   5.875  -0.442  -0.441  -0.440  -0.438  -0.435  -0.432  -0.427  -0.422  -0.413  -0.403  -0.387  -0.366  -0.334  -0.287  -0.217  -0.116   0.020   0.198   0.409   0.651   0.907   1.162   1.405   1.620   1.810   1.969   2.104   2.218   2.316   2.406   2.489   2.571   2.654   2.742   2.837   2.942   3.058
   5.900  -0.442  -0.441  -0.439  -0.438  -0.435  -0.432  -0.428  -0.422  -0.414  -0.403  -0.388  -0.367  -0.336  -0.290  -0.223  -0.126   0.004   0.175   0.380   0.616   0.868   1.122   1.366   1.583   1.776   1.937   2.073   2.189   2.290   2.381   2.466   2.551   2.636   2.724   2.820   2.925   3.040
   5.925  -0.441  -0.440  -0.439  -0.437  -0.435  -0.432  -0.428  -0.422  -0.415  -0.404  -0.389  -0.368  -0.337  -0.293  -0.227  -0.134  -0.009   0.157   0.355   0.586   0.834   1.086   1.329   1.548   1.743   1.906   2.044   2.162   2.265   2.359   2.447   2.533   2.619   2.708   2.803   2.908   3.021
   5.950  -0.441  -0.440  -0.438  -0.437  -0.434  -0.432  -0.428  -0.422  -0.415  -0.404  -0.389  -0.369  -0.338  -0.294  -0.231  -0.140  -0.019   0.141   0.334   0.560   0.803   1.053   1.295   1.515   1.711   1.876   2.018   2.138   2.244   2.340   2.431   2.518   2.605   2.693   2.787   2.890   3.001
   5.975  -0.440  -0.439  -0.437  -0.435  -0.433  -0.430  -0.426  -0.421  -0.414  -0.404  -0.389  -0.369  -0.339  -0.296  -0.233  -0.145  -0.026   0.130   0.318   0.539   0.778   1.024   1.265   1.485   1.683   1.850   1.994   2.117   2.225   2.325   2.417   2.506   2.593   2.681   2.773   2.874   2.983
   6.000  -0.440  -0.438  -0.436  -0.434  -0.432  -0.429  -0.425  -0.420  -0.413  -0.403  -0.389  -0.370  -0.340  -0.298  -0.236  -0.148  -0.032   0.121   0.305   0.521   0.756   0.999   1.238   1.457   1.656   1.825   1.972   2.098   2.210   2.311   2.406   2.495   2.582   2.669   2.760   2.859   2.965
   6.050  -0.440  -0.438  -0.435  -0.432  -0.429  -0.425  -0.420  -0.414  -0.407  -0.398  -0.385  -0.367  -0.340  -0.299  -0.240  -0.156  -0.043   0.104   0.280   0.489   0.715   0.952   1.187   1.407   1.608   1.783   1.936   2.069   2.186   2.292   2.388   2.478   2.563   2.648   2.734   2.825   2.926
   6.100  -0.441  -0.438  -0.435  -0.432  -0.428  -0.423  -0.417  -0.410  -0.402  -0.392  -0.379  -0.362  -0.336  -0.298  -0.242  -0.161  -0.053   0.088   0.259   0.460   0.680   0.912   1.144   1.363   1.567   1.747   1.906   2.045   2.167   2.274   2.370   2.457   2.539   2.619   2.701   2.790   2.885
   6.150  -0.443  -0.442  -0.439  -0.436  -0.431  -0.426  -0.419  -0.410  -0.399  -0.387  -0.371  -0.352  -0.326  -0.289  -0.236  -0.160  -0.060   0.074   0.237   0.431   0.646   0.875   1.106   1.327   1.534   1.718   1.882   2.024   2.147   2.253   2.344   2.424   2.499   2.571   2.647   2.736   2.832
   6.200  -0.446  -0.445  -0.443  -0.440  -0.436  -0.431  -0.423  -0.413  -0.401  -0.386  -0.367  -0.345  -0.316  -0.279  -0.227  -0.156  -0.061   0.065   0.220   0.408   0.618   0.844   1.074   1.296   1.505   1.691   1.857   1.999   2.121   2.221   2.306   2.379   2.445   2.511   2.582   2.670   2.769
   6.250  -0.447  -0.446  -0.445  -0.443  -0.441  -0.437  -0.431  -0.423  -0.411  -0.396  -0.375  -0.349  -0.315  -0.272  -0.217  -0.145  -0.052   0.069   0.218   0.399   0.602   0.823   1.050   1.271   1.478   1.663   1.826   1.963   2.078   2.171   2.249   2.315   2.377   2.440   2.511   2.601   2.703
   6.300  -0.447  -0.446  -0.446  -0.445  -0.444  -0.442  -0.439  -0.433  -0.424  -0.409  -0.389  -0.360  -0.322  -0.274  -0.213  -0.137  -0.042   0.077   0.222   0.397   0.594   0.809   1.031   1.246   1.449   1.628   1.784   1.913   2.020   2.105   2.176   2.239   2.298   2.362   2.435   2.526   2.632
   6.350  -0.448  -0.447  -0.446  -0.446  -0.446  -0.445  -0.442  -0.439  -0.432  -0.422  -0.405  -0.380  -0.344  -0.294  -0.228  -0.145  -0.042   0.083   0.231   0.405   0.596   0.804   1.015   1.219   1.411   1.579   1.724   1.844   1.942   2.021   2.088   2.149   2.210   2.278   2.355   2.450   2.560
   6.400  -0.448  -0.447  -0.447  -0.447  -0.446  -0.446  -0.444  -0.442  -0.438  -0.432  -0.420  -0.400  -0.368  -0.320  -0.253  -0.164  -0.053   0.080   0.233   0.408   0.596   0.795   0.994   1.185   1.362   1.517   1.651   1.760   1.851   1.925   1.991   2.053   2.117   2.190   2.273   2.372   2.485
   6.450  -0.449  -0.448  -0.448  -0.448  -0.447  -0.447  -0.446  -0.444  -0.441  -0.437  -0.428  -0.413  -0.387  -0.345  -0.284  -0.196  -0.084   0.055   0.214   0.392   0.581   0.773   0.961   1.138   1.299   1.440   1.562   1.663   1.749   1.822   1.888   1.955   2.024   2.102   2.191   2.294   2.410
   6.500  -0.449  -0.449  -0.449  -0.449  -0.448  -0.447  -0.446  -0.445  -0.443  -0.440  -0.433  -0.423  -0.402  -0.368  -0.314  -0.232  -0.123   0.017   0.180   0.360   0.549   0.735   0.914   1.077   1.224   1.352   1.463   1.558   1.640   1.713   1.783   1.854   1.930   2.015   2.109   2.215   2.333
   6.550  -0.450  -0.449  -0.449  -0.449  -0.448  -0.448  -0.447  -0.446  -0.444  -0.442  -0.436  -0.428  -0.411  -0.383  -0.337  -0.263  -0.163  -0.029   0.128   0.306   0.491   0.673   0.845   0.999   1.136   1.255   1.359   1.449   1.530   1.604   1.678   1.754   1.837   1.928   2.028   2.139   2.259
   6.600  -0.450  -0.450  -0.449  -0.449  -0.449  -0.449  -0.448  -0.447  -0.446  -0.444  -0.439  -0.432  -0.417  -0.394  -0.355  -0.292  -0.203  -0.079   0.068   0.239   0.419   0.595   0.762   0.909   1.040   1.152   1.250   1.338   1.418   1.495   1.572   1.655   1.744   1.842   1.948   2.064   2.188
   6.650  -0.450  -0.450  -0.450  -0.450  -0.450  -0.450  -0.449  -0.449  -0.447  -0.445  -0.441  -0.435  -0.423  -0.404  -0.370  -0.315  -0.236  -0.125   0.011   0.171   0.341   0.510   0.670   0.812   0.937   1.045   1.140   1.226   1.307   1.386   1.468   1.557   1.652   1.757   1.869   1.988   2.114
   6.700  -0.451  -0.451  -0.451  -0.451  -0.451  -0.451  -0.450  -0.450  -0.449  -0.447  -0.444  -0.439  -0.429  -0.412  -0.383  -0.336  -0.267  -0.168  -0.046   0.101   0.260   0.419   0.572   0.708   0.830   0.935   1.029   1.115   1.197   1.280   1.367   1.461   1.564   1.674   1.791   1.913   2.039
   6.750  -0.451  -0.451  -0.451  -0.452  -0.452  -0.451  -0.451  -0.451  -0.450  -0.448  -0.446  -0.442  -0.433  -0.420  -0.395  -0.355  -0.295  -0.208  -0.099   0.034   0.179   0.328   0.472   0.602   0.721   0.824   0.917   1.004   1.089   1.176   1.269   1.371   1.481   1.597   1.717   1.835   1.954
   6.800  -0.452  -0.452  -0.452  -0.452  -0.452  -0.452  -0.452  -0.451  -0.451  -0.450  -0.447  -0.444  -0.438  -0.426  -0.406  -0.372  -0.320  -0.245  -0.148  -0.030   0.102   0.238   0.373   0.497   0.612   0.714   0.808   0.897   0.985   1.077   1.176   1.286   1.402   1.523   1.644   1.756   1.862
   6.850  -0.453  -0.453  -0.453  -0.453  -0.453  -0.453  -0.452  -0.452  -0.452  -0.451  -0.449  -0.446  -0.441  -0.432  -0.414  -0.386  -0.342  -0.278  -0.194  -0.089   0.028   0.152   0.278   0.396   0.507   0.608   0.704   0.795   0.888   0.986   1.091   1.206   1.326   1.451   1.572   1.681   1.781
   6.900  -0.454  -0.454  -0.454  -0.454  -0.454  -0.454  -0.453  -0.453  -0.452  -0.452  -0.450  -0.448  -0.443  -0.435  -0.421  -0.397  -0.361  -0.306  -0.235  -0.143  -0.039   0.073   0.189   0.301   0.409   0.510   0.607   0.702   0.799   0.902   1.011   1.130   1.254   1.380   1.501   1.609   1.705
   6.950  -0.455  -0.455  -0.455  -0.455  -0.455  -0.454  -0.454  -0.454  -0.453  -0.452  -0.451  -0.448  -0.444  -0.437  -0.425  -0.406  -0.376  -0.330  -0.269  -0.190  -0.099   0.003   0.109   0.215   0.320   0.422   0.522   0.620   0.719   0.826   0.938   1.060   1.185   1.309   1.428   1.536   1.633
   7.000  -0.456  -0.456  -0.456  -0.456  -0.456  -0.456  -0.455  -0.455  -0.454  -0.453  -0.451  -0.448  -0.444  -0.438  -0.427  -0.412  -0.387  -0.349  -0.297  -0.229  -0.148  -0.057   0.040   0.140   0.242   0.344   0.446   0.545   0.647   0.755   0.869   0.993   1.118   1.239   1.355   1.463   1.565
   7.050  -0.457  -0.457  -0.457  -0.457  -0.457  -0.457  -0.456  -0.456  -0.455  -0.454  -0.452  -0.450  -0.445  -0.439  -0.428  -0.414  -0.392  -0.359  -0.313  -0.255  -0.184  -0.103  -0.013   0.082   0.180   0.279   0.379   0.478   0.580   0.688   0.802   0.928   1.054   1.174   1.286   1.386   1.477
   7.100  -0.458  -0.458  -0.458  -0.458  -0.458  -0.458  -0.458  -0.458  -0.457  -0.456  -0.454  -0.451  -0.447  -0.440  -0.430  -0.416  -0.395  -0.364  -0.324  -0.273  -0.211  -0.137  -0.054   0.035   0.129   0.223   0.319   0.415   0.516   0.624   0.738   0.864   0.990   1.110   1.218   1.306   1.377
   7.150  -0.459  -0.459  -0.459  -0.459  -0.459  -0.459  -0.459  -0.459  -0.458  -0.458  -0.456  -0.454  -0.450  -0.444  -0.434  -0.420  -0.399  -0.370  -0.333  -0.285  -0.229  -0.161  -0.085  -0.002   0.084   0.172   0.263   0.355   0.453   0.561   0.676   0.798   0.921   1.044   1.154   1.228   1.284
   7.200  -0.461  -0.461  -0.461  -0.461  -0.461  -0.461  -0.461  -0.461  -0.460  -0.460  -0.459  -0.457  -0.454  -0.448  -0.439  -0.424  -0.404  -0.376  -0.341  -0.296  -0.243  -0.181  -0.111  -0.036   0.044   0.125   0.209   0.297   0.392   0.500   0.615   0.734   0.854   0.975   1.080   1.151   1.193
   7.250  -0.463  -0.463  -0.463  -0.463  -0.463  -0.463  -0.463  -0.463  -0.462  -0.462  -0.461  -0.460  -0.458  -0.453  -0.444  -0.432  -0.413  -0.387  -0.354  -0.311  -0.260  -0.201  -0.137  -0.068   0.004   0.077   0.155   0.239   0.331   0.437   0.551   0.677   0.797   0.895   0.973   1.040   1.071
   7.300  -0.465  -0.465  -0.465  -0.465  -0.465  -0.465  -0.465  -0.465  -0.465  -0.465  -0.464  -0.463  -0.461  -0.457  -0.450  -0.439  -0.423  -0.399  -0.368  -0.327  -0.279  -0.224  -0.164  -0.102  -0.037   0.029   0.101   0.182   0.273   0.376   0.489   0.621   0.741   0.816   0.867   0.906   0.930
   7.350  -0.467  -0.467  -0.467  -0.467  -0.467  -0.467  -0.467  -0.467  -0.467  -0.467  -0.466  -0.466  -0.464  -0.461  -0.456  -0.447  -0.433  -0.412  -0.384  -0.347  -0.302  -0.251  -0.196  -0.139  -0.080  -0.019   0.048   0.128   0.218   0.320   0.432   0.566   0.688   0.761   0.809   0.828   0.849
   7.400  -0.470  -0.470  -0.470  -0.470  -0.470  -0.470  -0.470  -0.470  -0.470  -0.470  -0.469  -0.468  -0.467  -0.465  -0.461  -0.454  -0.442  -0.425  -0.401  -0.367  -0.326  -0.279  -0.229  -0.178  -0.124  -0.067  -0.002   0.076   0.165   0.267   0.379   0.505   0.620   0.692   0.741   0.778   0.801
   7.450  -0.473  -0.473  -0.473  -0.473  -0.473  -0.473  -0.473  -0.473  -0.473  -0.473  -0.472  -0.472  -0.471  -0.469  -0.466  -0.460  -0.450  -0.436  -0.416  -0.386  -0.350  -0.309  -0.263  -0.216  -0.166  -0.111  -0.049   0.026   0.114   0.221   0.330   0.425   0.504   0.556   0.591   0.643   0.661
   7.500  -0.476  -0.476  -0.476  -0.476  -0.476  -0.476  -0.476  -0.476  -0.476  -0.476  -0.476  -0.476  -0.475  -0.473  -0.470  -0.465  -0.458  -0.446  -0.429  -0.404  -0.373  -0.337  -0.296  -0.253  -0.205  -0.153  -0.093  -0.021   0.065   0.176   0.281   0.345   0.389   0.421   0.443   0.460   0.470
   7.550  -0.480  -0.480  -0.480  -0.480  -0.480  -0.480  -0.480  -0.480  -0.480  -0.480  -0.480  -0.480  -0.479  -0.477  -0.475  -0.471  -0.465  -0.456  -0.441  -0.420  -0.393  -0.361  -0.325  -0.285  -0.241  -0.191  -0.133  -0.063   0.020   0.129   0.230   0.288   0.327   0.355   0.375   0.377   0.385
   7.600  -0.484  -0.484  -0.484  -0.484  -0.484  -0.484  -0.484  -0.484  -0.484  -0.484  -0.484  -0.484  -0.483  -0.482  -0.480  -0.477  -0.472  -0.464  -0.452  -0.434  -0.411  -0.383  -0.351  -0.315  -0.274  -0.227  -0.171  -0.103  -0.023   0.080   0.178   0.238   0.278   0.308   0.329   0.344   0.354
   7.650  -0.488  -0.488  -0.488  -0.488  -0.488  -0.488  -0.488  -0.488  -0.488  -0.488  -0.488  -0.488  -0.488  -0.487  -0.485  -0.483  -0.478  -0.472  -0.461  -0.446  -0.426  -0.402  -0.374  -0.342  -0.304  -0.260  -0.207  -0.142  -0.066   0.033   0.125   0.182   0.221   0.249   0.269   0.283   0.292
   7.700  -0.493  -0.493  -0.493  -0.493  -0.493  -0.493  -0.493  -0.493  -0.493  -0.493  -0.493  -0.493  -0.493  -0.492  -0.491  -0.489  -0.485  -0.479  -0.470  -0.457  -0.440  -0.420  -0.395  -0.366  -0.332  -0.291  -0.241  -0.180  -0.108  -0.016   0.071   0.124   0.160   0.187   0.205   0.219   0.228
   7.750  -0.499  -0.499  -0.499  -0.499  -0.499  -0.499  -0.499  -0.499  -0.499  -0.499  -0.499  -0.499  -0.499  -0.498  -0.497  -0.496  -0.492  -0.487  -0.479  -0.468  -0.453  -0.435  -0.414  -0.389  -0.359  -0.321  -0.275  -0.218  -0.150  -0.065   0.016   0.066   0.100   0.124   0.141   0.148   0.156
   7.800  -0.505  -0.505  -0.505  -0.505  -0.505  -0.505  -0.505  -0.505  -0.505  -0.505  -0.505  -0.505  -0.505  -0.505  -0.504  -0.503  -0.500  -0.495  -0.488  -0.478  -0.466  -0.450  -0.431  -0.410  -0.384  -0.350  -0.308  -0.255  -0.193  -0.118  -0.048  -0.005   0.025   0.046   0.061   0.072   0.079
   7.850  -0.512  -0.512  -0.512  -0.512  -0.512  -0.512  -0.512  -0.512  -0.512  -0.512  -0.512  -0.512  -0.512  -0.512  -0.511  -0.510  -0.508  -0.504  -0.497  -0.489  -0.479  -0.465  -0.449  -0.431  -0.409  -0.379  -0.341  -0.290  -0.236  -0.185  -0.141  -0.112  -0.093  -0.079  -0.069  -0.045  -0.040
   7.900  -0.520  -0.520  -0.520  -0.520  -0.520  -0.520  -0.520  -0.520  -0.520  -0.520  -0.520  -0.520  -0.520  -0.520  -0.519  -0.518  -0.516  -0.512  -0.507  -0.500  -0.491  -0.480  -0.467  -0.452  -0.433  -0.408  -0.375  -0.326  -0.279  -0.250  -0.231  -0.217  -0.207  -0.200  -0.195  -0.191  -0.189
   7.950  -0.528  -0.528  -0.528  -0.528  -0.528  -0.528  -0.528  -0.528  -0.528  -0.528  -0.528  -0.528  -0.528  -0.528  -0.527  -0.526  -0.524  -0.521  -0.516  -0.510  -0.503  -0.494  -0.484  -0.472  -0.457  -0.436  -0.408  -0.365  -0.323  -0.300  -0.285  -0.274  -0.267  -0.261  -0.257  -0.265  -0.264
   8.000  -0.536  -0.536  -0.536  -0.536  -0.536  -0.536  -0.536  -0.536  -0.536  -0.536  -0.536  -0.536  -0.536  -0.536  -0.536  -0.534  -0.532  -0.529  -0.526  -0.521  -0.515  -0.508  -0.501  -0.493  -0.482  -0.465  -0.442  -0.405  -0.368  -0.346  -0.331  -0.320  -0.312  -0.307  -0.303  -0.300  -0.299
   8.100  -0.555  -0.555  -0.555  -0.555  -0.555  -0.555  -0.555  -0.555  -0.556  -0.556  -0.556  -0.556  -0.556  -0.556  -0.556  -0.555  -0.553  -0.551  -0.549  -0.546  -0.543  -0.541  -0.539  -0.538  -0.534  -0.526  -0.513  -0.491  -0.468  -0.455  -0.445  -0.439  -0.434  -0.431  -0.429  -0.427  -0.426
   8.200  -0.580  -0.580  -0.580  -0.580  -0.580  -0.580  -0.580  -0.580  -0.580  -0.581  -0.581  -0.581  -0.581  -0.581  -0.580  -0.579  -0.578  -0.577  -0.576  -0.576  -0.576  -0.578  -0.582  -0.587  -0.592  -0.592  -0.586  -0.571  -0.555  -0.546  -0.539  -0.535  -0.532  -0.529  -0.528  -0.563  -0.562
   8.300  -0.609  -0.609  -0.609  -0.609  -0.609  -0.609  -0.609  -0.609  -0.609  -0.609  -0.610  -0.610  -0.610  -0.610  -0.609  -0.608  -0.608  -0.608  -0.608  -0.609  -0.613  -0.620  -0.629  -0.640  -0.652  -0.662  -0.671  -0.681  -0.690  -0.696  -0.699  -0.702  -0.704  -0.706  -0.707  -0.707  -0.708
   8.400  -0.654  -0.648  -0.644  -0.643  -0.642  -0.642  -0.642  -0.642  -0.643  -0.643  -0.643  -0.643  -0.643  -0.642  -0.642  -0.642  -0.643  -0.643  -0.644  -0.648  -0.654  -0.666  -0.680  -0.691  -0.709  -0.736  -0.787  -0.894  -1.004  -1.069  -1.113  -1.145  -1.167  -1.183  -1.194  -1.078  -1.082
   8.500  -0.679  -0.679  -0.679  -0.679  -0.679  -0.679  -0.679  -0.680  -0.680  -0.680  -0.680  -0.679  -0.679  -0.679  -0.679  -0.680  -0.681  -0.682  -0.685  -0.690  -0.700  -0.717  -0.736  -0.748  -0.772  -0.815  -0.900  -1.080  -1.267  -1.376  -1.450  -1.505  -1.542  -1.569  -1.588  -1.602  -1.611
   8.600  -0.647  -0.683  -0.707  -0.719  -0.718  -0.720  -0.720  -0.720  -0.721  -0.721  -0.720  -0.720  -0.719  -0.720  -0.720  -0.721  -0.723  -0.725  -0.729  -0.738  -0.749  -0.769  -0.796  -0.822  -0.850  -0.904  -0.977  -1.101  -1.267  -1.357  -1.411  -1.457  -1.484  -1.506  -1.520  -1.531  -1.538
   8.700  -0.570  -0.667  -0.731  -0.762  -0.760  -0.765  -0.764  -0.765  -0.765  -0.765  -0.764  -0.764  -0.764  -0.764  -0.765  -0.766  -0.768  -0.772  -0.777  -0.788  -0.803  -0.828  -0.860  -0.897  -0.940  -0.983  -1.029  -1.057  -1.073  -1.087  -1.096  -1.103  -1.107  -1.110  -1.112  -1.114  -1.115

