fixed metal distribution -- based on Grevesse & Sauval (1998)
    form     version        X           Z          logRs    logR_min    logR_max       logTs    logT_min    logT_max
       1          38    0.200000    0.020000          37   -8.000000    1.000000         138    3.750000    8.700000

   logT                       logR = logRho - 3*logT + 18
          -8.000  -7.750  -7.500  -7.250  -7.000  -6.750  -6.500  -6.250  -6.000  -5.750  -5.500  -5.250  -5.000  -4.750  -4.500  -4.250  -4.000  -3.750  -3.500  -3.250  -3.000  -2.750  -2.500  -2.250  -2.000  -1.750  -1.500  -1.250  -1.000  -0.750  -0.500  -0.250   0.000   0.250   0.500   0.750   1.000

   3.750   0.000   0.000   0.000   0.000   0.000   0.000   0.000   0.000   0.000   0.000   0.000  -2.162  -2.267  -2.368  -2.466  -2.554  -2.635  -2.696  -2.741  -2.758  -2.751  -2.717  -2.657  -2.578  -2.478  -2.365  -2.236  -2.103  -1.961  -1.790  -1.597  -1.402  -1.198  -0.990  -0.775  -0.566  -0.360
   3.775   0.000   0.000   0.000   0.000   0.000   0.000   0.000   0.000   0.000   0.000   0.000  -1.833  -1.933  -2.029  -2.122  -2.205  -2.280  -2.337  -2.380  -2.396  -2.391  -2.360  -2.306  -2.237  -2.150  -2.048  -1.931  -1.814  -1.693  -1.549  -1.388  -1.223  -1.051  -0.867  -0.674  -0.473  -0.262
   3.800   0.000   0.000   0.000   0.000   0.000   0.000   0.000   0.000   0.000   0.000   0.000  -1.545  -1.630  -1.712  -1.793  -1.864  -1.928  -1.977  -2.014  -2.027  -2.021  -1.993  -1.944  -1.883  -1.807  -1.716  -1.611  -1.509  -1.404  -1.281  -1.144  -1.004  -0.856  -0.696  -0.524  -0.336  -0.134
   3.825   0.000   0.000   0.000   0.000   0.000   0.000   0.000   0.000   0.000   0.000   0.000  -1.293  -1.350  -1.410  -1.469  -1.525  -1.573  -1.612  -1.638  -1.647  -1.639  -1.612  -1.570  -1.515  -1.447  -1.365  -1.274  -1.185  -1.090  -0.979  -0.860  -0.736  -0.605  -0.467  -0.317  -0.157   0.025
   3.850   0.000   0.000   0.000   0.000   0.000   0.000   0.000   0.000   0.000   0.000   0.000  -1.094  -1.118  -1.148  -1.179  -1.209  -1.236  -1.256  -1.268  -1.267  -1.254  -1.228  -1.190  -1.139  -1.078  -1.006  -0.927  -0.847  -0.760  -0.661  -0.554  -0.442  -0.324  -0.203  -0.074   0.065   0.214
   3.875   0.000   0.000   0.000   0.000   0.000   0.000   0.000   0.000   0.000   0.000   0.000  -0.973  -0.963  -0.955  -0.947  -0.940  -0.933  -0.923  -0.911  -0.893  -0.870  -0.840  -0.803  -0.756  -0.702  -0.640  -0.572  -0.500  -0.422  -0.335  -0.241  -0.140  -0.035   0.074   0.189   0.307   0.436
   3.900   0.000   0.000   0.000   0.000   0.000   0.000   0.000   0.000   0.000   0.000   0.000  -0.904  -0.863  -0.817  -0.770  -0.723  -0.676  -0.631  -0.588  -0.547  -0.508  -0.468  -0.427  -0.380  -0.330  -0.275  -0.216  -0.152  -0.082  -0.005   0.078   0.168   0.263   0.362   0.466   0.575   0.689
   3.925   0.000   0.000   0.000   0.000   0.000   0.000   0.000   0.000   0.000  -0.971  -0.927  -0.874  -0.810  -0.737  -0.657  -0.572  -0.487  -0.403  -0.324  -0.252  -0.187  -0.129  -0.075  -0.023   0.029   0.081   0.135   0.193   0.256   0.324   0.397   0.477   0.563   0.652   0.746   0.842   0.944
   3.950   0.000   0.000   0.000   0.000   0.000   0.000   0.000   0.000   0.000  -0.979  -0.931  -0.869  -0.791  -0.698  -0.592  -0.476  -0.355  -0.234  -0.118  -0.011   0.085   0.167   0.240   0.305   0.363   0.418   0.471   0.526   0.584   0.645   0.711   0.783   0.860   0.941   1.027   1.117   1.212
   3.975   0.000   0.000   0.000   0.000   0.000   0.000   0.000   0.000   0.000  -0.982  -0.938  -0.876  -0.794  -0.691  -0.570  -0.432  -0.284  -0.131   0.020   0.161   0.292   0.406   0.505   0.590   0.663   0.727   0.785   0.842   0.897   0.955   1.015   1.080   1.149   1.222   1.299   1.380   1.467
   4.000   0.000   0.000   0.000   0.000   0.000   0.000   0.000   0.000   0.000  -0.972  -0.937  -0.881  -0.803  -0.698  -0.570  -0.420  -0.253  -0.077   0.103   0.277   0.440   0.587   0.716   0.826   0.920   0.999   1.068   1.130   1.188   1.246   1.303   1.363   1.426   1.492   1.562   1.638   1.718
   4.025   0.000   0.000   0.000   0.000   0.000  -0.919  -0.934  -0.944  -0.945  -0.936  -0.910  -0.864  -0.795  -0.697  -0.574  -0.423  -0.252  -0.062   0.135   0.333   0.525   0.701   0.861   1.000   1.120   1.221   1.307   1.382   1.448   1.509   1.568   1.626   1.686   1.748   1.813   1.881   1.956
   4.050   0.000   0.000   0.000   0.000   0.000  -0.855  -0.870  -0.882  -0.887  -0.884  -0.866  -0.830  -0.771  -0.685  -0.571  -0.428  -0.259  -0.067   0.138   0.351   0.563   0.764   0.953   1.120   1.268   1.395   1.503   1.594   1.673   1.743   1.806   1.867   1.926   1.986   2.047   2.113   2.182
   4.075  -0.767  -0.770  -0.774  -0.781  -0.790  -0.800  -0.810  -0.818  -0.822  -0.819  -0.803  -0.771  -0.719  -0.643  -0.540  -0.409  -0.253  -0.070   0.130   0.345   0.564   0.782   0.992   1.185   1.361   1.515   1.648   1.761   1.857   1.940   2.013   2.079   2.141   2.201   2.262   2.326   2.392
   4.100  -0.764  -0.758  -0.755  -0.753  -0.754  -0.756  -0.759  -0.762  -0.761  -0.754  -0.737  -0.705  -0.656  -0.586  -0.493  -0.375  -0.233  -0.065   0.124   0.331   0.550   0.775   0.998   1.211   1.411   1.591   1.751   1.888   2.005   2.104   2.189   2.264   2.332   2.397   2.459   2.523   2.586
   4.125  -0.762  -0.755  -0.750  -0.745  -0.741  -0.737  -0.733  -0.728  -0.719  -0.704  -0.680  -0.643  -0.590  -0.520  -0.430  -0.319  -0.187  -0.033   0.140   0.333   0.541   0.761   0.986   1.209   1.426   1.627   1.812   1.973   2.114   2.233   2.335   2.422   2.500   2.570   2.636   2.702   2.766
   4.150  -0.763  -0.758  -0.752  -0.745  -0.738  -0.730  -0.720  -0.707  -0.691  -0.667  -0.635  -0.590  -0.532  -0.457  -0.366  -0.257  -0.131   0.012   0.172   0.350   0.543   0.752   0.971   1.197   1.422   1.639   1.844   2.027   2.191   2.332   2.453   2.556   2.645   2.724   2.796   2.866   2.932
   4.175  -0.764  -0.758  -0.752  -0.744  -0.736  -0.726  -0.714  -0.699  -0.679  -0.651  -0.613  -0.561  -0.494  -0.411  -0.312  -0.198  -0.069   0.072   0.227   0.394   0.574   0.769   0.976   1.194   1.417   1.640   1.855   2.057   2.241   2.403   2.545   2.665   2.769   2.859   2.939   3.015   3.085
   4.200  -0.765  -0.759  -0.752  -0.745  -0.736  -0.726  -0.714  -0.698  -0.676  -0.645  -0.603  -0.545  -0.472  -0.380  -0.273  -0.150  -0.015   0.130   0.285   0.448   0.620   0.803   0.997   1.204   1.418   1.640   1.860   2.073   2.274   2.455   2.617   2.755   2.875   2.977   3.067   3.150   3.225
   4.225  -0.765  -0.760  -0.754  -0.746  -0.737  -0.727  -0.713  -0.697  -0.674  -0.643  -0.600  -0.542  -0.467  -0.372  -0.259  -0.129   0.015   0.170   0.334   0.502   0.677   0.856   1.043   1.239   1.442   1.655   1.871   2.088   2.297   2.493   2.672   2.828   2.965   3.082   3.184   3.277   3.358
   4.250  -0.765  -0.760  -0.754  -0.747  -0.738  -0.727  -0.713  -0.696  -0.673  -0.643  -0.601  -0.544  -0.469  -0.374  -0.258  -0.122   0.031   0.196   0.371   0.550   0.733   0.915   1.099   1.288   1.482   1.685   1.894   2.108   2.320   2.525   2.718   2.889   3.042   3.175   3.291   3.394   3.484
   4.275  -0.763  -0.759  -0.754  -0.747  -0.738  -0.727  -0.713  -0.696  -0.673  -0.642  -0.601  -0.544  -0.471  -0.377  -0.262  -0.125   0.030   0.203   0.387   0.579   0.773   0.966   1.159   1.349   1.541   1.738   1.938   2.146   2.355   2.562   2.760   2.942   3.109   3.257   3.387   3.504   3.603
   4.300  -0.755  -0.753  -0.749  -0.743  -0.736  -0.725  -0.712  -0.695  -0.672  -0.641  -0.600  -0.545  -0.473  -0.382  -0.269  -0.134   0.022   0.199   0.391   0.594   0.803   1.009   1.214   1.412   1.607   1.802   1.997   2.198   2.401   2.605   2.806   2.995   3.172   3.333   3.477   3.605   3.716
   4.325  -0.733  -0.735  -0.735  -0.733  -0.729  -0.721  -0.709  -0.692  -0.670  -0.640  -0.600  -0.546  -0.476  -0.387  -0.276  -0.142   0.014   0.192   0.388   0.597   0.815   1.034   1.252   1.463   1.670   1.870   2.069   2.267   2.465   2.666   2.864   3.055   3.238   3.407   3.562   3.702   3.824
   4.350  -0.703  -0.710  -0.714  -0.716  -0.715  -0.709  -0.700  -0.685  -0.664  -0.635  -0.596  -0.545  -0.477  -0.390  -0.281  -0.149   0.006   0.185   0.382   0.596   0.820   1.050   1.280   1.506   1.726   1.938   2.143   2.343   2.540   2.738   2.932   3.123   3.308   3.483   3.646   3.794   3.927
   4.375  -0.667  -0.675  -0.681  -0.686  -0.688  -0.686  -0.680  -0.668  -0.650  -0.624  -0.588  -0.538  -0.473  -0.388  -0.282  -0.151   0.004   0.183   0.383   0.599   0.827   1.063   1.301   1.538   1.771   1.995   2.211   2.419   2.621   2.819   3.013   3.204   3.389   3.565   3.731   3.885   4.026
   4.400  -0.631  -0.639  -0.645  -0.651  -0.654  -0.655  -0.652  -0.643  -0.628  -0.605  -0.571  -0.524  -0.461  -0.379  -0.275  -0.146   0.007   0.187   0.387   0.604   0.834   1.073   1.318   1.564   1.807   2.044   2.273   2.492   2.702   2.905   3.101   3.292   3.476   3.652   3.819   3.975   4.121
   4.425  -0.601  -0.606  -0.610  -0.615  -0.618  -0.618  -0.615  -0.607  -0.593  -0.571  -0.539  -0.496  -0.437  -0.360  -0.260  -0.135   0.015   0.193   0.392   0.610   0.843   1.085   1.333   1.585   1.836   2.082   2.323   2.554   2.776   2.987   3.190   3.385   3.570   3.746   3.913   4.069   4.217
   4.450  -0.578  -0.579  -0.581  -0.582  -0.583  -0.581  -0.576  -0.566  -0.551  -0.529  -0.498  -0.456  -0.400  -0.327  -0.232  -0.111   0.034   0.209   0.406   0.623   0.855   1.099   1.350   1.605   1.861   2.115   2.365   2.608   2.842   3.065   3.276   3.477   3.666   3.843   4.009   4.166   4.311
   4.475  -0.569  -0.566  -0.563  -0.561  -0.557  -0.551  -0.541  -0.527  -0.507  -0.480  -0.445  -0.400  -0.343  -0.272  -0.181  -0.067   0.072   0.239   0.431   0.644   0.875   1.119   1.371   1.628   1.887   2.147   2.404   2.655   2.899   3.132   3.354   3.562   3.757   3.939   4.107   4.262   4.406
   4.500  -0.567  -0.560  -0.553  -0.547  -0.538  -0.528  -0.513  -0.493  -0.467  -0.433  -0.391  -0.339  -0.278  -0.204  -0.114  -0.004   0.128   0.288   0.471   0.679   0.905   1.146   1.398   1.654   1.915   2.177   2.438   2.696   2.948   3.191   3.423   3.640   3.843   4.030   4.202   4.358   4.500
   4.525  -0.565  -0.558  -0.550  -0.542  -0.532  -0.518  -0.499  -0.474  -0.440  -0.397  -0.344  -0.282  -0.209  -0.126  -0.031   0.080   0.209   0.360   0.533   0.731   0.947   1.181   1.428   1.683   1.943   2.206   2.470   2.732   2.990   3.241   3.481   3.707   3.918   4.112   4.289   4.447   4.589
   4.550  -0.565  -0.559  -0.551  -0.542  -0.531  -0.515  -0.493  -0.463  -0.424  -0.372  -0.309  -0.234  -0.148  -0.052   0.055   0.173   0.303   0.450   0.615   0.801   1.006   1.230   1.469   1.719   1.976   2.237   2.501   2.765   3.026   3.283   3.531   3.765   3.984   4.184   4.367   4.530   4.675
   4.575  -0.563  -0.557  -0.550  -0.541  -0.530  -0.514  -0.492  -0.462  -0.420  -0.364  -0.294  -0.207  -0.106   0.008   0.133   0.265   0.408   0.559   0.722   0.899   1.092   1.303   1.528   1.767   2.016   2.272   2.533   2.796   3.059   3.320   3.572   3.812   4.038   4.245   4.433   4.600   4.747
   4.600  -0.562  -0.556  -0.549  -0.541  -0.530  -0.515  -0.494  -0.464  -0.423  -0.365  -0.290  -0.195  -0.082   0.049   0.192   0.344   0.503   0.665   0.833   1.006   1.190   1.389   1.600   1.826   2.064   2.312   2.567   2.828   3.090   3.352   3.607   3.851   4.082   4.294   4.487   4.658   4.809
   4.625  -0.561  -0.555  -0.548  -0.540  -0.529  -0.515  -0.495  -0.466  -0.426  -0.370  -0.295  -0.198  -0.079   0.062   0.220   0.390   0.568   0.748   0.930   1.111   1.296   1.487   1.687   1.900   2.124   2.360   2.606   2.861   3.120   3.381   3.637   3.883   4.117   4.333   4.530   4.705   4.858
   4.650  -0.559  -0.553  -0.546  -0.538  -0.528  -0.514  -0.495  -0.468  -0.430  -0.377  -0.304  -0.208  -0.089   0.057   0.225   0.410   0.605   0.805   1.005   1.199   1.391   1.582   1.777   1.979   2.190   2.415   2.650   2.897   3.150   3.407   3.662   3.909   4.143   4.362   4.562   4.740   4.896
   4.675  -0.557  -0.551  -0.544  -0.536  -0.526  -0.513  -0.494  -0.469  -0.433  -0.382  -0.313  -0.220  -0.104   0.041   0.209   0.399   0.605   0.819   1.037   1.249   1.458   1.660   1.859   2.059   2.264   2.478   2.702   2.939   3.183   3.434   3.685   3.929   4.163   4.382   4.584   4.765   4.924
   4.700  -0.555  -0.548  -0.541  -0.533  -0.523  -0.510  -0.493  -0.469  -0.434  -0.386  -0.320  -0.233  -0.121   0.018   0.182   0.372   0.582   0.806   1.037   1.268   1.495   1.713   1.924   2.128   2.332   2.541   2.756   2.983   3.217   3.461   3.705   3.945   4.177   4.396   4.599   4.780   4.940
   4.725  -0.554  -0.547  -0.539  -0.530  -0.520  -0.508  -0.490  -0.468  -0.435  -0.389  -0.327  -0.243  -0.136  -0.002   0.156   0.341   0.547   0.771   1.007   1.249   1.490   1.725   1.954   2.172   2.384   2.595   2.807   3.027   3.253   3.488   3.724   3.959   4.187   4.404   4.606   4.788   4.951
   4.750  -0.554  -0.546  -0.537  -0.528  -0.518  -0.505  -0.488  -0.466  -0.435  -0.391  -0.331  -0.251  -0.149  -0.021   0.131   0.308   0.507   0.726   0.961   1.208   1.460   1.710   1.956   2.190   2.417   2.635   2.850   3.067   3.287   3.513   3.742   3.970   4.194   4.408   4.609   4.790   4.953
   4.775  -0.554  -0.546  -0.537  -0.527  -0.517  -0.504  -0.487  -0.465  -0.435  -0.393  -0.335  -0.258  -0.160  -0.037   0.110   0.280   0.473   0.686   0.915   1.159   1.412   1.670   1.927   2.177   2.419   2.651   2.876   3.096   3.314   3.536   3.757   3.980   4.199   4.409   4.608   4.789   4.952
   4.800  -0.555  -0.546  -0.537  -0.527  -0.516  -0.503  -0.486  -0.464  -0.434  -0.394  -0.338  -0.264  -0.169  -0.050   0.092   0.257   0.443   0.648   0.870   1.108   1.358   1.617   1.881   2.144   2.402   2.648   2.885   3.112   3.334   3.553   3.770   3.988   4.202   4.409   4.605   4.783   4.946
   4.825  -0.555  -0.547  -0.538  -0.528  -0.516  -0.502  -0.485  -0.463  -0.433  -0.394  -0.340  -0.268  -0.176  -0.060   0.078   0.239   0.419   0.619   0.835   1.066   1.310   1.567   1.832   2.100   2.367   2.625   2.875   3.112   3.341   3.563   3.780   3.995   4.205   4.409   4.601   4.778   4.940
   4.850  -0.555  -0.547  -0.537  -0.527  -0.516  -0.502  -0.484  -0.462  -0.432  -0.392  -0.340  -0.269  -0.180  -0.067   0.067   0.224   0.401   0.595   0.806   1.031   1.269   1.522   1.783   2.053   2.325   2.592   2.853   3.101   3.339   3.566   3.785   4.000   4.208   4.408   4.598   4.772   4.932
   4.875  -0.553  -0.545  -0.536  -0.526  -0.514  -0.500  -0.482  -0.459  -0.429  -0.390  -0.338  -0.270  -0.182  -0.073   0.059   0.212   0.386   0.577   0.784   1.005   1.240   1.488   1.746   2.014   2.286   2.557   2.824   3.080   3.327   3.561   3.785   4.002   4.210   4.409   4.596   4.767   4.925
   4.900  -0.550  -0.542  -0.533  -0.523  -0.511  -0.496  -0.478  -0.455  -0.426  -0.387  -0.336  -0.268  -0.183  -0.076   0.053   0.204   0.375   0.564   0.769   0.988   1.220   1.464   1.719   1.983   2.252   2.524   2.794   3.057   3.311   3.552   3.783   4.003   4.212   4.410   4.595   4.764   4.917
   4.925  -0.544  -0.537  -0.528  -0.518  -0.506  -0.492  -0.473  -0.450  -0.421  -0.382  -0.332  -0.266  -0.182  -0.077   0.050   0.199   0.369   0.557   0.760   0.978   1.208   1.449   1.701   1.962   2.229   2.500   2.771   3.036   3.295   3.542   3.779   4.003   4.215   4.413   4.596   4.761   4.910
   4.950  -0.533  -0.527  -0.519  -0.510  -0.499  -0.484  -0.466  -0.443  -0.413  -0.375  -0.326  -0.261  -0.179  -0.076   0.049   0.198   0.367   0.554   0.758   0.974   1.203   1.443   1.692   1.950   2.215   2.483   2.753   3.020   3.281   3.534   3.775   4.003   4.217   4.416   4.598   4.760   4.904
   4.975  -0.517  -0.511  -0.504  -0.496  -0.486  -0.472  -0.455  -0.432  -0.403  -0.366  -0.317  -0.253  -0.172  -0.070   0.053   0.201   0.370   0.558   0.762   0.978   1.206   1.445   1.692   1.948   2.210   2.476   2.744   3.011   3.273   3.529   3.774   4.005   4.220   4.419   4.599   4.757   4.895
   5.000  -0.495  -0.490  -0.484  -0.477  -0.467  -0.455  -0.438  -0.417  -0.388  -0.351  -0.303  -0.241  -0.161  -0.061   0.061   0.209   0.378   0.566   0.770   0.986   1.214   1.451   1.698   1.952   2.212   2.476   2.743   3.008   3.271   3.527   3.774   4.007   4.224   4.422   4.600   4.754   4.885
   5.025  -0.467  -0.463  -0.457  -0.451  -0.442  -0.430  -0.415  -0.394  -0.367  -0.331  -0.284  -0.223  -0.146  -0.047   0.073   0.218   0.386   0.573   0.778   0.994   1.223   1.461   1.707   1.960   2.219   2.482   2.747   3.012   3.274   3.532   3.779   4.011   4.227   4.423   4.598   4.745   4.869
   5.050  -0.437  -0.432  -0.426  -0.420  -0.411  -0.400  -0.385  -0.366  -0.339  -0.304  -0.258  -0.199  -0.123  -0.027   0.090   0.233   0.398   0.584   0.787   1.005   1.234   1.473   1.719   1.972   2.230   2.492   2.756   3.021   3.282   3.539   3.785   4.016   4.229   4.421   4.591   4.733   4.850
   5.075  -0.406  -0.399  -0.392  -0.384  -0.375  -0.363  -0.348  -0.328  -0.302  -0.268  -0.223  -0.165  -0.091   0.002   0.116   0.254   0.415   0.598   0.800   1.018   1.248   1.487   1.734   1.986   2.244   2.505   2.769   3.033   3.293   3.548   3.791   4.018   4.227   4.414   4.577   4.712   4.821
   5.100  -0.379  -0.369  -0.359  -0.349  -0.337  -0.324  -0.308  -0.288  -0.261  -0.227  -0.181  -0.124  -0.051   0.039   0.149   0.283   0.439   0.619   0.818   1.035   1.266   1.505   1.751   2.003   2.260   2.521   2.783   3.046   3.305   3.556   3.795   4.017   4.220   4.400   4.556   4.684   4.786
   5.125  -0.358  -0.346  -0.332  -0.319  -0.305  -0.288  -0.269  -0.247  -0.218  -0.181  -0.135  -0.077  -0.004   0.085   0.192   0.322   0.474   0.649   0.845   1.060   1.289   1.526   1.772   2.023   2.279   2.538   2.798   3.059   3.314   3.561   3.794   4.009   4.204   4.377   4.525   4.647   4.742
   5.150  -0.347  -0.331  -0.314  -0.297  -0.279  -0.259  -0.236  -0.210  -0.178  -0.138  -0.089  -0.029   0.045   0.134   0.240   0.367   0.515   0.686   0.877   1.089   1.316   1.551   1.795   2.045   2.298   2.555   2.813   3.070   3.320   3.560   3.785   3.992   4.179   4.343   4.485   4.600   4.690
   5.175  -0.348  -0.328  -0.308  -0.288  -0.266  -0.242  -0.214  -0.184  -0.147  -0.103  -0.049   0.015   0.092   0.184   0.291   0.417   0.562   0.729   0.916   1.123   1.346   1.579   1.821   2.068   2.320   2.573   2.826   3.076   3.319   3.550   3.766   3.964   4.142   4.298   4.433   4.544   4.631
   5.200  -0.358  -0.336  -0.313  -0.289  -0.263  -0.235  -0.204  -0.168  -0.126  -0.077  -0.018   0.051   0.133   0.228   0.339   0.465   0.609   0.773   0.955   1.158   1.376   1.607   1.846   2.091   2.339   2.587   2.834   3.076   3.310   3.531   3.737   3.925   4.094   4.243   4.372   4.480   4.565
   5.225  -0.378  -0.353  -0.328  -0.301  -0.272  -0.241  -0.206  -0.166  -0.120  -0.065  -0.001   0.074   0.162   0.262   0.377   0.506   0.650   0.812   0.991   1.190   1.404   1.630   1.866   2.108   2.352   2.596   2.835   3.068   3.291   3.501   3.696   3.874   4.035   4.179   4.304   4.410   4.497
   5.250  -0.404  -0.378  -0.351  -0.323  -0.291  -0.257  -0.219  -0.175  -0.125  -0.066   0.003   0.084   0.177   0.284   0.403   0.536   0.682   0.843   1.020   1.216   1.426   1.649   1.881   2.119   2.359   2.596   2.828   3.051   3.263   3.461   3.646   3.815   3.969   4.107   4.229   4.335   4.423
   5.275  -0.435  -0.409  -0.382  -0.352  -0.319  -0.283  -0.242  -0.196  -0.143  -0.081  -0.008   0.078   0.176   0.288   0.413   0.550   0.700   0.862   1.039   1.233   1.440   1.660   1.888   2.122   2.356   2.587   2.811   3.024   3.225   3.413   3.588   3.749   3.896   4.031   4.151   4.258   4.349
   5.300  -0.468  -0.444  -0.416  -0.386  -0.353  -0.315  -0.273  -0.226  -0.171  -0.106  -0.031   0.059   0.162   0.279   0.409   0.551   0.705   0.871   1.049   1.242   1.446   1.663   1.887   2.116   2.345   2.569   2.785   2.988   3.180   3.358   3.523   3.677   3.820   3.952   4.071   4.178   4.273
   5.325  -0.499  -0.477  -0.451  -0.422  -0.389  -0.352  -0.310  -0.262  -0.206  -0.141  -0.064   0.027   0.133   0.255   0.390   0.538   0.698   0.867   1.048   1.241   1.444   1.658   1.877   2.102   2.325   2.542   2.751   2.946   3.128   3.298   3.455   3.604   3.742   3.872   3.991   4.100   4.198
   5.350  -0.529  -0.509  -0.485  -0.459  -0.427  -0.392  -0.350  -0.303  -0.248  -0.183  -0.105  -0.013   0.095   0.220   0.360   0.514   0.679   0.854   1.038   1.232   1.434   1.645   1.860   2.080   2.298   2.509   2.711   2.898   3.072   3.234   3.385   3.528   3.664   3.792   3.911   4.021   4.122
   5.375  -0.554  -0.538  -0.517  -0.493  -0.465  -0.432  -0.392  -0.347  -0.292  -0.228  -0.152  -0.059   0.050   0.178   0.322   0.481   0.651   0.830   1.018   1.213   1.415   1.624   1.836   2.052   2.265   2.471   2.666   2.846   3.014   3.169   3.314   3.453   3.586   3.713   3.833   3.945   4.047
   5.400  -0.575  -0.562  -0.545  -0.525  -0.500  -0.470  -0.433  -0.390  -0.338  -0.276  -0.200  -0.108   0.001   0.131   0.278   0.441   0.616   0.800   0.991   1.188   1.390   1.597   1.807   2.019   2.228   2.429   2.619   2.793   2.954   3.103   3.243   3.380   3.510   3.637   3.757   3.869   3.973
   5.425  -0.589  -0.580  -0.566  -0.549  -0.528  -0.502  -0.469  -0.429  -0.381  -0.321  -0.248  -0.157  -0.048   0.082   0.231   0.398   0.577   0.765   0.960   1.159   1.361   1.567   1.775   1.984   2.189   2.385   2.570   2.738   2.894   3.038   3.174   3.308   3.437   3.563   3.683   3.796   3.901
   5.450  -0.600  -0.592  -0.582  -0.569  -0.552  -0.530  -0.501  -0.465  -0.420  -0.364  -0.294  -0.205  -0.098   0.033   0.182   0.352   0.535   0.727   0.925   1.126   1.330   1.535   1.741   1.947   2.149   2.340   2.520   2.684   2.835   2.974   3.106   3.237   3.365   3.491   3.612   3.725   3.830
   5.475  -0.606  -0.601  -0.594  -0.584  -0.570  -0.552  -0.528  -0.497  -0.456  -0.403  -0.336  -0.251  -0.146  -0.017   0.133   0.305   0.491   0.687   0.889   1.092   1.297   1.502   1.707   1.910   2.108   2.296   2.471   2.630   2.777   2.912   3.041   3.170   3.296   3.422   3.543   3.656   3.762
   5.500  -0.611  -0.607  -0.602  -0.595  -0.584  -0.570  -0.550  -0.523  -0.487  -0.439  -0.377  -0.295  -0.193  -0.066   0.084   0.256   0.445   0.644   0.851   1.057   1.264   1.469   1.673   1.874   2.068   2.252   2.423   2.577   2.720   2.851   2.977   3.104   3.230   3.355   3.476   3.589   3.695
   5.525  -0.613  -0.611  -0.607  -0.602  -0.594  -0.583  -0.567  -0.545  -0.514  -0.472  -0.415  -0.338  -0.241  -0.116   0.033   0.206   0.397   0.601   0.812   1.022   1.231   1.437   1.639   1.838   2.029   2.209   2.376   2.526   2.664   2.792   2.916   3.041   3.166   3.291   3.412   3.525   3.631
   5.550  -0.614  -0.613  -0.610  -0.606  -0.601  -0.593  -0.580  -0.562  -0.536  -0.500  -0.449  -0.379  -0.286  -0.165  -0.019   0.155   0.348   0.556   0.771   0.985   1.197   1.404   1.606   1.803   1.990   2.166   2.330   2.476   2.611   2.736   2.857   2.980   3.104   3.229   3.350   3.463   3.569
   5.575  -0.615  -0.614  -0.612  -0.609  -0.605  -0.599  -0.589  -0.575  -0.554  -0.523  -0.478  -0.415  -0.329  -0.214  -0.071   0.101   0.295   0.506   0.726   0.945   1.161   1.370   1.572   1.768   1.953   2.126   2.285   2.428   2.559   2.681   2.800   2.922   3.045   3.169   3.290   3.403   3.509
   5.600  -0.616  -0.615  -0.613  -0.611  -0.608  -0.603  -0.595  -0.584  -0.567  -0.542  -0.503  -0.447  -0.369  -0.260  -0.123   0.046   0.240   0.454   0.677   0.900   1.121   1.334   1.538   1.733   1.916   2.086   2.242   2.381   2.509   2.629   2.746   2.866   2.988   3.111   3.232   3.345   3.451
   5.625  -0.616  -0.615  -0.613  -0.612  -0.609  -0.605  -0.599  -0.590  -0.576  -0.555  -0.523  -0.474  -0.404  -0.304  -0.174  -0.010   0.181   0.395   0.622   0.851   1.077   1.295   1.502   1.698   1.881   2.048   2.201   2.337   2.462   2.579   2.694   2.813   2.934   3.056   3.177   3.289   3.396
   5.650  -0.617  -0.615  -0.614  -0.612  -0.610  -0.606  -0.601  -0.593  -0.582  -0.565  -0.538  -0.496  -0.434  -0.343  -0.223  -0.066   0.120   0.334   0.563   0.797   1.030   1.253   1.465   1.663   1.846   2.011   2.161   2.294   2.417   2.532   2.645   2.763   2.882   3.004   3.124   3.236   3.343
   5.675  -0.617  -0.616  -0.614  -0.613  -0.610  -0.607  -0.602  -0.596  -0.586  -0.572  -0.548  -0.513  -0.458  -0.378  -0.267  -0.119   0.060   0.271   0.501   0.740   0.980   1.209   1.426   1.627   1.810   1.975   2.123   2.253   2.373   2.487   2.599   2.715   2.833   2.954   3.073   3.185   3.292
   5.700  -0.617  -0.616  -0.615  -0.613  -0.610  -0.607  -0.603  -0.597  -0.588  -0.576  -0.555  -0.525  -0.478  -0.407  -0.306  -0.169   0.002   0.210   0.439   0.682   0.927   1.162   1.386   1.589   1.774   1.938   2.084   2.213   2.331   2.443   2.554   2.670   2.787   2.907   3.026   3.137   3.244
   5.725  -0.617  -0.616  -0.615  -0.613  -0.611  -0.608  -0.603  -0.598  -0.590  -0.579  -0.560  -0.534  -0.491  -0.428  -0.338  -0.210  -0.049   0.152   0.379   0.623   0.873   1.114   1.343   1.550   1.737   1.901   2.046   2.174   2.290   2.402   2.512   2.627   2.744   2.863   2.981   3.091   3.196
   5.750  -0.617  -0.616  -0.615  -0.613  -0.611  -0.608  -0.604  -0.599  -0.591  -0.580  -0.563  -0.539  -0.501  -0.445  -0.363  -0.245  -0.093   0.100   0.322   0.567   0.819   1.065   1.299   1.509   1.698   1.863   2.008   2.135   2.251   2.362   2.471   2.586   2.703   2.822   2.938   3.047   3.151
   5.775  -0.617  -0.616  -0.615  -0.613  -0.611  -0.608  -0.604  -0.599  -0.591  -0.581  -0.566  -0.543  -0.509  -0.458  -0.383  -0.274  -0.131   0.054   0.270   0.513   0.766   1.015   1.253   1.467   1.659   1.824   1.969   2.096   2.212   2.323   2.433   2.548   2.664   2.783   2.899   3.006   3.108
   5.800  -0.617  -0.616  -0.615  -0.614  -0.611  -0.608  -0.604  -0.599  -0.592  -0.582  -0.567  -0.546  -0.514  -0.467  -0.398  -0.298  -0.163   0.014   0.223   0.462   0.714   0.966   1.207   1.424   1.618   1.785   1.931   2.058   2.174   2.286   2.396   2.512   2.628   2.747   2.862   2.968   3.067
   5.825  -0.617  -0.617  -0.616  -0.614  -0.612  -0.609  -0.605  -0.600  -0.593  -0.583  -0.569  -0.549  -0.518  -0.475  -0.410  -0.316  -0.190  -0.021   0.180   0.415   0.665   0.917   1.161   1.380   1.578   1.746   1.893   2.021   2.138   2.251   2.362   2.478   2.595   2.713   2.828   2.932   3.029
   5.850  -0.617  -0.617  -0.616  -0.614  -0.612  -0.610  -0.606  -0.601  -0.594  -0.584  -0.570  -0.551  -0.522  -0.480  -0.419  -0.331  -0.211  -0.051   0.143   0.371   0.618   0.869   1.115   1.337   1.537   1.707   1.856   1.985   2.103   2.218   2.331   2.448   2.565   2.683   2.796   2.899   2.994
   5.875  -0.617  -0.617  -0.616  -0.615  -0.613  -0.610  -0.607  -0.602  -0.595  -0.586  -0.572  -0.553  -0.524  -0.485  -0.426  -0.343  -0.230  -0.076   0.110   0.333   0.574   0.824   1.070   1.294   1.496   1.669   1.820   1.951   2.071   2.188   2.303   2.420   2.538   2.654   2.766   2.867   2.959
   5.900  -0.617  -0.616  -0.616  -0.614  -0.613  -0.610  -0.607  -0.602  -0.596  -0.587  -0.573  -0.554  -0.527  -0.489  -0.433  -0.353  -0.245  -0.098   0.082   0.298   0.535   0.782   1.027   1.252   1.457   1.632   1.785   1.919   2.041   2.160   2.277   2.396   2.513   2.628   2.737   2.835   2.925
   5.925  -0.616  -0.616  -0.615  -0.614  -0.612  -0.610  -0.607  -0.603  -0.596  -0.587  -0.574  -0.556  -0.529  -0.492  -0.438  -0.362  -0.257  -0.116   0.058   0.268   0.500   0.745   0.988   1.214   1.420   1.598   1.754   1.890   2.015   2.136   2.255   2.374   2.490   2.603   2.709   2.805   2.892
   5.950  -0.616  -0.615  -0.614  -0.613  -0.611  -0.609  -0.606  -0.602  -0.596  -0.588  -0.575  -0.558  -0.532  -0.496  -0.443  -0.369  -0.267  -0.131   0.038   0.243   0.470   0.711   0.952   1.178   1.386   1.566   1.724   1.864   1.991   2.116   2.236   2.354   2.469   2.579   2.681   2.775   2.859
   5.975  -0.616  -0.615  -0.613  -0.612  -0.610  -0.608  -0.605  -0.601  -0.595  -0.587  -0.575  -0.559  -0.534  -0.499  -0.448  -0.375  -0.276  -0.143   0.022   0.222   0.444   0.682   0.921   1.146   1.355   1.537   1.698   1.841   1.972   2.098   2.220   2.337   2.449   2.555   2.654   2.746   2.830
   6.000  -0.615  -0.614  -0.613  -0.611  -0.609  -0.606  -0.603  -0.599  -0.593  -0.586  -0.575  -0.559  -0.535  -0.501  -0.452  -0.381  -0.283  -0.153   0.008   0.203   0.422   0.656   0.892   1.117   1.327   1.511   1.675   1.821   1.955   2.083   2.205   2.321   2.430   2.531   2.627   2.717   2.803
   6.050  -0.616  -0.614  -0.612  -0.610  -0.607  -0.603  -0.599  -0.594  -0.588  -0.581  -0.570  -0.556  -0.534  -0.504  -0.458  -0.391  -0.299  -0.175  -0.020   0.169   0.380   0.608   0.841   1.066   1.278   1.466   1.637   1.790   1.929   2.060   2.180   2.290   2.391   2.483   2.571   2.660   2.750
   6.100  -0.617  -0.616  -0.613  -0.610  -0.606  -0.602  -0.597  -0.591  -0.584  -0.576  -0.565  -0.551  -0.530  -0.502  -0.460  -0.397  -0.310  -0.192  -0.044   0.138   0.344   0.567   0.797   1.022   1.237   1.430   1.606   1.764   1.907   2.036   2.152   2.253   2.345   2.428   2.510   2.603   2.702
   6.150  -0.619  -0.618  -0.616  -0.613  -0.610  -0.606  -0.600  -0.593  -0.584  -0.573  -0.560  -0.544  -0.522  -0.493  -0.452  -0.394  -0.313  -0.203  -0.064   0.111   0.310   0.530   0.759   0.986   1.203   1.400   1.580   1.740   1.882   2.005   2.113   2.204   2.285   2.360   2.439   2.536   2.644
   6.200  -0.621  -0.620  -0.619  -0.617  -0.615  -0.611  -0.605  -0.597  -0.588  -0.575  -0.559  -0.540  -0.516  -0.485  -0.443  -0.387  -0.311  -0.208  -0.076   0.091   0.284   0.501   0.728   0.955   1.173   1.372   1.552   1.710   1.848   1.963   2.061   2.143   2.216   2.285   2.362   2.463   2.582
   6.250  -0.622  -0.621  -0.620  -0.619  -0.618  -0.615  -0.611  -0.605  -0.597  -0.586  -0.570  -0.549  -0.521  -0.485  -0.439  -0.379  -0.301  -0.200  -0.073   0.087   0.273   0.484   0.706   0.929   1.145   1.340   1.516   1.667   1.796   1.902   1.991   2.066   2.136   2.206   2.286   2.392   2.517
   6.300  -0.622  -0.622  -0.621  -0.621  -0.620  -0.619  -0.616  -0.613  -0.607  -0.598  -0.583  -0.563  -0.533  -0.494  -0.442  -0.377  -0.295  -0.193  -0.066   0.090   0.269   0.473   0.688   0.904   1.113   1.301   1.468   1.610   1.729   1.825   1.907   1.979   2.049   2.123   2.210   2.319   2.448
   6.350  -0.623  -0.622  -0.622  -0.621  -0.621  -0.620  -0.619  -0.617  -0.612  -0.606  -0.595  -0.578  -0.553  -0.515  -0.464  -0.395  -0.306  -0.196  -0.064   0.095   0.273   0.470   0.674   0.878   1.073   1.247   1.402   1.533   1.644   1.733   1.811   1.884   1.957   2.038   2.132   2.247   2.380
   6.400  -0.623  -0.622  -0.622  -0.622  -0.621  -0.621  -0.620  -0.619  -0.616  -0.612  -0.604  -0.593  -0.572  -0.540  -0.492  -0.421  -0.329  -0.211  -0.072   0.091   0.269   0.459   0.653   0.843   1.022   1.182   1.323   1.443   1.546   1.632   1.709   1.785   1.864   1.953   2.055   2.174   2.310
   6.450  -0.623  -0.623  -0.622  -0.622  -0.622  -0.622  -0.621  -0.620  -0.618  -0.615  -0.609  -0.601  -0.585  -0.559  -0.517  -0.453  -0.364  -0.247  -0.105   0.061   0.241   0.428   0.614   0.791   0.956   1.102   1.232   1.343   1.440   1.525   1.604   1.686   1.773   1.870   1.979   2.103   2.240
   6.500  -0.623  -0.623  -0.623  -0.623  -0.623  -0.622  -0.621  -0.620  -0.619  -0.616  -0.612  -0.606  -0.593  -0.574  -0.539  -0.484  -0.404  -0.290  -0.150   0.016   0.195   0.379   0.559   0.726   0.878   1.013   1.132   1.236   1.330   1.415   1.499   1.588   1.683   1.789   1.904   2.031   2.169
   6.550  -0.623  -0.624  -0.623  -0.623  -0.623  -0.623  -0.622  -0.621  -0.620  -0.618  -0.615  -0.609  -0.599  -0.583  -0.554  -0.507  -0.436  -0.333  -0.203  -0.044   0.129   0.308   0.484   0.643   0.789   0.916   1.029   1.129   1.220   1.307   1.395   1.491   1.595   1.709   1.831   1.961   2.099
   6.600  -0.624  -0.624  -0.624  -0.624  -0.624  -0.623  -0.623  -0.622  -0.621  -0.620  -0.617  -0.612  -0.603  -0.589  -0.565  -0.525  -0.465  -0.374  -0.257  -0.109   0.055   0.227   0.397   0.552   0.693   0.815   0.923   1.020   1.111   1.201   1.294   1.397   1.508   1.630   1.759   1.892   2.030
   6.650  -0.624  -0.624  -0.624  -0.624  -0.624  -0.624  -0.624  -0.623  -0.623  -0.621  -0.619  -0.615  -0.607  -0.596  -0.574  -0.541  -0.488  -0.409  -0.304  -0.169  -0.017   0.146   0.308   0.457   0.594   0.712   0.817   0.913   1.004   1.098   1.196   1.306   1.424   1.553   1.687   1.822   1.960
   6.700  -0.625  -0.625  -0.625  -0.625  -0.625  -0.625  -0.625  -0.624  -0.624  -0.623  -0.621  -0.617  -0.611  -0.601  -0.583  -0.554  -0.509  -0.440  -0.347  -0.226  -0.087   0.064   0.217   0.360   0.492   0.607   0.711   0.807   0.900   0.998   1.102   1.218   1.344   1.478   1.617   1.753   1.890
   6.750  -0.626  -0.626  -0.625  -0.625  -0.626  -0.625  -0.625  -0.625  -0.624  -0.624  -0.622  -0.619  -0.614  -0.606  -0.591  -0.566  -0.528  -0.468  -0.387  -0.279  -0.154  -0.015   0.127   0.262   0.389   0.501   0.604   0.701   0.798   0.901   1.011   1.135   1.268   1.408   1.549   1.685   1.818
   6.800  -0.627  -0.626  -0.626  -0.626  -0.626  -0.626  -0.626  -0.626  -0.625  -0.625  -0.623  -0.621  -0.617  -0.610  -0.597  -0.577  -0.544  -0.493  -0.423  -0.328  -0.216  -0.091   0.040   0.166   0.288   0.397   0.500   0.600   0.701   0.810   0.927   1.057   1.196   1.340   1.483   1.617   1.745
   6.850  -0.627  -0.627  -0.627  -0.627  -0.627  -0.627  -0.627  -0.627  -0.626  -0.626  -0.624  -0.623  -0.619  -0.613  -0.603  -0.586  -0.558  -0.515  -0.454  -0.372  -0.274  -0.161  -0.042   0.076   0.192   0.299   0.403   0.506   0.612   0.727   0.850   0.986   1.128   1.275   1.418   1.549   1.671
   6.900  -0.628  -0.628  -0.628  -0.628  -0.628  -0.628  -0.628  -0.628  -0.627  -0.627  -0.625  -0.624  -0.620  -0.615  -0.606  -0.592  -0.569  -0.533  -0.481  -0.411  -0.325  -0.224  -0.116  -0.006   0.103   0.209   0.314   0.420   0.531   0.651   0.779   0.919   1.064   1.211   1.353   1.481   1.598
   6.950  -0.629  -0.629  -0.629  -0.629  -0.629  -0.629  -0.629  -0.629  -0.628  -0.627  -0.626  -0.624  -0.621  -0.617  -0.609  -0.596  -0.577  -0.547  -0.504  -0.444  -0.369  -0.279  -0.181  -0.080   0.025   0.128   0.234   0.345   0.461   0.583   0.714   0.856   1.003   1.149   1.288   1.414   1.526
   7.000  -0.630  -0.630  -0.630  -0.630  -0.630  -0.630  -0.630  -0.630  -0.629  -0.628  -0.627  -0.625  -0.622  -0.617  -0.610  -0.599  -0.582  -0.557  -0.521  -0.469  -0.404  -0.325  -0.236  -0.142  -0.043   0.059   0.165   0.279   0.398   0.521   0.652   0.796   0.944   1.088   1.224   1.346   1.456
   7.050  -0.631  -0.631  -0.631  -0.631  -0.631  -0.631  -0.631  -0.631  -0.630  -0.630  -0.628  -0.627  -0.624  -0.619  -0.612  -0.601  -0.585  -0.562  -0.530  -0.485  -0.427  -0.357  -0.277  -0.190  -0.096   0.004   0.109   0.221   0.339   0.463   0.593   0.737   0.884   1.028   1.163   1.277   1.377
   7.100  -0.633  -0.632  -0.632  -0.632  -0.632  -0.632  -0.632  -0.632  -0.632  -0.631  -0.630  -0.629  -0.626  -0.621  -0.614  -0.604  -0.588  -0.566  -0.536  -0.495  -0.444  -0.381  -0.309  -0.228  -0.139  -0.042   0.061   0.169   0.284   0.406   0.537   0.680   0.825   0.968   1.100   1.206   1.292
   7.150  -0.634  -0.634  -0.634  -0.634  -0.634  -0.634  -0.634  -0.634  -0.633  -0.633  -0.632  -0.631  -0.628  -0.624  -0.617  -0.607  -0.593  -0.571  -0.542  -0.503  -0.456  -0.398  -0.332  -0.258  -0.175  -0.083   0.017   0.119   0.229   0.351   0.482   0.624   0.767   0.910   1.036   1.125   1.193
   7.200  -0.636  -0.636  -0.636  -0.636  -0.636  -0.636  -0.636  -0.636  -0.635  -0.635  -0.634  -0.633  -0.631  -0.627  -0.621  -0.612  -0.598  -0.577  -0.548  -0.512  -0.467  -0.413  -0.351  -0.283  -0.207  -0.120  -0.026   0.071   0.176   0.297   0.428   0.569   0.710   0.844   0.959   1.037   1.083
   7.250  -0.638  -0.638  -0.638  -0.638  -0.638  -0.638  -0.638  -0.638  -0.637  -0.637  -0.636  -0.636  -0.634  -0.631  -0.625  -0.618  -0.605  -0.585  -0.558  -0.523  -0.481  -0.430  -0.372  -0.309  -0.238  -0.158  -0.071   0.022   0.124   0.244   0.374   0.516   0.652   0.759   0.843   0.917   0.951
   7.300  -0.640  -0.640  -0.640  -0.640  -0.640  -0.640  -0.640  -0.640  -0.640  -0.640  -0.639  -0.638  -0.637  -0.635  -0.630  -0.623  -0.612  -0.594  -0.570  -0.537  -0.497  -0.449  -0.395  -0.335  -0.269  -0.196  -0.115  -0.026   0.074   0.192   0.321   0.464   0.594   0.675   0.731   0.773   0.799
   7.350  -0.642  -0.642  -0.642  -0.642  -0.642  -0.642  -0.642  -0.642  -0.642  -0.642  -0.641  -0.641  -0.640  -0.638  -0.634  -0.628  -0.619  -0.604  -0.583  -0.553  -0.516  -0.472  -0.422  -0.365  -0.303  -0.235  -0.159  -0.072   0.026   0.143   0.271   0.416   0.546   0.624   0.676   0.695   0.717
   7.400  -0.644  -0.645  -0.645  -0.645  -0.645  -0.645  -0.645  -0.645  -0.645  -0.645  -0.644  -0.644  -0.643  -0.641  -0.638  -0.633  -0.625  -0.613  -0.595  -0.569  -0.536  -0.496  -0.450  -0.397  -0.337  -0.273  -0.201  -0.117  -0.019   0.097   0.223   0.360   0.482   0.559   0.611   0.652   0.676
   7.450  -0.647  -0.648  -0.648  -0.648  -0.648  -0.648  -0.648  -0.648  -0.648  -0.648  -0.647  -0.647  -0.646  -0.644  -0.642  -0.638  -0.631  -0.621  -0.605  -0.584  -0.555  -0.519  -0.477  -0.427  -0.371  -0.310  -0.240  -0.158  -0.063   0.055   0.174   0.277   0.361   0.416   0.454   0.511   0.530
   7.500  -0.651  -0.651  -0.651  -0.651  -0.651  -0.651  -0.651  -0.651  -0.651  -0.651  -0.651  -0.650  -0.649  -0.648  -0.646  -0.643  -0.637  -0.628  -0.615  -0.597  -0.573  -0.541  -0.502  -0.456  -0.403  -0.345  -0.277  -0.197  -0.104   0.015   0.126   0.194   0.241   0.275   0.299   0.316   0.327
   7.550  -0.654  -0.654  -0.654  -0.654  -0.654  -0.654  -0.654  -0.654  -0.654  -0.654  -0.654  -0.654  -0.653  -0.652  -0.650  -0.647  -0.642  -0.635  -0.624  -0.609  -0.588  -0.560  -0.524  -0.481  -0.432  -0.376  -0.311  -0.234  -0.143  -0.028   0.079   0.141   0.181   0.212   0.232   0.234   0.243
   7.600  -0.658  -0.658  -0.658  -0.658  -0.658  -0.658  -0.658  -0.658  -0.658  -0.658  -0.658  -0.658  -0.658  -0.657  -0.655  -0.652  -0.648  -0.642  -0.633  -0.620  -0.602  -0.576  -0.543  -0.504  -0.458  -0.406  -0.344  -0.269  -0.181  -0.071   0.032   0.095   0.138   0.170   0.192   0.208   0.218
   7.650  -0.663  -0.663  -0.663  -0.663  -0.663  -0.663  -0.663  -0.663  -0.663  -0.663  -0.663  -0.663  -0.662  -0.661  -0.660  -0.657  -0.654  -0.649  -0.641  -0.630  -0.614  -0.590  -0.560  -0.525  -0.483  -0.434  -0.375  -0.303  -0.219  -0.113  -0.015   0.046   0.087   0.117   0.138   0.153   0.163
   7.700  -0.668  -0.668  -0.668  -0.668  -0.668  -0.668  -0.668  -0.668  -0.668  -0.668  -0.668  -0.668  -0.667  -0.666  -0.665  -0.663  -0.660  -0.656  -0.649  -0.639  -0.625  -0.603  -0.576  -0.544  -0.506  -0.460  -0.405  -0.336  -0.256  -0.156  -0.063  -0.006   0.033   0.062   0.082   0.097   0.106
   7.750  -0.673  -0.673  -0.673  -0.673  -0.673  -0.673  -0.673  -0.673  -0.673  -0.674  -0.674  -0.673  -0.673  -0.672  -0.671  -0.669  -0.667  -0.663  -0.657  -0.648  -0.635  -0.616  -0.591  -0.563  -0.528  -0.486  -0.435  -0.370  -0.293  -0.198  -0.109  -0.055  -0.017   0.010   0.029   0.035   0.043
   7.800  -0.679  -0.679  -0.679  -0.679  -0.679  -0.679  -0.679  -0.679  -0.679  -0.680  -0.680  -0.680  -0.679  -0.679  -0.678  -0.676  -0.674  -0.671  -0.666  -0.657  -0.645  -0.628  -0.606  -0.580  -0.549  -0.512  -0.465  -0.403  -0.331  -0.246  -0.167  -0.118  -0.085  -0.061  -0.044  -0.031  -0.023
   7.850  -0.686  -0.686  -0.686  -0.686  -0.686  -0.686  -0.686  -0.686  -0.686  -0.686  -0.687  -0.687  -0.686  -0.686  -0.685  -0.684  -0.682  -0.680  -0.675  -0.667  -0.655  -0.640  -0.621  -0.599  -0.570  -0.537  -0.495  -0.435  -0.371  -0.312  -0.262  -0.229  -0.207  -0.191  -0.180  -0.151  -0.145
   7.900  -0.694  -0.694  -0.694  -0.694  -0.694  -0.694  -0.694  -0.694  -0.694  -0.694  -0.694  -0.694  -0.694  -0.694  -0.693  -0.692  -0.690  -0.688  -0.685  -0.677  -0.666  -0.653  -0.637  -0.617  -0.592  -0.562  -0.524  -0.467  -0.411  -0.377  -0.354  -0.338  -0.326  -0.318  -0.312  -0.308  -0.305
   7.950  -0.702  -0.702  -0.702  -0.702  -0.702  -0.702  -0.702  -0.702  -0.702  -0.702  -0.702  -0.702  -0.702  -0.701  -0.701  -0.700  -0.698  -0.697  -0.694  -0.687  -0.677  -0.666  -0.652  -0.635  -0.613  -0.587  -0.553  -0.501  -0.451  -0.423  -0.405  -0.392  -0.383  -0.376  -0.372  -0.380  -0.378
   8.000  -0.710  -0.710  -0.710  -0.710  -0.710  -0.710  -0.710  -0.710  -0.710  -0.710  -0.710  -0.710  -0.710  -0.710  -0.709  -0.708  -0.707  -0.706  -0.703  -0.697  -0.688  -0.679  -0.667  -0.653  -0.635  -0.612  -0.582  -0.536  -0.491  -0.464  -0.446  -0.432  -0.423  -0.416  -0.411  -0.408  -0.406
   8.100  -0.730  -0.730  -0.730  -0.730  -0.730  -0.730  -0.730  -0.730  -0.730  -0.730  -0.730  -0.730  -0.730  -0.730  -0.730  -0.730  -0.729  -0.727  -0.723  -0.718  -0.713  -0.707  -0.700  -0.692  -0.682  -0.667  -0.646  -0.612  -0.579  -0.559  -0.545  -0.536  -0.529  -0.524  -0.520  -0.518  -0.516
   8.200  -0.754  -0.754  -0.754  -0.754  -0.754  -0.754  -0.754  -0.754  -0.754  -0.754  -0.754  -0.755  -0.755  -0.755  -0.755  -0.755  -0.754  -0.752  -0.749  -0.746  -0.744  -0.741  -0.739  -0.737  -0.734  -0.727  -0.714  -0.688  -0.661  -0.646  -0.635  -0.627  -0.622  -0.618  -0.616  -0.640  -0.639
   8.300  -0.783  -0.783  -0.783  -0.783  -0.783  -0.783  -0.783  -0.783  -0.783  -0.783  -0.783  -0.783  -0.784  -0.784  -0.784  -0.784  -0.783  -0.781  -0.780  -0.779  -0.779  -0.780  -0.782  -0.786  -0.790  -0.789  -0.787  -0.784  -0.781  -0.779  -0.778  -0.777  -0.776  -0.776  -0.776  -0.776  -0.775
   8.400  -0.834  -0.826  -0.820  -0.817  -0.816  -0.816  -0.817  -0.817  -0.817  -0.816  -0.817  -0.817  -0.817  -0.817  -0.817  -0.817  -0.817  -0.816  -0.816  -0.817  -0.819  -0.823  -0.830  -0.840  -0.851  -0.850  -0.867  -0.945  -1.031  -1.079  -1.113  -1.137  -1.154  -1.166  -1.174  -1.085  -1.087
   8.500  -0.853  -0.853  -0.853  -0.853  -0.853  -0.854  -0.854  -0.854  -0.854  -0.854  -0.854  -0.854  -0.854  -0.854  -0.854  -0.854  -0.854  -0.855  -0.856  -0.858  -0.862  -0.870  -0.882  -0.898  -0.916  -0.917  -0.951  -1.091  -1.245  -1.332  -1.392  -1.436  -1.466  -1.487  -1.502  -1.514  -1.521
   8.600  -0.783  -0.836  -0.871  -0.890  -0.891  -0.895  -0.894  -0.895  -0.895  -0.895  -0.895  -0.895  -0.895  -0.895  -0.895  -0.895  -0.895  -0.897  -0.899  -0.903  -0.909  -0.921  -0.938  -0.959  -0.985  -1.010  -1.038  -1.132  -1.272  -1.346  -1.390  -1.426  -1.448  -1.467  -1.478  -1.487  -1.492
   8.700  -0.643  -0.783  -0.878  -0.927  -0.931  -0.940  -0.938  -0.939  -0.939  -0.939  -0.939  -0.939  -0.939  -0.939  -0.939  -0.939  -0.940  -0.942  -0.945  -0.951  -0.960  -0.976  -0.997  -1.024  -1.057  -1.091  -1.128  -1.150  -1.163  -1.175  -1.181  -1.187  -1.190  -1.193  -1.195  -1.196  -1.197

