fixed metal distribution -- based on Grevesse & Sauval (1998)
    form     version        X           Z          logRs    logR_min    logR_max       logTs    logT_min    logT_max
       1          38    0.700000    0.000300          37   -8.000000    1.000000         138    3.750000    8.700000

   logT                       logR = logRho - 3*logT + 18
          -8.000  -7.750  -7.500  -7.250  -7.000  -6.750  -6.500  -6.250  -6.000  -5.750  -5.500  -5.250  -5.000  -4.750  -4.500  -4.250  -4.000  -3.750  -3.500  -3.250  -3.000  -2.750  -2.500  -2.250  -2.000  -1.750  -1.500  -1.250  -1.000  -0.750  -0.500  -0.250   0.000   0.250   0.500   0.750   1.000

   3.750  -0.775  -0.852  -0.937  -1.030  -1.130  -1.233  -1.340  -1.447  -1.556  -1.664  -1.771  -1.874  -1.975  -2.066  -2.151  -2.217  -2.268  -2.292  -2.292  -2.268  -2.219  -2.155  -2.074  -1.986  -1.887  -1.786  -1.681  -1.573  -1.463  -1.350  -1.235  -1.118  -1.000  -0.880  -0.759  -0.636  -0.511
   3.775  -0.652  -0.691  -0.741  -0.801  -0.872  -0.952  -1.041  -1.134  -1.233  -1.331  -1.432  -1.529  -1.625  -1.709  -1.786  -1.847  -1.893  -1.914  -1.913  -1.889  -1.842  -1.782  -1.707  -1.622  -1.525  -1.428  -1.327  -1.224  -1.117  -1.008  -0.897  -0.784  -0.669  -0.553  -0.434  -0.313  -0.191
   3.800  -0.573  -0.587  -0.611  -0.645  -0.689  -0.744  -0.809  -0.880  -0.959  -1.040  -1.125  -1.208  -1.290  -1.362  -1.427  -1.478  -1.517  -1.533  -1.530  -1.506  -1.462  -1.407  -1.337  -1.257  -1.166  -1.074  -0.979  -0.881  -0.779  -0.675  -0.568  -0.459  -0.349  -0.236  -0.121  -0.004   0.116
   3.825  -0.549  -0.552  -0.560  -0.572  -0.591  -0.616  -0.647  -0.686  -0.731  -0.784  -0.841  -0.902  -0.962  -1.017  -1.066  -1.107  -1.135  -1.146  -1.140  -1.117  -1.079  -1.028  -0.965  -0.891  -0.811  -0.726  -0.637  -0.546  -0.450  -0.351  -0.249  -0.146  -0.040   0.068   0.179   0.294   0.410
   3.850  -0.550  -0.549  -0.548  -0.546  -0.545  -0.544  -0.545  -0.551  -0.562  -0.581  -0.606  -0.636  -0.667  -0.698  -0.725  -0.747  -0.761  -0.762  -0.752  -0.729  -0.694  -0.647  -0.591  -0.526  -0.455  -0.379  -0.298  -0.214  -0.126  -0.033   0.063   0.160   0.260   0.363   0.469   0.578   0.690
   3.875  -0.548  -0.545  -0.541  -0.534  -0.525  -0.513  -0.500  -0.486  -0.473  -0.461  -0.450  -0.441  -0.432  -0.425  -0.417  -0.409  -0.399  -0.384  -0.364  -0.337  -0.303  -0.260  -0.211  -0.155  -0.093  -0.026   0.045   0.120   0.199   0.284   0.372   0.462   0.555   0.651   0.750   0.854   0.960
   3.900  -0.549  -0.547  -0.541  -0.534  -0.524  -0.509  -0.490  -0.464  -0.432  -0.394  -0.351  -0.303  -0.254  -0.205  -0.157  -0.113  -0.072  -0.035   0.002   0.038   0.076   0.117   0.163   0.212   0.266   0.324   0.385   0.451   0.522   0.597   0.675   0.757   0.843   0.931   1.023   1.119   1.220
   3.925  -0.549  -0.548  -0.544  -0.539  -0.529  -0.515  -0.493  -0.461  -0.420  -0.366  -0.301  -0.226  -0.143  -0.056   0.032   0.115   0.193   0.263   0.325   0.379   0.429   0.476   0.522   0.569   0.617   0.668   0.722   0.780   0.841   0.906   0.975   1.048   1.125   1.205   1.290   1.379   1.474
   3.950  -0.546  -0.547  -0.545  -0.543  -0.537  -0.524  -0.504  -0.472  -0.426  -0.365  -0.287  -0.191  -0.083   0.036   0.159   0.281   0.398   0.502   0.596   0.675   0.744   0.802   0.855   0.904   0.951   0.998   1.047   1.098   1.151   1.208   1.268   1.332   1.400   1.472   1.550   1.633   1.721
   3.975  -0.539  -0.541  -0.541  -0.540  -0.536  -0.527  -0.509  -0.480  -0.437  -0.375  -0.294  -0.190  -0.068   0.071   0.221   0.375   0.526   0.668   0.797   0.908   1.003   1.083   1.150   1.208   1.259   1.307   1.354   1.401   1.448   1.497   1.550   1.605   1.665   1.731   1.801   1.877   1.959
   4.000  -0.530  -0.532  -0.533  -0.534  -0.532  -0.525  -0.511  -0.488  -0.449  -0.392  -0.313  -0.208  -0.080   0.071   0.237   0.415   0.596   0.770   0.934   1.079   1.205   1.311   1.399   1.472   1.534   1.588   1.637   1.682   1.726   1.771   1.818   1.867   1.921   1.980   2.044   2.114   2.189
   4.025  -0.520  -0.522  -0.523  -0.525  -0.524  -0.520  -0.508  -0.488  -0.454  -0.402  -0.328  -0.227  -0.102   0.050   0.223   0.413   0.611   0.810   1.001   1.178   1.337   1.473   1.589   1.685   1.764   1.830   1.886   1.936   1.981   2.025   2.069   2.116   2.165   2.219   2.278   2.342   2.412
   4.050  -0.510  -0.512  -0.513  -0.515  -0.515  -0.512  -0.502  -0.485  -0.455  -0.408  -0.341  -0.247  -0.128   0.019   0.190   0.384   0.591   0.805   1.019   1.223   1.412   1.579   1.726   1.848   1.951   2.034   2.102   2.160   2.210   2.258   2.303   2.349   2.397   2.448   2.503   2.563   2.627
   4.075  -0.504  -0.504  -0.504  -0.505  -0.505  -0.502  -0.494  -0.479  -0.452  -0.409  -0.347  -0.260  -0.148  -0.009   0.156   0.346   0.553   0.773   0.999   1.221   1.435   1.630   1.807   1.958   2.087   2.192   2.279   2.352   2.413   2.467   2.517   2.566   2.614   2.664   2.717   2.774   2.835
   4.100  -0.501  -0.499  -0.498  -0.497  -0.496  -0.493  -0.485  -0.471  -0.447  -0.407  -0.349  -0.269  -0.165  -0.034   0.122   0.303   0.505   0.725   0.955   1.190   1.421   1.641   1.844   2.024   2.181   2.311   2.421   2.512   2.588   2.654   2.712   2.766   2.818   2.869   2.921   2.977   3.037
   4.125  -0.500  -0.497  -0.495  -0.494  -0.491  -0.487  -0.479  -0.465  -0.441  -0.404  -0.350  -0.275  -0.177  -0.054   0.094   0.267   0.462   0.677   0.906   1.145   1.386   1.621   1.845   2.049   2.233   2.391   2.527   2.641   2.737   2.818   2.887   2.949   3.005   3.060   3.115   3.172   3.231
   4.150  -0.500  -0.497  -0.494  -0.492  -0.488  -0.483  -0.474  -0.460  -0.436  -0.401  -0.350  -0.279  -0.186  -0.069   0.071   0.236   0.423   0.631   0.855   1.094   1.339   1.584   1.823   2.047   2.255   2.440   2.603   2.742   2.860   2.958   3.041   3.114   3.178   3.239   3.298   3.359   3.419
   4.175  -0.500  -0.497  -0.494  -0.491  -0.486  -0.481  -0.472  -0.457  -0.435  -0.400  -0.351  -0.283  -0.194  -0.082   0.053   0.212   0.393   0.595   0.815   1.051   1.295   1.543   1.790   2.028   2.254   2.462   2.650   2.814   2.956   3.075   3.175   3.261   3.336   3.405   3.469   3.535   3.598
   4.200  -0.501  -0.497  -0.493  -0.490  -0.485  -0.479  -0.470  -0.456  -0.434  -0.400  -0.353  -0.287  -0.202  -0.094   0.037   0.192   0.368   0.566   0.782   1.013   1.255   1.503   1.753   1.999   2.239   2.466   2.676   2.865   3.031   3.171   3.291   3.392   3.480   3.558   3.630   3.701   3.769
   4.225  -0.502  -0.498  -0.494  -0.489  -0.484  -0.478  -0.468  -0.454  -0.433  -0.401  -0.356  -0.293  -0.211  -0.106   0.021   0.173   0.347   0.543   0.757   0.986   1.225   1.471   1.721   1.972   2.220   2.460   2.688   2.898   3.086   3.249   3.389   3.508   3.611   3.701   3.781   3.859   3.931
   4.250  -0.502  -0.498  -0.494  -0.489  -0.483  -0.476  -0.466  -0.452  -0.432  -0.402  -0.359  -0.299  -0.220  -0.118   0.007   0.157   0.330   0.525   0.738   0.966   1.203   1.448   1.697   1.949   2.201   2.451   2.692   2.919   3.128   3.311   3.472   3.610   3.729   3.832   3.923   4.008   4.086
   4.275  -0.503  -0.499  -0.494  -0.489  -0.482  -0.474  -0.463  -0.449  -0.429  -0.400  -0.359  -0.303  -0.227  -0.129  -0.007   0.141   0.313   0.509   0.724   0.952   1.191   1.436   1.685   1.938   2.191   2.446   2.695   2.935   3.160   3.363   3.543   3.700   3.836   3.953   4.056   4.150   4.233
   4.300  -0.502  -0.498  -0.494  -0.488  -0.481  -0.472  -0.460  -0.446  -0.425  -0.397  -0.358  -0.304  -0.232  -0.137  -0.018   0.128   0.300   0.497   0.713   0.944   1.185   1.431   1.681   1.934   2.188   2.445   2.700   2.950   3.187   3.406   3.605   3.779   3.932   4.064   4.179   4.282   4.372
   4.325  -0.498  -0.496  -0.492  -0.487  -0.479  -0.469  -0.457  -0.441  -0.420  -0.392  -0.354  -0.302  -0.233  -0.141  -0.025   0.120   0.290   0.487   0.705   0.937   1.181   1.430   1.683   1.937   2.194   2.453   2.712   2.968   3.215   3.446   3.660   3.850   4.019   4.165   4.293   4.406   4.502
   4.350  -0.493  -0.492  -0.490  -0.484  -0.477  -0.466  -0.452  -0.436  -0.414  -0.386  -0.348  -0.298  -0.230  -0.141  -0.027   0.116   0.285   0.482   0.700   0.935   1.181   1.433   1.689   1.946   2.205   2.467   2.729   2.990   3.243   3.485   3.711   3.915   4.098   4.258   4.398   4.520   4.623
   4.375  -0.485  -0.486  -0.484  -0.479  -0.472  -0.461  -0.447  -0.429  -0.406  -0.377  -0.339  -0.290  -0.224  -0.136  -0.024   0.118   0.287   0.484   0.702   0.937   1.185   1.439   1.699   1.959   2.222   2.487   2.752   3.017   3.277   3.526   3.761   3.976   4.171   4.343   4.495   4.626   4.736
   4.400  -0.477  -0.478  -0.476  -0.473  -0.466  -0.455  -0.440  -0.421  -0.397  -0.367  -0.328  -0.278  -0.213  -0.126  -0.015   0.126   0.294   0.491   0.709   0.945   1.194   1.450   1.712   1.976   2.243   2.511   2.780   3.049   3.313   3.569   3.812   4.036   4.240   4.423   4.584   4.724   4.843
   4.425  -0.469  -0.470  -0.469  -0.465  -0.459  -0.448  -0.432  -0.411  -0.385  -0.353  -0.313  -0.263  -0.198  -0.112  -0.002   0.138   0.306   0.502   0.721   0.958   1.207   1.465   1.729   1.996   2.266   2.538   2.811   3.085   3.353   3.615   3.864   4.095   4.307   4.498   4.668   4.816   4.941
   4.450  -0.463  -0.464  -0.462  -0.458  -0.452  -0.440  -0.424  -0.401  -0.373  -0.339  -0.296  -0.244  -0.178  -0.092   0.017   0.157   0.325   0.521   0.739   0.976   1.227   1.486   1.751   2.020   2.293   2.569   2.846   3.123   3.396   3.662   3.916   4.153   4.371   4.569   4.746   4.900   5.033
   4.475  -0.460  -0.460  -0.457  -0.453  -0.447  -0.435  -0.418  -0.393  -0.361  -0.323  -0.276  -0.220  -0.151  -0.064   0.046   0.185   0.351   0.547   0.765   1.003   1.254   1.513   1.780   2.050   2.324   2.602   2.882   3.163   3.440   3.710   3.969   4.210   4.434   4.637   4.819   4.979   5.116
   4.500  -0.459  -0.457  -0.454  -0.450  -0.443  -0.431  -0.413  -0.387  -0.353  -0.309  -0.257  -0.195  -0.121  -0.030   0.082   0.221   0.386   0.581   0.799   1.036   1.288   1.547   1.814   2.084   2.359   2.639   2.921   3.204   3.484   3.757   4.020   4.265   4.493   4.700   4.887   5.050   5.192
   4.525  -0.459  -0.457  -0.454  -0.450  -0.443  -0.431  -0.413  -0.385  -0.349  -0.301  -0.242  -0.173  -0.090   0.008   0.125   0.267   0.433   0.627   0.842   1.078   1.327   1.586   1.852   2.122   2.398   2.678   2.960   3.245   3.528   3.803   4.068   4.316   4.547   4.757   4.947   5.111   5.255
   4.550  -0.460  -0.458  -0.455  -0.451  -0.444  -0.433  -0.414  -0.387  -0.349  -0.298  -0.234  -0.157  -0.065   0.043   0.169   0.316   0.485   0.679   0.893   1.126   1.373   1.630   1.894   2.163   2.438   2.718   3.000   3.285   3.568   3.845   4.111   4.361   4.594   4.806   4.997   5.163   5.306
   4.575  -0.460  -0.458  -0.455  -0.452  -0.446  -0.435  -0.418  -0.392  -0.354  -0.301  -0.234  -0.150  -0.049   0.070   0.207   0.365   0.542   0.739   0.953   1.184   1.427   1.680   1.941   2.208   2.480   2.758   3.039   3.323   3.605   3.881   4.147   4.398   4.631   4.843   5.034   5.199   5.341
   4.600  -0.460  -0.458  -0.455  -0.452  -0.447  -0.438  -0.422  -0.398  -0.361  -0.309  -0.240  -0.152  -0.044   0.086   0.235   0.404   0.590   0.794   1.011   1.241   1.482   1.731   1.988   2.252   2.521   2.796   3.075   3.356   3.635   3.909   4.174   4.424   4.656   4.868   5.057   5.221   5.361
   4.625  -0.459  -0.457  -0.455  -0.452  -0.448  -0.440  -0.426  -0.403  -0.369  -0.319  -0.251  -0.162  -0.051   0.085   0.243   0.422   0.620   0.832   1.057   1.291   1.532   1.780   2.034   2.294   2.559   2.830   3.104   3.381   3.656   3.927   4.189   4.436   4.667   4.877   5.064   5.227   5.364
   4.650  -0.459  -0.457  -0.455  -0.453  -0.449  -0.441  -0.428  -0.408  -0.376  -0.330  -0.265  -0.177  -0.066   0.073   0.236   0.424   0.631   0.853   1.086   1.325   1.570   1.818   2.071   2.328   2.589   2.855   3.125   3.397   3.667   3.934   4.192   4.436   4.664   4.871   5.057   5.216   5.351
   4.675  -0.459  -0.457  -0.454  -0.452  -0.449  -0.442  -0.430  -0.412  -0.382  -0.339  -0.277  -0.193  -0.084   0.053   0.216   0.406   0.617   0.845   1.085   1.332   1.583   1.836   2.091   2.348   2.607   2.869   3.134   3.401   3.666   3.927   4.180   4.421   4.645   4.851   5.034   5.193   5.326
   4.700  -0.458  -0.456  -0.454  -0.452  -0.448  -0.443  -0.432  -0.415  -0.388  -0.347  -0.289  -0.209  -0.105   0.028   0.188   0.376   0.588   0.819   1.064   1.316   1.574   1.833   2.092   2.351   2.610   2.870   3.131   3.393   3.653   3.909   4.157   4.394   4.616   4.819   5.000   5.157   5.289
   4.725  -0.458  -0.456  -0.453  -0.451  -0.448  -0.442  -0.432  -0.417  -0.392  -0.354  -0.300  -0.224  -0.124   0.003   0.157   0.340   0.547   0.776   1.020   1.275   1.537   1.801   2.067   2.330   2.593   2.854   3.113   3.372   3.628   3.880   4.124   4.357   4.576   4.777   4.958   5.115   5.247
   4.750  -0.458  -0.455  -0.452  -0.450  -0.447  -0.442  -0.432  -0.418  -0.395  -0.360  -0.309  -0.237  -0.143  -0.021   0.126   0.302   0.502   0.725   0.965   1.220   1.484   1.752   2.023   2.292   2.560   2.823   3.084   3.342   3.595   3.844   4.085   4.315   4.532   4.731   4.911   5.066   5.199
   4.775  -0.458  -0.455  -0.453  -0.450  -0.446  -0.441  -0.432  -0.419  -0.397  -0.365  -0.317  -0.250  -0.160  -0.045   0.097   0.266   0.459   0.675   0.910   1.160   1.421   1.691   1.964   2.238   2.510   2.779   3.043   3.302   3.555   3.803   4.042   4.271   4.486   4.684   4.863   5.019   5.152
   4.800  -0.459  -0.456  -0.453  -0.450  -0.446  -0.441  -0.432  -0.419  -0.399  -0.369  -0.324  -0.261  -0.176  -0.066   0.070   0.233   0.419   0.628   0.857   1.101   1.358   1.625   1.899   2.176   2.453   2.726   2.995   3.257   3.512   3.760   3.998   4.227   4.441   4.639   4.817   4.971   5.104
   4.825  -0.459  -0.457  -0.454  -0.450  -0.446  -0.440  -0.431  -0.419  -0.399  -0.371  -0.329  -0.269  -0.189  -0.084   0.046   0.203   0.384   0.588   0.811   1.051   1.303   1.568   1.839   2.116   2.395   2.671   2.944   3.209   3.468   3.718   3.958   4.187   4.401   4.598   4.775   4.928   5.059
   4.850  -0.459  -0.457  -0.454  -0.451  -0.446  -0.440  -0.431  -0.418  -0.399  -0.372  -0.332  -0.276  -0.200  -0.100   0.025   0.177   0.354   0.554   0.773   1.008   1.257   1.517   1.786   2.061   2.340   2.619   2.894   3.164   3.426   3.680   3.922   4.151   4.365   4.561   4.737   4.888   5.016
   4.875  -0.460  -0.457  -0.454  -0.451  -0.446  -0.440  -0.430  -0.417  -0.398  -0.371  -0.333  -0.279  -0.207  -0.111   0.009   0.156   0.329   0.525   0.741   0.974   1.220   1.478   1.744   2.018   2.295   2.574   2.852   3.124   3.390   3.646   3.891   4.122   4.336   4.531   4.705   4.853   4.977
   4.900  -0.459  -0.457  -0.454  -0.451  -0.446  -0.439  -0.429  -0.416  -0.397  -0.370  -0.333  -0.281  -0.212  -0.119  -0.003   0.140   0.309   0.503   0.717   0.948   1.193   1.448   1.713   1.984   2.260   2.538   2.816   3.091   3.359   3.619   3.867   4.098   4.312   4.506   4.677   4.821   4.940
   4.925  -0.459  -0.457  -0.454  -0.451  -0.446  -0.439  -0.429  -0.415  -0.396  -0.369  -0.332  -0.281  -0.214  -0.124  -0.011   0.130   0.296   0.487   0.699   0.929   1.174   1.428   1.691   1.961   2.235   2.513   2.791   3.067   3.337   3.599   3.848   4.081   4.294   4.485   4.652   4.791   4.904
   4.950  -0.457  -0.455  -0.453  -0.450  -0.445  -0.439  -0.429  -0.415  -0.394  -0.367  -0.330  -0.280  -0.213  -0.126  -0.015   0.123   0.287   0.477   0.688   0.918   1.162   1.416   1.678   1.947   2.220   2.497   2.774   3.051   3.322   3.585   3.835   4.067   4.278   4.466   4.628   4.762   4.869
   4.975  -0.454  -0.453  -0.451  -0.448  -0.444  -0.438  -0.428  -0.414  -0.394  -0.366  -0.328  -0.278  -0.212  -0.125  -0.016   0.121   0.284   0.473   0.683   0.912   1.156   1.410   1.672   1.940   2.213   2.489   2.766   3.042   3.314   3.577   3.827   4.056   4.264   4.447   4.604   4.731   4.831
   5.000  -0.450  -0.449  -0.447  -0.445  -0.442  -0.436  -0.427  -0.413  -0.393  -0.365  -0.326  -0.276  -0.209  -0.123  -0.014   0.123   0.284   0.472   0.682   0.912   1.155   1.409   1.672   1.939   2.211   2.487   2.763   3.039   3.310   3.572   3.819   4.046   4.249   4.427   4.577   4.699   4.792
   5.025  -0.444  -0.443  -0.442  -0.440  -0.437  -0.433  -0.424  -0.411  -0.391  -0.364  -0.325  -0.274  -0.207  -0.120  -0.010   0.126   0.288   0.476   0.686   0.915   1.160   1.414   1.676   1.943   2.215   2.490   2.765   3.039   3.308   3.568   3.812   4.034   4.231   4.402   4.545   4.659   4.746
   5.050  -0.438  -0.437  -0.435  -0.434  -0.432  -0.428  -0.420  -0.408  -0.389  -0.362  -0.324  -0.273  -0.205  -0.117  -0.006   0.131   0.293   0.482   0.692   0.922   1.166   1.420   1.682   1.949   2.220   2.493   2.767   3.039   3.305   3.561   3.800   4.016   4.207   4.370   4.506   4.615   4.696
   5.075  -0.431  -0.429  -0.428  -0.427  -0.425  -0.421  -0.414  -0.403  -0.386  -0.360  -0.322  -0.271  -0.203  -0.114  -0.003   0.136   0.299   0.489   0.700   0.930   1.174   1.427   1.689   1.954   2.223   2.495   2.766   3.035   3.296   3.547   3.781   3.989   4.174   4.329   4.459   4.562   4.640
   5.100  -0.424  -0.422  -0.420  -0.419  -0.417  -0.413  -0.407  -0.397  -0.381  -0.356  -0.320  -0.270  -0.202  -0.112   0.000   0.140   0.304   0.495   0.707   0.936   1.180   1.432   1.692   1.956   2.222   2.491   2.758   3.023   3.279   3.524   3.751   3.953   4.130   4.279   4.403   4.503   4.578
   5.125  -0.418  -0.416  -0.413  -0.411  -0.408  -0.404  -0.398  -0.388  -0.373  -0.350  -0.316  -0.267  -0.200  -0.111   0.002   0.142   0.307   0.498   0.710   0.940   1.182   1.432   1.689   1.950   2.212   2.477   2.739   2.998   3.249   3.487   3.707   3.902   4.073   4.218   4.338   4.436   4.511
   5.150  -0.414  -0.411  -0.408  -0.405  -0.401  -0.397  -0.390  -0.381  -0.366  -0.344  -0.311  -0.264  -0.199  -0.111   0.001   0.141   0.306   0.497   0.709   0.937   1.177   1.425   1.678   1.934   2.192   2.451   2.708   2.961   3.205   3.437   3.650   3.840   4.006   4.147   4.266   4.363   4.439
   5.175  -0.413  -0.410  -0.406  -0.402  -0.398  -0.393  -0.385  -0.376  -0.361  -0.340  -0.308  -0.262  -0.198  -0.112  -0.002   0.137   0.300   0.489   0.699   0.924   1.161   1.405   1.654   1.905   2.158   2.411   2.661   2.908   3.146   3.372   3.580   3.766   3.929   4.069   4.187   4.287   4.365
   5.200  -0.415  -0.411  -0.406  -0.402  -0.397  -0.391  -0.383  -0.372  -0.357  -0.337  -0.306  -0.261  -0.200  -0.115  -0.007   0.128   0.289   0.476   0.681   0.903   1.136   1.375   1.619   1.864   2.111   2.357   2.602   2.843   3.075   3.296   3.500   3.683   3.845   3.984   4.104   4.205   4.288
   5.225  -0.419  -0.414  -0.408  -0.403  -0.397  -0.390  -0.382  -0.371  -0.356  -0.335  -0.305  -0.262  -0.202  -0.121  -0.016   0.116   0.273   0.454   0.655   0.872   1.099   1.333   1.571   1.810   2.051   2.291   2.530   2.765   2.993   3.210   3.412   3.593   3.756   3.896   4.018   4.124   4.211
   5.250  -0.424  -0.418  -0.413  -0.407  -0.400  -0.392  -0.383  -0.371  -0.356  -0.335  -0.306  -0.264  -0.206  -0.128  -0.027   0.101   0.252   0.428   0.623   0.833   1.054   1.281   1.513   1.746   1.981   2.216   2.449   2.680   2.904   3.118   3.319   3.500   3.663   3.806   3.932   4.041   4.133
   5.275  -0.431  -0.426  -0.420  -0.413  -0.406  -0.398  -0.388  -0.376  -0.360  -0.339  -0.310  -0.270  -0.214  -0.138  -0.041   0.082   0.228   0.397   0.585   0.788   1.002   1.222   1.448   1.675   1.904   2.134   2.363   2.590   2.812   3.024   3.223   3.405   3.570   3.716   3.845   3.959   4.056
   5.300  -0.439  -0.434  -0.428  -0.421  -0.413  -0.405  -0.394  -0.382  -0.366  -0.346  -0.317  -0.278  -0.224  -0.151  -0.058   0.060   0.200   0.363   0.544   0.739   0.946   1.159   1.378   1.599   1.823   2.048   2.274   2.498   2.717   2.928   3.127   3.310   3.478   3.627   3.760   3.877   3.979
   5.325  -0.445  -0.441  -0.435  -0.429  -0.421  -0.412  -0.402  -0.390  -0.374  -0.354  -0.326  -0.288  -0.236  -0.166  -0.076   0.037   0.171   0.328   0.501   0.689   0.889   1.095   1.307   1.522   1.741   1.962   2.185   2.406   2.624   2.834   3.033   3.218   3.387   3.539   3.676   3.798   3.904
   5.350  -0.451  -0.447  -0.442  -0.437  -0.429  -0.421  -0.411  -0.399  -0.383  -0.363  -0.337  -0.300  -0.250  -0.183  -0.096   0.012   0.141   0.291   0.458   0.639   0.831   1.030   1.236   1.446   1.659   1.877   2.096   2.316   2.532   2.741   2.941   3.127   3.298   3.454   3.595   3.720   3.830
   5.375  -0.457  -0.454  -0.450  -0.445  -0.439  -0.431  -0.421  -0.410  -0.395  -0.376  -0.349  -0.314  -0.266  -0.201  -0.118  -0.013   0.110   0.255   0.415   0.589   0.774   0.967   1.166   1.371   1.580   1.794   2.010   2.228   2.443   2.651   2.852   3.039   3.213   3.372   3.515   3.644   3.757
   5.400  -0.462  -0.460  -0.457  -0.453  -0.447  -0.441  -0.432  -0.421  -0.407  -0.388  -0.363  -0.329  -0.282  -0.220  -0.140  -0.040   0.079   0.218   0.373   0.540   0.719   0.906   1.099   1.299   1.504   1.714   1.927   2.143   2.356   2.565   2.765   2.954   3.130   3.292   3.439   3.569   3.685
   5.425  -0.465  -0.463  -0.461  -0.458  -0.453  -0.447  -0.440  -0.430  -0.417  -0.400  -0.376  -0.343  -0.299  -0.239  -0.162  -0.066   0.049   0.182   0.332   0.494   0.666   0.847   1.035   1.230   1.430   1.637   1.847   2.061   2.273   2.482   2.683   2.873   3.051   3.215   3.364   3.497   3.615
   5.450  -0.466  -0.465  -0.463  -0.461  -0.457  -0.453  -0.446  -0.438  -0.426  -0.411  -0.388  -0.357  -0.315  -0.258  -0.185  -0.092   0.019   0.148   0.292   0.448   0.615   0.791   0.974   1.163   1.360   1.563   1.771   1.983   2.194   2.402   2.604   2.795   2.975   3.141   3.292   3.427   3.546
   5.475  -0.468  -0.467  -0.466  -0.464  -0.461  -0.457  -0.452  -0.445  -0.435  -0.421  -0.400  -0.372  -0.332  -0.277  -0.207  -0.118  -0.011   0.113   0.253   0.405   0.567   0.737   0.915   1.100   1.293   1.493   1.699   1.908   2.119   2.326   2.528   2.720   2.901   3.069   3.223   3.359   3.480
   5.500  -0.468  -0.468  -0.467  -0.466  -0.464  -0.461  -0.457  -0.451  -0.442  -0.430  -0.412  -0.385  -0.348  -0.297  -0.230  -0.144  -0.041   0.080   0.215   0.362   0.520   0.686   0.859   1.041   1.230   1.427   1.630   1.838   2.047   2.254   2.456   2.649   2.831   3.000   3.155   3.294   3.416
   5.525  -0.469  -0.469  -0.468  -0.467  -0.466  -0.463  -0.460  -0.455  -0.448  -0.438  -0.422  -0.398  -0.364  -0.316  -0.252  -0.170  -0.071   0.046   0.178   0.321   0.475   0.637   0.806   0.984   1.170   1.364   1.565   1.771   1.978   2.185   2.387   2.580   2.763   2.934   3.090   3.230   3.355
   5.550  -0.469  -0.469  -0.469  -0.468  -0.467  -0.465  -0.462  -0.459  -0.453  -0.444  -0.431  -0.410  -0.379  -0.335  -0.275  -0.197  -0.101   0.013   0.141   0.281   0.432   0.590   0.756   0.931   1.114   1.305   1.504   1.707   1.914   2.120   2.321   2.515   2.698   2.869   3.027   3.169   3.296
   5.575  -0.469  -0.470  -0.469  -0.469  -0.468  -0.466  -0.464  -0.461  -0.457  -0.449  -0.437  -0.419  -0.392  -0.352  -0.297  -0.223  -0.132  -0.022   0.103   0.241   0.389   0.545   0.709   0.881   1.061   1.250   1.446   1.648   1.852   2.057   2.258   2.452   2.636   2.808   2.966   3.110   3.240
   5.600  -0.470  -0.470  -0.470  -0.469  -0.469  -0.467  -0.466  -0.463  -0.459  -0.453  -0.443  -0.427  -0.403  -0.367  -0.317  -0.249  -0.162  -0.056   0.066   0.201   0.348   0.502   0.665   0.834   1.012   1.198   1.392   1.591   1.794   1.998   2.198   2.392   2.576   2.748   2.908   3.054   3.187
   5.625  -0.470  -0.470  -0.470  -0.469  -0.469  -0.468  -0.466  -0.464  -0.461  -0.456  -0.447  -0.433  -0.412  -0.380  -0.335  -0.272  -0.191  -0.090   0.028   0.162   0.307   0.460   0.622   0.790   0.966   1.150   1.341   1.538   1.739   1.941   2.141   2.334   2.518   2.690   2.852   3.000   3.137
   5.650  -0.470  -0.470  -0.470  -0.470  -0.469  -0.468  -0.467  -0.465  -0.462  -0.457  -0.450  -0.438  -0.419  -0.392  -0.351  -0.294  -0.219  -0.122  -0.008   0.123   0.266   0.419   0.580   0.748   0.922   1.104   1.293   1.488   1.686   1.887   2.086   2.278   2.462   2.635   2.797   2.949   3.090
   5.675  -0.471  -0.470  -0.470  -0.470  -0.469  -0.468  -0.467  -0.466  -0.463  -0.459  -0.452  -0.442  -0.425  -0.401  -0.365  -0.313  -0.243  -0.152  -0.043   0.085   0.227   0.379   0.540   0.707   0.880   1.061   1.247   1.440   1.637   1.836   2.034   2.225   2.408   2.581   2.745   2.900   3.046
   5.700  -0.471  -0.471  -0.470  -0.470  -0.469  -0.469  -0.468  -0.466  -0.464  -0.460  -0.454  -0.445  -0.430  -0.408  -0.376  -0.329  -0.265  -0.179  -0.075   0.050   0.189   0.340   0.501   0.667   0.840   1.019   1.204   1.395   1.590   1.787   1.983   2.173   2.356   2.530   2.695   2.853   3.004
   5.725  -0.471  -0.471  -0.470  -0.470  -0.470  -0.469  -0.468  -0.467  -0.464  -0.461  -0.456  -0.447  -0.434  -0.415  -0.385  -0.342  -0.283  -0.203  -0.103   0.017   0.153   0.303   0.462   0.628   0.801   0.978   1.162   1.351   1.544   1.741   1.935   2.124   2.306   2.480   2.647   2.809   2.964
   5.750  -0.471  -0.471  -0.471  -0.470  -0.470  -0.469  -0.468  -0.467  -0.465  -0.462  -0.457  -0.449  -0.437  -0.419  -0.393  -0.354  -0.299  -0.224  -0.129  -0.013   0.120   0.267   0.425   0.591   0.762   0.939   1.121   1.309   1.501   1.696   1.889   2.076   2.258   2.432   2.601   2.766   2.927
   5.775  -0.471  -0.471  -0.471  -0.471  -0.470  -0.470  -0.469  -0.467  -0.465  -0.463  -0.458  -0.451  -0.440  -0.424  -0.399  -0.363  -0.312  -0.242  -0.152  -0.041   0.089   0.234   0.390   0.554   0.725   0.901   1.082   1.269   1.459   1.652   1.844   2.031   2.212   2.386   2.556   2.724   2.889
   5.800  -0.471  -0.471  -0.471  -0.471  -0.470  -0.470  -0.469  -0.468  -0.466  -0.463  -0.459  -0.452  -0.442  -0.427  -0.405  -0.371  -0.324  -0.258  -0.173  -0.066   0.060   0.202   0.356   0.519   0.689   0.864   1.044   1.230   1.419   1.610   1.801   1.986   2.167   2.342   2.514   2.684   2.853
   5.825  -0.471  -0.471  -0.471  -0.471  -0.470  -0.470  -0.469  -0.468  -0.467  -0.464  -0.460  -0.454  -0.444  -0.430  -0.409  -0.379  -0.334  -0.272  -0.191  -0.089   0.033   0.172   0.324   0.486   0.655   0.829   1.008   1.193   1.380   1.570   1.759   1.944   2.124   2.300   2.473   2.645   2.817
   5.850  -0.471  -0.471  -0.471  -0.470  -0.470  -0.470  -0.469  -0.468  -0.467  -0.464  -0.461  -0.455  -0.446  -0.433  -0.413  -0.385  -0.343  -0.285  -0.208  -0.110   0.008   0.144   0.294   0.454   0.622   0.796   0.974   1.157   1.344   1.532   1.719   1.902   2.083   2.259   2.433   2.608   2.782
   5.875  -0.471  -0.471  -0.471  -0.470  -0.470  -0.470  -0.469  -0.469  -0.467  -0.465  -0.461  -0.456  -0.448  -0.436  -0.417  -0.390  -0.352  -0.296  -0.224  -0.129  -0.015   0.118   0.266   0.424   0.592   0.765   0.942   1.124   1.308   1.494   1.680   1.862   2.043   2.220   2.395   2.571   2.747
   5.900  -0.471  -0.471  -0.470  -0.470  -0.470  -0.470  -0.469  -0.469  -0.467  -0.466  -0.462  -0.457  -0.450  -0.438  -0.421  -0.396  -0.359  -0.307  -0.237  -0.146  -0.036   0.094   0.240   0.397   0.564   0.736   0.912   1.092   1.275   1.458   1.642   1.823   2.004   2.181   2.358   2.536   2.713
   5.925  -0.470  -0.470  -0.470  -0.470  -0.470  -0.469  -0.469  -0.468  -0.467  -0.466  -0.463  -0.458  -0.451  -0.440  -0.424  -0.400  -0.365  -0.316  -0.249  -0.162  -0.055   0.072   0.216   0.372   0.538   0.709   0.884   1.062   1.242   1.423   1.605   1.785   1.965   2.144   2.323   2.502   2.681
   5.950  -0.470  -0.470  -0.470  -0.469  -0.469  -0.469  -0.468  -0.468  -0.467  -0.466  -0.463  -0.459  -0.452  -0.442  -0.427  -0.404  -0.371  -0.324  -0.260  -0.176  -0.072   0.053   0.194   0.349   0.513   0.683   0.857   1.033   1.211   1.389   1.568   1.748   1.928   2.108   2.289   2.470   2.651
   5.975  -0.470  -0.470  -0.469  -0.469  -0.469  -0.468  -0.468  -0.467  -0.466  -0.465  -0.463  -0.459  -0.453  -0.443  -0.429  -0.407  -0.376  -0.331  -0.270  -0.189  -0.088   0.035   0.174   0.327   0.490   0.659   0.831   1.005   1.180   1.355   1.533   1.711   1.892   2.073   2.256   2.439   2.622
   6.000  -0.470  -0.470  -0.469  -0.469  -0.468  -0.468  -0.467  -0.466  -0.466  -0.464  -0.462  -0.458  -0.452  -0.444  -0.430  -0.410  -0.380  -0.338  -0.279  -0.200  -0.102   0.018   0.155   0.307   0.469   0.635   0.806   0.976   1.148   1.322   1.497   1.675   1.856   2.039   2.223   2.409   2.595
   6.050  -0.470  -0.470  -0.469  -0.469  -0.468  -0.467  -0.466  -0.465  -0.464  -0.462  -0.459  -0.456  -0.451  -0.443  -0.431  -0.414  -0.387  -0.349  -0.295  -0.222  -0.129  -0.014   0.119   0.267   0.425   0.587   0.752   0.917   1.084   1.254   1.427   1.605   1.787   1.974   2.162   2.352   2.543
   6.100  -0.471  -0.470  -0.470  -0.469  -0.468  -0.467  -0.466  -0.464  -0.463  -0.460  -0.457  -0.454  -0.449  -0.442  -0.431  -0.415  -0.391  -0.356  -0.307  -0.238  -0.151  -0.041   0.087   0.229   0.382   0.538   0.697   0.856   1.018   1.185   1.358   1.537   1.722   1.912   2.105   2.299   2.495
   6.150  -0.472  -0.471  -0.471  -0.470  -0.470  -0.469  -0.468  -0.466  -0.464  -0.461  -0.458  -0.453  -0.447  -0.439  -0.428  -0.412  -0.389  -0.357  -0.310  -0.247  -0.165  -0.061   0.059   0.194   0.338   0.486   0.637   0.791   0.950   1.116   1.290   1.472   1.661   1.854   2.051   2.247   2.445
   6.200  -0.472  -0.472  -0.472  -0.472  -0.471  -0.471  -0.470  -0.468  -0.466  -0.463  -0.459  -0.454  -0.447  -0.439  -0.426  -0.410  -0.387  -0.356  -0.312  -0.252  -0.175  -0.078   0.034   0.160   0.294   0.433   0.576   0.725   0.882   1.048   1.224   1.410   1.603   1.800   1.999   2.197   2.396
   6.250  -0.473  -0.472  -0.472  -0.472  -0.472  -0.472  -0.471  -0.470  -0.468  -0.466  -0.463  -0.458  -0.452  -0.443  -0.430  -0.413  -0.389  -0.357  -0.314  -0.256  -0.184  -0.094   0.009   0.125   0.249   0.379   0.516   0.662   0.817   0.985   1.163   1.352   1.548   1.748   1.949   2.148   2.347
   6.300  -0.473  -0.472  -0.472  -0.472  -0.472  -0.472  -0.472  -0.471  -0.470  -0.469  -0.466  -0.463  -0.457  -0.449  -0.436  -0.419  -0.395  -0.362  -0.320  -0.264  -0.196  -0.113  -0.018   0.088   0.202   0.325   0.457   0.601   0.756   0.925   1.106   1.297   1.496   1.698   1.902   2.101   2.297
   6.350  -0.473  -0.473  -0.472  -0.472  -0.473  -0.473  -0.472  -0.472  -0.471  -0.470  -0.469  -0.466  -0.462  -0.455  -0.444  -0.428  -0.405  -0.374  -0.333  -0.280  -0.216  -0.139  -0.051   0.046   0.153   0.271   0.399   0.542   0.698   0.869   1.052   1.246   1.447   1.651   1.855   2.051   2.243
   6.400  -0.473  -0.473  -0.473  -0.473  -0.473  -0.473  -0.473  -0.473  -0.472  -0.472  -0.470  -0.469  -0.465  -0.460  -0.451  -0.437  -0.417  -0.388  -0.350  -0.300  -0.240  -0.168  -0.087   0.004   0.105   0.218   0.345   0.487   0.644   0.816   1.002   1.198   1.401   1.606   1.809   2.002   2.187
   6.450  -0.473  -0.474  -0.474  -0.474  -0.473  -0.473  -0.473  -0.473  -0.473  -0.472  -0.471  -0.470  -0.467  -0.463  -0.456  -0.444  -0.427  -0.401  -0.367  -0.321  -0.266  -0.200  -0.124  -0.038   0.060   0.170   0.295   0.437   0.594   0.768   0.955   1.153   1.356   1.561   1.763   1.952   2.132
   6.500  -0.474  -0.474  -0.474  -0.474  -0.474  -0.474  -0.473  -0.473  -0.473  -0.473  -0.472  -0.471  -0.469  -0.465  -0.460  -0.450  -0.436  -0.414  -0.383  -0.342  -0.292  -0.231  -0.159  -0.077   0.018   0.126   0.249   0.390   0.547   0.722   0.910   1.109   1.313   1.517   1.716   1.901   2.075
   6.550  -0.474  -0.475  -0.475  -0.474  -0.474  -0.474  -0.474  -0.474  -0.473  -0.473  -0.473  -0.472  -0.470  -0.467  -0.462  -0.454  -0.442  -0.423  -0.396  -0.359  -0.313  -0.256  -0.189  -0.111  -0.020   0.085   0.206   0.345   0.502   0.678   0.867   1.066   1.270   1.472   1.668   1.849   2.018
   6.600  -0.475  -0.475  -0.475  -0.475  -0.474  -0.474  -0.474  -0.474  -0.474  -0.474  -0.473  -0.473  -0.471  -0.469  -0.464  -0.457  -0.446  -0.430  -0.406  -0.374  -0.332  -0.279  -0.216  -0.141  -0.054   0.048   0.166   0.305   0.461   0.637   0.826   1.025   1.227   1.427   1.619   1.796   1.960
   6.650  -0.476  -0.475  -0.475  -0.475  -0.475  -0.475  -0.475  -0.475  -0.475  -0.474  -0.474  -0.474  -0.472  -0.470  -0.466  -0.460  -0.450  -0.436  -0.414  -0.385  -0.347  -0.298  -0.239  -0.168  -0.084   0.016   0.133   0.270   0.426   0.601   0.789   0.985   1.185   1.382   1.570   1.743   1.902
   6.700  -0.476  -0.476  -0.476  -0.476  -0.476  -0.476  -0.476  -0.476  -0.475  -0.475  -0.475  -0.474  -0.473  -0.471  -0.468  -0.462  -0.453  -0.440  -0.421  -0.395  -0.359  -0.315  -0.259  -0.192  -0.110  -0.012   0.104   0.240   0.394   0.567   0.752   0.946   1.142   1.336   1.521   1.690   1.845
   6.750  -0.476  -0.476  -0.476  -0.477  -0.477  -0.477  -0.476  -0.476  -0.476  -0.476  -0.476  -0.475  -0.474  -0.472  -0.469  -0.464  -0.456  -0.444  -0.427  -0.403  -0.371  -0.329  -0.277  -0.212  -0.133  -0.037   0.076   0.210   0.363   0.533   0.716   0.907   1.100   1.290   1.471   1.635   1.786
   6.800  -0.477  -0.477  -0.477  -0.477  -0.477  -0.477  -0.477  -0.477  -0.477  -0.477  -0.476  -0.476  -0.475  -0.473  -0.470  -0.466  -0.458  -0.448  -0.432  -0.410  -0.380  -0.342  -0.292  -0.231  -0.154  -0.060   0.051   0.183   0.332   0.500   0.680   0.868   1.058   1.243   1.419   1.580   1.726
   6.850  -0.477  -0.477  -0.477  -0.477  -0.477  -0.477  -0.478  -0.477  -0.477  -0.477  -0.477  -0.477  -0.476  -0.474  -0.472  -0.467  -0.461  -0.451  -0.436  -0.416  -0.389  -0.353  -0.306  -0.247  -0.173  -0.082   0.027   0.156   0.303   0.468   0.645   0.829   1.015   1.196   1.366   1.520   1.659
   6.900  -0.478  -0.478  -0.478  -0.478  -0.478  -0.478  -0.478  -0.478  -0.478  -0.478  -0.478  -0.478  -0.477  -0.475  -0.473  -0.469  -0.463  -0.454  -0.440  -0.421  -0.396  -0.362  -0.318  -0.261  -0.190  -0.101   0.005   0.131   0.275   0.437   0.610   0.791   0.972   1.148   1.312   1.458   1.586
   6.950  -0.479  -0.479  -0.479  -0.479  -0.479  -0.479  -0.479  -0.479  -0.479  -0.479  -0.479  -0.479  -0.478  -0.476  -0.474  -0.470  -0.464  -0.456  -0.443  -0.426  -0.402  -0.371  -0.329  -0.275  -0.206  -0.120  -0.016   0.107   0.247   0.405   0.575   0.752   0.930   1.100   1.259   1.398   1.520
   7.000  -0.480  -0.480  -0.480  -0.480  -0.480  -0.480  -0.480  -0.480  -0.480  -0.480  -0.480  -0.480  -0.479  -0.477  -0.475  -0.471  -0.466  -0.458  -0.446  -0.430  -0.408  -0.379  -0.339  -0.287  -0.220  -0.137  -0.036   0.083   0.219   0.373   0.539   0.713   0.887   1.051   1.204   1.338   1.456
   7.050  -0.481  -0.481  -0.481  -0.481  -0.481  -0.481  -0.481  -0.481  -0.481  -0.481  -0.481  -0.481  -0.480  -0.479  -0.476  -0.473  -0.468  -0.460  -0.449  -0.434  -0.414  -0.386  -0.347  -0.297  -0.232  -0.152  -0.055   0.060   0.192   0.342   0.504   0.674   0.844   1.003   1.147   1.270   1.374
   7.100  -0.483  -0.483  -0.483  -0.483  -0.483  -0.483  -0.483  -0.483  -0.483  -0.483  -0.482  -0.482  -0.481  -0.480  -0.478  -0.475  -0.470  -0.463  -0.452  -0.438  -0.419  -0.392  -0.355  -0.306  -0.243  -0.166  -0.074   0.037   0.165   0.311   0.468   0.634   0.799   0.952   1.088   1.196   1.280
   7.150  -0.484  -0.484  -0.484  -0.484  -0.484  -0.484  -0.484  -0.484  -0.484  -0.484  -0.484  -0.484  -0.483  -0.482  -0.480  -0.477  -0.472  -0.465  -0.455  -0.442  -0.424  -0.397  -0.362  -0.315  -0.255  -0.182  -0.093   0.014   0.138   0.280   0.433   0.591   0.748   0.899   1.031   1.122   1.188
   7.200  -0.486  -0.486  -0.486  -0.486  -0.486  -0.486  -0.486  -0.486  -0.486  -0.486  -0.486  -0.486  -0.485  -0.484  -0.482  -0.479  -0.475  -0.469  -0.459  -0.446  -0.428  -0.403  -0.369  -0.325  -0.268  -0.198  -0.113  -0.010   0.110   0.248   0.396   0.548   0.697   0.840   0.962   1.045   1.094
   7.250  -0.488  -0.488  -0.488  -0.488  -0.488  -0.488  -0.488  -0.488  -0.488  -0.488  -0.488  -0.488  -0.487  -0.486  -0.484  -0.482  -0.478  -0.472  -0.463  -0.451  -0.433  -0.409  -0.376  -0.334  -0.281  -0.214  -0.132  -0.033   0.082   0.213   0.355   0.508   0.653   0.767   0.858   0.934   0.972
   7.300  -0.490  -0.490  -0.490  -0.490  -0.490  -0.490  -0.490  -0.490  -0.490  -0.490  -0.490  -0.490  -0.489  -0.488  -0.487  -0.485  -0.481  -0.475  -0.467  -0.456  -0.439  -0.415  -0.384  -0.344  -0.294  -0.230  -0.152  -0.057   0.053   0.178   0.314   0.468   0.608   0.695   0.755   0.801   0.829
   7.350  -0.492  -0.492  -0.492  -0.492  -0.492  -0.492  -0.492  -0.492  -0.492  -0.492  -0.492  -0.492  -0.491  -0.491  -0.489  -0.487  -0.484  -0.479  -0.471  -0.461  -0.445  -0.423  -0.393  -0.355  -0.307  -0.247  -0.173  -0.081   0.024   0.144   0.275   0.427   0.566   0.649   0.704   0.726   0.750
   7.400  -0.495  -0.495  -0.495  -0.495  -0.495  -0.495  -0.495  -0.495  -0.495  -0.495  -0.495  -0.495  -0.494  -0.493  -0.492  -0.490  -0.487  -0.483  -0.476  -0.466  -0.451  -0.430  -0.402  -0.366  -0.321  -0.264  -0.194  -0.107  -0.005   0.110   0.236   0.378   0.506   0.586   0.641   0.683   0.708
   7.450  -0.498  -0.498  -0.498  -0.498  -0.498  -0.498  -0.498  -0.498  -0.498  -0.498  -0.498  -0.498  -0.497  -0.497  -0.495  -0.494  -0.491  -0.487  -0.481  -0.471  -0.457  -0.437  -0.411  -0.378  -0.335  -0.281  -0.215  -0.133  -0.037   0.080   0.198   0.302   0.389   0.446   0.485   0.543   0.562
   7.500  -0.501  -0.501  -0.501  -0.501  -0.501  -0.501  -0.501  -0.501  -0.501  -0.501  -0.501  -0.501  -0.501  -0.500  -0.499  -0.497  -0.495  -0.492  -0.486  -0.477  -0.463  -0.444  -0.420  -0.389  -0.349  -0.299  -0.236  -0.160  -0.069   0.048   0.159   0.227   0.273   0.307   0.330   0.348   0.358
   7.550  -0.504  -0.504  -0.504  -0.504  -0.504  -0.505  -0.505  -0.505  -0.505  -0.505  -0.505  -0.505  -0.504  -0.504  -0.503  -0.501  -0.499  -0.496  -0.491  -0.482  -0.469  -0.452  -0.429  -0.400  -0.363  -0.316  -0.258  -0.186  -0.101   0.011   0.116   0.176   0.216   0.245   0.265   0.266   0.275
   7.600  -0.508  -0.508  -0.508  -0.508  -0.508  -0.508  -0.509  -0.509  -0.509  -0.509  -0.509  -0.509  -0.508  -0.508  -0.507  -0.506  -0.504  -0.501  -0.496  -0.488  -0.476  -0.460  -0.439  -0.412  -0.378  -0.335  -0.281  -0.214  -0.133  -0.028   0.072   0.133   0.174   0.205   0.226   0.242   0.251
   7.650  -0.513  -0.513  -0.513  -0.513  -0.513  -0.513  -0.513  -0.513  -0.513  -0.513  -0.513  -0.513  -0.513  -0.512  -0.512  -0.511  -0.509  -0.506  -0.501  -0.494  -0.483  -0.468  -0.449  -0.425  -0.394  -0.355  -0.305  -0.242  -0.166  -0.067   0.028   0.085   0.125   0.154   0.173   0.187   0.196
   7.700  -0.518  -0.518  -0.518  -0.518  -0.518  -0.518  -0.518  -0.518  -0.518  -0.518  -0.518  -0.518  -0.518  -0.518  -0.517  -0.516  -0.515  -0.512  -0.507  -0.500  -0.490  -0.477  -0.460  -0.439  -0.411  -0.376  -0.330  -0.272  -0.201  -0.108  -0.019   0.035   0.072   0.099   0.117   0.132   0.140
   7.750  -0.524  -0.524  -0.524  -0.524  -0.524  -0.524  -0.524  -0.524  -0.524  -0.524  -0.524  -0.524  -0.524  -0.523  -0.523  -0.522  -0.521  -0.518  -0.514  -0.507  -0.498  -0.486  -0.471  -0.452  -0.428  -0.396  -0.355  -0.302  -0.237  -0.150  -0.067  -0.017   0.017   0.043   0.060   0.067   0.074
   7.800  -0.530  -0.530  -0.530  -0.530  -0.530  -0.530  -0.530  -0.530  -0.530  -0.530  -0.530  -0.530  -0.530  -0.530  -0.529  -0.529  -0.528  -0.525  -0.521  -0.515  -0.507  -0.496  -0.483  -0.467  -0.446  -0.418  -0.381  -0.333  -0.274  -0.198  -0.127  -0.083  -0.053  -0.032  -0.017  -0.005   0.002
   7.850  -0.537  -0.537  -0.537  -0.537  -0.537  -0.537  -0.537  -0.537  -0.537  -0.537  -0.537  -0.537  -0.537  -0.537  -0.537  -0.536  -0.535  -0.533  -0.529  -0.523  -0.516  -0.508  -0.497  -0.483  -0.465  -0.442  -0.409  -0.363  -0.313  -0.263  -0.219  -0.191  -0.172  -0.158  -0.149  -0.123  -0.118
   7.900  -0.544  -0.544  -0.544  -0.544  -0.544  -0.544  -0.544  -0.544  -0.545  -0.545  -0.545  -0.545  -0.545  -0.545  -0.545  -0.544  -0.543  -0.541  -0.537  -0.532  -0.526  -0.519  -0.511  -0.500  -0.486  -0.466  -0.439  -0.395  -0.352  -0.326  -0.309  -0.296  -0.287  -0.280  -0.276  -0.272  -0.270
   7.950  -0.552  -0.552  -0.552  -0.552  -0.552  -0.552  -0.552  -0.552  -0.552  -0.553  -0.553  -0.553  -0.553  -0.553  -0.553  -0.552  -0.551  -0.548  -0.545  -0.541  -0.537  -0.531  -0.525  -0.518  -0.507  -0.491  -0.468  -0.429  -0.391  -0.371  -0.358  -0.348  -0.342  -0.337  -0.333  -0.343  -0.341
   8.000  -0.560  -0.560  -0.560  -0.560  -0.560  -0.560  -0.560  -0.560  -0.560  -0.560  -0.561  -0.561  -0.561  -0.561  -0.561  -0.560  -0.559  -0.557  -0.554  -0.551  -0.548  -0.544  -0.540  -0.536  -0.529  -0.518  -0.499  -0.466  -0.432  -0.412  -0.398  -0.389  -0.382  -0.377  -0.373  -0.371  -0.369
   8.100  -0.580  -0.580  -0.580  -0.580  -0.580  -0.580  -0.580  -0.580  -0.580  -0.580  -0.580  -0.580  -0.581  -0.581  -0.581  -0.580  -0.579  -0.578  -0.576  -0.574  -0.573  -0.573  -0.574  -0.576  -0.577  -0.574  -0.566  -0.547  -0.526  -0.514  -0.506  -0.500  -0.496  -0.493  -0.491  -0.489  -0.488
   8.200  -0.604  -0.604  -0.604  -0.604  -0.604  -0.604  -0.604  -0.605  -0.605  -0.605  -0.605  -0.605  -0.605  -0.605  -0.605  -0.605  -0.604  -0.603  -0.603  -0.603  -0.604  -0.608  -0.614  -0.623  -0.631  -0.637  -0.636  -0.623  -0.607  -0.598  -0.593  -0.588  -0.585  -0.583  -0.582  -0.615  -0.615
   8.300  -0.633  -0.633  -0.633  -0.633  -0.633  -0.633  -0.633  -0.633  -0.634  -0.634  -0.634  -0.634  -0.634  -0.634  -0.634  -0.633  -0.633  -0.633  -0.634  -0.636  -0.640  -0.648  -0.659  -0.673  -0.689  -0.703  -0.716  -0.726  -0.733  -0.738  -0.741  -0.744  -0.746  -0.747  -0.748  -0.749  -0.749
   8.400  -0.679  -0.673  -0.669  -0.667  -0.667  -0.666  -0.667  -0.667  -0.667  -0.667  -0.667  -0.667  -0.667  -0.667  -0.667  -0.667  -0.667  -0.668  -0.670  -0.674  -0.681  -0.693  -0.709  -0.724  -0.745  -0.773  -0.822  -0.923  -1.027  -1.088  -1.130  -1.161  -1.182  -1.197  -1.207  -1.098  -1.101
   8.500  -0.704  -0.704  -0.704  -0.704  -0.704  -0.704  -0.704  -0.704  -0.704  -0.704  -0.704  -0.704  -0.704  -0.704  -0.704  -0.704  -0.705  -0.707  -0.710  -0.716  -0.726  -0.743  -0.764  -0.780  -0.807  -0.847  -0.926  -1.097  -1.275  -1.379  -1.450  -1.501  -1.537  -1.563  -1.580  -1.594  -1.602
   8.600  -0.667  -0.706  -0.731  -0.744  -0.743  -0.745  -0.745  -0.745  -0.745  -0.745  -0.745  -0.745  -0.745  -0.745  -0.745  -0.745  -0.747  -0.750  -0.754  -0.763  -0.775  -0.796  -0.823  -0.851  -0.883  -0.935  -1.003  -1.122  -1.280  -1.366  -1.418  -1.461  -1.487  -1.509  -1.522  -1.533  -1.539
   8.700  -0.582  -0.685  -0.753  -0.786  -0.785  -0.790  -0.789  -0.789  -0.789  -0.789  -0.789  -0.789  -0.789  -0.789  -0.789  -0.790  -0.792  -0.796  -0.801  -0.812  -0.828  -0.853  -0.886  -0.924  -0.969  -1.014  -1.061  -1.090  -1.107  -1.121  -1.130  -1.137  -1.141  -1.145  -1.147  -1.149  -1.150

