fixed metal distribution -- based on Grevesse & Sauval (1998)
    form     version        X           Z          logRs    logR_min    logR_max       logTs    logT_min    logT_max
       1          38    0.950000    0.000100          37   -8.000000    1.000000         138    3.750000    8.700000

   logT                       logR = logRho - 3*logT + 18
          -8.000  -7.750  -7.500  -7.250  -7.000  -6.750  -6.500  -6.250  -6.000  -5.750  -5.500  -5.250  -5.000  -4.750  -4.500  -4.250  -4.000  -3.750  -3.500  -3.250  -3.000  -2.750  -2.500  -2.250  -2.000  -1.750  -1.500  -1.250  -1.000  -0.750  -0.500  -0.250   0.000   0.250   0.500   0.750   1.000

   3.750  -0.682  -0.765  -0.855  -0.951  -1.054  -1.158  -1.266  -1.374  -1.483  -1.590  -1.696  -1.797  -1.894  -1.981  -2.059  -2.116  -2.156  -2.168  -2.155  -2.119  -2.060  -1.989  -1.902  -1.810  -1.710  -1.608  -1.501  -1.393  -1.283  -1.171  -1.057  -0.942  -0.825  -0.707  -0.587  -0.466  -0.344
   3.775  -0.541  -0.586  -0.641  -0.707  -0.783  -0.867  -0.959  -1.054  -1.154  -1.253  -1.353  -1.448  -1.540  -1.620  -1.691  -1.742  -1.778  -1.788  -1.776  -1.741  -1.684  -1.617  -1.537  -1.448  -1.348  -1.250  -1.150  -1.046  -0.938  -0.830  -0.720  -0.608  -0.494  -0.378  -0.260  -0.142  -0.022
   3.800  -0.450  -0.468  -0.497  -0.536  -0.586  -0.646  -0.716  -0.790  -0.871  -0.953  -1.038  -1.119  -1.199  -1.267  -1.326  -1.369  -1.399  -1.406  -1.392  -1.359  -1.306  -1.244  -1.170  -1.086  -0.991  -0.898  -0.804  -0.705  -0.602  -0.498  -0.393  -0.285  -0.174  -0.061   0.054   0.170   0.286
   3.825  -0.421  -0.426  -0.436  -0.452  -0.474  -0.503  -0.538  -0.580  -0.628  -0.683  -0.742  -0.802  -0.861  -0.914  -0.958  -0.993  -1.014  -1.016  -1.002  -0.971  -0.925  -0.869  -0.801  -0.724  -0.640  -0.554  -0.465  -0.372  -0.276  -0.177  -0.075   0.027   0.132   0.242   0.354   0.467   0.580
   3.850  -0.421  -0.420  -0.419  -0.418  -0.417  -0.417  -0.420  -0.428  -0.442  -0.464  -0.491  -0.522  -0.553  -0.582  -0.607  -0.625  -0.634  -0.629  -0.612  -0.583  -0.543  -0.491  -0.431  -0.364  -0.290  -0.212  -0.129  -0.044   0.044   0.138   0.235   0.331   0.430   0.534   0.642   0.751   0.861
   3.875  -0.417  -0.414  -0.409  -0.401  -0.392  -0.379  -0.366  -0.352  -0.338  -0.327  -0.316  -0.307  -0.299  -0.291  -0.283  -0.274  -0.262  -0.244  -0.221  -0.191  -0.154  -0.108  -0.055   0.004   0.068   0.136   0.209   0.285   0.366   0.451   0.540   0.630   0.723   0.820   0.921   1.025   1.131
   3.900  -0.417  -0.415  -0.409  -0.401  -0.389  -0.372  -0.350  -0.321  -0.286  -0.245  -0.199  -0.150  -0.100  -0.051  -0.005   0.038   0.078   0.114   0.150   0.186   0.225   0.269   0.316   0.367   0.423   0.482   0.545   0.613   0.685   0.760   0.840   0.923   1.010   1.099   1.191   1.289   1.390
   3.925  -0.418  -0.416  -0.411  -0.404  -0.393  -0.375  -0.350  -0.314  -0.267  -0.207  -0.137  -0.057   0.029   0.117   0.204   0.285   0.360   0.425   0.483   0.535   0.582   0.628   0.674   0.722   0.771   0.823   0.878   0.937   1.000   1.066   1.136   1.210   1.289   1.370   1.456   1.547   1.643
   3.950  -0.420  -0.418  -0.414  -0.410  -0.401  -0.385  -0.360  -0.323  -0.270  -0.200  -0.114  -0.011   0.103   0.225   0.350   0.470   0.582   0.681   0.768   0.841   0.904   0.959   1.009   1.057   1.103   1.151   1.200   1.252   1.306   1.363   1.425   1.490   1.560   1.634   1.713   1.798   1.887
   3.975  -0.419  -0.418  -0.415  -0.411  -0.404  -0.391  -0.368  -0.332  -0.281  -0.210  -0.118  -0.005   0.126   0.272   0.425   0.579   0.728   0.863   0.984   1.087   1.175   1.247   1.309   1.363   1.412   1.459   1.505   1.551   1.599   1.649   1.702   1.760   1.822   1.889   1.961   2.040   2.123
   4.000  -0.418  -0.417  -0.414  -0.412  -0.406  -0.395  -0.375  -0.344  -0.297  -0.229  -0.138  -0.022   0.117   0.277   0.450   0.631   0.811   0.981   1.137   1.273   1.390   1.486   1.567   1.633   1.690   1.741   1.787   1.831   1.875   1.920   1.967   2.019   2.074   2.135   2.201   2.273   2.351
   4.025  -0.417  -0.415  -0.413  -0.412  -0.407  -0.397  -0.380  -0.352  -0.308  -0.244  -0.158  -0.044   0.094   0.257   0.439   0.635   0.835   1.032   1.218   1.387   1.536   1.662   1.768   1.855   1.927   1.987   2.039   2.085   2.129   2.172   2.217   2.265   2.316   2.372   2.433   2.500   2.572
   4.050  -0.415  -0.414  -0.412  -0.411  -0.407  -0.399  -0.383  -0.358  -0.318  -0.260  -0.179  -0.072   0.061   0.222   0.404   0.606   0.819   1.035   1.247   1.445   1.626   1.783   1.918   2.030   2.123   2.198   2.260   2.313   2.360   2.406   2.451   2.498   2.547   2.600   2.657   2.719   2.786
   4.075  -0.414  -0.412  -0.411  -0.409  -0.406  -0.399  -0.385  -0.362  -0.326  -0.272  -0.197  -0.096   0.030   0.185   0.363   0.564   0.781   1.006   1.233   1.453   1.661   1.848   2.013   2.153   2.271   2.366   2.445   2.511   2.567   2.619   2.668   2.716   2.765   2.816   2.871   2.930   2.994
   4.100  -0.412  -0.411  -0.409  -0.408  -0.405  -0.399  -0.386  -0.366  -0.332  -0.283  -0.213  -0.119   0.000   0.147   0.318   0.514   0.728   0.956   1.192   1.428   1.657   1.870   2.064   2.232   2.377   2.497   2.597   2.680   2.750   2.812   2.867   2.919   2.970   3.022   3.076   3.134   3.195
   4.125  -0.411  -0.410  -0.408  -0.406  -0.403  -0.398  -0.386  -0.368  -0.337  -0.291  -0.227  -0.139  -0.027   0.112   0.276   0.465   0.674   0.902   1.141   1.385   1.627   1.860   2.077   2.271   2.444   2.591   2.716   2.820   2.908   2.983   3.047   3.106   3.162   3.216   3.272   3.330   3.391
   4.150  -0.411  -0.409  -0.406  -0.405  -0.402  -0.396  -0.386  -0.368  -0.340  -0.298  -0.239  -0.157  -0.052   0.079   0.236   0.418   0.621   0.846   1.084   1.332   1.582   1.828   2.063   2.280   2.479   2.653   2.805   2.934   3.042   3.132   3.209   3.277   3.339   3.399   3.458   3.519   3.581
   4.175  -0.410  -0.408  -0.405  -0.403  -0.400  -0.394  -0.384  -0.368  -0.343  -0.304  -0.248  -0.172  -0.074   0.051   0.200   0.376   0.574   0.795   1.031   1.280   1.534   1.787   2.035   2.269   2.489   2.688   2.866   3.019   3.150   3.259   3.351   3.431   3.502   3.569   3.633   3.698   3.762
   4.200  -0.410  -0.407  -0.404  -0.401  -0.397  -0.392  -0.382  -0.368  -0.344  -0.308  -0.256  -0.185  -0.092   0.026   0.169   0.339   0.532   0.749   0.983   1.231   1.486   1.743   1.998   2.245   2.482   2.703   2.905   3.083   3.237   3.367   3.476   3.570   3.653   3.728   3.797   3.867   3.934
   4.225  -0.410  -0.406  -0.403  -0.399  -0.395  -0.389  -0.380  -0.366  -0.343  -0.310  -0.262  -0.195  -0.108   0.005   0.143   0.308   0.497   0.710   0.942   1.188   1.443   1.701   1.961   2.217   2.466   2.704   2.927   3.127   3.305   3.456   3.585   3.695   3.790   3.875   3.953   4.028   4.100
   4.250  -0.410  -0.406  -0.402  -0.398  -0.392  -0.386  -0.376  -0.363  -0.341  -0.310  -0.265  -0.202  -0.119  -0.011   0.121   0.282   0.467   0.678   0.908   1.152   1.406   1.665   1.927   2.189   2.447   2.698   2.937   3.157   3.357   3.529   3.679   3.806   3.916   4.012   4.099   4.181   4.257
   4.275  -0.410  -0.406  -0.401  -0.396  -0.390  -0.383  -0.372  -0.358  -0.338  -0.308  -0.266  -0.206  -0.127  -0.024   0.105   0.262   0.444   0.653   0.882   1.126   1.380   1.639   1.902   2.167   2.431   2.691   2.943   3.180   3.398   3.590   3.759   3.905   4.031   4.140   4.236   4.326   4.407
   4.300  -0.410  -0.406  -0.401  -0.395  -0.388  -0.379  -0.368  -0.353  -0.333  -0.304  -0.264  -0.207  -0.132  -0.032   0.093   0.247   0.428   0.636   0.864   1.107   1.361   1.621   1.885   2.151   2.418   2.685   2.946   3.196   3.430   3.641   3.829   3.993   4.135   4.258   4.365   4.462   4.548
   4.325  -0.410  -0.407  -0.402  -0.395  -0.386  -0.376  -0.363  -0.347  -0.326  -0.298  -0.259  -0.205  -0.132  -0.035   0.087   0.239   0.418   0.625   0.852   1.095   1.349   1.609   1.874   2.142   2.412   2.684   2.952   3.212   3.459   3.686   3.891   4.071   4.229   4.365   4.484   4.590   4.681
   4.350  -0.410  -0.407  -0.402  -0.394  -0.385  -0.373  -0.358  -0.341  -0.319  -0.290  -0.252  -0.199  -0.128  -0.034   0.086   0.236   0.415   0.620   0.847   1.090   1.344   1.605   1.871   2.140   2.412   2.687   2.960   3.229   3.486   3.726   3.946   4.141   4.314   4.464   4.595   4.709   4.805
   4.375  -0.409  -0.407  -0.402  -0.395  -0.384  -0.371  -0.355  -0.335  -0.311  -0.281  -0.242  -0.190  -0.121  -0.028   0.090   0.240   0.418   0.623   0.849   1.092   1.347   1.608   1.874   2.145   2.419   2.696   2.974   3.249   3.515   3.765   3.998   4.205   4.391   4.554   4.696   4.818   4.922
   4.400  -0.408  -0.407  -0.402  -0.395  -0.384  -0.370  -0.352  -0.330  -0.303  -0.271  -0.231  -0.178  -0.109  -0.017   0.100   0.250   0.427   0.632   0.858   1.100   1.355   1.617   1.885   2.157   2.432   2.712   2.992   3.272   3.544   3.804   4.046   4.265   4.462   4.636   4.788   4.920   5.031
   4.425  -0.407  -0.406  -0.402  -0.395  -0.385  -0.370  -0.351  -0.326  -0.297  -0.262  -0.218  -0.165  -0.095  -0.003   0.115   0.264   0.441   0.646   0.872   1.115   1.370   1.632   1.901   2.174   2.452   2.733   3.016   3.300   3.577   3.843   4.094   4.322   4.528   4.712   4.873   5.012   5.130
   4.450  -0.406  -0.405  -0.402  -0.396  -0.386  -0.371  -0.351  -0.325  -0.292  -0.254  -0.207  -0.150  -0.078   0.015   0.134   0.283   0.460   0.665   0.892   1.135   1.391   1.654   1.924   2.198   2.477   2.760   3.045   3.331   3.612   3.883   4.140   4.375   4.589   4.780   4.949   5.095   5.220
   4.475  -0.406  -0.405  -0.401  -0.396  -0.387  -0.373  -0.353  -0.325  -0.290  -0.248  -0.197  -0.136  -0.060   0.037   0.157   0.308   0.486   0.691   0.919   1.163   1.420   1.683   1.953   2.228   2.507   2.792   3.078   3.366   3.649   3.924   4.184   4.425   4.644   4.842   5.016   5.167   5.296
   4.500  -0.406  -0.404  -0.401  -0.397  -0.389  -0.376  -0.356  -0.327  -0.291  -0.245  -0.190  -0.124  -0.042   0.058   0.182   0.335   0.515   0.722   0.950   1.195   1.453   1.716   1.987   2.261   2.541   2.826   3.113   3.401   3.686   3.962   4.225   4.468   4.692   4.893   5.072   5.228   5.361
   4.525  -0.406  -0.404  -0.402  -0.398  -0.391  -0.379  -0.359  -0.331  -0.294  -0.246  -0.187  -0.115  -0.028   0.079   0.208   0.365   0.548   0.757   0.986   1.232   1.489   1.753   2.022   2.297   2.576   2.861   3.148   3.436   3.720   3.996   4.260   4.505   4.730   4.934   5.115   5.270   5.404
   4.550  -0.406  -0.404  -0.402  -0.399  -0.393  -0.381  -0.363  -0.336  -0.299  -0.249  -0.187  -0.111  -0.017   0.096   0.232   0.394   0.581   0.792   1.022   1.268   1.526   1.789   2.058   2.332   2.611   2.894   3.179   3.466   3.749   4.023   4.285   4.530   4.756   4.960   5.141   5.297   5.429
   4.575  -0.406  -0.404  -0.402  -0.399  -0.394  -0.384  -0.367  -0.342  -0.305  -0.255  -0.191  -0.111  -0.013   0.107   0.250   0.419   0.611   0.826   1.058   1.305   1.562   1.824   2.092   2.364   2.641   2.922   3.204   3.488   3.767   4.038   4.297   4.540   4.764   4.966   5.146   5.301   5.431
   4.600  -0.406  -0.404  -0.402  -0.400  -0.395  -0.386  -0.371  -0.347  -0.312  -0.263  -0.199  -0.116  -0.014   0.112   0.261   0.437   0.634   0.852   1.087   1.335   1.591   1.853   2.119   2.390   2.664   2.941   3.220   3.499   3.773   4.040   4.295   4.534   4.755   4.955   5.132   5.285   5.413
   4.625  -0.406  -0.404  -0.402  -0.400  -0.396  -0.388  -0.374  -0.352  -0.319  -0.272  -0.208  -0.125  -0.021   0.109   0.262   0.442   0.644   0.866   1.104   1.353   1.610   1.871   2.136   2.404   2.675   2.948   3.221   3.495   3.764   4.025   4.275   4.510   4.727   4.924   5.099   5.251   5.378
   4.650  -0.406  -0.404  -0.402  -0.400  -0.397  -0.390  -0.377  -0.357  -0.326  -0.281  -0.219  -0.137  -0.032   0.099   0.256   0.438   0.644   0.869   1.108   1.358   1.615   1.876   2.139   2.405   2.673   2.942   3.210   3.478   3.740   3.996   4.241   4.471   4.685   4.879   5.051   5.199   5.323
   4.675  -0.406  -0.404  -0.402  -0.400  -0.397  -0.391  -0.380  -0.361  -0.333  -0.290  -0.230  -0.150  -0.046   0.085   0.241   0.425   0.630   0.856   1.096   1.346   1.603   1.863   2.126   2.390   2.655   2.919   3.183   3.445   3.702   3.953   4.193   4.419   4.629   4.821   4.991   5.140   5.263
   4.700  -0.405  -0.404  -0.402  -0.400  -0.397  -0.392  -0.381  -0.365  -0.338  -0.298  -0.241  -0.163  -0.062   0.067   0.221   0.403   0.608   0.832   1.072   1.321   1.578   1.837   2.099   2.361   2.624   2.885   3.145   3.402   3.655   3.900   4.136   4.358   4.565   4.755   4.924   5.070   5.193
   4.725  -0.405  -0.404  -0.402  -0.400  -0.397  -0.392  -0.383  -0.367  -0.343  -0.305  -0.251  -0.177  -0.079   0.046   0.197   0.376   0.577   0.799   1.036   1.283   1.538   1.797   2.058   2.320   2.581   2.841   3.098   3.352   3.601   3.843   4.075   4.294   4.499   4.686   4.854   5.000   5.124
   4.750  -0.405  -0.404  -0.402  -0.400  -0.397  -0.392  -0.383  -0.369  -0.346  -0.312  -0.261  -0.190  -0.096   0.025   0.171   0.345   0.542   0.760   0.993   1.238   1.491   1.749   2.009   2.270   2.531   2.790   3.046   3.298   3.544   3.784   4.013   4.230   4.432   4.617   4.783   4.927   5.052
   4.775  -0.405  -0.404  -0.402  -0.400  -0.398  -0.393  -0.384  -0.371  -0.349  -0.317  -0.269  -0.202  -0.113   0.003   0.144   0.313   0.506   0.719   0.949   1.190   1.441   1.697   1.957   2.218   2.479   2.737   2.993   3.245   3.490   3.728   3.955   4.170   4.369   4.552   4.715   4.859   4.983
   4.800  -0.405  -0.404  -0.402  -0.401  -0.398  -0.393  -0.385  -0.372  -0.352  -0.322  -0.277  -0.213  -0.128  -0.018   0.118   0.282   0.469   0.678   0.904   1.142   1.391   1.645   1.904   2.165   2.426   2.686   2.942   3.193   3.439   3.676   3.902   4.114   4.311   4.490   4.651   4.793   4.915
   4.825  -0.406  -0.404  -0.403  -0.401  -0.399  -0.394  -0.386  -0.374  -0.355  -0.326  -0.283  -0.223  -0.142  -0.037   0.094   0.252   0.435   0.639   0.862   1.098   1.345   1.598   1.856   2.117   2.378   2.638   2.895   3.148   3.393   3.630   3.855   4.065   4.258   4.434   4.591   4.730   4.850
   4.850  -0.406  -0.405  -0.403  -0.402  -0.399  -0.395  -0.388  -0.376  -0.358  -0.330  -0.289  -0.232  -0.155  -0.054   0.072   0.226   0.403   0.604   0.824   1.058   1.303   1.555   1.813   2.073   2.334   2.595   2.853   3.107   3.353   3.590   3.813   4.020   4.210   4.382   4.535   4.670   4.787
   4.875  -0.407  -0.405  -0.404  -0.402  -0.400  -0.396  -0.389  -0.378  -0.361  -0.334  -0.295  -0.240  -0.165  -0.068   0.054   0.203   0.376   0.574   0.791   1.023   1.267   1.519   1.776   2.036   2.298   2.559   2.818   3.072   3.319   3.555   3.777   3.981   4.167   4.334   4.482   4.612   4.725
   4.900  -0.407  -0.406  -0.404  -0.403  -0.401  -0.397  -0.391  -0.381  -0.364  -0.338  -0.300  -0.247  -0.175  -0.081   0.038   0.183   0.354   0.548   0.763   0.994   1.237   1.488   1.745   2.005   2.266   2.528   2.788   3.043   3.289   3.524   3.745   3.945   4.126   4.287   4.430   4.556   4.664
   4.925  -0.407  -0.406  -0.404  -0.403  -0.401  -0.398  -0.392  -0.383  -0.367  -0.343  -0.307  -0.255  -0.185  -0.093   0.023   0.167   0.335   0.527   0.740   0.970   1.212   1.462   1.719   1.979   2.240   2.502   2.762   3.017   3.263   3.497   3.714   3.910   4.086   4.241   4.378   4.499   4.603
   4.950  -0.406  -0.405  -0.404  -0.403  -0.402  -0.399  -0.394  -0.385  -0.371  -0.348  -0.313  -0.263  -0.195  -0.105   0.010   0.151   0.318   0.509   0.721   0.949   1.191   1.440   1.696   1.956   2.217   2.479   2.738   2.992   3.238   3.469   3.683   3.874   4.045   4.194   4.325   4.442   4.543
   4.975  -0.406  -0.405  -0.404  -0.403  -0.402  -0.400  -0.395  -0.387  -0.374  -0.352  -0.320  -0.272  -0.206  -0.118  -0.005   0.135   0.301   0.492   0.703   0.931   1.172   1.420   1.676   1.934   2.195   2.456   2.714   2.967   3.210   3.438   3.648   3.834   3.999   4.142   4.269   4.382   4.481
   5.000  -0.405  -0.404  -0.403  -0.403  -0.402  -0.400  -0.396  -0.389  -0.376  -0.357  -0.326  -0.281  -0.217  -0.131  -0.020   0.119   0.283   0.473   0.684   0.911   1.152   1.400   1.654   1.911   2.170   2.429   2.685   2.936   3.176   3.401   3.606   3.788   3.948   4.087   4.209   4.320   4.419
   5.025  -0.404  -0.403  -0.403  -0.402  -0.401  -0.400  -0.396  -0.390  -0.379  -0.361  -0.332  -0.290  -0.229  -0.145  -0.037   0.100   0.263   0.453   0.663   0.889   1.128   1.375   1.628   1.883   2.140   2.396   2.650   2.897   3.133   3.354   3.555   3.733   3.889   4.025   4.145   4.256   4.354
   5.050  -0.403  -0.403  -0.402  -0.402  -0.401  -0.399  -0.396  -0.390  -0.380  -0.364  -0.338  -0.299  -0.241  -0.161  -0.055   0.080   0.241   0.428   0.637   0.863   1.100   1.345   1.596   1.848   2.102   2.355   2.604   2.848   3.080   3.297   3.495   3.669   3.823   3.958   4.077   4.188   4.288
   5.075  -0.402  -0.401  -0.401  -0.400  -0.400  -0.398  -0.395  -0.390  -0.381  -0.367  -0.343  -0.307  -0.253  -0.176  -0.075   0.056   0.214   0.399   0.606   0.829   1.064   1.306   1.554   1.803   2.052   2.301   2.546   2.785   3.014   3.227   3.423   3.596   3.750   3.885   4.006   4.119   4.221
   5.100  -0.401  -0.400  -0.400  -0.399  -0.398  -0.397  -0.394  -0.389  -0.381  -0.369  -0.347  -0.314  -0.264  -0.192  -0.095   0.031   0.185   0.366   0.569   0.789   1.021   1.259   1.503   1.747   1.993   2.237   2.478   2.713   2.938   3.148   3.342   3.516   3.671   3.808   3.931   4.047   4.153
   5.125  -0.399  -0.399  -0.398  -0.397  -0.396  -0.395  -0.392  -0.388  -0.381  -0.369  -0.350  -0.320  -0.274  -0.206  -0.115   0.005   0.153   0.329   0.526   0.741   0.969   1.203   1.442   1.682   1.922   2.162   2.398   2.629   2.851   3.061   3.255   3.429   3.587   3.727   3.855   3.975   4.084
   5.150  -0.398  -0.397  -0.397  -0.396  -0.395  -0.393  -0.390  -0.387  -0.380  -0.370  -0.352  -0.325  -0.282  -0.220  -0.135  -0.021   0.119   0.288   0.479   0.688   0.911   1.140   1.374   1.609   1.844   2.079   2.311   2.539   2.759   2.968   3.162   3.339   3.500   3.645   3.778   3.902   4.016
   5.175  -0.398  -0.397  -0.396  -0.395  -0.394  -0.392  -0.390  -0.386  -0.380  -0.370  -0.354  -0.329  -0.290  -0.233  -0.154  -0.048   0.085   0.245   0.429   0.631   0.847   1.070   1.299   1.529   1.761   1.991   2.220   2.446   2.664   2.872   3.068   3.248   3.413   3.563   3.701   3.830   3.948
   5.200  -0.398  -0.397  -0.396  -0.395  -0.394  -0.392  -0.390  -0.386  -0.380  -0.371  -0.356  -0.333  -0.298  -0.245  -0.172  -0.073   0.050   0.202   0.377   0.572   0.780   0.998   1.222   1.447   1.674   1.902   2.127   2.351   2.568   2.776   2.974   3.157   3.326   3.482   3.625   3.758   3.881
   5.225  -0.399  -0.398  -0.396  -0.395  -0.394  -0.392  -0.390  -0.386  -0.380  -0.372  -0.358  -0.336  -0.304  -0.256  -0.189  -0.098   0.018   0.160   0.326   0.512   0.714   0.926   1.144   1.365   1.589   1.812   2.036   2.257   2.474   2.683   2.882   3.068   3.242   3.403   3.551   3.689   3.815
   5.250  -0.400  -0.399  -0.397  -0.396  -0.395  -0.393  -0.390  -0.386  -0.381  -0.373  -0.359  -0.340  -0.310  -0.266  -0.204  -0.120  -0.013   0.120   0.277   0.455   0.649   0.854   1.068   1.284   1.504   1.725   1.946   2.166   2.382   2.592   2.792   2.982   3.160   3.326   3.479   3.621   3.750
   5.275  -0.401  -0.400  -0.399  -0.398  -0.396  -0.394  -0.391  -0.388  -0.382  -0.374  -0.362  -0.343  -0.315  -0.275  -0.218  -0.141  -0.042   0.083   0.231   0.400   0.587   0.786   0.994   1.207   1.423   1.641   1.860   2.079   2.294   2.504   2.707   2.900   3.082   3.252   3.410   3.554   3.687
   5.300  -0.403  -0.402  -0.401  -0.400  -0.398  -0.396  -0.393  -0.389  -0.384  -0.376  -0.365  -0.347  -0.321  -0.284  -0.232  -0.160  -0.068   0.049   0.188   0.349   0.529   0.721   0.924   1.133   1.346   1.561   1.778   1.995   2.211   2.421   2.625   2.821   3.007   3.181   3.343   3.490   3.624
   5.325  -0.405  -0.404  -0.403  -0.401  -0.399  -0.397  -0.395  -0.391  -0.386  -0.379  -0.367  -0.351  -0.327  -0.293  -0.244  -0.178  -0.092   0.017   0.148   0.303   0.475   0.661   0.859   1.063   1.272   1.485   1.700   1.916   2.131   2.342   2.548   2.746   2.935   3.113   3.278   3.427   3.563
   5.350  -0.406  -0.405  -0.404  -0.403  -0.401  -0.399  -0.396  -0.393  -0.388  -0.381  -0.371  -0.356  -0.333  -0.301  -0.256  -0.195  -0.115  -0.012   0.112   0.259   0.424   0.605   0.797   0.997   1.203   1.413   1.626   1.841   2.055   2.267   2.474   2.675   2.867   3.047   3.215   3.366   3.502
   5.375  -0.408  -0.407  -0.406  -0.405  -0.403  -0.402  -0.399  -0.396  -0.391  -0.384  -0.375  -0.360  -0.339  -0.310  -0.268  -0.210  -0.135  -0.038   0.079   0.219   0.378   0.553   0.740   0.936   1.138   1.345   1.556   1.770   1.984   2.196   2.404   2.607   2.801   2.984   3.154   3.307   3.443
   5.400  -0.409  -0.409  -0.408  -0.407  -0.406  -0.404  -0.402  -0.398  -0.394  -0.388  -0.379  -0.365  -0.345  -0.318  -0.278  -0.225  -0.154  -0.063   0.049   0.183   0.336   0.505   0.687   0.878   1.077   1.281   1.490   1.703   1.916   2.129   2.338   2.542   2.738   2.924   3.095   3.248   3.385
   5.425  -0.410  -0.410  -0.409  -0.408  -0.407  -0.405  -0.403  -0.401  -0.396  -0.391  -0.382  -0.369  -0.351  -0.325  -0.288  -0.238  -0.171  -0.085   0.021   0.149   0.296   0.460   0.637   0.824   1.020   1.221   1.428   1.639   1.852   2.065   2.276   2.481   2.678   2.865   3.037   3.191   3.328
   5.450  -0.411  -0.410  -0.410  -0.409  -0.408  -0.407  -0.405  -0.402  -0.398  -0.393  -0.385  -0.373  -0.356  -0.332  -0.297  -0.250  -0.187  -0.105  -0.004   0.119   0.260   0.419   0.591   0.774   0.966   1.164   1.369   1.579   1.791   2.005   2.216   2.423   2.621   2.808   2.981   3.136   3.274
   5.475  -0.411  -0.410  -0.410  -0.409  -0.409  -0.408  -0.406  -0.404  -0.401  -0.396  -0.388  -0.377  -0.361  -0.338  -0.305  -0.261  -0.202  -0.124  -0.027   0.090   0.226   0.380   0.548   0.727   0.915   1.111   1.313   1.521   1.733   1.947   2.160   2.366   2.565   2.752   2.925   3.081   3.221
   5.500  -0.411  -0.411  -0.410  -0.410  -0.409  -0.409  -0.407  -0.405  -0.402  -0.398  -0.391  -0.380  -0.365  -0.344  -0.313  -0.271  -0.215  -0.141  -0.049   0.064   0.195   0.344   0.507   0.682   0.867   1.060   1.260   1.467   1.678   1.893   2.106   2.313   2.511   2.698   2.871   3.029   3.171
   5.525  -0.411  -0.411  -0.410  -0.410  -0.410  -0.409  -0.408  -0.407  -0.404  -0.400  -0.393  -0.384  -0.369  -0.349  -0.320  -0.281  -0.227  -0.157  -0.069   0.040   0.166   0.311   0.469   0.640   0.821   1.012   1.210   1.415   1.625   1.841   2.054   2.261   2.459   2.645   2.818   2.978   3.124
   5.550  -0.411  -0.411  -0.411  -0.410  -0.410  -0.410  -0.409  -0.407  -0.405  -0.401  -0.395  -0.387  -0.374  -0.355  -0.328  -0.290  -0.239  -0.172  -0.087   0.017   0.139   0.279   0.434   0.600   0.778   0.966   1.162   1.366   1.576   1.791   2.005   2.211   2.408   2.593   2.767   2.929   3.079
   5.575  -0.411  -0.411  -0.411  -0.411  -0.411  -0.410  -0.409  -0.408  -0.406  -0.403  -0.397  -0.389  -0.377  -0.360  -0.334  -0.298  -0.250  -0.186  -0.104  -0.004   0.114   0.250   0.400   0.563   0.738   0.923   1.117   1.319   1.528   1.744   1.958   2.163   2.359   2.543   2.717   2.882   3.037
   5.600  -0.412  -0.412  -0.411  -0.411  -0.411  -0.410  -0.410  -0.408  -0.406  -0.404  -0.399  -0.392  -0.380  -0.364  -0.340  -0.307  -0.260  -0.199  -0.121  -0.024   0.090   0.222   0.369   0.528   0.700   0.882   1.073   1.275   1.483   1.698   1.912   2.116   2.312   2.495   2.670   2.838   2.999
   5.625  -0.412  -0.412  -0.412  -0.411  -0.411  -0.410  -0.410  -0.409  -0.407  -0.404  -0.400  -0.393  -0.383  -0.368  -0.346  -0.314  -0.271  -0.212  -0.137  -0.043   0.067   0.195   0.338   0.494   0.663   0.842   1.032   1.233   1.441   1.655   1.868   2.071   2.266   2.449   2.625   2.797   2.965
   5.650  -0.412  -0.412  -0.412  -0.411  -0.411  -0.411  -0.410  -0.409  -0.407  -0.405  -0.401  -0.395  -0.386  -0.372  -0.351  -0.322  -0.280  -0.224  -0.153  -0.062   0.045   0.170   0.309   0.462   0.628   0.805   0.993   1.193   1.400   1.614   1.826   2.028   2.221   2.404   2.582   2.759   2.935
   5.675  -0.412  -0.412  -0.412  -0.412  -0.411  -0.411  -0.410  -0.409  -0.408  -0.406  -0.402  -0.396  -0.388  -0.375  -0.356  -0.328  -0.289  -0.236  -0.167  -0.080   0.024   0.145   0.281   0.431   0.594   0.769   0.956   1.155   1.362   1.574   1.785   1.985   2.179   2.362   2.542   2.724   2.907
   5.700  -0.412  -0.412  -0.412  -0.412  -0.411  -0.411  -0.410  -0.410  -0.408  -0.406  -0.403  -0.398  -0.390  -0.378  -0.360  -0.334  -0.297  -0.247  -0.181  -0.097   0.003   0.121   0.254   0.401   0.562   0.735   0.921   1.119   1.325   1.536   1.745   1.945   2.137   2.321   2.504   2.692   2.883
   5.725  -0.412  -0.412  -0.412  -0.412  -0.412  -0.411  -0.411  -0.410  -0.409  -0.407  -0.404  -0.399  -0.391  -0.380  -0.364  -0.339  -0.305  -0.257  -0.194  -0.113  -0.016   0.099   0.229   0.373   0.531   0.703   0.887   1.084   1.290   1.499   1.706   1.905   2.098   2.283   2.468   2.662   2.861
   5.750  -0.412  -0.412  -0.412  -0.412  -0.412  -0.411  -0.411  -0.410  -0.409  -0.407  -0.404  -0.400  -0.393  -0.382  -0.367  -0.344  -0.311  -0.266  -0.205  -0.128  -0.034   0.077   0.204   0.346   0.502   0.672   0.855   1.052   1.256   1.463   1.669   1.867   2.060   2.246   2.435   2.634   2.841
   5.775  -0.412  -0.412  -0.412  -0.412  -0.412  -0.412  -0.411  -0.410  -0.409  -0.408  -0.405  -0.401  -0.394  -0.384  -0.369  -0.348  -0.317  -0.273  -0.216  -0.141  -0.050   0.057   0.181   0.320   0.474   0.643   0.824   1.021   1.224   1.429   1.633   1.830   2.023   2.211   2.403   2.607   2.820
   5.800  -0.412  -0.412  -0.412  -0.412  -0.412  -0.412  -0.411  -0.411  -0.410  -0.408  -0.405  -0.401  -0.395  -0.386  -0.372  -0.351  -0.322  -0.281  -0.226  -0.154  -0.066   0.039   0.160   0.297   0.448   0.616   0.796   0.992   1.194   1.396   1.598   1.794   1.988   2.178   2.373   2.581   2.799
   5.825  -0.412  -0.412  -0.412  -0.412  -0.412  -0.412  -0.411  -0.411  -0.410  -0.408  -0.406  -0.402  -0.396  -0.387  -0.374  -0.355  -0.327  -0.287  -0.235  -0.166  -0.081   0.021   0.140   0.274   0.425   0.591   0.771   0.964   1.165   1.365   1.564   1.760   1.954   2.147   2.345   2.556   2.776
   5.850  -0.412  -0.412  -0.412  -0.412  -0.412  -0.412  -0.411  -0.411  -0.410  -0.409  -0.406  -0.403  -0.397  -0.389  -0.376  -0.358  -0.331  -0.294  -0.243  -0.177  -0.095   0.005   0.121   0.254   0.403   0.568   0.747   0.939   1.137   1.334   1.532   1.727   1.922   2.117   2.319   2.531   2.753
   5.875  -0.412  -0.412  -0.412  -0.412  -0.412  -0.412  -0.411  -0.411  -0.410  -0.409  -0.407  -0.403  -0.398  -0.390  -0.378  -0.361  -0.335  -0.299  -0.251  -0.187  -0.107  -0.010   0.105   0.236   0.384   0.548   0.725   0.915   1.110   1.305   1.500   1.695   1.891   2.089   2.293   2.507   2.729
   5.900  -0.412  -0.412  -0.412  -0.412  -0.412  -0.412  -0.411  -0.411  -0.410  -0.409  -0.407  -0.404  -0.399  -0.391  -0.380  -0.363  -0.339  -0.304  -0.258  -0.196  -0.118  -0.023   0.090   0.220   0.367   0.530   0.705   0.892   1.084   1.276   1.469   1.664   1.861   2.063   2.270   2.483   2.704
   5.925  -0.412  -0.412  -0.412  -0.412  -0.412  -0.412  -0.411  -0.411  -0.410  -0.409  -0.407  -0.404  -0.400  -0.393  -0.382  -0.366  -0.342  -0.309  -0.264  -0.204  -0.128  -0.034   0.077   0.206   0.351   0.513   0.687   0.870   1.058   1.247   1.439   1.634   1.833   2.037   2.247   2.461   2.679
   5.950  -0.412  -0.412  -0.412  -0.412  -0.412  -0.412  -0.411  -0.411  -0.410  -0.409  -0.407  -0.405  -0.400  -0.394  -0.383  -0.368  -0.345  -0.313  -0.270  -0.211  -0.137  -0.044   0.066   0.193   0.337   0.497   0.669   0.848   1.033   1.219   1.409   1.604   1.805   2.013   2.225   2.439   2.654
   5.975  -0.412  -0.412  -0.412  -0.412  -0.412  -0.412  -0.411  -0.411  -0.410  -0.409  -0.408  -0.405  -0.401  -0.394  -0.384  -0.370  -0.348  -0.317  -0.275  -0.218  -0.145  -0.054   0.055   0.182   0.324   0.482   0.651   0.826   1.007   1.191   1.380   1.576   1.779   1.989   2.204   2.416   2.629
   6.000  -0.412  -0.412  -0.412  -0.412  -0.412  -0.412  -0.411  -0.411  -0.410  -0.409  -0.408  -0.405  -0.401  -0.395  -0.386  -0.371  -0.351  -0.321  -0.280  -0.225  -0.153  -0.063   0.044   0.170   0.311   0.466   0.632   0.804   0.981   1.163   1.351   1.548   1.753   1.966   2.182   2.395   2.605
   6.050  -0.412  -0.412  -0.412  -0.412  -0.412  -0.411  -0.411  -0.411  -0.410  -0.409  -0.408  -0.405  -0.402  -0.396  -0.388  -0.375  -0.356  -0.329  -0.291  -0.238  -0.170  -0.082   0.022   0.145   0.282   0.432   0.591   0.756   0.928   1.107   1.295   1.495   1.703   1.920   2.139   2.350   2.556
   6.100  -0.413  -0.413  -0.412  -0.412  -0.412  -0.412  -0.411  -0.411  -0.410  -0.409  -0.408  -0.406  -0.402  -0.398  -0.390  -0.378  -0.361  -0.336  -0.301  -0.251  -0.186  -0.101   0.000   0.118   0.251   0.394   0.547   0.706   0.874   1.052   1.241   1.444   1.656   1.876   2.095   2.304   2.507
   6.150  -0.413  -0.413  -0.413  -0.412  -0.412  -0.412  -0.412  -0.411  -0.411  -0.410  -0.409  -0.407  -0.403  -0.399  -0.391  -0.380  -0.364  -0.341  -0.308  -0.261  -0.199  -0.120  -0.024   0.089   0.216   0.353   0.499   0.654   0.820   0.999   1.191   1.397   1.612   1.833   2.051   2.258   2.457
   6.200  -0.413  -0.413  -0.413  -0.413  -0.413  -0.413  -0.412  -0.412  -0.411  -0.410  -0.409  -0.407  -0.404  -0.400  -0.393  -0.382  -0.367  -0.345  -0.314  -0.270  -0.213  -0.138  -0.047   0.059   0.179   0.309   0.451   0.602   0.767   0.948   1.143   1.353   1.570   1.790   2.007   2.211   2.407
   6.250  -0.413  -0.413  -0.413  -0.413  -0.413  -0.413  -0.413  -0.412  -0.412  -0.411  -0.410  -0.409  -0.406  -0.402  -0.395  -0.385  -0.371  -0.350  -0.320  -0.280  -0.226  -0.156  -0.071   0.029   0.143   0.267   0.404   0.554   0.719   0.902   1.099   1.310   1.528   1.747   1.961   2.164   2.357
   6.300  -0.413  -0.413  -0.413  -0.413  -0.413  -0.413  -0.413  -0.413  -0.413  -0.412  -0.411  -0.410  -0.407  -0.403  -0.397  -0.388  -0.374  -0.355  -0.327  -0.289  -0.239  -0.174  -0.095  -0.001   0.107   0.226   0.360   0.509   0.674   0.859   1.058   1.269   1.486   1.703   1.916   2.116   2.306
   6.350  -0.413  -0.413  -0.413  -0.413  -0.414  -0.414  -0.414  -0.413  -0.413  -0.413  -0.412  -0.411  -0.408  -0.405  -0.399  -0.391  -0.378  -0.360  -0.334  -0.299  -0.252  -0.192  -0.118  -0.030   0.072   0.188   0.318   0.467   0.633   0.819   1.019   1.230   1.446   1.660   1.870   2.067   2.254
   6.400  -0.414  -0.414  -0.414  -0.414  -0.414  -0.414  -0.414  -0.414  -0.413  -0.413  -0.412  -0.411  -0.409  -0.406  -0.401  -0.393  -0.382  -0.365  -0.341  -0.308  -0.265  -0.209  -0.139  -0.056   0.041   0.152   0.281   0.428   0.595   0.782   0.982   1.192   1.406   1.618   1.823   2.017   2.200
   6.450  -0.415  -0.414  -0.414  -0.415  -0.415  -0.415  -0.414  -0.414  -0.414  -0.414  -0.413  -0.412  -0.410  -0.408  -0.403  -0.396  -0.385  -0.370  -0.348  -0.317  -0.277  -0.224  -0.159  -0.080   0.012   0.121   0.247   0.395   0.561   0.747   0.946   1.154   1.366   1.574   1.777   1.966   2.146
   6.500  -0.415  -0.415  -0.415  -0.415  -0.415  -0.415  -0.415  -0.415  -0.414  -0.414  -0.414  -0.413  -0.411  -0.409  -0.404  -0.398  -0.388  -0.374  -0.353  -0.325  -0.287  -0.238  -0.176  -0.102  -0.013   0.093   0.217   0.363   0.529   0.713   0.911   1.117   1.325   1.531   1.730   1.916   2.091
   6.550  -0.415  -0.415  -0.415  -0.415  -0.415  -0.415  -0.415  -0.415  -0.415  -0.415  -0.414  -0.414  -0.412  -0.410  -0.406  -0.400  -0.391  -0.378  -0.359  -0.332  -0.296  -0.250  -0.193  -0.122  -0.037   0.066   0.188   0.333   0.497   0.680   0.876   1.079   1.285   1.487   1.682   1.864   2.035
   6.600  -0.415  -0.415  -0.415  -0.415  -0.415  -0.415  -0.415  -0.415  -0.415  -0.415  -0.415  -0.414  -0.413  -0.411  -0.407  -0.402  -0.393  -0.381  -0.363  -0.338  -0.304  -0.262  -0.207  -0.141  -0.059   0.042   0.161   0.304   0.466   0.647   0.841   1.041   1.244   1.443   1.635   1.812   1.979
   6.650  -0.415  -0.415  -0.415  -0.415  -0.415  -0.415  -0.415  -0.416  -0.416  -0.416  -0.415  -0.415  -0.414  -0.412  -0.408  -0.404  -0.396  -0.384  -0.368  -0.344  -0.312  -0.272  -0.221  -0.157  -0.078   0.020   0.138   0.278   0.438   0.616   0.807   1.004   1.203   1.399   1.587   1.761   1.923
   6.700  -0.416  -0.416  -0.416  -0.416  -0.416  -0.416  -0.416  -0.416  -0.416  -0.416  -0.416  -0.415  -0.414  -0.412  -0.410  -0.405  -0.398  -0.388  -0.372  -0.350  -0.320  -0.282  -0.234  -0.173  -0.096   0.000   0.116   0.254   0.411   0.586   0.773   0.966   1.161   1.354   1.539   1.709   1.867
   6.750  -0.417  -0.417  -0.417  -0.417  -0.417  -0.417  -0.417  -0.417  -0.417  -0.417  -0.417  -0.416  -0.415  -0.414  -0.411  -0.407  -0.400  -0.390  -0.375  -0.355  -0.327  -0.292  -0.246  -0.186  -0.111  -0.017   0.096   0.231   0.384   0.555   0.738   0.928   1.120   1.309   1.490   1.655   1.809
   6.800  -0.418  -0.418  -0.418  -0.418  -0.418  -0.418  -0.418  -0.418  -0.418  -0.418  -0.417  -0.417  -0.416  -0.415  -0.412  -0.409  -0.402  -0.393  -0.379  -0.360  -0.334  -0.301  -0.257  -0.199  -0.126  -0.034   0.076   0.208   0.357   0.525   0.704   0.891   1.079   1.263   1.439   1.600   1.749
   6.850  -0.418  -0.418  -0.418  -0.418  -0.418  -0.419  -0.419  -0.419  -0.418  -0.418  -0.418  -0.418  -0.417  -0.416  -0.414  -0.410  -0.404  -0.395  -0.382  -0.365  -0.341  -0.309  -0.267  -0.212  -0.141  -0.051   0.057   0.185   0.331   0.495   0.671   0.853   1.037   1.217   1.387   1.541   1.681
   6.900  -0.419  -0.419  -0.419  -0.419  -0.419  -0.419  -0.419  -0.419  -0.419  -0.419  -0.419  -0.419  -0.418  -0.417  -0.415  -0.411  -0.406  -0.397  -0.385  -0.369  -0.347  -0.317  -0.277  -0.223  -0.155  -0.068   0.037   0.163   0.305   0.466   0.637   0.816   0.996   1.170   1.334   1.479   1.608
   6.950  -0.420  -0.420  -0.420  -0.420  -0.420  -0.420  -0.420  -0.420  -0.420  -0.420  -0.420  -0.420  -0.419  -0.418  -0.416  -0.413  -0.407  -0.399  -0.388  -0.373  -0.352  -0.324  -0.286  -0.233  -0.167  -0.083   0.019   0.139   0.278   0.434   0.602   0.778   0.954   1.123   1.281   1.419   1.542
   7.000  -0.421  -0.421  -0.421  -0.421  -0.421  -0.421  -0.421  -0.421  -0.421  -0.421  -0.421  -0.421  -0.420  -0.419  -0.417  -0.414  -0.409  -0.402  -0.391  -0.377  -0.357  -0.331  -0.294  -0.243  -0.179  -0.098   0.000   0.116   0.250   0.403   0.567   0.740   0.912   1.075   1.226   1.360   1.478
   7.050  -0.422  -0.422  -0.422  -0.422  -0.422  -0.422  -0.422  -0.422  -0.422  -0.422  -0.422  -0.422  -0.421  -0.420  -0.418  -0.416  -0.411  -0.404  -0.394  -0.381  -0.363  -0.337  -0.301  -0.253  -0.190  -0.112  -0.019   0.094   0.223   0.372   0.532   0.702   0.870   1.026   1.168   1.290   1.393
   7.100  -0.424  -0.424  -0.424  -0.424  -0.424  -0.424  -0.424  -0.424  -0.424  -0.424  -0.423  -0.423  -0.423  -0.422  -0.420  -0.417  -0.413  -0.406  -0.397  -0.386  -0.369  -0.343  -0.308  -0.261  -0.201  -0.127  -0.037   0.071   0.197   0.341   0.497   0.663   0.826   0.976   1.108   1.213   1.294
   7.150  -0.425  -0.425  -0.425  -0.425  -0.425  -0.425  -0.425  -0.425  -0.425  -0.425  -0.425  -0.425  -0.424  -0.424  -0.422  -0.419  -0.415  -0.410  -0.401  -0.390  -0.373  -0.348  -0.314  -0.270  -0.212  -0.142  -0.055   0.049   0.171   0.311   0.463   0.619   0.774   0.922   1.052   1.140   1.205
   7.200  -0.427  -0.427  -0.427  -0.427  -0.427  -0.427  -0.427  -0.427  -0.427  -0.427  -0.427  -0.427  -0.426  -0.425  -0.424  -0.422  -0.418  -0.413  -0.405  -0.394  -0.377  -0.353  -0.321  -0.278  -0.224  -0.157  -0.074   0.027   0.144   0.281   0.427   0.576   0.722   0.864   0.986   1.069   1.118
   7.250  -0.429  -0.429  -0.429  -0.429  -0.429  -0.429  -0.429  -0.429  -0.429  -0.429  -0.429  -0.429  -0.428  -0.427  -0.426  -0.424  -0.420  -0.416  -0.408  -0.398  -0.381  -0.359  -0.328  -0.288  -0.236  -0.172  -0.093   0.004   0.117   0.246   0.386   0.538   0.681   0.796   0.886   0.962   1.000
   7.300  -0.431  -0.431  -0.431  -0.431  -0.431  -0.431  -0.431  -0.431  -0.431  -0.431  -0.431  -0.431  -0.430  -0.429  -0.428  -0.426  -0.423  -0.419  -0.412  -0.401  -0.386  -0.364  -0.335  -0.297  -0.249  -0.188  -0.112  -0.019   0.089   0.211   0.345   0.499   0.640   0.728   0.788   0.834   0.861
   7.350  -0.433  -0.433  -0.433  -0.433  -0.433  -0.433  -0.433  -0.433  -0.433  -0.433  -0.433  -0.433  -0.432  -0.432  -0.430  -0.429  -0.426  -0.422  -0.416  -0.406  -0.391  -0.370  -0.342  -0.307  -0.261  -0.204  -0.132  -0.043   0.061   0.177   0.306   0.458   0.598   0.681   0.737   0.759   0.784
   7.400  -0.436  -0.436  -0.436  -0.436  -0.436  -0.436  -0.436  -0.436  -0.436  -0.436  -0.436  -0.436  -0.435  -0.434  -0.433  -0.431  -0.429  -0.426  -0.420  -0.410  -0.396  -0.376  -0.350  -0.317  -0.274  -0.220  -0.152  -0.067   0.032   0.144   0.267   0.408   0.537   0.617   0.672   0.714   0.740
   7.450  -0.439  -0.439  -0.439  -0.439  -0.439  -0.439  -0.439  -0.439  -0.439  -0.439  -0.439  -0.439  -0.438  -0.438  -0.436  -0.435  -0.433  -0.430  -0.424  -0.414  -0.401  -0.383  -0.358  -0.327  -0.287  -0.236  -0.173  -0.093   0.000   0.114   0.229   0.333   0.419   0.476   0.514   0.572   0.592
   7.500  -0.442  -0.442  -0.442  -0.442  -0.442  -0.442  -0.442  -0.442  -0.442  -0.442  -0.442  -0.442  -0.442  -0.441  -0.440  -0.439  -0.437  -0.434  -0.428  -0.419  -0.406  -0.389  -0.367  -0.338  -0.301  -0.253  -0.194  -0.120  -0.032   0.083   0.191   0.257   0.303   0.336   0.358   0.376   0.386
   7.550  -0.445  -0.445  -0.445  -0.445  -0.445  -0.445  -0.445  -0.446  -0.446  -0.446  -0.446  -0.446  -0.445  -0.445  -0.444  -0.443  -0.441  -0.438  -0.433  -0.424  -0.412  -0.397  -0.376  -0.350  -0.315  -0.271  -0.216  -0.147  -0.064   0.046   0.149   0.208   0.246   0.275   0.294   0.294   0.302
   7.600  -0.449  -0.449  -0.449  -0.449  -0.449  -0.449  -0.449  -0.449  -0.450  -0.450  -0.450  -0.450  -0.449  -0.449  -0.448  -0.447  -0.446  -0.443  -0.438  -0.430  -0.419  -0.405  -0.386  -0.362  -0.330  -0.290  -0.239  -0.174  -0.096   0.007   0.105   0.165   0.205   0.235   0.256   0.271   0.281
   7.650  -0.454  -0.454  -0.454  -0.454  -0.454  -0.454  -0.454  -0.454  -0.454  -0.454  -0.454  -0.454  -0.454  -0.453  -0.453  -0.452  -0.451  -0.448  -0.443  -0.436  -0.426  -0.413  -0.396  -0.374  -0.346  -0.310  -0.263  -0.203  -0.130  -0.032   0.060   0.116   0.155   0.183   0.202   0.216   0.225
   7.700  -0.459  -0.459  -0.459  -0.459  -0.459  -0.459  -0.459  -0.459  -0.459  -0.459  -0.459  -0.459  -0.459  -0.459  -0.458  -0.457  -0.456  -0.453  -0.448  -0.442  -0.433  -0.421  -0.406  -0.388  -0.363  -0.331  -0.288  -0.233  -0.165  -0.074   0.012   0.065   0.100   0.127   0.145   0.159   0.167
   7.750  -0.464  -0.464  -0.464  -0.464  -0.464  -0.464  -0.464  -0.464  -0.465  -0.465  -0.465  -0.465  -0.465  -0.465  -0.464  -0.464  -0.462  -0.459  -0.455  -0.449  -0.441  -0.431  -0.417  -0.402  -0.380  -0.352  -0.313  -0.264  -0.202  -0.118  -0.038   0.011   0.044   0.069   0.085   0.092   0.100
   7.800  -0.470  -0.470  -0.470  -0.470  -0.470  -0.470  -0.470  -0.470  -0.471  -0.471  -0.471  -0.471  -0.471  -0.471  -0.471  -0.470  -0.469  -0.466  -0.462  -0.457  -0.450  -0.441  -0.430  -0.417  -0.399  -0.374  -0.340  -0.296  -0.241  -0.168  -0.099  -0.057  -0.028  -0.007   0.007   0.019   0.025
   7.850  -0.477  -0.477  -0.477  -0.477  -0.477  -0.477  -0.477  -0.477  -0.478  -0.478  -0.478  -0.478  -0.478  -0.478  -0.478  -0.477  -0.476  -0.473  -0.470  -0.465  -0.460  -0.453  -0.444  -0.433  -0.419  -0.398  -0.369  -0.327  -0.280  -0.233  -0.191  -0.164  -0.146  -0.133  -0.124  -0.099  -0.094
   7.900  -0.485  -0.485  -0.485  -0.485  -0.485  -0.485  -0.485  -0.485  -0.485  -0.485  -0.486  -0.486  -0.486  -0.486  -0.486  -0.485  -0.483  -0.481  -0.478  -0.474  -0.470  -0.465  -0.458  -0.451  -0.440  -0.423  -0.399  -0.359  -0.320  -0.297  -0.281  -0.269  -0.261  -0.255  -0.251  -0.248  -0.246
   7.950  -0.493  -0.493  -0.493  -0.493  -0.493  -0.493  -0.493  -0.493  -0.493  -0.493  -0.493  -0.493  -0.494  -0.494  -0.494  -0.492  -0.491  -0.489  -0.487  -0.484  -0.480  -0.477  -0.473  -0.469  -0.462  -0.449  -0.429  -0.394  -0.360  -0.342  -0.331  -0.323  -0.317  -0.313  -0.310  -0.319  -0.318
   8.000  -0.501  -0.501  -0.501  -0.501  -0.501  -0.501  -0.501  -0.501  -0.501  -0.501  -0.501  -0.501  -0.502  -0.502  -0.502  -0.501  -0.499  -0.498  -0.496  -0.494  -0.491  -0.489  -0.488  -0.487  -0.484  -0.475  -0.460  -0.431  -0.402  -0.385  -0.373  -0.364  -0.359  -0.354  -0.351  -0.349  -0.348
   8.100  -0.521  -0.521  -0.521  -0.521  -0.521  -0.521  -0.521  -0.521  -0.521  -0.521  -0.521  -0.521  -0.522  -0.522  -0.522  -0.521  -0.520  -0.519  -0.518  -0.518  -0.518  -0.520  -0.523  -0.529  -0.533  -0.534  -0.529  -0.514  -0.498  -0.489  -0.482  -0.478  -0.475  -0.472  -0.471  -0.470  -0.469
   8.200  -0.545  -0.545  -0.545  -0.545  -0.545  -0.545  -0.545  -0.545  -0.545  -0.546  -0.546  -0.546  -0.546  -0.546  -0.546  -0.545  -0.545  -0.545  -0.545  -0.547  -0.550  -0.556  -0.564  -0.577  -0.589  -0.598  -0.600  -0.591  -0.579  -0.573  -0.568  -0.565  -0.563  -0.562  -0.561  -0.597  -0.597
   8.300  -0.574  -0.574  -0.574  -0.574  -0.574  -0.574  -0.574  -0.574  -0.574  -0.574  -0.575  -0.575  -0.575  -0.574  -0.574  -0.574  -0.574  -0.575  -0.577  -0.580  -0.586  -0.597  -0.611  -0.629  -0.649  -0.667  -0.683  -0.697  -0.708  -0.715  -0.720  -0.724  -0.727  -0.729  -0.730  -0.731  -0.731
   8.400  -0.618  -0.612  -0.609  -0.608  -0.608  -0.608  -0.608  -0.607  -0.608  -0.608  -0.608  -0.608  -0.608  -0.608  -0.607  -0.608  -0.608  -0.610  -0.613  -0.618  -0.627  -0.643  -0.662  -0.679  -0.704  -0.742  -0.801  -0.910  -1.020  -1.084  -1.129  -1.161  -1.183  -1.199  -1.211  -1.095  -1.098
   8.500  -0.644  -0.644  -0.644  -0.644  -0.645  -0.645  -0.645  -0.645  -0.645  -0.645  -0.645  -0.645  -0.645  -0.645  -0.645  -0.646  -0.647  -0.649  -0.653  -0.661  -0.673  -0.694  -0.718  -0.735  -0.765  -0.820  -0.915  -1.095  -1.280  -1.388  -1.463  -1.517  -1.554  -1.581  -1.599  -1.614  -1.622
   8.600  -0.619  -0.652  -0.674  -0.685  -0.684  -0.686  -0.686  -0.686  -0.686  -0.686  -0.686  -0.685  -0.685  -0.686  -0.686  -0.687  -0.689  -0.692  -0.697  -0.708  -0.722  -0.747  -0.778  -0.809  -0.842  -0.905  -0.987  -1.114  -1.277  -1.367  -1.421  -1.466  -1.494  -1.516  -1.530  -1.541  -1.548
   8.700  -0.553  -0.642  -0.700  -0.728  -0.726  -0.731  -0.730  -0.730  -0.730  -0.730  -0.730  -0.730  -0.729  -0.730  -0.731  -0.732  -0.734  -0.738  -0.745  -0.758  -0.776  -0.805  -0.843  -0.885  -0.932  -0.980  -1.031  -1.062  -1.081  -1.096  -1.105  -1.113  -1.118  -1.121  -1.124  -1.126  -1.127

