fixed metal distribution -- based on Grevesse & Sauval (1998) solar abundances
    form     version        X           Z          logRs    logR_min    logR_max       logTs    logT_min    logT_max
       1          38    0.970000    0.030000          37   -8.000000    1.000000         138    3.750000    8.700000

   logT                       logR = logRho - 3*logT + 18
          -8.000  -7.750  -7.500  -7.250  -7.000  -6.750  -6.500  -6.250  -6.000  -5.750  -5.500  -5.250  -5.000  -4.750  -4.500  -4.250  -4.000  -3.750  -3.500  -3.250  -3.000  -2.750  -2.500  -2.250  -2.000  -1.750  -1.500  -1.250  -1.000  -0.750  -0.500  -0.250   0.000   0.250   0.500   0.750   1.000

   3.750  -0.666  -0.748  -0.837  -0.932  -1.034  -1.138  -1.245  -1.352  -1.459  -1.565  -1.669  -1.768  -1.863  -1.947  -2.021  -2.073  -2.106  -2.111  -2.092  -2.049  -1.982  -1.902  -1.806  -1.701  -1.585  -1.469  -1.350  -1.210  -1.055  -0.894  -0.724  -0.544  -0.354  -0.157   0.048   0.236   0.414
   3.775  -0.520  -0.565  -0.620  -0.685  -0.761  -0.845  -0.937  -1.032  -1.130  -1.229  -1.328  -1.422  -1.512  -1.589  -1.656  -1.704  -1.736  -1.740  -1.721  -1.681  -1.618  -1.545  -1.457  -1.358  -1.246  -1.140  -1.033  -0.906  -0.765  -0.625  -0.480  -0.325  -0.163   0.012   0.197   0.366   0.527
   3.800  -0.426  -0.444  -0.472  -0.511  -0.561  -0.621  -0.691  -0.765  -0.846  -0.928  -1.013  -1.093  -1.172  -1.238  -1.294  -1.334  -1.361  -1.363  -1.344  -1.306  -1.248  -1.181  -1.102  -1.010  -0.905  -0.808  -0.711  -0.595  -0.467  -0.342  -0.216  -0.081   0.060   0.215   0.381   0.535   0.685
   3.825  -0.393  -0.397  -0.406  -0.422  -0.444  -0.472  -0.508  -0.551  -0.600  -0.656  -0.715  -0.775  -0.833  -0.885  -0.927  -0.959  -0.977  -0.976  -0.957  -0.922  -0.872  -0.811  -0.738  -0.653  -0.562  -0.476  -0.384  -0.274  -0.159  -0.044   0.073   0.194   0.322   0.462   0.607   0.744   0.887
   3.850  -0.390  -0.387  -0.385  -0.383  -0.381  -0.381  -0.384  -0.394  -0.409  -0.432  -0.460  -0.491  -0.523  -0.552  -0.575  -0.591  -0.597  -0.589  -0.569  -0.536  -0.492  -0.436  -0.370  -0.296  -0.216  -0.137  -0.052   0.048   0.155   0.262   0.372   0.485   0.602   0.726   0.856   0.992   1.134
   3.875  -0.387  -0.381  -0.374  -0.364  -0.352  -0.339  -0.324  -0.311  -0.298  -0.288  -0.279  -0.271  -0.264  -0.257  -0.249  -0.239  -0.225  -0.205  -0.179  -0.146  -0.104  -0.054   0.004   0.068   0.136   0.208   0.286   0.375   0.469   0.568   0.669   0.773   0.880   0.992   1.110   1.233   1.366
   3.900  -0.388  -0.383  -0.374  -0.363  -0.347  -0.328  -0.304  -0.274  -0.239  -0.198  -0.154  -0.107  -0.059  -0.012   0.034   0.076   0.117   0.155   0.192   0.232   0.274   0.322   0.373   0.428   0.488   0.553   0.624   0.701   0.784   0.873   0.966   1.061   1.159   1.262   1.370   1.483   1.602
   3.925  -0.391  -0.386  -0.377  -0.366  -0.351  -0.329  -0.300  -0.262  -0.213  -0.153  -0.083  -0.005   0.079   0.164   0.249   0.329   0.403   0.468   0.528   0.581   0.631   0.681   0.731   0.782   0.835   0.893   0.956   1.024   1.097   1.176   1.260   1.346   1.436   1.531   1.630   1.732   1.841
   3.950  -0.394  -0.389  -0.382  -0.373  -0.360  -0.339  -0.309  -0.267  -0.211  -0.138  -0.051   0.051   0.164   0.284   0.405   0.523   0.633   0.731   0.817   0.891   0.955   1.013   1.067   1.118   1.169   1.223   1.279   1.340   1.404   1.475   1.549   1.627   1.709   1.796   1.888   1.984   2.084
   3.975  -0.394  -0.390  -0.383  -0.376  -0.363  -0.344  -0.315  -0.274  -0.217  -0.141  -0.046   0.070   0.201   0.346   0.497   0.648   0.793   0.926   1.045   1.147   1.234   1.308   1.373   1.430   1.483   1.535   1.588   1.643   1.701   1.763   1.830   1.900   1.974   2.054   2.138   2.226   2.319
   4.000  -0.393  -0.389  -0.383  -0.377  -0.366  -0.349  -0.322  -0.283  -0.229  -0.153  -0.056   0.065   0.207   0.368   0.541   0.720   0.896   1.062   1.214   1.347   1.462   1.558   1.639   1.708   1.768   1.824   1.877   1.929   1.983   2.039   2.099   2.162   2.230   2.302   2.380   2.462   2.549
   4.025  -0.390  -0.386  -0.382  -0.376  -0.367  -0.351  -0.327  -0.290  -0.238  -0.164  -0.068   0.054   0.199   0.367   0.551   0.746   0.944   1.136   1.317   1.480   1.625   1.748   1.852   1.940   2.015   2.079   2.137   2.192   2.244   2.298   2.354   2.412   2.474   2.540   2.611   2.686   2.766
   4.050  -0.385  -0.382  -0.378  -0.373  -0.365  -0.351  -0.329  -0.295  -0.246  -0.176  -0.083   0.036   0.179   0.348   0.536   0.740   0.952   1.164   1.369   1.560   1.734   1.885   2.017   2.127   2.221   2.299   2.367   2.427   2.483   2.537   2.591   2.647   2.705   2.766   2.831   2.900   2.973
   4.075  -0.379  -0.376  -0.372  -0.368  -0.360  -0.348  -0.328  -0.297  -0.251  -0.185  -0.096   0.019   0.158   0.325   0.512   0.718   0.935   1.157   1.378   1.590   1.788   1.967   2.127   2.263   2.380   2.477   2.560   2.630   2.693   2.751   2.807   2.863   2.919   2.978   3.038   3.103   3.171
   4.100  -0.373  -0.369  -0.365  -0.360  -0.354  -0.343  -0.324  -0.296  -0.253  -0.192  -0.108   0.001   0.135   0.296   0.479   0.683   0.900   1.127   1.357   1.584   1.803   2.007   2.193   2.356   2.498   2.617   2.718   2.803   2.877   2.942   3.002   3.060   3.117   3.175   3.233   3.295   3.359
   4.125  -0.368  -0.363  -0.358  -0.353  -0.346  -0.336  -0.319  -0.293  -0.254  -0.197  -0.119  -0.016   0.111   0.265   0.443   0.641   0.857   1.084   1.319   1.555   1.788   2.011   2.219   2.407   2.575   2.718   2.841   2.945   3.033   3.109   3.176   3.239   3.299   3.357   3.416   3.477   3.539
   4.150  -0.366  -0.360  -0.353  -0.347  -0.339  -0.329  -0.312  -0.288  -0.252  -0.199  -0.127  -0.031   0.089   0.235   0.406   0.598   0.809   1.034   1.270   1.512   1.754   1.990   2.217   2.427   2.619   2.787   2.934   3.058   3.164   3.253   3.330   3.400   3.465   3.526   3.587   3.648   3.709
   4.175  -0.366  -0.358  -0.351  -0.343  -0.334  -0.322  -0.305  -0.281  -0.247  -0.197  -0.130  -0.040   0.073   0.211   0.373   0.559   0.764   0.986   1.221   1.464   1.711   1.957   2.196   2.424   2.636   2.827   2.997   3.144   3.269   3.375   3.465   3.544   3.616   3.683   3.746   3.811   3.873
   4.200  -0.367  -0.358  -0.350  -0.341  -0.330  -0.317  -0.299  -0.275  -0.241  -0.193  -0.129  -0.045   0.061   0.192   0.346   0.524   0.723   0.941   1.173   1.415   1.665   1.916   2.164   2.405   2.634   2.846   3.039   3.207   3.354   3.477   3.582   3.673   3.754   3.828   3.896   3.964   4.030
   4.225  -0.368  -0.360  -0.351  -0.341  -0.329  -0.315  -0.296  -0.272  -0.238  -0.191  -0.129  -0.048   0.054   0.178   0.326   0.497   0.689   0.901   1.130   1.371   1.620   1.874   2.128   2.378   2.620   2.849   3.061   3.251   3.419   3.562   3.684   3.789   3.881   3.964   4.039   4.112   4.181
   4.250  -0.368  -0.360  -0.351  -0.341  -0.329  -0.314  -0.295  -0.269  -0.235  -0.188  -0.127  -0.049   0.049   0.169   0.310   0.475   0.662   0.869   1.094   1.332   1.580   1.834   2.091   2.348   2.599   2.842   3.071   3.281   3.470   3.632   3.772   3.893   3.998   4.091   4.175   4.254   4.328
   4.275  -0.365  -0.358  -0.349  -0.339  -0.327  -0.312  -0.293  -0.268  -0.233  -0.187  -0.127  -0.050   0.046   0.162   0.300   0.461   0.644   0.848   1.069   1.305   1.551   1.804   2.062   2.322   2.579   2.832   3.074   3.300   3.506   3.687   3.846   3.984   4.104   4.210   4.303   4.390   4.468
   4.300  -0.360  -0.354  -0.345  -0.336  -0.324  -0.309  -0.290  -0.265  -0.231  -0.186  -0.127  -0.051   0.043   0.157   0.293   0.452   0.632   0.834   1.053   1.286   1.530   1.782   2.040   2.301   2.562   2.822   3.073   3.312   3.534   3.733   3.910   4.065   4.201   4.320   4.424   4.519   4.603
   4.325  -0.355  -0.348  -0.340  -0.330  -0.318  -0.304  -0.284  -0.260  -0.227  -0.184  -0.127  -0.054   0.038   0.151   0.285   0.443   0.623   0.824   1.042   1.274   1.518   1.770   2.027   2.289   2.553   2.816   3.075   3.324   3.558   3.772   3.966   4.138   4.289   4.422   4.538   4.640   4.729
   4.350  -0.351  -0.343  -0.335  -0.324  -0.312  -0.296  -0.277  -0.253  -0.221  -0.179  -0.124  -0.054   0.036   0.147   0.280   0.439   0.619   0.820   1.038   1.271   1.514   1.765   2.023   2.286   2.551   2.817   3.079   3.336   3.581   3.808   4.017   4.204   4.370   4.516   4.643   4.754   4.847
   4.375  -0.348  -0.340  -0.331  -0.319  -0.305  -0.288  -0.266  -0.241  -0.208  -0.167  -0.115  -0.046   0.040   0.149   0.281   0.440   0.621   0.823   1.042   1.275   1.519   1.771   2.029   2.291   2.557   2.824   3.091   3.353   3.605   3.844   4.065   4.264   4.443   4.602   4.740   4.859   4.959
   4.400  -0.347  -0.339  -0.328  -0.315  -0.299  -0.280  -0.256  -0.229  -0.194  -0.153  -0.100  -0.034   0.051   0.158   0.288   0.447   0.628   0.831   1.051   1.285   1.530   1.783   2.042   2.304   2.570   2.839   3.107   3.373   3.632   3.879   4.111   4.321   4.511   4.680   4.828   4.956   5.064
   4.425  -0.347  -0.338  -0.327  -0.314  -0.297  -0.276  -0.250  -0.219  -0.181  -0.137  -0.082  -0.015   0.069   0.174   0.302   0.458   0.637   0.840   1.061   1.296   1.543   1.797   2.057   2.322   2.589   2.859   3.130   3.399   3.662   3.916   4.155   4.374   4.573   4.751   4.909   5.044   5.159
   4.450  -0.347  -0.339  -0.328  -0.314  -0.297  -0.275  -0.246  -0.212  -0.171  -0.122  -0.063   0.006   0.091   0.196   0.322   0.476   0.653   0.855   1.075   1.312   1.560   1.816   2.078   2.344   2.613   2.885   3.157   3.428   3.694   3.952   4.197   4.423   4.630   4.815   4.980   5.123   5.245
   4.475  -0.345  -0.338  -0.327  -0.315  -0.298  -0.275  -0.246  -0.210  -0.165  -0.112  -0.049   0.026   0.115   0.222   0.350   0.503   0.679   0.880   1.099   1.335   1.584   1.841   2.104   2.371   2.642   2.915   3.188   3.460   3.728   3.989   4.237   4.468   4.680   4.872   5.042   5.190   5.316
   4.500  -0.344  -0.336  -0.327  -0.315  -0.299  -0.277  -0.248  -0.210  -0.163  -0.106  -0.038   0.042   0.137   0.248   0.380   0.534   0.711   0.910   1.128   1.364   1.613   1.869   2.133   2.401   2.673   2.946   3.220   3.493   3.762   4.023   4.273   4.506   4.722   4.917   5.092   5.244   5.375
   4.525  -0.342  -0.335  -0.325  -0.314  -0.299  -0.278  -0.250  -0.212  -0.164  -0.105  -0.033   0.051   0.151   0.269   0.405   0.564   0.743   0.943   1.161   1.396   1.643   1.899   2.163   2.431   2.703   2.976   3.250   3.523   3.792   4.053   4.302   4.536   4.753   4.949   5.126   5.279   5.411
   4.550  -0.341  -0.334  -0.324  -0.314  -0.299  -0.279  -0.252  -0.215  -0.167  -0.107  -0.033   0.056   0.162   0.286   0.429   0.592   0.775   0.977   1.196   1.430   1.676   1.931   2.193   2.461   2.731   3.004   3.278   3.550   3.817   4.075   4.323   4.555   4.771   4.967   5.143   5.296   5.428
   4.575  -0.341  -0.333  -0.323  -0.313  -0.299  -0.279  -0.253  -0.216  -0.169  -0.108  -0.033   0.060   0.170   0.300   0.449   0.619   0.808   1.014   1.235   1.469   1.714   1.967   2.226   2.491   2.759   3.029   3.300   3.570   3.834   4.089   4.332   4.561   4.772   4.966   5.139   5.291   5.422
   4.600  -0.341  -0.332  -0.323  -0.312  -0.298  -0.279  -0.253  -0.218  -0.171  -0.110  -0.034   0.061   0.174   0.309   0.465   0.641   0.836   1.046   1.270   1.505   1.750   2.000   2.257   2.517   2.781   3.049   3.316   3.582   3.842   4.093   4.331   4.553   4.759   4.948   5.117   5.266   5.395
   4.625  -0.340  -0.332  -0.323  -0.312  -0.299  -0.280  -0.255  -0.220  -0.173  -0.113  -0.036   0.060   0.176   0.314   0.473   0.654   0.852   1.067   1.294   1.531   1.776   2.025   2.279   2.537   2.797   3.060   3.323   3.584   3.839   4.083   4.315   4.531   4.731   4.914   5.078   5.225   5.352
   4.650  -0.339  -0.332  -0.322  -0.312  -0.299  -0.281  -0.256  -0.222  -0.176  -0.116  -0.039   0.058   0.175   0.315   0.476   0.659   0.861   1.078   1.308   1.547   1.793   2.042   2.295   2.549   2.806   3.064   3.322   3.578   3.826   4.064   4.288   4.497   4.690   4.866   5.026   5.168   5.292
   4.675  -0.338  -0.330  -0.321  -0.311  -0.298  -0.281  -0.258  -0.225  -0.181  -0.122  -0.046   0.051   0.169   0.310   0.473   0.658   0.861   1.080   1.312   1.553   1.799   2.049   2.300   2.553   2.806   3.060   3.312   3.561   3.803   4.033   4.250   4.452   4.638   4.809   4.964   5.104   5.226
   4.700  -0.337  -0.328  -0.318  -0.309  -0.297  -0.281  -0.259  -0.228  -0.186  -0.129  -0.054   0.042   0.160   0.301   0.464   0.650   0.854   1.075   1.307   1.548   1.796   2.045   2.296   2.547   2.798   3.048   3.295   3.538   3.772   3.995   4.205   4.399   4.579   4.745   4.895   5.031   5.152
   4.725  -0.336  -0.327  -0.317  -0.307  -0.295  -0.280  -0.259  -0.230  -0.190  -0.135  -0.062   0.032   0.148   0.288   0.451   0.637   0.840   1.060   1.292   1.533   1.780   2.029   2.280   2.531   2.780   3.027   3.270   3.507   3.736   3.951   4.154   4.343   4.517   4.677   4.824   4.958   5.078
   4.750  -0.336  -0.326  -0.316  -0.306  -0.294  -0.279  -0.258  -0.231  -0.193  -0.140  -0.070   0.021   0.135   0.274   0.435   0.619   0.822   1.040   1.271   1.510   1.756   2.006   2.256   2.507   2.755   3.001   3.240   3.473   3.695   3.905   4.101   4.284   4.452   4.608   4.751   4.882   5.001
   4.775  -0.337  -0.327  -0.316  -0.306  -0.294  -0.279  -0.259  -0.232  -0.195  -0.144  -0.077   0.012   0.123   0.260   0.419   0.600   0.800   1.016   1.245   1.483   1.728   1.976   2.227   2.477   2.725   2.970   3.208   3.436   3.654   3.858   4.049   4.225   4.389   4.540   4.679   4.809   4.927
   4.800  -0.337  -0.327  -0.317  -0.307  -0.295  -0.279  -0.259  -0.233  -0.197  -0.148  -0.082   0.005   0.113   0.246   0.402   0.581   0.778   0.991   1.217   1.452   1.695   1.943   2.193   2.444   2.692   2.936   3.173   3.399   3.613   3.812   3.998   4.169   4.327   4.473   4.609   4.736   4.854
   4.825  -0.337  -0.328  -0.318  -0.308  -0.295  -0.280  -0.260  -0.234  -0.198  -0.150  -0.086  -0.001   0.105   0.235   0.387   0.561   0.754   0.963   1.186   1.419   1.660   1.908   2.158   2.409   2.658   2.902   3.138   3.363   3.574   3.769   3.950   4.115   4.268   4.410   4.541   4.666   4.783
   4.850  -0.336  -0.327  -0.318  -0.308  -0.295  -0.280  -0.259  -0.233  -0.198  -0.151  -0.088  -0.006   0.098   0.225   0.373   0.543   0.732   0.937   1.156   1.386   1.626   1.872   2.122   2.374   2.624   2.868   3.104   3.327   3.536   3.728   3.904   4.064   4.212   4.349   4.476   4.598   4.713
   4.875  -0.333  -0.325  -0.315  -0.305  -0.293  -0.277  -0.257  -0.231  -0.197  -0.151  -0.089  -0.009   0.092   0.216   0.362   0.528   0.712   0.913   1.129   1.357   1.594   1.840   2.089   2.341   2.591   2.835   3.071   3.293   3.500   3.689   3.861   4.017   4.159   4.291   4.414   4.533   4.646
   4.900  -0.327  -0.319  -0.310  -0.300  -0.288  -0.273  -0.253  -0.228  -0.194  -0.149  -0.089  -0.010   0.088   0.210   0.352   0.515   0.696   0.893   1.105   1.330   1.566   1.810   2.059   2.310   2.560   2.804   3.040   3.261   3.466   3.652   3.820   3.971   4.109   4.235   4.355   4.471   4.582
   4.925  -0.317  -0.309  -0.301  -0.292  -0.280  -0.266  -0.247  -0.222  -0.189  -0.145  -0.087  -0.011   0.086   0.205   0.344   0.504   0.682   0.877   1.086   1.308   1.541   1.783   2.031   2.282   2.531   2.776   3.011   3.231   3.434   3.617   3.781   3.928   4.060   4.182   4.297   4.410   4.519
   4.950  -0.301  -0.295  -0.288  -0.279  -0.268  -0.254  -0.236  -0.213  -0.181  -0.139  -0.082  -0.008   0.086   0.203   0.340   0.498   0.674   0.865   1.071   1.290   1.520   1.760   2.006   2.256   2.506   2.750   2.984   3.203   3.404   3.583   3.744   3.885   4.013   4.130   4.241   4.351   4.459
   4.975  -0.279  -0.274  -0.267  -0.259  -0.250  -0.237  -0.220  -0.199  -0.168  -0.128  -0.073   0.000   0.091   0.206   0.341   0.497   0.671   0.861   1.064   1.280   1.506   1.743   1.987   2.236   2.484   2.726   2.959   3.176   3.375   3.550   3.707   3.844   3.967   4.079   4.186   4.293   4.399
   5.000  -0.250  -0.245  -0.239  -0.233  -0.224  -0.213  -0.198  -0.177  -0.149  -0.110  -0.057   0.013   0.102   0.214   0.347   0.501   0.673   0.860   1.060   1.273   1.497   1.731   1.972   2.218   2.464   2.705   2.936   3.150   3.346   3.519   3.671   3.803   3.921   4.029   4.132   4.237   4.342
   5.025  -0.214  -0.209  -0.204  -0.198  -0.190  -0.180  -0.166  -0.147  -0.120  -0.084  -0.034   0.033   0.119   0.227   0.356   0.507   0.676   0.860   1.058   1.268   1.489   1.720   1.958   2.203   2.447   2.686   2.915   3.127   3.320   3.489   3.636   3.763   3.876   3.980   4.079   4.182   4.285
   5.050  -0.174  -0.169  -0.163  -0.157  -0.149  -0.139  -0.125  -0.107  -0.082  -0.048  -0.001   0.062   0.144   0.248   0.372   0.519   0.684   0.864   1.059   1.266   1.484   1.712   1.947   2.189   2.431   2.668   2.895   3.105   3.295   3.459   3.601   3.723   3.832   3.931   4.027   4.128   4.230
   5.075  -0.133  -0.125  -0.117  -0.109  -0.100  -0.089  -0.075  -0.057  -0.032   0.001   0.045   0.105   0.182   0.280   0.398   0.538   0.697   0.874   1.065   1.268   1.483   1.707   1.939   2.177   2.416   2.651   2.876   3.083   3.269   3.429   3.567   3.684   3.787   3.883   3.975   4.074   4.176
   5.100  -0.095  -0.084  -0.073  -0.062  -0.050  -0.037  -0.022  -0.002   0.023   0.056   0.100   0.157   0.230   0.322   0.433   0.566   0.719   0.889   1.076   1.275   1.486   1.706   1.933   2.167   2.402   2.635   2.857   3.061   3.244   3.399   3.533   3.645   3.743   3.835   3.925   4.021   4.122
   5.125  -0.067  -0.052  -0.036  -0.021  -0.005   0.012   0.031   0.054   0.082   0.117   0.161   0.217   0.287   0.374   0.479   0.605   0.749   0.914   1.094   1.288   1.494   1.709   1.931   2.160   2.391   2.621   2.840   3.040   3.220   3.370   3.498   3.605   3.699   3.787   3.875   3.970   4.070
   5.150  -0.049  -0.030  -0.010   0.010   0.031   0.053   0.078   0.105   0.137   0.176   0.222   0.279   0.349   0.432   0.532   0.651   0.788   0.945   1.118   1.306   1.506   1.716   1.933   2.157   2.383   2.608   2.823   3.020   3.195   3.340   3.463   3.565   3.655   3.740   3.825   3.919   4.018
   5.175  -0.047  -0.023   0.002   0.027   0.053   0.081   0.112   0.145   0.183   0.227   0.279   0.339   0.411   0.494   0.592   0.705   0.835   0.984   1.149   1.331   1.524   1.728   1.940   2.158   2.378   2.598   2.808   2.999   3.169   3.309   3.426   3.524   3.611   3.693   3.777   3.869   3.968
   5.200  -0.056  -0.029   0.000   0.030   0.062   0.095   0.132   0.172   0.217   0.268   0.325   0.392   0.467   0.552   0.649   0.759   0.883   1.025   1.183   1.357   1.544   1.742   1.948   2.161   2.376   2.589   2.793   2.979   3.142   3.276   3.389   3.483   3.566   3.647   3.729   3.820   3.918
   5.225  -0.078  -0.048  -0.016   0.018   0.054   0.093   0.135   0.182   0.233   0.291   0.356   0.429   0.510   0.599   0.698   0.806   0.927   1.063   1.214   1.382   1.563   1.755   1.956   2.164   2.373   2.581   2.779   2.957   3.114   3.242   3.350   3.440   3.521   3.600   3.681   3.771   3.868
   5.250  -0.109  -0.077  -0.042  -0.006   0.034   0.077   0.124   0.176   0.234   0.298   0.370   0.450   0.537   0.632   0.734   0.844   0.963   1.096   1.242   1.403   1.578   1.765   1.961   2.164   2.369   2.571   2.762   2.934   3.085   3.207   3.309   3.397   3.476   3.554   3.634   3.724   3.820
   5.275  -0.147  -0.114  -0.078  -0.040   0.002   0.048   0.098   0.155   0.217   0.287   0.365   0.451   0.545   0.645   0.752   0.865   0.987   1.118   1.261   1.418   1.588   1.770   1.961   2.160   2.360   2.557   2.742   2.908   3.052   3.169   3.268   3.353   3.430   3.508   3.588   3.676   3.771
   5.300  -0.188  -0.155  -0.119  -0.080  -0.038   0.010   0.062   0.121   0.187   0.261   0.344   0.435   0.534   0.640   0.753   0.871   0.996   1.129   1.272   1.426   1.592   1.770   1.957   2.152   2.347   2.539   2.719   2.879   3.018   3.130   3.225   3.308   3.385   3.462   3.541   3.629   3.723
   5.325  -0.228  -0.198  -0.163  -0.125  -0.083  -0.035   0.017   0.077   0.144   0.220   0.305   0.400   0.503   0.615   0.735   0.859   0.990   1.126   1.271   1.424   1.588   1.763   1.946   2.138   2.329   2.517   2.692   2.847   2.981   3.090   3.182   3.263   3.339   3.416   3.495   3.582   3.675
   5.350  -0.268  -0.239  -0.207  -0.171  -0.130  -0.084  -0.032   0.026   0.093   0.168   0.254   0.351   0.458   0.575   0.701   0.832   0.969   1.111   1.259   1.414   1.577   1.750   1.931   2.119   2.308   2.491   2.663   2.813   2.943   3.048   3.138   3.218   3.294   3.370   3.450   3.536   3.627
   5.375  -0.303  -0.278  -0.250  -0.216  -0.178  -0.134  -0.084  -0.027   0.038   0.112   0.197   0.294   0.403   0.523   0.654   0.792   0.936   1.085   1.238   1.396   1.560   1.732   1.910   2.096   2.282   2.462   2.630   2.777   2.903   3.006   3.094   3.173   3.248   3.325   3.404   3.490   3.580
   5.400  -0.333  -0.313  -0.288  -0.258  -0.223  -0.183  -0.135  -0.081  -0.019   0.053   0.136   0.232   0.341   0.464   0.598   0.742   0.893   1.048   1.208   1.370   1.536   1.709   1.887   2.071   2.254   2.431   2.596   2.739   2.863   2.963   3.050   3.128   3.203   3.280   3.359   3.444   3.534
   5.425  -0.356  -0.340  -0.319  -0.294  -0.263  -0.226  -0.182  -0.131  -0.072  -0.003   0.077   0.171   0.278   0.400   0.536   0.684   0.840   1.002   1.169   1.337   1.508   1.683   1.861   2.044   2.225   2.399   2.561   2.701   2.822   2.921   3.006   3.084   3.158   3.235   3.314   3.399   3.489
   5.450  -0.373  -0.361  -0.344  -0.323  -0.297  -0.265  -0.225  -0.178  -0.122  -0.057   0.020   0.111   0.215   0.336   0.471   0.622   0.783   0.952   1.125   1.300   1.477   1.655   1.835   2.017   2.195   2.367   2.525   2.662   2.781   2.878   2.962   3.040   3.114   3.190   3.270   3.355   3.446
   5.475  -0.384  -0.376  -0.363  -0.347  -0.325  -0.298  -0.263  -0.220  -0.168  -0.106  -0.032   0.055   0.156   0.275   0.409   0.560   0.725   0.899   1.079   1.261   1.444   1.626   1.807   1.989   2.166   2.335   2.490   2.624   2.740   2.836   2.920   2.997   3.070   3.147   3.226   3.313   3.404
   5.500  -0.392  -0.386  -0.377  -0.365  -0.348  -0.325  -0.296  -0.257  -0.210  -0.152  -0.082   0.002   0.100   0.216   0.348   0.500   0.667   0.847   1.033   1.221   1.410   1.596   1.780   1.962   2.138   2.305   2.457   2.588   2.701   2.796   2.878   2.954   3.028   3.104   3.184   3.271   3.365
   5.525  -0.396  -0.392  -0.386  -0.377  -0.365  -0.347  -0.323  -0.290  -0.248  -0.195  -0.129  -0.050   0.046   0.160   0.292   0.445   0.615   0.798   0.990   1.184   1.378   1.568   1.754   1.937   2.111   2.276   2.425   2.553   2.663   2.756   2.838   2.913   2.986   3.062   3.143   3.232   3.328
   5.550  -0.398  -0.396  -0.391  -0.385  -0.376  -0.363  -0.344  -0.318  -0.282  -0.234  -0.174  -0.098  -0.005   0.107   0.239   0.393   0.565   0.753   0.950   1.149   1.348   1.541   1.729   1.913   2.087   2.249   2.395   2.520   2.627   2.718   2.799   2.874   2.947   3.022   3.103   3.194   3.293
   5.575  -0.400  -0.398  -0.395  -0.391  -0.384  -0.374  -0.360  -0.339  -0.309  -0.268  -0.214  -0.144  -0.054   0.056   0.189   0.346   0.521   0.714   0.916   1.119   1.321   1.518   1.708   1.891   2.064   2.224   2.367   2.488   2.592   2.682   2.762   2.836   2.908   2.984   3.066   3.159   3.261
   5.600  -0.401  -0.399  -0.396  -0.393  -0.389  -0.382  -0.371  -0.355  -0.331  -0.297  -0.250  -0.185  -0.101   0.008   0.140   0.299   0.479   0.676   0.883   1.091   1.297   1.497   1.689   1.872   2.044   2.200   2.340   2.457   2.559   2.647   2.726   2.800   2.872   2.948   3.031   3.126   3.232
   5.625  -0.402  -0.400  -0.398  -0.395  -0.392  -0.386  -0.378  -0.366  -0.347  -0.320  -0.279  -0.222  -0.144  -0.040   0.090   0.250   0.433   0.636   0.848   1.063   1.275   1.478   1.672   1.855   2.025   2.178   2.314   2.428   2.527   2.614   2.693   2.766   2.839   2.916   3.000   3.098   3.207
   5.650  -0.402  -0.400  -0.398  -0.396  -0.393  -0.389  -0.382  -0.373  -0.358  -0.337  -0.303  -0.254  -0.183  -0.085   0.041   0.201   0.386   0.593   0.812   1.033   1.252   1.460   1.656   1.840   2.007   2.157   2.289   2.401   2.498   2.583   2.661   2.734   2.808   2.885   2.971   3.073   3.187
   5.675  -0.403  -0.401  -0.399  -0.396  -0.394  -0.390  -0.384  -0.377  -0.365  -0.348  -0.321  -0.279  -0.217  -0.127  -0.006   0.151   0.336   0.548   0.773   1.001   1.227   1.440   1.640   1.823   1.990   2.137   2.266   2.375   2.470   2.555   2.632   2.705   2.779   2.857   2.945   3.049   3.167
   5.700  -0.403  -0.401  -0.399  -0.397  -0.394  -0.391  -0.386  -0.379  -0.370  -0.356  -0.333  -0.299  -0.245  -0.163  -0.051   0.102   0.286   0.500   0.731   0.966   1.199   1.417   1.621   1.806   1.971   2.116   2.242   2.350   2.444   2.528   2.604   2.678   2.752   2.831   2.920   3.027   3.148
   5.725  -0.403  -0.401  -0.399  -0.397  -0.395  -0.391  -0.387  -0.381  -0.372  -0.360  -0.341  -0.312  -0.265  -0.193  -0.089   0.057   0.236   0.450   0.685   0.926   1.166   1.391   1.599   1.785   1.951   2.095   2.219   2.326   2.419   2.502   2.579   2.652   2.727   2.806   2.896   3.005   3.129
   5.750  -0.403  -0.402  -0.400  -0.398  -0.395  -0.392  -0.387  -0.381  -0.373  -0.362  -0.345  -0.321  -0.280  -0.216  -0.121   0.016   0.188   0.401   0.636   0.883   1.130   1.360   1.573   1.762   1.928   2.072   2.196   2.302   2.395   2.478   2.554   2.628   2.703   2.783   2.874   2.983   3.109
   5.775  -0.403  -0.402  -0.400  -0.398  -0.395  -0.392  -0.387  -0.382  -0.374  -0.364  -0.348  -0.327  -0.290  -0.233  -0.147  -0.020   0.145   0.353   0.587   0.837   1.089   1.325   1.543   1.735   1.903   2.047   2.171   2.278   2.372   2.455   2.531   2.605   2.681   2.761   2.853   2.964   3.090
   5.800  -0.403  -0.402  -0.400  -0.398  -0.396  -0.392  -0.388  -0.382  -0.374  -0.364  -0.350  -0.330  -0.297  -0.246  -0.168  -0.050   0.106   0.308   0.538   0.789   1.044   1.286   1.510   1.705   1.876   2.022   2.146   2.254   2.348   2.432   2.509   2.583   2.660   2.742   2.835   2.946   3.073
   5.825  -0.403  -0.402  -0.401  -0.399  -0.396  -0.393  -0.388  -0.382  -0.375  -0.365  -0.351  -0.332  -0.301  -0.255  -0.182  -0.073   0.074   0.267   0.492   0.741   0.998   1.244   1.473   1.672   1.847   1.994   2.120   2.229   2.324   2.409   2.487   2.563   2.641   2.725   2.819   2.931   3.058
   5.850  -0.403  -0.402  -0.401  -0.399  -0.397  -0.393  -0.389  -0.383  -0.375  -0.366  -0.352  -0.333  -0.303  -0.260  -0.193  -0.091   0.047   0.231   0.449   0.695   0.951   1.200   1.434   1.637   1.815   1.965   2.094   2.204   2.301   2.387   2.466   2.544   2.624   2.709   2.805   2.918   3.045
   5.875  -0.403  -0.402  -0.401  -0.399  -0.397  -0.394  -0.389  -0.384  -0.376  -0.366  -0.352  -0.334  -0.305  -0.264  -0.200  -0.105   0.025   0.201   0.411   0.652   0.906   1.156   1.393   1.600   1.782   1.935   2.066   2.179   2.278   2.365   2.446   2.526   2.607   2.694   2.791   2.903   3.029
   5.900  -0.403  -0.402  -0.401  -0.399  -0.397  -0.394  -0.390  -0.384  -0.377  -0.367  -0.353  -0.334  -0.306  -0.266  -0.205  -0.115   0.008   0.176   0.378   0.613   0.864   1.114   1.352   1.563   1.749   1.906   2.040   2.155   2.255   2.345   2.428   2.508   2.591   2.679   2.776   2.888   3.012
   5.925  -0.402  -0.401  -0.400  -0.398  -0.396  -0.393  -0.389  -0.384  -0.377  -0.367  -0.353  -0.335  -0.307  -0.268  -0.209  -0.123  -0.004   0.157   0.352   0.582   0.828   1.076   1.316   1.529   1.718   1.877   2.014   2.131   2.234   2.325   2.410   2.492   2.575   2.662   2.758   2.869   2.992
   5.950  -0.402  -0.400  -0.399  -0.397  -0.395  -0.392  -0.388  -0.383  -0.376  -0.366  -0.353  -0.334  -0.307  -0.269  -0.211  -0.128  -0.013   0.142   0.331   0.555   0.797   1.043   1.282   1.497   1.688   1.850   1.989   2.109   2.214   2.308   2.394   2.476   2.559   2.645   2.740   2.849   2.970
   5.975  -0.401  -0.399  -0.398  -0.396  -0.393  -0.390  -0.387  -0.381  -0.374  -0.365  -0.352  -0.334  -0.307  -0.269  -0.212  -0.131  -0.019   0.133   0.317   0.536   0.773   1.016   1.253   1.468   1.661   1.825   1.967   2.090   2.197   2.292   2.379   2.461   2.544   2.629   2.723   2.830   2.948
   6.000  -0.400  -0.398  -0.396  -0.394  -0.391  -0.388  -0.384  -0.379  -0.372  -0.363  -0.350  -0.333  -0.306  -0.269  -0.213  -0.132  -0.022   0.126   0.307   0.521   0.753   0.992   1.227   1.441   1.635   1.802   1.946   2.071   2.180   2.277   2.365   2.447   2.529   2.613   2.705   2.810   2.927
   6.050  -0.400  -0.397  -0.394  -0.391  -0.387  -0.383  -0.379  -0.373  -0.365  -0.356  -0.344  -0.327  -0.302  -0.266  -0.211  -0.133  -0.027   0.114   0.286   0.491   0.713   0.946   1.176   1.390   1.587   1.758   1.908   2.038   2.151   2.249   2.338   2.420   2.500   2.583   2.671   2.769   2.881
   6.100  -0.401  -0.398  -0.394  -0.390  -0.386  -0.381  -0.375  -0.368  -0.359  -0.349  -0.336  -0.320  -0.295  -0.260  -0.207  -0.131  -0.029   0.106   0.270   0.464   0.678   0.904   1.130   1.344   1.542   1.718   1.873   2.006   2.121   2.220   2.307   2.387   2.465   2.544   2.630   2.726   2.832
   6.150  -0.404  -0.402  -0.398  -0.394  -0.389  -0.383  -0.376  -0.367  -0.355  -0.343  -0.327  -0.308  -0.282  -0.247  -0.196  -0.125  -0.029   0.098   0.253   0.439   0.645   0.866   1.089   1.303   1.503   1.682   1.840   1.974   2.088   2.183   2.266   2.341   2.413   2.488   2.570   2.668   2.774
   6.200  -0.407  -0.405  -0.403  -0.400  -0.395  -0.389  -0.381  -0.370  -0.357  -0.341  -0.322  -0.300  -0.272  -0.235  -0.184  -0.116  -0.025   0.095   0.242   0.420   0.619   0.835   1.054   1.267   1.468   1.646   1.803   1.936   2.047   2.137   2.214   2.283   2.349   2.421   2.501   2.598   2.710
   6.250  -0.408  -0.407  -0.405  -0.404  -0.401  -0.396  -0.390  -0.381  -0.368  -0.352  -0.331  -0.304  -0.270  -0.227  -0.172  -0.102  -0.012   0.103   0.244   0.414   0.606   0.815   1.030   1.239   1.436   1.610   1.762   1.888   1.992   2.076   2.147   2.211   2.276   2.347   2.429   2.529   2.643
   6.300  -0.408  -0.408  -0.407  -0.406  -0.405  -0.403  -0.399  -0.393  -0.382  -0.367  -0.346  -0.316  -0.278  -0.229  -0.168  -0.094  -0.002   0.113   0.250   0.415   0.600   0.803   1.010   1.212   1.402   1.568   1.712   1.828   1.924   2.001   2.067   2.130   2.194   2.267   2.352   2.455   2.574
   6.350  -0.409  -0.408  -0.408  -0.407  -0.407  -0.406  -0.403  -0.399  -0.392  -0.381  -0.364  -0.338  -0.302  -0.251  -0.186  -0.103  -0.003   0.118   0.259   0.423   0.603   0.797   0.993   1.183   1.359   1.512   1.644   1.752   1.840   1.912   1.976   2.039   2.106   2.184   2.274   2.382   2.505
   6.400  -0.409  -0.408  -0.408  -0.408  -0.407  -0.407  -0.405  -0.403  -0.399  -0.393  -0.381  -0.362  -0.330  -0.280  -0.213  -0.125  -0.017   0.112   0.259   0.424   0.601   0.786   0.970   1.145   1.306   1.445   1.564   1.662   1.744   1.813   1.878   1.944   2.016   2.099   2.195   2.307   2.435
   6.450  -0.410  -0.409  -0.409  -0.409  -0.408  -0.408  -0.407  -0.405  -0.403  -0.399  -0.391  -0.376  -0.351  -0.309  -0.248  -0.162  -0.052   0.082   0.236   0.405   0.583   0.761   0.934   1.093   1.238   1.363   1.471   1.561   1.640   1.709   1.776   1.847   1.925   2.015   2.116   2.231   2.360
   6.500  -0.410  -0.410  -0.410  -0.410  -0.409  -0.408  -0.407  -0.406  -0.405  -0.402  -0.396  -0.387  -0.368  -0.335  -0.283  -0.203  -0.097   0.039   0.196   0.368   0.546   0.719   0.882   1.028   1.158   1.271   1.369   1.454   1.530   1.602   1.673   1.750   1.835   1.931   2.037   2.154   2.281
   6.550  -0.411  -0.411  -0.410  -0.410  -0.410  -0.409  -0.408  -0.408  -0.406  -0.404  -0.400  -0.393  -0.378  -0.352  -0.308  -0.239  -0.143  -0.014   0.137   0.306   0.481   0.649   0.806   0.944   1.065   1.170   1.262   1.344   1.420   1.494   1.571   1.654   1.746   1.849   1.961   2.081   2.211
   6.600  -0.411  -0.411  -0.411  -0.411  -0.410  -0.410  -0.409  -0.409  -0.407  -0.406  -0.402  -0.396  -0.384  -0.364  -0.329  -0.271  -0.187  -0.070   0.070   0.232   0.401   0.564   0.716   0.848   0.963   1.063   1.152   1.232   1.310   1.388   1.470   1.560   1.659   1.768   1.886   2.011   2.144
   6.650  -0.411  -0.412  -0.412  -0.411  -0.411  -0.411  -0.410  -0.410  -0.409  -0.407  -0.404  -0.399  -0.390  -0.373  -0.344  -0.295  -0.224  -0.120   0.006   0.156   0.314   0.469   0.616   0.743   0.856   0.953   1.041   1.122   1.202   1.284   1.371   1.467   1.572   1.688   1.811   1.940   2.074
   6.700  -0.412  -0.412  -0.412  -0.412  -0.412  -0.412  -0.411  -0.411  -0.410  -0.409  -0.406  -0.402  -0.394  -0.380  -0.356  -0.316  -0.255  -0.166  -0.054   0.081   0.226   0.372   0.512   0.635   0.746   0.843   0.931   1.014   1.097   1.184   1.276   1.379   1.490   1.611   1.738   1.869   2.004
   6.750  -0.412  -0.412  -0.412  -0.412  -0.412  -0.412  -0.412  -0.412  -0.411  -0.410  -0.408  -0.405  -0.398  -0.387  -0.367  -0.333  -0.282  -0.205  -0.108   0.012   0.144   0.278   0.409   0.528   0.637   0.734   0.824   0.909   0.995   1.088   1.187   1.297   1.416   1.542   1.671   1.798   1.926
   6.800  -0.413  -0.413  -0.413  -0.413  -0.413  -0.413  -0.413  -0.413  -0.412  -0.411  -0.409  -0.407  -0.401  -0.393  -0.376  -0.348  -0.305  -0.239  -0.155  -0.050   0.067   0.189   0.312   0.425   0.532   0.629   0.721   0.810   0.901   0.999   1.104   1.222   1.346   1.476   1.606   1.728   1.845
   6.850  -0.414  -0.414  -0.414  -0.414  -0.414  -0.414  -0.414  -0.413  -0.413  -0.412  -0.410  -0.408  -0.404  -0.397  -0.383  -0.360  -0.324  -0.268  -0.196  -0.105  -0.001   0.110   0.224   0.332   0.437   0.533   0.627   0.720   0.815   0.919   1.030   1.152   1.279   1.411   1.541   1.659   1.769
   6.900  -0.415  -0.415  -0.415  -0.415  -0.415  -0.415  -0.414  -0.414  -0.413  -0.413  -0.411  -0.409  -0.405  -0.399  -0.388  -0.369  -0.338  -0.293  -0.231  -0.152  -0.061   0.040   0.145   0.249   0.350   0.447   0.543   0.640   0.740   0.848   0.963   1.087   1.216   1.348   1.476   1.591   1.697
   6.950  -0.416  -0.416  -0.416  -0.416  -0.416  -0.415  -0.415  -0.415  -0.414  -0.413  -0.411  -0.409  -0.405  -0.400  -0.390  -0.374  -0.349  -0.311  -0.260  -0.192  -0.112  -0.022   0.075   0.173   0.273   0.373   0.473   0.573   0.676   0.787   0.904   1.029   1.158   1.287   1.411   1.524   1.629
   7.000  -0.417  -0.417  -0.417  -0.417  -0.417  -0.417  -0.416  -0.416  -0.415  -0.414  -0.412  -0.409  -0.405  -0.399  -0.390  -0.377  -0.356  -0.324  -0.280  -0.222  -0.152  -0.071   0.017   0.111   0.209   0.311   0.414   0.516   0.620   0.731   0.848   0.974   1.102   1.226   1.346   1.459   1.565
   7.050  -0.418  -0.418  -0.418  -0.418  -0.418  -0.418  -0.417  -0.417  -0.416  -0.415  -0.413  -0.410  -0.406  -0.399  -0.390  -0.376  -0.357  -0.328  -0.290  -0.239  -0.178  -0.105  -0.022   0.068   0.163   0.263   0.365   0.465   0.568   0.677   0.791   0.917   1.045   1.167   1.281   1.384   1.478
   7.100  -0.419  -0.419  -0.419  -0.419  -0.419  -0.419  -0.419  -0.419  -0.418  -0.417  -0.415  -0.412  -0.407  -0.400  -0.390  -0.376  -0.356  -0.329  -0.294  -0.249  -0.194  -0.126  -0.049   0.037   0.129   0.224   0.322   0.418   0.518   0.623   0.735   0.860   0.986   1.106   1.215   1.305   1.378
   7.150  -0.420  -0.420  -0.420  -0.420  -0.420  -0.420  -0.420  -0.420  -0.419  -0.419  -0.417  -0.414  -0.410  -0.403  -0.393  -0.378  -0.357  -0.330  -0.296  -0.253  -0.201  -0.138  -0.066   0.015   0.101   0.190   0.280   0.370   0.465   0.569   0.680   0.799   0.920   1.044   1.155   1.230   1.287
   7.200  -0.422  -0.422  -0.422  -0.422  -0.422  -0.422  -0.422  -0.422  -0.421  -0.421  -0.420  -0.417  -0.413  -0.407  -0.397  -0.381  -0.360  -0.333  -0.298  -0.255  -0.205  -0.146  -0.079  -0.004   0.076   0.155   0.237   0.321   0.411   0.513   0.623   0.738   0.855   0.977   1.084   1.156   1.198
   7.250  -0.424  -0.424  -0.424  -0.424  -0.424  -0.424  -0.424  -0.424  -0.423  -0.423  -0.422  -0.421  -0.417  -0.412  -0.403  -0.388  -0.368  -0.341  -0.307  -0.264  -0.214  -0.156  -0.093  -0.025   0.046   0.116   0.189   0.267   0.354   0.453   0.561   0.683   0.801   0.899   0.978   1.045   1.077
   7.300  -0.426  -0.426  -0.426  -0.426  -0.426  -0.426  -0.426  -0.426  -0.426  -0.426  -0.425  -0.424  -0.421  -0.417  -0.409  -0.396  -0.378  -0.352  -0.319  -0.277  -0.227  -0.171  -0.111  -0.050   0.013   0.074   0.139   0.213   0.296   0.392   0.500   0.629   0.748   0.822   0.872   0.911   0.934
   7.350  -0.428  -0.428  -0.428  -0.428  -0.428  -0.428  -0.428  -0.428  -0.428  -0.428  -0.427  -0.427  -0.425  -0.421  -0.415  -0.404  -0.388  -0.365  -0.335  -0.294  -0.247  -0.194  -0.138  -0.084  -0.028   0.027   0.087   0.159   0.241   0.336   0.443   0.575   0.696   0.767   0.815   0.833   0.853
   7.400  -0.431  -0.431  -0.431  -0.431  -0.431  -0.431  -0.431  -0.431  -0.431  -0.431  -0.430  -0.429  -0.428  -0.425  -0.420  -0.412  -0.399  -0.379  -0.352  -0.315  -0.271  -0.222  -0.171  -0.122  -0.072  -0.022   0.035   0.106   0.188   0.284   0.390   0.514   0.628   0.699   0.747   0.784   0.806
   7.450  -0.434  -0.434  -0.434  -0.434  -0.434  -0.434  -0.434  -0.434  -0.434  -0.434  -0.433  -0.433  -0.431  -0.429  -0.425  -0.419  -0.408  -0.392  -0.368  -0.336  -0.296  -0.253  -0.207  -0.162  -0.116  -0.069  -0.014   0.055   0.136   0.237   0.341   0.434   0.512   0.562   0.597   0.648   0.666
   7.500  -0.437  -0.437  -0.437  -0.437  -0.437  -0.437  -0.437  -0.437  -0.437  -0.437  -0.437  -0.436  -0.435  -0.433  -0.430  -0.425  -0.417  -0.404  -0.384  -0.356  -0.322  -0.284  -0.243  -0.202  -0.159  -0.113  -0.060   0.006   0.086   0.192   0.293   0.354   0.396   0.427   0.448   0.464   0.474
   7.550  -0.441  -0.441  -0.441  -0.441  -0.441  -0.441  -0.441  -0.441  -0.441  -0.441  -0.441  -0.440  -0.439  -0.438  -0.435  -0.432  -0.425  -0.414  -0.398  -0.374  -0.345  -0.312  -0.276  -0.239  -0.198  -0.154  -0.102  -0.038   0.039   0.144   0.242   0.298   0.334   0.362   0.380   0.381   0.389
   7.600  -0.445  -0.445  -0.445  -0.445  -0.445  -0.445  -0.445  -0.445  -0.445  -0.445  -0.445  -0.445  -0.444  -0.442  -0.440  -0.438  -0.433  -0.424  -0.410  -0.390  -0.366  -0.338  -0.306  -0.273  -0.235  -0.193  -0.142  -0.080  -0.005   0.094   0.189   0.247   0.286   0.315   0.334   0.350   0.359
   7.650  -0.449  -0.449  -0.449  -0.449  -0.449  -0.449  -0.449  -0.449  -0.449  -0.449  -0.449  -0.449  -0.449  -0.448  -0.446  -0.444  -0.440  -0.432  -0.420  -0.404  -0.384  -0.360  -0.333  -0.303  -0.268  -0.228  -0.179  -0.120  -0.048   0.047   0.137   0.191   0.229   0.256   0.275   0.289   0.297
   7.700  -0.454  -0.454  -0.454  -0.454  -0.454  -0.454  -0.454  -0.454  -0.454  -0.454  -0.454  -0.454  -0.454  -0.453  -0.452  -0.450  -0.446  -0.440  -0.430  -0.416  -0.399  -0.379  -0.356  -0.329  -0.298  -0.261  -0.215  -0.159  -0.091  -0.002   0.082   0.133   0.168   0.194   0.212   0.225   0.233
   7.750  -0.460  -0.460  -0.460  -0.460  -0.460  -0.460  -0.460  -0.460  -0.460  -0.460  -0.460  -0.460  -0.460  -0.459  -0.458  -0.457  -0.453  -0.448  -0.440  -0.428  -0.413  -0.396  -0.376  -0.354  -0.326  -0.292  -0.250  -0.197  -0.134  -0.052   0.026   0.074   0.107   0.130   0.147   0.154   0.161
   7.800  -0.466  -0.466  -0.466  -0.466  -0.466  -0.466  -0.466  -0.466  -0.466  -0.466  -0.466  -0.466  -0.466  -0.466  -0.465  -0.464  -0.461  -0.456  -0.449  -0.439  -0.427  -0.412  -0.395  -0.376  -0.353  -0.322  -0.284  -0.235  -0.178  -0.106  -0.039   0.002   0.031   0.051   0.065   0.076   0.083
   7.850  -0.473  -0.473  -0.473  -0.473  -0.473  -0.473  -0.473  -0.473  -0.473  -0.473  -0.473  -0.473  -0.473  -0.473  -0.473  -0.472  -0.469  -0.465  -0.458  -0.451  -0.441  -0.429  -0.414  -0.399  -0.379  -0.353  -0.319  -0.272  -0.222  -0.174  -0.132  -0.105  -0.087  -0.074  -0.065  -0.041  -0.036
   7.900  -0.481  -0.481  -0.481  -0.481  -0.481  -0.481  -0.481  -0.481  -0.481  -0.481  -0.481  -0.481  -0.481  -0.481  -0.481  -0.480  -0.477  -0.473  -0.468  -0.462  -0.454  -0.444  -0.433  -0.420  -0.404  -0.382  -0.353  -0.309  -0.266  -0.240  -0.222  -0.210  -0.201  -0.194  -0.190  -0.186  -0.184
   7.950  -0.489  -0.489  -0.489  -0.489  -0.489  -0.489  -0.489  -0.489  -0.489  -0.489  -0.489  -0.489  -0.489  -0.489  -0.489  -0.487  -0.485  -0.482  -0.478  -0.473  -0.466  -0.459  -0.450  -0.441  -0.429  -0.411  -0.387  -0.348  -0.310  -0.290  -0.277  -0.268  -0.261  -0.256  -0.253  -0.261  -0.259
   8.000  -0.497  -0.497  -0.497  -0.497  -0.497  -0.497  -0.497  -0.497  -0.497  -0.497  -0.497  -0.497  -0.497  -0.497  -0.497  -0.495  -0.493  -0.491  -0.488  -0.484  -0.479  -0.474  -0.468  -0.462  -0.454  -0.441  -0.421  -0.388  -0.356  -0.337  -0.323  -0.314  -0.307  -0.302  -0.299  -0.297  -0.295
   8.100  -0.516  -0.516  -0.516  -0.516  -0.516  -0.516  -0.517  -0.517  -0.517  -0.517  -0.517  -0.518  -0.518  -0.518  -0.517  -0.516  -0.514  -0.513  -0.511  -0.509  -0.507  -0.507  -0.507  -0.508  -0.507  -0.503  -0.494  -0.476  -0.457  -0.446  -0.438  -0.433  -0.429  -0.427  -0.425  -0.423  -0.422
   8.200  -0.541  -0.541  -0.541  -0.541  -0.541  -0.541  -0.541  -0.541  -0.541  -0.542  -0.542  -0.542  -0.543  -0.542  -0.541  -0.540  -0.539  -0.539  -0.539  -0.539  -0.540  -0.544  -0.550  -0.559  -0.566  -0.569  -0.568  -0.557  -0.545  -0.538  -0.533  -0.530  -0.527  -0.526  -0.525  -0.560  -0.560
   8.300  -0.570  -0.570  -0.570  -0.570  -0.570  -0.570  -0.570  -0.570  -0.570  -0.570  -0.571  -0.571  -0.571  -0.571  -0.570  -0.569  -0.569  -0.570  -0.571  -0.573  -0.577  -0.586  -0.598  -0.612  -0.627  -0.641  -0.654  -0.669  -0.682  -0.690  -0.696  -0.700  -0.703  -0.705  -0.706  -0.708  -0.708
   8.400  -0.614  -0.608  -0.605  -0.604  -0.603  -0.603  -0.603  -0.603  -0.604  -0.604  -0.604  -0.604  -0.603  -0.603  -0.604  -0.603  -0.604  -0.605  -0.607  -0.612  -0.619  -0.633  -0.650  -0.663  -0.684  -0.719  -0.779  -0.891  -1.005  -1.073  -1.119  -1.152  -1.175  -1.192  -1.204  -1.084  -1.088
   8.500  -0.640  -0.640  -0.640  -0.640  -0.640  -0.640  -0.640  -0.640  -0.641  -0.641  -0.641  -0.640  -0.640  -0.640  -0.641  -0.641  -0.642  -0.644  -0.648  -0.655  -0.666  -0.685  -0.707  -0.721  -0.748  -0.802  -0.898  -1.084  -1.274  -1.386  -1.462  -1.518  -1.556  -1.584  -1.603  -1.618  -1.626
   8.600  -0.615  -0.648  -0.670  -0.680  -0.679  -0.681  -0.681  -0.681  -0.682  -0.682  -0.681  -0.681  -0.680  -0.681  -0.682  -0.683  -0.684  -0.687  -0.692  -0.702  -0.716  -0.739  -0.768  -0.797  -0.827  -0.889  -0.972  -1.101  -1.268  -1.361  -1.416  -1.463  -1.491  -1.514  -1.528  -1.539  -1.546
   8.700  -0.551  -0.638  -0.696  -0.724  -0.722  -0.726  -0.725  -0.726  -0.726  -0.726  -0.725  -0.725  -0.725  -0.725  -0.726  -0.727  -0.729  -0.734  -0.740  -0.753  -0.770  -0.797  -0.833  -0.873  -0.919  -0.965  -1.014  -1.044  -1.062  -1.076  -1.085  -1.093  -1.097  -1.101  -1.103  -1.105  -1.106

