fixed metal distribution -- based on Grevesse & Sauval (1998)
    form     version        X           Z          logRs    logR_min    logR_max       logTs    logT_min    logT_max
       1          38    0.800000    0.000100          37   -8.000000    1.000000         138    3.750000    8.700000

   logT                       logR = logRho - 3*logT + 18
          -8.000  -7.750  -7.500  -7.250  -7.000  -6.750  -6.500  -6.250  -6.000  -5.750  -5.500  -5.250  -5.000  -4.750  -4.500  -4.250  -4.000  -3.750  -3.500  -3.250  -3.000  -2.750  -2.500  -2.250  -2.000  -1.750  -1.500  -1.250  -1.000  -0.750  -0.500  -0.250   0.000   0.250   0.500   0.750   1.000

   3.750  -0.735  -0.814  -0.901  -0.995  -1.097  -1.201  -1.308  -1.416  -1.525  -1.632  -1.739  -1.842  -1.941  -2.031  -2.113  -2.175  -2.222  -2.241  -2.235  -2.206  -2.152  -2.085  -2.001  -1.912  -1.813  -1.712  -1.606  -1.498  -1.388  -1.276  -1.163  -1.048  -0.931  -0.813  -0.693  -0.573  -0.451
   3.775  -0.604  -0.646  -0.698  -0.760  -0.833  -0.915  -1.006  -1.100  -1.199  -1.298  -1.399  -1.495  -1.589  -1.672  -1.746  -1.803  -1.845  -1.861  -1.856  -1.827  -1.775  -1.713  -1.635  -1.549  -1.451  -1.353  -1.253  -1.149  -1.042  -0.935  -0.825  -0.713  -0.599  -0.484  -0.366  -0.248  -0.128
   3.800  -0.520  -0.536  -0.562  -0.598  -0.644  -0.701  -0.769  -0.842  -0.921  -1.003  -1.088  -1.170  -1.251  -1.321  -1.384  -1.432  -1.467  -1.479  -1.472  -1.444  -1.396  -1.338  -1.267  -1.185  -1.092  -1.000  -0.905  -0.807  -0.705  -0.602  -0.496  -0.389  -0.279  -0.167  -0.052   0.064   0.181
   3.825  -0.494  -0.498  -0.507  -0.520  -0.540  -0.567  -0.601  -0.641  -0.687  -0.741  -0.799  -0.859  -0.918  -0.973  -1.020  -1.058  -1.084  -1.091  -1.082  -1.055  -1.014  -0.961  -0.896  -0.821  -0.738  -0.653  -0.565  -0.473  -0.378  -0.279  -0.177  -0.075   0.029   0.138   0.248   0.362   0.476
   3.850  -0.495  -0.494  -0.493  -0.491  -0.490  -0.490  -0.492  -0.499  -0.511  -0.531  -0.557  -0.587  -0.618  -0.648  -0.675  -0.696  -0.707  -0.705  -0.692  -0.667  -0.630  -0.581  -0.523  -0.457  -0.385  -0.308  -0.227  -0.143  -0.055   0.038   0.134   0.230   0.329   0.432   0.538   0.646   0.757
   3.875  -0.492  -0.489  -0.484  -0.477  -0.468  -0.456  -0.443  -0.429  -0.416  -0.404  -0.393  -0.384  -0.375  -0.368  -0.360  -0.351  -0.340  -0.324  -0.303  -0.274  -0.239  -0.195  -0.144  -0.087  -0.025   0.042   0.114   0.189   0.269   0.353   0.441   0.531   0.624   0.719   0.819   0.922   1.028
   3.900  -0.493  -0.490  -0.485  -0.477  -0.467  -0.451  -0.431  -0.404  -0.370  -0.331  -0.286  -0.238  -0.188  -0.139  -0.092  -0.048  -0.008   0.029   0.065   0.101   0.140   0.182   0.228   0.278   0.333   0.391   0.452   0.519   0.590   0.665   0.743   0.826   0.911   1.000   1.091   1.188   1.288
   3.925  -0.493  -0.491  -0.487  -0.481  -0.471  -0.456  -0.432  -0.399  -0.355  -0.299  -0.232  -0.154  -0.070   0.018   0.105   0.188   0.265   0.332   0.393   0.446   0.495   0.541   0.587   0.634   0.682   0.733   0.788   0.846   0.908   0.973   1.042   1.115   1.192   1.273   1.358   1.447   1.542
   3.950  -0.492  -0.492  -0.489  -0.486  -0.479  -0.466  -0.443  -0.409  -0.361  -0.296  -0.214  -0.116  -0.005   0.116   0.240   0.362   0.477   0.579   0.670   0.746   0.812   0.869   0.920   0.968   1.015   1.063   1.112   1.163   1.216   1.273   1.333   1.397   1.465   1.539   1.617   1.700   1.788
   3.975  -0.488  -0.488  -0.487  -0.485  -0.480  -0.469  -0.450  -0.418  -0.372  -0.306  -0.221  -0.113   0.013   0.156   0.307   0.461   0.612   0.751   0.877   0.984   1.076   1.153   1.218   1.274   1.324   1.372   1.418   1.464   1.511   1.561   1.613   1.669   1.729   1.795   1.866   1.943   2.026
   4.000  -0.482  -0.483  -0.482  -0.482  -0.479  -0.471  -0.455  -0.428  -0.386  -0.324  -0.241  -0.131   0.001   0.156   0.326   0.505   0.686   0.859   1.020   1.161   1.284   1.385   1.470   1.541   1.600   1.653   1.700   1.745   1.788   1.833   1.880   1.929   1.983   2.043   2.108   2.178   2.254
   4.025  -0.477  -0.477  -0.477  -0.478  -0.475  -0.469  -0.455  -0.432  -0.394  -0.337  -0.258  -0.152  -0.022   0.135   0.311   0.504   0.704   0.902   1.092   1.266   1.421   1.553   1.665   1.757   1.833   1.897   1.950   1.998   2.042   2.086   2.130   2.177   2.227   2.282   2.341   2.406   2.477
   4.050  -0.471  -0.472  -0.472  -0.472  -0.470  -0.465  -0.454  -0.433  -0.399  -0.348  -0.275  -0.176  -0.052   0.101   0.276   0.474   0.684   0.900   1.113   1.315   1.502   1.665   1.807   1.925   2.023   2.103   2.168   2.224   2.273   2.319   2.364   2.410   2.458   2.510   2.566   2.626   2.692
   4.075  -0.468  -0.467  -0.467  -0.467  -0.465  -0.461  -0.450  -0.432  -0.401  -0.354  -0.287  -0.195  -0.077   0.068   0.239   0.433   0.645   0.868   1.095   1.317   1.529   1.722   1.894   2.040   2.165   2.266   2.349   2.418   2.477   2.530   2.580   2.628   2.677   2.727   2.780   2.838   2.900
   4.100  -0.465  -0.464  -0.462  -0.462  -0.460  -0.456  -0.446  -0.430  -0.402  -0.358  -0.296  -0.210  -0.101   0.037   0.199   0.386   0.594   0.818   1.051   1.288   1.519   1.736   1.936   2.112   2.264   2.390   2.495   2.582   2.656   2.720   2.777   2.830   2.881   2.932   2.985   3.042   3.102
   4.125  -0.464  -0.462  -0.461  -0.459  -0.457  -0.452  -0.443  -0.427  -0.401  -0.361  -0.303  -0.223  -0.120   0.010   0.164   0.344   0.546   0.767   1.000   1.243   1.485   1.720   1.942   2.143   2.322   2.475   2.607   2.717   2.809   2.887   2.954   3.015   3.071   3.126   3.181   3.238   3.298
   4.150  -0.464  -0.462  -0.460  -0.458  -0.455  -0.450  -0.440  -0.425  -0.400  -0.362  -0.308  -0.233  -0.136  -0.014   0.133   0.306   0.500   0.715   0.946   1.190   1.438   1.685   1.923   2.145   2.349   2.530   2.688   2.823   2.937   3.032   3.113   3.183   3.247   3.307   3.366   3.426   3.487
   4.175  -0.464  -0.461  -0.458  -0.456  -0.453  -0.448  -0.438  -0.424  -0.400  -0.364  -0.313  -0.242  -0.150  -0.033   0.108   0.273   0.462   0.673   0.901   1.143   1.392   1.644   1.892   2.129   2.353   2.558   2.742   2.902   3.039   3.154   3.251   3.334   3.407   3.475   3.539   3.604   3.668
   4.200  -0.464  -0.461  -0.457  -0.455  -0.451  -0.446  -0.437  -0.423  -0.400  -0.366  -0.318  -0.250  -0.163  -0.051   0.085   0.246   0.429   0.636   0.860   1.100   1.348   1.601   1.854   2.102   2.341   2.566   2.774   2.958   3.119   3.255   3.371   3.469   3.554   3.631   3.702   3.772   3.840
   4.225  -0.464  -0.460  -0.457  -0.453  -0.449  -0.443  -0.434  -0.421  -0.400  -0.368  -0.322  -0.259  -0.175  -0.067   0.064   0.222   0.402   0.606   0.828   1.065   1.312   1.565   1.820   2.074   2.323   2.564   2.790   2.996   3.181   3.338   3.474   3.589   3.688   3.776   3.855   3.932   4.004
   4.250  -0.464  -0.460  -0.456  -0.452  -0.447  -0.440  -0.431  -0.418  -0.398  -0.368  -0.325  -0.265  -0.185  -0.081   0.047   0.201   0.380   0.582   0.803   1.038   1.284   1.535   1.791   2.049   2.304   2.556   2.797   3.022   3.227   3.406   3.562   3.695   3.810   3.910   3.999   4.083   4.160
   4.275  -0.465  -0.461  -0.456  -0.451  -0.445  -0.438  -0.427  -0.414  -0.395  -0.366  -0.326  -0.269  -0.193  -0.093   0.032   0.184   0.360   0.562   0.783   1.019   1.265   1.517   1.773   2.032   2.291   2.549   2.800   3.040   3.263   3.461   3.637   3.789   3.921   4.034   4.134   4.226   4.308
   4.300  -0.465  -0.461  -0.456  -0.450  -0.443  -0.435  -0.424  -0.410  -0.390  -0.363  -0.324  -0.270  -0.197  -0.101   0.020   0.170   0.346   0.548   0.770   1.006   1.254   1.506   1.763   2.022   2.283   2.546   2.804   3.055   3.292   3.508   3.702   3.872   4.020   4.148   4.260   4.361   4.449
   4.325  -0.463  -0.460  -0.456  -0.450  -0.442  -0.432  -0.419  -0.404  -0.384  -0.357  -0.319  -0.267  -0.197  -0.104   0.014   0.162   0.336   0.537   0.760   0.997   1.247   1.501   1.759   2.020   2.284   2.549   2.813   3.072   3.320   3.550   3.760   3.946   4.110   4.253   4.376   4.486   4.580
   4.350  -0.460  -0.459  -0.455  -0.449  -0.440  -0.429  -0.415  -0.398  -0.376  -0.349  -0.312  -0.262  -0.194  -0.103   0.013   0.159   0.332   0.533   0.755   0.994   1.244   1.501   1.762   2.025   2.290   2.558   2.825   3.090   3.347   3.589   3.813   4.013   4.192   4.348   4.484   4.602   4.702
   4.375  -0.455  -0.455  -0.452  -0.446  -0.437  -0.425  -0.410  -0.392  -0.368  -0.340  -0.303  -0.253  -0.186  -0.097   0.017   0.162   0.335   0.535   0.757   0.996   1.248   1.506   1.769   2.034   2.302   2.573   2.844   3.114   3.377   3.629   3.863   4.076   4.267   4.435   4.582   4.710   4.817
   4.400  -0.450  -0.450  -0.448  -0.443  -0.434  -0.422  -0.405  -0.385  -0.360  -0.330  -0.291  -0.242  -0.175  -0.087   0.026   0.171   0.343   0.543   0.765   1.005   1.257   1.516   1.781   2.049   2.320   2.593   2.868   3.142   3.410   3.669   3.913   4.135   4.337   4.516   4.673   4.809   4.925
   4.425  -0.445  -0.446  -0.443  -0.439  -0.431  -0.418  -0.401  -0.379  -0.351  -0.319  -0.278  -0.227  -0.160  -0.072   0.040   0.184   0.356   0.556   0.779   1.018   1.271   1.531   1.798   2.068   2.341   2.618   2.896   3.174   3.447   3.712   3.963   4.193   4.403   4.591   4.757   4.902   5.024
   4.450  -0.442  -0.442  -0.440  -0.435  -0.427  -0.415  -0.396  -0.373  -0.342  -0.307  -0.263  -0.210  -0.142  -0.053   0.060   0.204   0.375   0.576   0.798   1.038   1.292   1.553   1.821   2.092   2.368   2.647   2.928   3.210   3.487   3.756   4.012   4.249   4.466   4.662   4.835   4.986   5.115
   4.475  -0.440  -0.439  -0.437  -0.433  -0.425  -0.413  -0.394  -0.368  -0.335  -0.296  -0.247  -0.190  -0.118  -0.027   0.087   0.231   0.402   0.602   0.825   1.066   1.320   1.582   1.850   2.123   2.399   2.681   2.964   3.248   3.528   3.801   4.062   4.304   4.526   4.728   4.907   5.063   5.197
   4.500  -0.439  -0.438  -0.435  -0.431  -0.424  -0.412  -0.393  -0.366  -0.331  -0.287  -0.233  -0.170  -0.093   0.002   0.118   0.263   0.435   0.636   0.859   1.100   1.355   1.616   1.885   2.157   2.435   2.717   3.001   3.288   3.570   3.846   4.110   4.355   4.582   4.787   4.971   5.131   5.269
   4.525  -0.439  -0.438  -0.435  -0.431  -0.425  -0.413  -0.395  -0.367  -0.330  -0.282  -0.223  -0.153  -0.068   0.033   0.155   0.304   0.477   0.678   0.900   1.140   1.394   1.655   1.923   2.196   2.473   2.756   3.041   3.328   3.612   3.889   4.154   4.402   4.632   4.840   5.026   5.187   5.326
   4.550  -0.440  -0.438  -0.435  -0.432  -0.426  -0.416  -0.398  -0.370  -0.333  -0.282  -0.219  -0.142  -0.049   0.061   0.191   0.345   0.522   0.724   0.946   1.185   1.438   1.697   1.964   2.236   2.513   2.795   3.080   3.366   3.650   3.927   4.193   4.442   4.673   4.882   5.070   5.231   5.369
   4.575  -0.440  -0.438  -0.435  -0.433  -0.428  -0.418  -0.402  -0.376  -0.339  -0.287  -0.221  -0.139  -0.038   0.081   0.222   0.384   0.568   0.774   0.997   1.236   1.486   1.744   2.008   2.278   2.553   2.833   3.116   3.401   3.683   3.959   4.223   4.472   4.702   4.911   5.097   5.258   5.394
   4.600  -0.440  -0.438  -0.435  -0.433  -0.429  -0.421  -0.406  -0.382  -0.346  -0.296  -0.229  -0.142  -0.036   0.092   0.242   0.415   0.607   0.818   1.044   1.283   1.532   1.788   2.050   2.317   2.590   2.867   3.147   3.429   3.708   3.980   4.243   4.489   4.718   4.925   5.110   5.268   5.402
   4.625  -0.439  -0.438  -0.435  -0.434  -0.430  -0.422  -0.409  -0.387  -0.354  -0.306  -0.240  -0.153  -0.044   0.090   0.247   0.428   0.629   0.847   1.079   1.321   1.571   1.826   2.086   2.351   2.620   2.893   3.169   3.446   3.721   3.989   4.248   4.491   4.717   4.922   5.104   5.261   5.392
   4.650  -0.439  -0.437  -0.435  -0.434  -0.430  -0.424  -0.412  -0.392  -0.361  -0.316  -0.253  -0.167  -0.058   0.078   0.239   0.426   0.634   0.859   1.097   1.343   1.596   1.852   2.112   2.374   2.640   2.909   3.180   3.452   3.721   3.985   4.239   4.479   4.702   4.904   5.083   5.237   5.365
   4.675  -0.439  -0.437  -0.435  -0.434  -0.431  -0.425  -0.414  -0.396  -0.367  -0.325  -0.265  -0.182  -0.076   0.059   0.220   0.408   0.619   0.848   1.091   1.342   1.598   1.857   2.118   2.381   2.645   2.911   3.177   3.444   3.708   3.966   4.215   4.451   4.670   4.870   5.048   5.201   5.329
   4.700  -0.438  -0.437  -0.435  -0.433  -0.431  -0.425  -0.415  -0.399  -0.373  -0.333  -0.276  -0.198  -0.095   0.035   0.193   0.380   0.590   0.820   1.066   1.320   1.581   1.843   2.107   2.371   2.635   2.899   3.162   3.424   3.682   3.936   4.180   4.412   4.628   4.825   5.002   5.152   5.279
   4.725  -0.438  -0.436  -0.435  -0.433  -0.430  -0.425  -0.416  -0.401  -0.377  -0.340  -0.287  -0.212  -0.114   0.012   0.165   0.346   0.552   0.779   1.023   1.278   1.540   1.806   2.073   2.340   2.606   2.870   3.131   3.391   3.646   3.895   4.136   4.364   4.578   4.774   4.949   5.101   5.228
   4.750  -0.438  -0.436  -0.434  -0.433  -0.430  -0.425  -0.416  -0.402  -0.380  -0.346  -0.296  -0.225  -0.132  -0.012   0.135   0.310   0.509   0.731   0.971   1.224   1.486   1.754   2.025   2.295   2.563   2.829   3.091   3.349   3.602   3.849   4.086   4.313   4.525   4.719   4.893   5.044   5.171
   4.775  -0.438  -0.437  -0.435  -0.432  -0.429  -0.424  -0.416  -0.403  -0.382  -0.351  -0.304  -0.238  -0.149  -0.034   0.107   0.276   0.469   0.685   0.919   1.167   1.427   1.694   1.966   2.238   2.510   2.778   3.043   3.301   3.554   3.800   4.037   4.262   4.472   4.666   4.839   4.990   5.117
   4.800  -0.438  -0.437  -0.435  -0.432  -0.429  -0.424  -0.415  -0.403  -0.384  -0.354  -0.311  -0.249  -0.165  -0.055   0.080   0.243   0.430   0.640   0.868   1.112   1.367   1.632   1.904   2.178   2.452   2.723   2.991   3.251   3.505   3.752   3.988   4.213   4.423   4.615   4.788   4.937   5.063
   4.825  -0.439  -0.437  -0.435  -0.433  -0.429  -0.424  -0.415  -0.403  -0.384  -0.357  -0.316  -0.257  -0.178  -0.073   0.056   0.213   0.395   0.600   0.824   1.064   1.316   1.578   1.847   2.121   2.396   2.669   2.939   3.203   3.459   3.708   3.945   4.170   4.379   4.570   4.741   4.888   5.013
   4.850  -0.439  -0.438  -0.436  -0.433  -0.429  -0.424  -0.415  -0.403  -0.385  -0.358  -0.319  -0.263  -0.188  -0.089   0.035   0.188   0.365   0.566   0.786   1.022   1.272   1.531   1.798   2.070   2.345   2.619   2.891   3.158   3.418   3.668   3.908   4.133   4.341   4.531   4.700   4.844   4.965
   4.875  -0.440  -0.438  -0.436  -0.434  -0.430  -0.424  -0.415  -0.403  -0.385  -0.358  -0.320  -0.267  -0.196  -0.100   0.019   0.167   0.340   0.538   0.755   0.989   1.237   1.494   1.759   2.029   2.303   2.578   2.851   3.120   3.382   3.636   3.877   4.102   4.310   4.498   4.663   4.804   4.921
   4.900  -0.440  -0.439  -0.437  -0.434  -0.430  -0.425  -0.416  -0.403  -0.385  -0.359  -0.321  -0.270  -0.200  -0.109   0.007   0.151   0.321   0.515   0.731   0.963   1.210   1.465   1.729   1.998   2.270   2.545   2.819   3.089   3.354   3.609   3.852   4.077   4.284   4.469   4.631   4.767   4.879
   4.925  -0.440  -0.439  -0.437  -0.435  -0.431  -0.426  -0.417  -0.404  -0.385  -0.359  -0.322  -0.272  -0.204  -0.114  -0.001   0.140   0.307   0.500   0.713   0.945   1.190   1.445   1.708   1.975   2.247   2.521   2.795   3.067   3.333   3.590   3.833   4.058   4.262   4.444   4.601   4.731   4.837
   4.950  -0.439  -0.439  -0.437  -0.435  -0.432  -0.427  -0.418  -0.405  -0.387  -0.360  -0.323  -0.273  -0.206  -0.118  -0.006   0.133   0.298   0.489   0.702   0.932   1.177   1.431   1.693   1.961   2.232   2.505   2.779   3.051   3.318   3.575   3.819   4.041   4.243   4.420   4.571   4.696   4.795
   4.975  -0.438  -0.438  -0.436  -0.435  -0.432  -0.427  -0.419  -0.407  -0.389  -0.362  -0.325  -0.274  -0.207  -0.119  -0.009   0.129   0.293   0.483   0.695   0.925   1.170   1.424   1.686   1.953   2.223   2.497   2.770   3.042   3.309   3.565   3.807   4.027   4.224   4.395   4.540   4.658   4.750
   5.000  -0.437  -0.436  -0.435  -0.434  -0.432  -0.428  -0.420  -0.409  -0.391  -0.364  -0.327  -0.276  -0.209  -0.121  -0.010   0.128   0.291   0.481   0.692   0.922   1.167   1.421   1.683   1.949   2.220   2.492   2.765   3.036   3.301   3.556   3.795   4.010   4.202   4.366   4.505   4.617   4.704
   5.025  -0.435  -0.434  -0.433  -0.433  -0.431  -0.427  -0.421  -0.410  -0.393  -0.367  -0.330  -0.280  -0.212  -0.123  -0.012   0.127   0.290   0.480   0.692   0.923   1.167   1.421   1.683   1.949   2.219   2.490   2.761   3.031   3.293   3.545   3.779   3.989   4.174   4.332   4.464   4.570   4.652
   5.050  -0.433  -0.432  -0.431  -0.431  -0.429  -0.426  -0.421  -0.411  -0.395  -0.371  -0.334  -0.284  -0.216  -0.127  -0.014   0.125   0.290   0.480   0.693   0.923   1.168   1.422   1.683   1.948   2.217   2.486   2.755   3.022   3.281   3.528   3.757   3.961   4.139   4.290   4.415   4.517   4.595
   5.075  -0.430  -0.429  -0.429  -0.428  -0.427  -0.425  -0.419  -0.411  -0.396  -0.373  -0.339  -0.289  -0.222  -0.132  -0.019   0.121   0.287   0.479   0.692   0.923   1.168   1.421   1.681   1.944   2.210   2.477   2.743   3.006   3.260   3.502   3.725   3.922   4.094   4.238   4.359   4.458   4.534
   5.100  -0.428  -0.427  -0.426  -0.426  -0.424  -0.422  -0.418  -0.410  -0.397  -0.376  -0.343  -0.295  -0.229  -0.140  -0.026   0.115   0.282   0.475   0.688   0.919   1.163   1.414   1.672   1.933   2.196   2.460   2.722   2.980   3.228   3.464   3.681   3.872   4.038   4.178   4.294   4.391   4.467
   5.125  -0.426  -0.425  -0.424  -0.423  -0.421  -0.419  -0.415  -0.408  -0.396  -0.377  -0.346  -0.301  -0.237  -0.149  -0.037   0.104   0.271   0.464   0.678   0.908   1.150   1.399   1.654   1.911   2.170   2.429   2.686   2.939   3.182   3.411   3.622   3.808   3.971   4.108   4.223   4.320   4.398
   5.150  -0.424  -0.423  -0.422  -0.421  -0.419  -0.416  -0.412  -0.406  -0.395  -0.377  -0.349  -0.306  -0.245  -0.160  -0.050   0.090   0.256   0.448   0.660   0.888   1.127   1.373   1.625   1.878   2.132   2.386   2.638   2.885   3.122   3.346   3.553   3.735   3.895   4.030   4.146   4.244   4.324
   5.175  -0.424  -0.422  -0.421  -0.420  -0.418  -0.415  -0.411  -0.405  -0.395  -0.379  -0.352  -0.312  -0.254  -0.172  -0.065   0.071   0.234   0.423   0.632   0.857   1.093   1.335   1.581   1.830   2.079   2.328   2.575   2.816   3.049   3.269   3.471   3.652   3.811   3.947   4.064   4.166   4.250
   5.200  -0.424  -0.423  -0.421  -0.419  -0.418  -0.415  -0.411  -0.405  -0.395  -0.380  -0.356  -0.318  -0.264  -0.186  -0.083   0.049   0.207   0.392   0.596   0.816   1.047   1.285   1.527   1.770   2.015   2.259   2.500   2.737   2.966   3.182   3.382   3.562   3.721   3.860   3.980   4.085   4.174
   5.225  -0.426  -0.424  -0.422  -0.420  -0.418  -0.415  -0.411  -0.405  -0.396  -0.382  -0.359  -0.324  -0.272  -0.199  -0.101   0.025   0.177   0.354   0.552   0.766   0.992   1.224   1.461   1.700   1.939   2.179   2.416   2.650   2.875   3.089   3.288   3.468   3.630   3.771   3.895   4.005   4.098
   5.250  -0.428  -0.425  -0.423  -0.421  -0.419  -0.416  -0.411  -0.406  -0.397  -0.383  -0.362  -0.329  -0.281  -0.213  -0.121  -0.001   0.143   0.313   0.504   0.711   0.930   1.156   1.388   1.622   1.857   2.093   2.326   2.557   2.780   2.993   3.192   3.373   3.536   3.682   3.810   3.924   4.022
   5.275  -0.430  -0.428  -0.426  -0.423  -0.421  -0.418  -0.413  -0.408  -0.399  -0.386  -0.366  -0.336  -0.291  -0.227  -0.141  -0.028   0.108   0.270   0.452   0.652   0.864   1.084   1.310   1.539   1.771   2.003   2.234   2.462   2.684   2.896   3.095   3.278   3.444   3.593   3.726   3.844   3.948
   5.300  -0.434  -0.431  -0.429  -0.426  -0.424  -0.421  -0.416  -0.411  -0.402  -0.390  -0.371  -0.343  -0.301  -0.241  -0.161  -0.056   0.073   0.226   0.400   0.591   0.796   1.009   1.230   1.455   1.682   1.911   2.140   2.367   2.588   2.799   2.999   3.184   3.354   3.506   3.643   3.766   3.874
   5.325  -0.436  -0.434  -0.432  -0.429  -0.427  -0.423  -0.419  -0.413  -0.405  -0.394  -0.376  -0.350  -0.311  -0.255  -0.180  -0.082   0.038   0.183   0.348   0.531   0.729   0.936   1.151   1.371   1.595   1.822   2.048   2.274   2.494   2.705   2.906   3.093   3.266   3.422   3.563   3.690   3.801
   5.350  -0.438  -0.437  -0.435  -0.432  -0.430  -0.426  -0.422  -0.417  -0.409  -0.398  -0.381  -0.357  -0.321  -0.269  -0.199  -0.108   0.005   0.142   0.298   0.473   0.663   0.864   1.074   1.290   1.510   1.734   1.959   2.183   2.402   2.614   2.816   3.005   3.180   3.340   3.485   3.615   3.730
   5.375  -0.441  -0.440  -0.438  -0.436  -0.434  -0.431  -0.426  -0.421  -0.414  -0.403  -0.388  -0.365  -0.331  -0.283  -0.218  -0.133  -0.026   0.103   0.251   0.419   0.601   0.796   1.000   1.211   1.428   1.650   1.873   2.095   2.314   2.527   2.729   2.920   3.098   3.261   3.410   3.543   3.660
   5.400  -0.443  -0.442  -0.441  -0.439  -0.437  -0.435  -0.431  -0.426  -0.419  -0.409  -0.394  -0.373  -0.341  -0.296  -0.236  -0.156  -0.056   0.065   0.207   0.367   0.542   0.731   0.930   1.137   1.350   1.569   1.790   2.011   2.230   2.442   2.646   2.839   3.019   3.185   3.337   3.472   3.592
   5.425  -0.444  -0.443  -0.442  -0.441  -0.439  -0.437  -0.434  -0.429  -0.423  -0.414  -0.400  -0.380  -0.350  -0.309  -0.252  -0.177  -0.084   0.031   0.165   0.318   0.487   0.669   0.863   1.066   1.276   1.491   1.711   1.931   2.149   2.362   2.567   2.761   2.943   3.112   3.266   3.403   3.525
   5.450  -0.444  -0.444  -0.443  -0.442  -0.441  -0.439  -0.436  -0.432  -0.426  -0.418  -0.405  -0.387  -0.359  -0.321  -0.268  -0.198  -0.110  -0.001   0.126   0.272   0.435   0.611   0.800   0.998   1.205   1.418   1.635   1.854   2.071   2.285   2.491   2.686   2.870   3.041   3.197   3.336   3.460
   5.475  -0.445  -0.445  -0.444  -0.443  -0.442  -0.441  -0.438  -0.435  -0.430  -0.422  -0.410  -0.393  -0.368  -0.332  -0.282  -0.216  -0.134  -0.031   0.090   0.230   0.386   0.557   0.741   0.935   1.138   1.348   1.563   1.781   1.998   2.211   2.418   2.615   2.800   2.972   3.130   3.272   3.397
   5.500  -0.446  -0.445  -0.445  -0.444  -0.443  -0.442  -0.440  -0.437  -0.433  -0.426  -0.415  -0.399  -0.376  -0.342  -0.296  -0.234  -0.156  -0.059   0.056   0.190   0.341   0.506   0.685   0.875   1.075   1.282   1.495   1.711   1.927   2.141   2.348   2.546   2.733   2.906   3.066   3.209   3.336
   5.525  -0.446  -0.445  -0.445  -0.444  -0.444  -0.443  -0.441  -0.439  -0.435  -0.429  -0.420  -0.405  -0.383  -0.352  -0.309  -0.251  -0.177  -0.085   0.025   0.153   0.298   0.459   0.633   0.819   1.015   1.220   1.430   1.645   1.860   2.074   2.282   2.480   2.668   2.843   3.003   3.149   3.279
   5.550  -0.446  -0.445  -0.445  -0.445  -0.444  -0.443  -0.442  -0.440  -0.437  -0.432  -0.423  -0.411  -0.391  -0.362  -0.322  -0.267  -0.198  -0.110  -0.005   0.119   0.259   0.414   0.584   0.766   0.958   1.160   1.369   1.582   1.796   2.010   2.219   2.417   2.606   2.781   2.943   3.091   3.224
   5.575  -0.446  -0.446  -0.445  -0.445  -0.445  -0.444  -0.443  -0.441  -0.438  -0.434  -0.426  -0.415  -0.397  -0.371  -0.333  -0.283  -0.217  -0.133  -0.033   0.086   0.222   0.373   0.538   0.716   0.906   1.104   1.310   1.522   1.735   1.949   2.158   2.357   2.546   2.722   2.885   3.035   3.172
   5.600  -0.446  -0.446  -0.446  -0.445  -0.445  -0.444  -0.443  -0.442  -0.440  -0.436  -0.429  -0.418  -0.402  -0.378  -0.344  -0.297  -0.235  -0.156  -0.060   0.055   0.186   0.334   0.495   0.670   0.856   1.051   1.255   1.465   1.677   1.891   2.100   2.299   2.488   2.665   2.829   2.982   3.123
   5.625  -0.446  -0.446  -0.446  -0.446  -0.445  -0.445  -0.444  -0.443  -0.440  -0.437  -0.431  -0.421  -0.407  -0.385  -0.354  -0.310  -0.252  -0.177  -0.085   0.025   0.153   0.296   0.454   0.625   0.808   1.001   1.203   1.411   1.622   1.835   2.044   2.243   2.432   2.609   2.775   2.932   3.077
   5.650  -0.446  -0.446  -0.446  -0.446  -0.445  -0.445  -0.444  -0.443  -0.441  -0.438  -0.432  -0.424  -0.411  -0.391  -0.363  -0.323  -0.268  -0.198  -0.110  -0.003   0.121   0.261   0.415   0.583   0.763   0.954   1.153   1.359   1.570   1.782   1.991   2.190   2.379   2.556   2.724   2.884   3.035
   5.675  -0.446  -0.446  -0.446  -0.446  -0.446  -0.445  -0.444  -0.443  -0.442  -0.439  -0.434  -0.426  -0.414  -0.396  -0.370  -0.333  -0.283  -0.216  -0.132  -0.030   0.090   0.227   0.378   0.543   0.720   0.908   1.106   1.311   1.520   1.732   1.940   2.138   2.327   2.505   2.675   2.839   2.996
   5.700  -0.446  -0.446  -0.446  -0.446  -0.446  -0.445  -0.445  -0.444  -0.442  -0.439  -0.435  -0.428  -0.417  -0.401  -0.377  -0.343  -0.296  -0.233  -0.153  -0.055   0.062   0.195   0.343   0.505   0.680   0.865   1.061   1.265   1.473   1.683   1.890   2.088   2.277   2.456   2.628   2.796   2.960
   5.725  -0.446  -0.446  -0.446  -0.446  -0.446  -0.446  -0.445  -0.444  -0.442  -0.440  -0.436  -0.429  -0.419  -0.405  -0.383  -0.351  -0.307  -0.248  -0.172  -0.077   0.035   0.164   0.310   0.469   0.641   0.824   1.018   1.220   1.428   1.637   1.843   2.040   2.229   2.409   2.583   2.755   2.925
   5.750  -0.446  -0.446  -0.446  -0.446  -0.446  -0.446  -0.445  -0.444  -0.443  -0.441  -0.437  -0.431  -0.421  -0.408  -0.388  -0.358  -0.317  -0.261  -0.189  -0.098   0.010   0.136   0.278   0.434   0.604   0.785   0.977   1.179   1.385   1.592   1.797   1.993   2.183   2.363   2.540   2.717   2.893
   5.775  -0.446  -0.446  -0.446  -0.446  -0.446  -0.446  -0.445  -0.444  -0.443  -0.441  -0.438  -0.432  -0.423  -0.411  -0.392  -0.364  -0.326  -0.273  -0.204  -0.117  -0.013   0.110   0.248   0.402   0.569   0.748   0.938   1.139   1.344   1.550   1.753   1.949   2.138   2.320   2.499   2.680   2.861
   5.800  -0.446  -0.446  -0.446  -0.446  -0.446  -0.446  -0.445  -0.445  -0.443  -0.442  -0.438  -0.433  -0.425  -0.413  -0.396  -0.370  -0.334  -0.284  -0.219  -0.135  -0.034   0.085   0.220   0.371   0.536   0.713   0.902   1.101   1.305   1.509   1.711   1.906   2.096   2.279   2.460   2.644   2.830
   5.825  -0.446  -0.446  -0.446  -0.446  -0.446  -0.446  -0.445  -0.445  -0.444  -0.442  -0.439  -0.434  -0.427  -0.416  -0.399  -0.375  -0.341  -0.294  -0.232  -0.152  -0.054   0.061   0.194   0.342   0.505   0.681   0.868   1.065   1.267   1.470   1.671   1.865   2.055   2.239   2.423   2.610   2.799
   5.850  -0.446  -0.446  -0.446  -0.446  -0.446  -0.446  -0.445  -0.445  -0.444  -0.442  -0.439  -0.435  -0.428  -0.418  -0.402  -0.379  -0.347  -0.303  -0.243  -0.167  -0.073   0.040   0.170   0.316   0.477   0.651   0.836   1.031   1.232   1.432   1.631   1.825   2.015   2.201   2.387   2.576   2.768
   5.875  -0.446  -0.446  -0.446  -0.446  -0.446  -0.446  -0.446  -0.445  -0.444  -0.443  -0.440  -0.436  -0.429  -0.420  -0.405  -0.384  -0.353  -0.311  -0.254  -0.180  -0.089   0.021   0.148   0.292   0.451   0.623   0.807   1.000   1.197   1.396   1.593   1.786   1.977   2.165   2.353   2.544   2.737
   5.900  -0.446  -0.446  -0.446  -0.446  -0.446  -0.446  -0.446  -0.445  -0.444  -0.443  -0.440  -0.436  -0.430  -0.421  -0.407  -0.388  -0.359  -0.318  -0.264  -0.193  -0.105   0.003   0.128   0.270   0.427   0.598   0.779   0.969   1.164   1.360   1.556   1.749   1.940   2.130   2.320   2.513   2.707
   5.925  -0.446  -0.446  -0.446  -0.446  -0.446  -0.446  -0.446  -0.445  -0.444  -0.443  -0.441  -0.437  -0.431  -0.423  -0.410  -0.391  -0.364  -0.325  -0.273  -0.204  -0.118  -0.013   0.110   0.250   0.405   0.574   0.753   0.940   1.132   1.325   1.519   1.712   1.905   2.097   2.289   2.483   2.678
   5.950  -0.446  -0.446  -0.446  -0.446  -0.446  -0.446  -0.445  -0.445  -0.444  -0.443  -0.441  -0.438  -0.432  -0.424  -0.412  -0.394  -0.368  -0.331  -0.281  -0.214  -0.131  -0.027   0.093   0.232   0.385   0.551   0.728   0.912   1.101   1.291   1.484   1.677   1.870   2.065   2.260   2.455   2.650
   5.975  -0.446  -0.446  -0.446  -0.446  -0.446  -0.446  -0.445  -0.445  -0.444  -0.443  -0.441  -0.438  -0.433  -0.426  -0.414  -0.397  -0.372  -0.337  -0.288  -0.224  -0.142  -0.041   0.078   0.214   0.365   0.529   0.703   0.884   1.070   1.258   1.449   1.642   1.837   2.034   2.231   2.427   2.622
   6.000  -0.446  -0.446  -0.446  -0.446  -0.446  -0.446  -0.445  -0.445  -0.444  -0.443  -0.441  -0.438  -0.434  -0.427  -0.415  -0.399  -0.375  -0.342  -0.295  -0.233  -0.153  -0.054   0.063   0.197   0.346   0.507   0.678   0.856   1.039   1.225   1.415   1.609   1.805   2.003   2.203   2.400   2.596
   6.050  -0.446  -0.447  -0.447  -0.446  -0.446  -0.445  -0.445  -0.444  -0.444  -0.442  -0.441  -0.438  -0.434  -0.428  -0.418  -0.403  -0.382  -0.351  -0.308  -0.250  -0.175  -0.080   0.033   0.163   0.307   0.462   0.627   0.799   0.977   1.160   1.349   1.544   1.743   1.945   2.148   2.348   2.546
   6.100  -0.447  -0.447  -0.447  -0.447  -0.446  -0.446  -0.445  -0.444  -0.443  -0.442  -0.440  -0.438  -0.434  -0.428  -0.419  -0.406  -0.387  -0.359  -0.319  -0.265  -0.194  -0.104   0.004   0.128   0.267   0.417   0.575   0.742   0.915   1.097   1.286   1.483   1.685   1.891   2.097   2.299   2.499
   6.150  -0.448  -0.447  -0.447  -0.447  -0.447  -0.446  -0.446  -0.445  -0.444  -0.443  -0.441  -0.438  -0.434  -0.429  -0.420  -0.408  -0.390  -0.363  -0.327  -0.276  -0.210  -0.125  -0.024   0.095   0.226   0.369   0.522   0.684   0.855   1.036   1.227   1.427   1.632   1.840   2.047   2.250   2.450
   6.200  -0.448  -0.447  -0.447  -0.447  -0.447  -0.447  -0.447  -0.446  -0.445  -0.444  -0.442  -0.439  -0.436  -0.430  -0.421  -0.410  -0.392  -0.367  -0.333  -0.285  -0.224  -0.145  -0.050   0.061   0.186   0.322   0.469   0.627   0.796   0.979   1.171   1.373   1.581   1.791   1.999   2.202   2.400
   6.250  -0.448  -0.448  -0.447  -0.448  -0.448  -0.448  -0.447  -0.447  -0.446  -0.445  -0.444  -0.441  -0.438  -0.432  -0.424  -0.413  -0.396  -0.372  -0.339  -0.295  -0.237  -0.164  -0.075   0.028   0.146   0.276   0.418   0.573   0.742   0.925   1.119   1.322   1.532   1.743   1.952   2.154   2.350
   6.300  -0.448  -0.448  -0.448  -0.448  -0.448  -0.448  -0.448  -0.448  -0.447  -0.446  -0.445  -0.443  -0.440  -0.435  -0.427  -0.416  -0.400  -0.378  -0.347  -0.305  -0.251  -0.183  -0.101  -0.004   0.107   0.231   0.370   0.523   0.691   0.874   1.070   1.275   1.485   1.696   1.905   2.106   2.300
   6.350  -0.448  -0.448  -0.448  -0.448  -0.448  -0.448  -0.448  -0.448  -0.448  -0.447  -0.446  -0.445  -0.442  -0.437  -0.431  -0.420  -0.406  -0.385  -0.356  -0.317  -0.267  -0.204  -0.127  -0.036   0.070   0.190   0.325   0.477   0.645   0.828   1.024   1.230   1.441   1.652   1.859   2.057   2.247
   6.400  -0.449  -0.448  -0.448  -0.448  -0.448  -0.448  -0.448  -0.448  -0.448  -0.448  -0.447  -0.446  -0.443  -0.440  -0.434  -0.425  -0.411  -0.392  -0.365  -0.329  -0.283  -0.223  -0.151  -0.065   0.035   0.151   0.284   0.435   0.602   0.786   0.982   1.188   1.398   1.608   1.814   2.008   2.192
   6.450  -0.449  -0.449  -0.448  -0.448  -0.448  -0.448  -0.449  -0.449  -0.449  -0.448  -0.448  -0.447  -0.444  -0.441  -0.436  -0.428  -0.416  -0.398  -0.374  -0.341  -0.297  -0.242  -0.174  -0.092   0.004   0.117   0.247   0.396   0.562   0.746   0.942   1.147   1.356   1.565   1.767   1.957   2.137
   6.500  -0.449  -0.449  -0.449  -0.449  -0.449  -0.449  -0.449  -0.449  -0.449  -0.449  -0.448  -0.447  -0.445  -0.443  -0.438  -0.431  -0.420  -0.404  -0.382  -0.351  -0.310  -0.259  -0.194  -0.117  -0.024   0.086   0.213   0.360   0.525   0.708   0.903   1.107   1.315   1.521   1.721   1.906   2.081
   6.550  -0.449  -0.449  -0.449  -0.449  -0.449  -0.450  -0.450  -0.450  -0.449  -0.449  -0.449  -0.448  -0.446  -0.444  -0.440  -0.434  -0.424  -0.409  -0.388  -0.360  -0.322  -0.273  -0.212  -0.139  -0.050   0.056   0.180   0.325   0.488   0.670   0.865   1.068   1.274   1.477   1.673   1.855   2.024
   6.600  -0.450  -0.450  -0.450  -0.450  -0.450  -0.450  -0.450  -0.450  -0.450  -0.450  -0.449  -0.449  -0.447  -0.445  -0.441  -0.436  -0.426  -0.413  -0.394  -0.367  -0.332  -0.286  -0.228  -0.159  -0.074   0.029   0.149   0.292   0.453   0.634   0.827   1.028   1.232   1.433   1.625   1.802   1.967
   6.650  -0.450  -0.450  -0.450  -0.450  -0.450  -0.451  -0.451  -0.451  -0.450  -0.450  -0.450  -0.449  -0.448  -0.446  -0.442  -0.437  -0.429  -0.417  -0.399  -0.374  -0.341  -0.298  -0.244  -0.177  -0.095   0.004   0.123   0.263   0.423   0.601   0.792   0.990   1.191   1.388   1.577   1.750   1.910
   6.700  -0.451  -0.451  -0.451  -0.451  -0.451  -0.451  -0.451  -0.451  -0.451  -0.451  -0.450  -0.449  -0.448  -0.446  -0.443  -0.439  -0.431  -0.420  -0.404  -0.381  -0.350  -0.310  -0.258  -0.194  -0.115  -0.017   0.099   0.238   0.395   0.570   0.758   0.953   1.149   1.343   1.528   1.697   1.853
   6.750  -0.451  -0.451  -0.451  -0.451  -0.451  -0.451  -0.451  -0.452  -0.452  -0.451  -0.451  -0.450  -0.449  -0.448  -0.445  -0.440  -0.433  -0.423  -0.408  -0.386  -0.357  -0.320  -0.271  -0.210  -0.132  -0.037   0.077   0.213   0.367   0.539   0.723   0.914   1.108   1.297   1.478   1.643   1.794
   6.800  -0.452  -0.452  -0.452  -0.452  -0.452  -0.452  -0.452  -0.452  -0.452  -0.452  -0.452  -0.451  -0.450  -0.449  -0.446  -0.442  -0.435  -0.425  -0.411  -0.391  -0.365  -0.329  -0.283  -0.224  -0.149  -0.056   0.056   0.188   0.339   0.508   0.688   0.876   1.066   1.251   1.427   1.588   1.735
   6.850  -0.453  -0.453  -0.453  -0.453  -0.453  -0.453  -0.453  -0.453  -0.453  -0.453  -0.453  -0.452  -0.451  -0.450  -0.447  -0.443  -0.437  -0.428  -0.415  -0.396  -0.371  -0.338  -0.294  -0.237  -0.165  -0.074   0.035   0.165   0.312   0.477   0.654   0.838   1.024   1.204   1.375   1.529   1.668
   6.900  -0.454  -0.454  -0.454  -0.454  -0.454  -0.454  -0.454  -0.454  -0.454  -0.454  -0.453  -0.453  -0.452  -0.451  -0.448  -0.445  -0.439  -0.430  -0.418  -0.401  -0.377  -0.346  -0.304  -0.250  -0.180  -0.092   0.015   0.141   0.285   0.447   0.620   0.800   0.981   1.157   1.321   1.466   1.595
   6.950  -0.455  -0.455  -0.455  -0.455  -0.455  -0.455  -0.455  -0.455  -0.455  -0.455  -0.455  -0.454  -0.453  -0.452  -0.450  -0.446  -0.441  -0.433  -0.421  -0.405  -0.383  -0.354  -0.314  -0.261  -0.194  -0.109  -0.006   0.117   0.257   0.415   0.585   0.762   0.939   1.109   1.267   1.406   1.529
   7.000  -0.456  -0.456  -0.456  -0.456  -0.456  -0.456  -0.456  -0.456  -0.456  -0.456  -0.456  -0.455  -0.454  -0.453  -0.451  -0.448  -0.443  -0.435  -0.424  -0.409  -0.388  -0.361  -0.323  -0.272  -0.207  -0.125  -0.025   0.093   0.229   0.384   0.550   0.723   0.896   1.060   1.212   1.346   1.464
   7.050  -0.457  -0.457  -0.457  -0.457  -0.457  -0.457  -0.457  -0.457  -0.457  -0.457  -0.457  -0.456  -0.455  -0.454  -0.452  -0.450  -0.445  -0.438  -0.427  -0.414  -0.394  -0.367  -0.331  -0.281  -0.218  -0.139  -0.044   0.071   0.202   0.353   0.515   0.685   0.854   1.012   1.155   1.277   1.381
   7.100  -0.458  -0.458  -0.458  -0.458  -0.458  -0.458  -0.458  -0.458  -0.458  -0.458  -0.458  -0.458  -0.457  -0.456  -0.454  -0.451  -0.447  -0.441  -0.431  -0.418  -0.400  -0.374  -0.338  -0.290  -0.229  -0.154  -0.062   0.048   0.176   0.322   0.479   0.646   0.810   0.962   1.096   1.203   1.286
   7.150  -0.459  -0.459  -0.459  -0.459  -0.459  -0.459  -0.459  -0.459  -0.459  -0.459  -0.459  -0.459  -0.459  -0.458  -0.456  -0.453  -0.449  -0.443  -0.434  -0.422  -0.405  -0.379  -0.345  -0.299  -0.241  -0.168  -0.080   0.026   0.149   0.291   0.444   0.602   0.758   0.908   1.039   1.129   1.195
   7.200  -0.461  -0.461  -0.461  -0.461  -0.461  -0.461  -0.461  -0.461  -0.461  -0.461  -0.461  -0.461  -0.461  -0.460  -0.458  -0.456  -0.452  -0.446  -0.438  -0.426  -0.409  -0.385  -0.352  -0.309  -0.253  -0.184  -0.099   0.003   0.122   0.260   0.408   0.559   0.707   0.849   0.971   1.053   1.103
   7.250  -0.463  -0.463  -0.463  -0.463  -0.463  -0.463  -0.463  -0.463  -0.463  -0.463  -0.463  -0.463  -0.463  -0.462  -0.460  -0.458  -0.454  -0.450  -0.442  -0.431  -0.414  -0.390  -0.359  -0.318  -0.265  -0.199  -0.118  -0.020   0.095   0.226   0.367   0.520   0.664   0.779   0.869   0.945   0.982
   7.300  -0.465  -0.465  -0.465  -0.465  -0.465  -0.465  -0.465  -0.465  -0.465  -0.465  -0.465  -0.465  -0.465  -0.464  -0.463  -0.461  -0.457  -0.453  -0.446  -0.435  -0.419  -0.396  -0.366  -0.327  -0.278  -0.215  -0.138  -0.043   0.067   0.191   0.326   0.480   0.621   0.709   0.768   0.815   0.842
   7.350  -0.467  -0.467  -0.467  -0.467  -0.467  -0.467  -0.467  -0.467  -0.467  -0.467  -0.467  -0.467  -0.467  -0.467  -0.465  -0.463  -0.460  -0.456  -0.449  -0.439  -0.424  -0.402  -0.374  -0.337  -0.290  -0.231  -0.157  -0.066   0.039   0.157   0.287   0.439   0.579   0.662   0.718   0.740   0.764
   7.400  -0.470  -0.470  -0.470  -0.470  -0.470  -0.470  -0.470  -0.470  -0.470  -0.470  -0.470  -0.470  -0.470  -0.469  -0.468  -0.466  -0.463  -0.459  -0.453  -0.443  -0.429  -0.409  -0.382  -0.347  -0.303  -0.247  -0.177  -0.090   0.010   0.124   0.248   0.389   0.518   0.598   0.653   0.695   0.720
   7.450  -0.473  -0.473  -0.473  -0.473  -0.473  -0.473  -0.473  -0.473  -0.473  -0.473  -0.473  -0.473  -0.473  -0.472  -0.471  -0.469  -0.467  -0.463  -0.457  -0.448  -0.434  -0.416  -0.390  -0.358  -0.316  -0.263  -0.198  -0.117  -0.022   0.094   0.211   0.314   0.401   0.458   0.497   0.554   0.574
   7.500  -0.476  -0.476  -0.476  -0.476  -0.476  -0.476  -0.476  -0.476  -0.476  -0.476  -0.476  -0.476  -0.476  -0.475  -0.474  -0.473  -0.471  -0.468  -0.462  -0.453  -0.440  -0.422  -0.399  -0.369  -0.330  -0.281  -0.219  -0.144  -0.054   0.062   0.172   0.239   0.285   0.319   0.341   0.359   0.370
   7.550  -0.480  -0.480  -0.480  -0.480  -0.480  -0.480  -0.480  -0.480  -0.480  -0.480  -0.480  -0.480  -0.480  -0.479  -0.478  -0.477  -0.475  -0.472  -0.467  -0.458  -0.446  -0.429  -0.408  -0.380  -0.344  -0.298  -0.241  -0.170  -0.086   0.025   0.129   0.189   0.228   0.257   0.277   0.277   0.286
   7.600  -0.484  -0.484  -0.484  -0.484  -0.484  -0.484  -0.484  -0.484  -0.484  -0.484  -0.484  -0.484  -0.484  -0.483  -0.482  -0.481  -0.480  -0.477  -0.472  -0.464  -0.452  -0.437  -0.417  -0.392  -0.359  -0.317  -0.264  -0.198  -0.118  -0.014   0.085   0.145   0.186   0.217   0.237   0.253   0.263
   7.650  -0.488  -0.488  -0.488  -0.488  -0.488  -0.488  -0.488  -0.488  -0.488  -0.488  -0.488  -0.488  -0.488  -0.488  -0.487  -0.486  -0.485  -0.482  -0.477  -0.470  -0.459  -0.445  -0.427  -0.404  -0.375  -0.336  -0.288  -0.226  -0.151  -0.053   0.041   0.098   0.137   0.166   0.185   0.199   0.208
   7.700  -0.493  -0.493  -0.493  -0.493  -0.493  -0.493  -0.493  -0.493  -0.493  -0.493  -0.493  -0.493  -0.493  -0.493  -0.492  -0.491  -0.490  -0.487  -0.483  -0.476  -0.466  -0.454  -0.438  -0.418  -0.391  -0.356  -0.312  -0.255  -0.186  -0.094  -0.006   0.047   0.084   0.111   0.129   0.143   0.151
   7.750  -0.499  -0.499  -0.499  -0.499  -0.499  -0.499  -0.499  -0.499  -0.499  -0.499  -0.499  -0.499  -0.499  -0.499  -0.498  -0.498  -0.496  -0.494  -0.489  -0.483  -0.474  -0.463  -0.449  -0.432  -0.409  -0.378  -0.337  -0.286  -0.222  -0.137  -0.055  -0.006   0.028   0.053   0.070   0.077   0.085
   7.800  -0.505  -0.505  -0.505  -0.505  -0.505  -0.505  -0.505  -0.505  -0.505  -0.505  -0.505  -0.505  -0.505  -0.505  -0.505  -0.504  -0.503  -0.500  -0.496  -0.490  -0.483  -0.473  -0.461  -0.447  -0.427  -0.400  -0.364  -0.317  -0.260  -0.186  -0.116  -0.073  -0.044  -0.023  -0.008   0.003   0.010
   7.850  -0.512  -0.512  -0.512  -0.512  -0.512  -0.512  -0.512  -0.512  -0.512  -0.512  -0.512  -0.512  -0.512  -0.512  -0.512  -0.512  -0.510  -0.508  -0.504  -0.499  -0.493  -0.485  -0.475  -0.463  -0.447  -0.424  -0.392  -0.348  -0.299  -0.251  -0.208  -0.181  -0.162  -0.149  -0.140  -0.114  -0.109
   7.900  -0.520  -0.520  -0.520  -0.520  -0.520  -0.520  -0.520  -0.520  -0.520  -0.520  -0.520  -0.520  -0.520  -0.520  -0.520  -0.519  -0.518  -0.515  -0.512  -0.508  -0.503  -0.497  -0.489  -0.480  -0.467  -0.448  -0.422  -0.380  -0.339  -0.314  -0.298  -0.285  -0.277  -0.271  -0.266  -0.263  -0.261
   7.950  -0.527  -0.528  -0.528  -0.528  -0.528  -0.528  -0.528  -0.528  -0.528  -0.528  -0.528  -0.528  -0.528  -0.528  -0.528  -0.527  -0.526  -0.524  -0.521  -0.517  -0.513  -0.509  -0.503  -0.497  -0.488  -0.474  -0.452  -0.415  -0.379  -0.359  -0.348  -0.338  -0.332  -0.328  -0.324  -0.334  -0.333
   8.000  -0.535  -0.536  -0.536  -0.536  -0.536  -0.536  -0.536  -0.536  -0.536  -0.536  -0.536  -0.536  -0.536  -0.536  -0.536  -0.535  -0.534  -0.532  -0.530  -0.527  -0.524  -0.521  -0.518  -0.515  -0.510  -0.500  -0.483  -0.452  -0.420  -0.401  -0.389  -0.379  -0.373  -0.368  -0.365  -0.362  -0.361
   8.100  -0.555  -0.555  -0.555  -0.555  -0.555  -0.555  -0.555  -0.555  -0.556  -0.556  -0.556  -0.556  -0.556  -0.556  -0.556  -0.555  -0.554  -0.553  -0.552  -0.551  -0.550  -0.551  -0.553  -0.556  -0.558  -0.557  -0.550  -0.533  -0.514  -0.503  -0.496  -0.491  -0.487  -0.484  -0.482  -0.481  -0.480
   8.200  -0.580  -0.580  -0.580  -0.580  -0.580  -0.580  -0.580  -0.580  -0.580  -0.581  -0.581  -0.581  -0.581  -0.581  -0.580  -0.580  -0.579  -0.579  -0.579  -0.579  -0.582  -0.586  -0.593  -0.604  -0.613  -0.620  -0.620  -0.609  -0.595  -0.588  -0.583  -0.579  -0.576  -0.575  -0.573  -0.608  -0.607
   8.300  -0.609  -0.609  -0.609  -0.609  -0.609  -0.609  -0.609  -0.609  -0.609  -0.609  -0.610  -0.610  -0.610  -0.609  -0.609  -0.609  -0.609  -0.609  -0.610  -0.613  -0.618  -0.627  -0.639  -0.655  -0.672  -0.688  -0.702  -0.714  -0.723  -0.729  -0.733  -0.737  -0.739  -0.740  -0.741  -0.742  -0.743
   8.400  -0.654  -0.648  -0.644  -0.643  -0.642  -0.642  -0.642  -0.642  -0.643  -0.643  -0.643  -0.643  -0.643  -0.642  -0.643  -0.643  -0.643  -0.644  -0.646  -0.651  -0.659  -0.673  -0.690  -0.705  -0.727  -0.760  -0.814  -0.918  -1.024  -1.087  -1.130  -1.161  -1.183  -1.198  -1.209  -1.097  -1.101
   8.500  -0.679  -0.679  -0.679  -0.679  -0.679  -0.679  -0.679  -0.680  -0.680  -0.680  -0.680  -0.679  -0.679  -0.679  -0.680  -0.680  -0.681  -0.682  -0.686  -0.693  -0.704  -0.723  -0.745  -0.761  -0.789  -0.836  -0.922  -1.097  -1.277  -1.382  -1.455  -1.507  -1.543  -1.570  -1.588  -1.601  -1.610
   8.600  -0.647  -0.683  -0.707  -0.719  -0.718  -0.720  -0.720  -0.720  -0.721  -0.721  -0.720  -0.720  -0.719  -0.720  -0.721  -0.722  -0.723  -0.726  -0.730  -0.740  -0.753  -0.775  -0.804  -0.834  -0.866  -0.922  -0.997  -1.119  -1.278  -1.366  -1.419  -1.463  -1.489  -1.511  -1.524  -1.535  -1.542
   8.700  -0.570  -0.667  -0.731  -0.762  -0.760  -0.765  -0.764  -0.765  -0.765  -0.765  -0.764  -0.764  -0.764  -0.764  -0.765  -0.766  -0.768  -0.772  -0.778  -0.790  -0.806  -0.833  -0.868  -0.908  -0.954  -1.000  -1.048  -1.077  -1.095  -1.110  -1.119  -1.126  -1.130  -1.134  -1.136  -1.138  -1.139

