fixed metal distribution -- based on Grevesse & Sauval (1998)
    form     version        X           Z          logRs    logR_min    logR_max       logTs    logT_min    logT_max
       1          38    0.800000    0.100000          37   -8.000000    1.000000         138    3.750000    8.700000

   logT                       logR = logRho - 3*logT + 18
          -8.000  -7.750  -7.500  -7.250  -7.000  -6.750  -6.500  -6.250  -6.000  -5.750  -5.500  -5.250  -5.000  -4.750  -4.500  -4.250  -4.000  -3.750  -3.500  -3.250  -3.000  -2.750  -2.500  -2.250  -2.000  -1.750  -1.500  -1.250  -1.000  -0.750  -0.500  -0.250   0.000   0.250   0.500   0.750   1.000

   3.750  -0.721  -0.799  -0.885  -0.978  -1.078  -1.180  -1.286  -1.392  -1.499  -1.604  -1.709  -1.809  -1.905  -1.989  -2.065  -2.119  -2.156  -2.164  -2.146  -2.102  -2.031  -1.942  -1.833  -1.711  -1.573  -1.425  -1.264  -1.081  -0.878  -0.674  -0.463  -0.253  -0.040   0.157   0.345   0.529   0.708
   3.775  -0.587  -0.628  -0.679  -0.741  -0.813  -0.894  -0.984  -1.077  -1.175  -1.273  -1.373  -1.467  -1.558  -1.638  -1.707  -1.759  -1.795  -1.803  -1.787  -1.747  -1.684  -1.608  -1.515  -1.407  -1.283  -1.158  -1.027  -0.873  -0.703  -0.530  -0.349  -0.156   0.049   0.246   0.442   0.628   0.809
   3.800  -0.501  -0.516  -0.541  -0.576  -0.622  -0.679  -0.746  -0.818  -0.898  -0.979  -1.064  -1.145  -1.224  -1.292  -1.352  -1.396  -1.427  -1.433  -1.418  -1.382  -1.326  -1.260  -1.180  -1.085  -0.974  -0.867  -0.758  -0.628  -0.484  -0.336  -0.181  -0.007   0.181   0.370   0.563   0.748   0.929
   3.825  -0.473  -0.475  -0.482  -0.495  -0.515  -0.541  -0.575  -0.615  -0.662  -0.716  -0.774  -0.834  -0.893  -0.946  -0.992  -1.027  -1.048  -1.050  -1.035  -1.003  -0.955  -0.896  -0.824  -0.738  -0.645  -0.552  -0.453  -0.338  -0.214  -0.086   0.050   0.200   0.360   0.531   0.708   0.888   1.068
   3.850  -0.472  -0.469  -0.466  -0.463  -0.461  -0.460  -0.462  -0.470  -0.483  -0.504  -0.530  -0.560  -0.592  -0.622  -0.647  -0.664  -0.672  -0.667  -0.649  -0.619  -0.577  -0.522  -0.457  -0.383  -0.302  -0.218  -0.127  -0.025   0.084   0.198   0.318   0.443   0.577   0.724   0.881   1.048   1.225
   3.875  -0.470  -0.464  -0.457  -0.448  -0.437  -0.423  -0.409  -0.395  -0.382  -0.371  -0.361  -0.353  -0.346  -0.339  -0.331  -0.320  -0.306  -0.287  -0.262  -0.230  -0.191  -0.141  -0.084  -0.020   0.050   0.124   0.206   0.295   0.391   0.492   0.599   0.709   0.827   0.955   1.093   1.240   1.402
   3.900  -0.472  -0.466  -0.458  -0.448  -0.434  -0.416  -0.393  -0.364  -0.331  -0.291  -0.248  -0.202  -0.154  -0.106  -0.059  -0.015   0.027   0.066   0.105   0.145   0.187   0.234   0.286   0.342   0.403   0.469   0.542   0.620   0.705   0.795   0.891   0.991   1.097   1.209   1.329   1.459   1.598
   3.925  -0.474  -0.469  -0.462  -0.452  -0.439  -0.419  -0.392  -0.356  -0.310  -0.253  -0.186  -0.110  -0.027   0.059   0.145   0.227   0.304   0.373   0.435   0.491   0.543   0.594   0.645   0.697   0.752   0.812   0.876   0.946   1.021   1.101   1.187   1.277   1.373   1.474   1.581   1.691   1.814
   3.950  -0.475  -0.471  -0.465  -0.458  -0.447  -0.429  -0.402  -0.363  -0.311  -0.243  -0.160  -0.062   0.048   0.168   0.290   0.410   0.524   0.627   0.718   0.796   0.865   0.926   0.982   1.036   1.089   1.144   1.203   1.265   1.332   1.405   1.482   1.564   1.650   1.742   1.839   1.941   2.049
   3.975  -0.473  -0.470  -0.465  -0.459  -0.449  -0.433  -0.408  -0.371  -0.319  -0.248  -0.158  -0.048   0.079   0.222   0.372   0.525   0.675   0.812   0.937   1.045   1.138   1.217   1.286   1.347   1.404   1.459   1.515   1.573   1.633   1.699   1.768   1.841   1.920   2.003   2.091   2.183   2.282
   4.000  -0.468  -0.466  -0.462  -0.457  -0.449  -0.435  -0.413  -0.379  -0.330  -0.261  -0.170  -0.055   0.081   0.239   0.410   0.589   0.768   0.939   1.097   1.237   1.359   1.462   1.549   1.623   1.689   1.749   1.805   1.861   1.919   1.978   2.042   2.108   2.180   2.256   2.338   2.425   2.519
   4.025  -0.462  -0.460  -0.457  -0.453  -0.446  -0.434  -0.414  -0.383  -0.337  -0.270  -0.182  -0.067   0.071   0.234   0.415   0.609   0.809   1.004   1.191   1.361   1.514   1.644   1.757   1.851   1.932   2.002   2.065   2.124   2.181   2.239   2.299   2.361   2.427   2.497   2.572   2.652   2.739
   4.050  -0.455  -0.453  -0.450  -0.447  -0.441  -0.431  -0.412  -0.384  -0.341  -0.279  -0.194  -0.083   0.053   0.215   0.399   0.600   0.812   1.026   1.235   1.432   1.613   1.773   1.913   2.032   2.133   2.218   2.292   2.358   2.419   2.478   2.537   2.597   2.659   2.725   2.794   2.869   2.949
   4.075  -0.447  -0.444  -0.441  -0.438  -0.433  -0.424  -0.407  -0.382  -0.342  -0.283  -0.203  -0.097   0.035   0.194   0.376   0.578   0.793   1.015   1.239   1.455   1.660   1.846   2.014   2.159   2.285   2.390   2.480   2.557   2.626   2.690   2.751   2.811   2.873   2.936   3.002   3.073   3.148
   4.100  -0.440  -0.436  -0.432  -0.428  -0.423  -0.415  -0.400  -0.376  -0.340  -0.285  -0.210  -0.109   0.017   0.170   0.346   0.544   0.758   0.984   1.214   1.444   1.668   1.877   2.071   2.243   2.394   2.522   2.632   2.725   2.805   2.877   2.943   3.007   3.069   3.132   3.196   3.264   3.335
   4.125  -0.435  -0.429  -0.424  -0.420  -0.414  -0.406  -0.391  -0.370  -0.335  -0.285  -0.214  -0.119   0.000   0.146   0.316   0.509   0.719   0.943   1.176   1.414   1.649   1.876   2.090   2.286   2.462   2.615   2.747   2.859   2.955   3.038   3.112   3.182   3.248   3.312   3.377   3.443   3.511
   4.150  -0.431  -0.425  -0.418  -0.413  -0.406  -0.397  -0.382  -0.362  -0.329  -0.282  -0.216  -0.127  -0.015   0.124   0.287   0.473   0.678   0.898   1.130   1.370   1.613   1.852   2.082   2.299   2.499   2.676   2.831   2.964   3.078   3.176   3.261   3.338   3.409   3.477   3.544   3.610   3.677
   4.175  -0.430  -0.422  -0.415  -0.408  -0.400  -0.389  -0.374  -0.353  -0.322  -0.276  -0.214  -0.130  -0.024   0.108   0.263   0.442   0.641   0.857   1.087   1.326   1.572   1.818   2.059   2.292   2.510   2.709   2.888   3.043   3.177   3.291   3.390   3.477   3.555   3.628   3.697   3.767   3.835
   4.200  -0.429  -0.421  -0.413  -0.405  -0.395  -0.383  -0.367  -0.345  -0.314  -0.270  -0.210  -0.130  -0.029   0.096   0.244   0.416   0.609   0.820   1.045   1.283   1.529   1.778   2.027   2.271   2.504   2.722   2.922   3.099   3.255   3.387   3.501   3.600   3.687   3.767   3.841   3.914   3.983
   4.225  -0.429  -0.421  -0.413  -0.404  -0.393  -0.380  -0.363  -0.340  -0.308  -0.265  -0.206  -0.129  -0.032   0.088   0.231   0.396   0.583   0.789   1.011   1.246   1.491   1.741   1.994   2.245   2.489   2.723   2.941   3.138   3.315   3.466   3.597   3.710   3.809   3.897   3.977   4.055   4.128
   4.250  -0.428  -0.421  -0.412  -0.403  -0.392  -0.378  -0.360  -0.337  -0.304  -0.261  -0.203  -0.127  -0.033   0.084   0.222   0.382   0.563   0.765   0.984   1.216   1.459   1.709   1.963   2.219   2.471   2.716   2.949   3.164   3.360   3.530   3.679   3.807   3.919   4.018   4.106   4.190   4.267
   4.275  -0.424  -0.418  -0.410  -0.401  -0.389  -0.376  -0.358  -0.334  -0.301  -0.258  -0.200  -0.125  -0.032   0.082   0.217   0.375   0.553   0.751   0.967   1.197   1.438   1.687   1.942   2.199   2.456   2.709   2.952   3.182   3.394   3.582   3.748   3.893   4.020   4.130   4.228   4.319   4.400
   4.300  -0.419  -0.413  -0.405  -0.396  -0.385  -0.372  -0.354  -0.330  -0.298  -0.255  -0.197  -0.123  -0.031   0.082   0.215   0.371   0.547   0.745   0.959   1.187   1.426   1.674   1.928   2.187   2.445   2.703   2.954   3.195   3.421   3.624   3.808   3.969   4.111   4.235   4.343   4.442   4.529
   4.325  -0.412  -0.406  -0.398  -0.389  -0.378  -0.365  -0.347  -0.324  -0.293  -0.252  -0.196  -0.124  -0.033   0.079   0.212   0.368   0.545   0.742   0.956   1.184   1.423   1.671   1.925   2.183   2.444   2.705   2.961   3.210   3.446   3.663   3.861   4.038   4.195   4.331   4.451   4.557   4.649
   4.350  -0.405  -0.398  -0.390  -0.381  -0.370  -0.356  -0.339  -0.316  -0.286  -0.246  -0.192  -0.122  -0.033   0.078   0.211   0.368   0.547   0.745   0.959   1.188   1.427   1.675   1.929   2.189   2.450   2.713   2.972   3.227   3.471   3.699   3.910   4.100   4.271   4.421   4.552   4.666   4.762
   4.375  -0.398  -0.391  -0.382  -0.372  -0.360  -0.345  -0.326  -0.303  -0.273  -0.234  -0.182  -0.114  -0.028   0.081   0.214   0.372   0.552   0.752   0.969   1.198   1.439   1.687   1.942   2.202   2.465   2.729   2.991   3.249   3.499   3.736   3.958   4.159   4.341   4.503   4.644   4.766   4.869
   4.400  -0.392  -0.384  -0.375  -0.364  -0.350  -0.334  -0.314  -0.289  -0.257  -0.218  -0.167  -0.102  -0.017   0.090   0.221   0.379   0.560   0.762   0.981   1.213   1.455   1.705   1.961   2.222   2.485   2.751   3.015   3.276   3.530   3.774   4.004   4.215   4.407   4.578   4.729   4.859   4.969
   4.425  -0.387  -0.380  -0.370  -0.358  -0.344  -0.326  -0.303  -0.276  -0.242  -0.200  -0.148  -0.082   0.001   0.106   0.234   0.391   0.570   0.773   0.993   1.227   1.472   1.725   1.984   2.246   2.512   2.779   3.045   3.309   3.566   3.815   4.051   4.269   4.469   4.649   4.808   4.945   5.061
   4.450  -0.383  -0.375  -0.365  -0.354  -0.338  -0.319  -0.295  -0.264  -0.227  -0.182  -0.127  -0.059   0.024   0.128   0.254   0.408   0.586   0.788   1.009   1.245   1.493   1.748   2.010   2.275   2.542   2.811   3.080   3.345   3.605   3.858   4.098   4.322   4.527   4.713   4.879   5.023   5.146
   4.475  -0.379  -0.371  -0.361  -0.350  -0.334  -0.314  -0.288  -0.256  -0.215  -0.166  -0.106  -0.035   0.052   0.157   0.284   0.436   0.612   0.813   1.034   1.270   1.519   1.777   2.040   2.307   2.577   2.847   3.117   3.385   3.647   3.902   4.145   4.372   4.582   4.773   4.944   5.093   5.221
   4.500  -0.375  -0.367  -0.357  -0.346  -0.331  -0.310  -0.284  -0.249  -0.206  -0.153  -0.089  -0.012   0.079   0.188   0.317   0.470   0.645   0.845   1.064   1.300   1.550   1.808   2.073   2.342   2.613   2.885   3.156   3.424   3.688   3.944   4.189   4.419   4.632   4.826   5.001   5.154   5.286
   4.525  -0.371  -0.363  -0.353  -0.342  -0.327  -0.307  -0.281  -0.246  -0.201  -0.145  -0.076   0.005   0.102   0.217   0.351   0.507   0.683   0.882   1.100   1.335   1.583   1.841   2.106   2.375   2.647   2.920   3.192   3.462   3.727   3.984   4.230   4.461   4.676   4.872   5.048   5.202   5.336
   4.550  -0.368  -0.359  -0.349  -0.338  -0.324  -0.304  -0.278  -0.243  -0.197  -0.140  -0.068   0.019   0.122   0.243   0.384   0.544   0.724   0.924   1.141   1.374   1.620   1.876   2.140   2.409   2.681   2.954   3.227   3.497   3.762   4.019   4.265   4.496   4.711   4.908   5.084   5.239   5.372
   4.575  -0.364  -0.356  -0.345  -0.334  -0.320  -0.301  -0.275  -0.240  -0.194  -0.136  -0.062   0.029   0.137   0.266   0.414   0.582   0.767   0.971   1.189   1.421   1.665   1.918   2.178   2.444   2.713   2.985   3.257   3.527   3.792   4.048   4.293   4.523   4.736   4.931   5.106   5.259   5.391
   4.600  -0.361  -0.352  -0.341  -0.330  -0.316  -0.297  -0.271  -0.237  -0.192  -0.133  -0.058   0.036   0.149   0.284   0.439   0.614   0.807   1.014   1.236   1.468   1.710   1.959   2.216   2.478   2.744   3.013   3.283   3.552   3.815   4.070   4.312   4.540   4.750   4.941   5.113   5.263   5.392
   4.625  -0.357  -0.348  -0.338  -0.327  -0.312  -0.294  -0.269  -0.235  -0.190  -0.131  -0.055   0.041   0.156   0.295   0.455   0.635   0.834   1.047   1.272   1.507   1.749   1.997   2.250   2.509   2.771   3.037   3.304   3.570   3.831   4.082   4.322   4.545   4.751   4.939   5.106   5.253   5.379
   4.650  -0.353  -0.344  -0.334  -0.323  -0.309  -0.291  -0.266  -0.233  -0.188  -0.129  -0.053   0.043   0.160   0.301   0.463   0.648   0.851   1.069   1.298   1.536   1.780   2.028   2.279   2.534   2.793   3.055   3.318   3.581   3.838   4.086   4.321   4.540   4.742   4.924   5.087   5.229   5.349
   4.675  -0.349  -0.339  -0.328  -0.317  -0.304  -0.286  -0.262  -0.230  -0.186  -0.128  -0.053   0.043   0.161   0.302   0.466   0.652   0.857   1.078   1.310   1.551   1.798   2.047   2.299   2.553   2.808   3.067   3.325   3.584   3.836   4.080   4.310   4.524   4.721   4.899   5.057   5.196   5.313
   4.700  -0.345  -0.334  -0.323  -0.312  -0.298  -0.281  -0.258  -0.227  -0.184  -0.127  -0.053   0.043   0.159   0.300   0.464   0.650   0.856   1.077   1.312   1.555   1.804   2.055   2.307   2.561   2.815   3.071   3.326   3.580   3.828   4.066   4.292   4.501   4.693   4.866   5.020   5.153   5.266
   4.725  -0.342  -0.331  -0.319  -0.307  -0.293  -0.276  -0.253  -0.222  -0.181  -0.125  -0.052   0.042   0.158   0.298   0.460   0.645   0.849   1.069   1.301   1.544   1.793   2.046   2.300   2.555   2.810   3.065   3.318   3.568   3.812   4.046   4.267   4.471   4.659   4.827   4.977   5.108   5.218
   4.750  -0.341  -0.329  -0.316  -0.303  -0.288  -0.270  -0.247  -0.218  -0.177  -0.123  -0.051   0.042   0.156   0.295   0.456   0.638   0.839   1.056   1.286   1.527   1.775   2.027   2.283   2.540   2.796   3.051   3.303   3.551   3.791   4.021   4.237   4.438   4.621   4.785   4.931   5.058   5.165
   4.775  -0.341  -0.328  -0.315  -0.301  -0.285  -0.267  -0.243  -0.213  -0.173  -0.119  -0.048   0.043   0.156   0.294   0.453   0.634   0.832   1.045   1.271   1.508   1.753   2.004   2.259   2.516   2.774   3.030   3.282   3.529   3.767   3.993   4.206   4.403   4.582   4.743   4.885   5.009   5.115
   4.800  -0.341  -0.328  -0.315  -0.300  -0.284  -0.264  -0.240  -0.209  -0.168  -0.115  -0.045   0.046   0.158   0.294   0.451   0.630   0.825   1.035   1.257   1.489   1.730   1.978   2.232   2.489   2.748   3.005   3.258   3.504   3.741   3.965   4.175   4.368   4.543   4.701   4.840   4.961   5.064
   4.825  -0.342  -0.329  -0.316  -0.301  -0.284  -0.263  -0.237  -0.206  -0.164  -0.110  -0.040   0.050   0.161   0.295   0.451   0.627   0.819   1.025   1.244   1.472   1.709   1.955   2.207   2.463   2.722   2.979   3.233   3.479   3.715   3.937   4.145   4.335   4.508   4.662   4.798   4.916   5.016
   4.850  -0.342  -0.330  -0.316  -0.302  -0.284  -0.263  -0.236  -0.203  -0.160  -0.106  -0.035   0.054   0.164   0.298   0.451   0.624   0.814   1.017   1.233   1.458   1.692   1.935   2.184   2.440   2.697   2.954   3.208   3.454   3.690   3.911   4.118   4.305   4.475   4.625   4.758   4.872   4.969
   4.875  -0.342  -0.330  -0.316  -0.301  -0.283  -0.262  -0.235  -0.201  -0.158  -0.102  -0.031   0.058   0.168   0.300   0.452   0.623   0.811   1.011   1.225   1.448   1.681   1.922   2.169   2.422   2.677   2.933   3.186   3.431   3.667   3.888   4.093   4.278   4.445   4.592   4.721   4.832   4.925
   4.900  -0.339  -0.327  -0.313  -0.299  -0.281  -0.260  -0.233  -0.199  -0.156  -0.100  -0.028   0.062   0.171   0.303   0.453   0.623   0.809   1.008   1.220   1.442   1.673   1.912   2.158   2.408   2.661   2.916   3.167   3.412   3.646   3.867   4.071   4.254   4.418   4.562   4.687   4.794   4.884
   4.925  -0.333  -0.322  -0.309  -0.295  -0.278  -0.257  -0.230  -0.197  -0.154  -0.098  -0.027   0.063   0.172   0.304   0.454   0.624   0.809   1.008   1.219   1.439   1.669   1.906   2.149   2.398   2.649   2.902   3.152   3.396   3.630   3.849   4.052   4.233   4.394   4.534   4.655   4.757   4.843
   4.950  -0.323  -0.313  -0.301  -0.288  -0.272  -0.251  -0.225  -0.193  -0.151  -0.096  -0.026   0.064   0.173   0.305   0.456   0.626   0.812   1.010   1.221   1.440   1.668   1.903   2.145   2.391   2.641   2.892   3.140   3.383   3.616   3.834   4.035   4.213   4.371   4.507   4.623   4.722   4.803
   4.975  -0.306  -0.297  -0.287  -0.275  -0.260  -0.241  -0.216  -0.185  -0.144  -0.091  -0.023   0.066   0.175   0.306   0.458   0.630   0.817   1.017   1.227   1.445   1.672   1.905   2.145   2.390   2.637   2.886   3.132   3.372   3.603   3.820   4.019   4.194   4.349   4.480   4.592   4.686   4.762
   5.000  -0.284  -0.276  -0.266  -0.255  -0.242  -0.224  -0.201  -0.172  -0.133  -0.082  -0.015   0.071   0.178   0.310   0.462   0.634   0.823   1.023   1.234   1.451   1.677   1.909   2.147   2.390   2.635   2.882   3.125   3.364   3.593   3.807   4.004   4.176   4.326   4.453   4.560   4.649   4.720
   5.025  -0.254  -0.247  -0.238  -0.228  -0.215  -0.199  -0.178  -0.150  -0.114  -0.066  -0.002   0.082   0.186   0.315   0.465   0.636   0.824   1.025   1.236   1.454   1.679   1.911   2.148   2.389   2.633   2.879   3.121   3.358   3.585   3.797   3.989   4.157   4.302   4.423   4.525   4.610   4.677
   5.050  -0.221  -0.213  -0.205  -0.195  -0.183  -0.167  -0.147  -0.121  -0.087  -0.041   0.020   0.100   0.200   0.325   0.471   0.640   0.826   1.026   1.237   1.455   1.681   1.913   2.149   2.389   2.632   2.877   3.118   3.354   3.578   3.786   3.975   4.137   4.276   4.392   4.488   4.568   4.632
   5.075  -0.185  -0.176  -0.166  -0.155  -0.142  -0.127  -0.107  -0.082  -0.048  -0.004   0.054   0.130   0.225   0.343   0.484   0.647   0.829   1.027   1.238   1.457   1.683   1.914   2.150   2.389   2.631   2.874   3.115   3.349   3.572   3.776   3.959   4.116   4.248   4.358   4.448   4.525   4.585
   5.100  -0.153  -0.141  -0.128  -0.115  -0.100  -0.084  -0.063  -0.038  -0.004   0.039   0.096   0.168   0.258   0.370   0.504   0.660   0.837   1.032   1.241   1.460   1.686   1.916   2.151   2.389   2.629   2.872   3.112   3.346   3.566   3.765   3.943   4.092   4.218   4.321   4.406   4.478   4.536
   5.125  -0.129  -0.113  -0.097  -0.081  -0.063  -0.043  -0.019   0.009   0.044   0.088   0.144   0.213   0.300   0.406   0.533   0.682   0.852   1.042   1.248   1.465   1.690   1.919   2.153   2.390   2.630   2.872   3.112   3.343   3.560   3.754   3.925   4.067   4.185   4.282   4.361   4.430   4.486
   5.150  -0.115  -0.096  -0.076  -0.055  -0.033  -0.008   0.019   0.051   0.089   0.135   0.192   0.262   0.346   0.448   0.568   0.710   0.873   1.057   1.258   1.473   1.696   1.924   2.156   2.393   2.632   2.874   3.112   3.341   3.554   3.742   3.905   4.039   4.150   4.240   4.314   4.380   4.435
   5.175  -0.115  -0.092  -0.068  -0.043  -0.016   0.013   0.046   0.083   0.126   0.177   0.237   0.309   0.393   0.493   0.610   0.746   0.902   1.079   1.274   1.484   1.705   1.932   2.163   2.399   2.637   2.878   3.114   3.339   3.547   3.727   3.883   4.009   4.113   4.196   4.266   4.329   4.383
   5.200  -0.126  -0.100  -0.072  -0.043  -0.011   0.023   0.061   0.103   0.152   0.208   0.273   0.348   0.436   0.536   0.651   0.783   0.933   1.103   1.291   1.497   1.714   1.939   2.171   2.406   2.644   2.883   3.115   3.336   3.537   3.711   3.858   3.977   4.073   4.151   4.216   4.277   4.330
   5.225  -0.147  -0.119  -0.088  -0.056  -0.021   0.018   0.060   0.108   0.161   0.223   0.294   0.375   0.467   0.570   0.686   0.815   0.961   1.125   1.307   1.507   1.720   1.944   2.175   2.411   2.649   2.886   3.116   3.331   3.526   3.691   3.831   3.942   4.032   4.104   4.166   4.224   4.277
   5.250  -0.176  -0.146  -0.114  -0.079  -0.041   0.000   0.047   0.099   0.157   0.225   0.301   0.388   0.485   0.592   0.710   0.840   0.983   1.143   1.320   1.515   1.724   1.946   2.176   2.413   2.650   2.887   3.113   3.323   3.511   3.669   3.800   3.905   3.988   4.056   4.115   4.172   4.224
   5.275  -0.212  -0.181  -0.148  -0.112  -0.072  -0.028   0.021   0.076   0.139   0.211   0.292   0.384   0.486   0.598   0.720   0.852   0.996   1.155   1.328   1.519   1.725   1.944   2.174   2.410   2.648   2.882   3.106   3.311   3.493   3.643   3.767   3.865   3.943   4.008   4.063   4.119   4.172
   5.300  -0.251  -0.220  -0.187  -0.150  -0.110  -0.064  -0.014   0.044   0.109   0.184   0.269   0.365   0.472   0.589   0.716   0.852   0.999   1.158   1.331   1.519   1.722   1.939   2.167   2.403   2.640   2.874   3.095   3.294   3.470   3.614   3.731   3.824   3.897   3.958   4.012   4.066   4.119
   5.325  -0.288  -0.260  -0.227  -0.192  -0.151  -0.106  -0.055   0.003   0.069   0.145   0.231   0.330   0.440   0.562   0.694   0.836   0.988   1.150   1.324   1.512   1.713   1.929   2.155   2.391   2.628   2.860   3.078   3.274   3.444   3.581   3.693   3.780   3.850   3.908   3.960   4.014   4.067
   5.350  -0.324  -0.298  -0.268  -0.234  -0.195  -0.151  -0.101  -0.044   0.022   0.098   0.184   0.285   0.397   0.523   0.660   0.808   0.966   1.133   1.310   1.499   1.699   1.914   2.139   2.375   2.611   2.842   3.058   3.249   3.414   3.546   3.652   3.735   3.802   3.858   3.909   3.962   4.015
   5.375  -0.356  -0.334  -0.307  -0.276  -0.239  -0.197  -0.149  -0.093  -0.028   0.046   0.133   0.233   0.347   0.476   0.618   0.771   0.935   1.107   1.288   1.478   1.680   1.894   2.119   2.354   2.590   2.819   3.033   3.220   3.381   3.508   3.610   3.689   3.753   3.807   3.857   3.910   3.964
   5.400  -0.383  -0.365  -0.342  -0.314  -0.281  -0.242  -0.195  -0.142  -0.080  -0.007   0.078   0.178   0.292   0.423   0.569   0.727   0.896   1.074   1.260   1.453   1.656   1.871   2.096   2.331   2.566   2.794   3.005   3.189   3.344   3.467   3.565   3.642   3.703   3.756   3.805   3.858   3.913
   5.425  -0.403  -0.389  -0.369  -0.346  -0.317  -0.281  -0.239  -0.188  -0.128  -0.058   0.025   0.123   0.237   0.369   0.517   0.679   0.854   1.037   1.228   1.425   1.630   1.846   2.071   2.306   2.540   2.766   2.975   3.155   3.307   3.426   3.520   3.594   3.654   3.706   3.754   3.807   3.862
   5.450  -0.418  -0.407  -0.391  -0.372  -0.347  -0.316  -0.278  -0.231  -0.174  -0.107  -0.026   0.070   0.183   0.315   0.464   0.630   0.809   0.998   1.194   1.395   1.603   1.821   2.047   2.281   2.514   2.738   2.943   3.119   3.267   3.382   3.474   3.545   3.604   3.655   3.703   3.757   3.812
   5.475  -0.428  -0.420  -0.408  -0.392  -0.372  -0.345  -0.311  -0.268  -0.215  -0.151  -0.072   0.022   0.133   0.265   0.415   0.584   0.767   0.961   1.162   1.367   1.579   1.798   2.024   2.257   2.488   2.709   2.911   3.083   3.227   3.339   3.427   3.496   3.553   3.604   3.653   3.707   3.763
   5.500  -0.434  -0.429  -0.419  -0.408  -0.392  -0.369  -0.340  -0.302  -0.253  -0.192  -0.116  -0.024   0.086   0.217   0.368   0.540   0.727   0.926   1.132   1.341   1.556   1.777   2.002   2.234   2.463   2.681   2.879   3.047   3.186   3.294   3.379   3.447   3.503   3.553   3.602   3.657   3.715
   5.525  -0.438  -0.434  -0.427  -0.419  -0.406  -0.388  -0.364  -0.331  -0.287  -0.231  -0.159  -0.070   0.039   0.171   0.324   0.499   0.690   0.894   1.106   1.319   1.536   1.758   1.983   2.214   2.439   2.654   2.848   3.010   3.145   3.250   3.332   3.398   3.453   3.503   3.552   3.608   3.668
   5.550  -0.440  -0.437  -0.432  -0.426  -0.416  -0.402  -0.382  -0.355  -0.317  -0.266  -0.199  -0.113  -0.006   0.126   0.281   0.459   0.655   0.864   1.081   1.298   1.519   1.742   1.966   2.195   2.417   2.627   2.817   2.974   3.104   3.205   3.284   3.348   3.403   3.453   3.503   3.561   3.623
   5.575  -0.441  -0.438  -0.434  -0.430  -0.423  -0.412  -0.396  -0.374  -0.341  -0.296  -0.235  -0.153  -0.048   0.083   0.239   0.421   0.622   0.836   1.058   1.279   1.503   1.727   1.951   2.178   2.397   2.602   2.787   2.939   3.063   3.160   3.237   3.299   3.353   3.403   3.455   3.514   3.579
   5.600  -0.441  -0.439  -0.436  -0.432  -0.427  -0.418  -0.406  -0.388  -0.361  -0.322  -0.266  -0.190  -0.089   0.040   0.197   0.382   0.587   0.806   1.033   1.260   1.487   1.713   1.938   2.162   2.378   2.578   2.757   2.903   3.023   3.116   3.190   3.251   3.304   3.354   3.407   3.468   3.536
   5.625  -0.441  -0.439  -0.437  -0.434  -0.429  -0.423  -0.412  -0.398  -0.375  -0.342  -0.293  -0.223  -0.128  -0.002   0.153   0.339   0.548   0.772   1.005   1.237   1.469   1.699   1.925   2.148   2.360   2.555   2.727   2.868   2.982   3.072   3.143   3.203   3.255   3.307   3.361   3.425   3.496
   5.650  -0.441  -0.439  -0.437  -0.435  -0.431  -0.425  -0.416  -0.404  -0.386  -0.358  -0.315  -0.252  -0.163  -0.042   0.110   0.296   0.506   0.735   0.973   1.212   1.450   1.683   1.911   2.133   2.341   2.531   2.697   2.832   2.942   3.028   3.097   3.156   3.209   3.261   3.317   3.384   3.459
   5.675  -0.441  -0.440  -0.437  -0.435  -0.431  -0.426  -0.419  -0.409  -0.392  -0.369  -0.331  -0.275  -0.194  -0.079   0.067   0.251   0.461   0.693   0.937   1.183   1.427   1.665   1.895   2.116   2.322   2.506   2.666   2.796   2.902   2.985   3.053   3.110   3.163   3.216   3.274   3.344   3.423
   5.700  -0.441  -0.439  -0.437  -0.435  -0.432  -0.427  -0.420  -0.411  -0.397  -0.376  -0.343  -0.293  -0.219  -0.112   0.028   0.207   0.416   0.650   0.899   1.150   1.401   1.644   1.877   2.097   2.300   2.480   2.635   2.760   2.862   2.943   3.009   3.066   3.119   3.174   3.234   3.306   3.388
   5.725  -0.441  -0.439  -0.437  -0.435  -0.431  -0.427  -0.421  -0.412  -0.399  -0.380  -0.350  -0.305  -0.238  -0.138  -0.006   0.168   0.373   0.607   0.858   1.114   1.371   1.619   1.855   2.076   2.276   2.452   2.602   2.724   2.823   2.901   2.966   3.024   3.078   3.134   3.196   3.270   3.356
   5.750  -0.441  -0.439  -0.437  -0.435  -0.431  -0.427  -0.421  -0.412  -0.400  -0.383  -0.356  -0.314  -0.252  -0.159  -0.034   0.132   0.332   0.564   0.816   1.077   1.339   1.591   1.831   2.051   2.250   2.422   2.569   2.687   2.783   2.861   2.925   2.983   3.039   3.096   3.160   3.237   3.324
   5.775  -0.441  -0.439  -0.437  -0.434  -0.431  -0.426  -0.420  -0.412  -0.401  -0.385  -0.359  -0.321  -0.263  -0.177  -0.058   0.101   0.295   0.524   0.775   1.038   1.304   1.560   1.803   2.024   2.222   2.391   2.535   2.650   2.745   2.821   2.886   2.945   3.002   3.061   3.127   3.207   3.296
   5.800  -0.441  -0.439  -0.437  -0.434  -0.430  -0.426  -0.420  -0.412  -0.400  -0.385  -0.361  -0.326  -0.271  -0.190  -0.078   0.075   0.262   0.487   0.735   0.999   1.267   1.527   1.773   1.995   2.192   2.359   2.500   2.614   2.707   2.784   2.849   2.909   2.968   3.030   3.098   3.179   3.271
   5.825  -0.441  -0.439  -0.437  -0.434  -0.431  -0.426  -0.420  -0.412  -0.400  -0.386  -0.362  -0.328  -0.276  -0.199  -0.092   0.054   0.235   0.454   0.698   0.962   1.231   1.493   1.741   1.964   2.161   2.327   2.466   2.579   2.671   2.748   2.814   2.876   2.938   3.002   3.074   3.158   3.252
   5.850  -0.441  -0.439  -0.437  -0.434  -0.431  -0.426  -0.420  -0.412  -0.401  -0.386  -0.363  -0.330  -0.280  -0.206  -0.104   0.036   0.211   0.424   0.664   0.926   1.194   1.458   1.707   1.931   2.129   2.294   2.432   2.544   2.637   2.714   2.782   2.847   2.911   2.978   3.053   3.140   3.238
   5.875  -0.441  -0.439  -0.437  -0.435  -0.432  -0.427  -0.421  -0.412  -0.401  -0.386  -0.363  -0.331  -0.282  -0.212  -0.113   0.022   0.191   0.398   0.634   0.892   1.159   1.423   1.674   1.898   2.097   2.262   2.399   2.512   2.605   2.684   2.754   2.821   2.887   2.957   3.034   3.123   3.222
   5.900  -0.441  -0.439  -0.437  -0.435  -0.432  -0.428  -0.421  -0.413  -0.402  -0.386  -0.363  -0.332  -0.284  -0.216  -0.121   0.010   0.173   0.376   0.606   0.861   1.126   1.389   1.640   1.866   2.065   2.230   2.368   2.481   2.575   2.656   2.729   2.798   2.867   2.939   3.017   3.106   3.206
   5.925  -0.441  -0.439  -0.437  -0.435  -0.432  -0.428  -0.422  -0.414  -0.403  -0.387  -0.364  -0.333  -0.286  -0.219  -0.126   0.000   0.159   0.356   0.581   0.832   1.094   1.356   1.607   1.834   2.034   2.200   2.339   2.453   2.549   2.633   2.708   2.779   2.850   2.923   3.002   3.091   3.190
   5.950  -0.441  -0.439  -0.437  -0.435  -0.432  -0.428  -0.422  -0.415  -0.404  -0.388  -0.366  -0.334  -0.288  -0.222  -0.131  -0.008   0.148   0.340   0.560   0.806   1.065   1.325   1.576   1.803   2.004   2.171   2.311   2.428   2.526   2.613   2.691   2.764   2.837   2.910   2.989   3.077   3.174
   5.975  -0.440  -0.438  -0.436  -0.434  -0.431  -0.427  -0.422  -0.414  -0.404  -0.389  -0.367  -0.336  -0.291  -0.225  -0.135  -0.014   0.139   0.326   0.542   0.784   1.039   1.297   1.547   1.773   1.976   2.144   2.287   2.406   2.506   2.596   2.677   2.753   2.828   2.902   2.981   3.067   3.161
   6.000  -0.439  -0.437  -0.435  -0.433  -0.430  -0.426  -0.420  -0.414  -0.403  -0.389  -0.368  -0.338  -0.293  -0.228  -0.139  -0.019   0.130   0.315   0.526   0.764   1.015   1.271   1.519   1.746   1.949   2.120   2.265   2.386   2.490   2.583   2.667   2.745   2.821   2.896   2.974   3.059   3.150
   6.050  -0.439  -0.437  -0.434  -0.430  -0.426  -0.422  -0.416  -0.409  -0.399  -0.387  -0.368  -0.340  -0.298  -0.236  -0.150  -0.034   0.112   0.292   0.497   0.729   0.974   1.224   1.470   1.696   1.902   2.078   2.229   2.357   2.468   2.566   2.655   2.737   2.815   2.892   2.968   3.044   3.129
   6.100  -0.440  -0.437  -0.434  -0.430  -0.425  -0.419  -0.413  -0.405  -0.395  -0.382  -0.364  -0.339  -0.300  -0.242  -0.159  -0.047   0.095   0.270   0.471   0.697   0.937   1.184   1.427   1.654   1.862   2.043   2.201   2.336   2.453   2.556   2.647   2.730   2.807   2.882   2.955   3.032   3.110
   6.150  -0.443  -0.441  -0.438  -0.434  -0.429  -0.422  -0.414  -0.404  -0.391  -0.376  -0.356  -0.331  -0.293  -0.239  -0.163  -0.057   0.077   0.245   0.440   0.663   0.901   1.147   1.390   1.619   1.831   2.017   2.181   2.322   2.443   2.547   2.637   2.715   2.786   2.852   2.918   2.993   3.071
   6.200  -0.446  -0.444  -0.442  -0.439  -0.434  -0.428  -0.418  -0.406  -0.391  -0.374  -0.351  -0.323  -0.285  -0.233  -0.161  -0.062   0.064   0.225   0.415   0.634   0.870   1.115   1.359   1.590   1.805   1.994   2.162   2.306   2.429   2.532   2.618   2.689   2.751   2.808   2.867   2.938   3.019
   6.250  -0.447  -0.446  -0.444  -0.442  -0.439  -0.434  -0.427  -0.416  -0.402  -0.382  -0.356  -0.324  -0.280  -0.224  -0.151  -0.055   0.067   0.221   0.403   0.616   0.848   1.092   1.335   1.567   1.782   1.972   2.140   2.282   2.402   2.500   2.579   2.644   2.699   2.751   2.806   2.876   2.956
   6.300  -0.447  -0.447  -0.446  -0.445  -0.443  -0.440  -0.435  -0.427  -0.414  -0.395  -0.368  -0.331  -0.282  -0.221  -0.143  -0.047   0.074   0.224   0.400   0.608   0.835   1.075   1.315   1.545   1.757   1.945   2.109   2.246   2.360   2.450   2.523   2.582   2.633   2.682   2.735   2.803   2.881
   6.350  -0.448  -0.447  -0.446  -0.446  -0.445  -0.443  -0.439  -0.434  -0.424  -0.408  -0.384  -0.349  -0.300  -0.234  -0.150  -0.046   0.081   0.234   0.411   0.615   0.836   1.068   1.300   1.521   1.726   1.905   2.061   2.189   2.295   2.378   2.445   2.501   2.550   2.600   2.655   2.725   2.805
   6.400  -0.448  -0.447  -0.447  -0.446  -0.445  -0.444  -0.442  -0.438  -0.432  -0.420  -0.401  -0.369  -0.322  -0.255  -0.167  -0.055   0.080   0.240   0.420   0.622   0.837   1.060   1.282   1.491   1.684   1.853   1.998   2.117   2.214   2.291   2.353   2.407   2.457   2.510   2.569   2.641   2.723
   6.450  -0.449  -0.448  -0.447  -0.447  -0.446  -0.445  -0.443  -0.441  -0.435  -0.427  -0.411  -0.385  -0.343  -0.280  -0.194  -0.079   0.061   0.227   0.413   0.617   0.830   1.045   1.255   1.450   1.629   1.784   1.918   2.028   2.118   2.191   2.253   2.307   2.360   2.417   2.480   2.556   2.642
   6.500  -0.449  -0.448  -0.448  -0.448  -0.447  -0.446  -0.444  -0.442  -0.437  -0.431  -0.418  -0.397  -0.362  -0.305  -0.224  -0.111   0.030   0.201   0.392   0.598   0.809   1.017   1.216   1.398   1.562   1.704   1.826   1.927   2.013   2.084   2.145   2.203   2.260   2.321   2.389   2.469   2.558
   6.550  -0.450  -0.449  -0.448  -0.448  -0.448  -0.447  -0.446  -0.444  -0.440  -0.434  -0.423  -0.405  -0.374  -0.325  -0.250  -0.144  -0.008   0.160   0.350   0.555   0.764   0.967   1.158   1.329   1.482   1.613   1.726   1.821   1.903   1.973   2.036   2.097   2.158   2.225   2.298   2.383   2.478
   6.600  -0.450  -0.449  -0.449  -0.449  -0.448  -0.448  -0.447  -0.445  -0.442  -0.437  -0.427  -0.412  -0.385  -0.341  -0.275  -0.177  -0.050   0.112   0.297   0.498   0.704   0.901   1.086   1.248   1.391   1.514   1.619   1.710   1.789   1.859   1.925   1.989   2.056   2.128   2.208   2.298   2.399
   6.650  -0.451  -0.450  -0.450  -0.450  -0.449  -0.449  -0.448  -0.447  -0.444  -0.440  -0.431  -0.418  -0.394  -0.356  -0.296  -0.207  -0.089   0.064   0.239   0.433   0.632   0.823   1.001   1.156   1.293   1.409   1.509   1.596   1.673   1.744   1.812   1.881   1.953   2.032   2.117   2.212   2.315
   6.700  -0.451  -0.451  -0.451  -0.451  -0.450  -0.450  -0.449  -0.448  -0.446  -0.443  -0.436  -0.424  -0.403  -0.369  -0.316  -0.235  -0.127   0.014   0.178   0.362   0.552   0.735   0.906   1.055   1.186   1.297   1.394   1.479   1.556   1.628   1.699   1.774   1.852   1.937   2.028   2.125   2.229
   6.750  -0.451  -0.451  -0.451  -0.451  -0.451  -0.451  -0.450  -0.449  -0.448  -0.445  -0.439  -0.430  -0.412  -0.383  -0.336  -0.264  -0.167  -0.037   0.116   0.288   0.467   0.640   0.803   0.946   1.072   1.180   1.275   1.359   1.437   1.513   1.589   1.670   1.756   1.846   1.938   2.031   2.123
   6.800  -0.452  -0.452  -0.452  -0.452  -0.452  -0.452  -0.451  -0.451  -0.449  -0.447  -0.443  -0.435  -0.420  -0.396  -0.355  -0.292  -0.205  -0.087   0.052   0.211   0.377   0.540   0.695   0.832   0.955   1.061   1.155   1.240   1.320   1.399   1.481   1.570   1.662   1.757   1.849   1.931   2.003
   6.850  -0.453  -0.453  -0.453  -0.453  -0.453  -0.452  -0.452  -0.452  -0.451  -0.449  -0.445  -0.439  -0.427  -0.406  -0.372  -0.318  -0.242  -0.137  -0.012   0.132   0.285   0.437   0.583   0.715   0.834   0.940   1.035   1.123   1.206   1.290   1.377   1.472   1.570   1.670   1.765   1.842   1.908
   6.900  -0.454  -0.454  -0.454  -0.454  -0.453  -0.453  -0.453  -0.453  -0.452  -0.450  -0.447  -0.442  -0.432  -0.415  -0.386  -0.341  -0.276  -0.185  -0.074   0.055   0.194   0.335   0.472   0.599   0.716   0.822   0.919   1.009   1.096   1.185   1.277   1.377   1.480   1.583   1.680   1.759   1.825
   6.950  -0.455  -0.455  -0.455  -0.455  -0.455  -0.454  -0.454  -0.453  -0.452  -0.450  -0.447  -0.443  -0.435  -0.421  -0.398  -0.360  -0.306  -0.228  -0.132  -0.016   0.110   0.239   0.368   0.490   0.605   0.711   0.811   0.903   0.993   1.087   1.183   1.286   1.390   1.491   1.587   1.673   1.744
   7.000  -0.456  -0.456  -0.456  -0.456  -0.456  -0.456  -0.455  -0.454  -0.453  -0.451  -0.448  -0.444  -0.437  -0.425  -0.406  -0.376  -0.331  -0.265  -0.181  -0.079   0.035   0.153   0.273   0.389   0.502   0.608   0.709   0.803   0.896   0.993   1.093   1.198   1.303   1.402   1.496   1.585   1.669
   7.050  -0.457  -0.457  -0.457  -0.457  -0.457  -0.457  -0.456  -0.455  -0.454  -0.453  -0.450  -0.446  -0.439  -0.429  -0.411  -0.385  -0.347  -0.290  -0.217  -0.128  -0.027   0.081   0.192   0.303   0.411   0.515   0.614   0.709   0.804   0.904   1.007   1.116   1.224   1.323   1.415   1.498   1.574
   7.100  -0.458  -0.458  -0.458  -0.458  -0.458  -0.458  -0.457  -0.457  -0.456  -0.455  -0.453  -0.449  -0.442  -0.432  -0.416  -0.392  -0.358  -0.308  -0.245  -0.167  -0.078   0.020   0.123   0.227   0.330   0.429   0.526   0.621   0.717   0.818   0.924   1.036   1.147   1.248   1.338   1.410   1.467
   7.150  -0.459  -0.459  -0.459  -0.459  -0.459  -0.459  -0.459  -0.458  -0.458  -0.457  -0.456  -0.452  -0.446  -0.437  -0.423  -0.401  -0.369  -0.324  -0.267  -0.197  -0.117  -0.029   0.065   0.161   0.257   0.351   0.444   0.538   0.635   0.738   0.845   0.956   1.066   1.172   1.264   1.327   1.372
   7.200  -0.461  -0.461  -0.461  -0.461  -0.461  -0.461  -0.461  -0.461  -0.460  -0.459  -0.458  -0.456  -0.451  -0.443  -0.430  -0.410  -0.380  -0.339  -0.287  -0.224  -0.151  -0.071   0.014   0.101   0.190   0.278   0.368   0.460   0.556   0.661   0.769   0.880   0.988   1.094   1.184   1.245   1.282
   7.250  -0.463  -0.463  -0.463  -0.463  -0.463  -0.463  -0.463  -0.463  -0.462  -0.462  -0.460  -0.459  -0.455  -0.448  -0.437  -0.419  -0.393  -0.357  -0.310  -0.252  -0.185  -0.111  -0.033   0.046   0.128   0.210   0.294   0.384   0.480   0.584   0.694   0.810   0.920   1.007   1.076   1.136   1.164
   7.300  -0.465  -0.465  -0.465  -0.465  -0.465  -0.465  -0.465  -0.465  -0.465  -0.464  -0.463  -0.462  -0.459  -0.454  -0.444  -0.429  -0.407  -0.375  -0.333  -0.280  -0.218  -0.150  -0.078  -0.005   0.069   0.145   0.225   0.313   0.408   0.512   0.622   0.745   0.855   0.924   0.972   1.008   1.030
   7.350  -0.467  -0.467  -0.467  -0.467  -0.467  -0.467  -0.467  -0.468  -0.467  -0.467  -0.466  -0.465  -0.462  -0.458  -0.451  -0.439  -0.420  -0.392  -0.356  -0.308  -0.252  -0.191  -0.125  -0.058   0.011   0.083   0.160   0.247   0.342   0.445   0.555   0.681   0.795   0.864   0.909   0.928   0.948
   7.400  -0.470  -0.470  -0.470  -0.470  -0.470  -0.470  -0.470  -0.470  -0.470  -0.470  -0.469  -0.468  -0.466  -0.463  -0.457  -0.447  -0.432  -0.409  -0.377  -0.335  -0.286  -0.230  -0.170  -0.109  -0.044   0.025   0.100   0.185   0.279   0.383   0.493   0.614   0.723   0.791   0.838   0.874   0.895
   7.450  -0.473  -0.473  -0.473  -0.473  -0.473  -0.473  -0.473  -0.473  -0.473  -0.473  -0.472  -0.472  -0.470  -0.467  -0.462  -0.454  -0.442  -0.423  -0.397  -0.360  -0.317  -0.267  -0.212  -0.155  -0.094  -0.029   0.044   0.126   0.219   0.328   0.438   0.531   0.608   0.659   0.694   0.742   0.760
   7.500  -0.476  -0.476  -0.476  -0.476  -0.476  -0.476  -0.476  -0.476  -0.476  -0.476  -0.476  -0.475  -0.474  -0.471  -0.467  -0.461  -0.451  -0.436  -0.414  -0.383  -0.345  -0.301  -0.251  -0.198  -0.140  -0.078  -0.008   0.071   0.162   0.277   0.384   0.450   0.495   0.528   0.550   0.568   0.578
   7.550  -0.480  -0.480  -0.480  -0.480  -0.480  -0.480  -0.480  -0.480  -0.480  -0.480  -0.480  -0.479  -0.478  -0.476  -0.472  -0.467  -0.459  -0.447  -0.428  -0.402  -0.369  -0.330  -0.285  -0.236  -0.182  -0.122  -0.055   0.022   0.111   0.223   0.328   0.388   0.428   0.458   0.479   0.482   0.491
   7.600  -0.484  -0.484  -0.484  -0.484  -0.484  -0.484  -0.484  -0.484  -0.484  -0.484  -0.484  -0.483  -0.482  -0.481  -0.478  -0.474  -0.467  -0.457  -0.441  -0.419  -0.390  -0.355  -0.315  -0.270  -0.220  -0.164  -0.099  -0.024   0.062   0.170   0.270   0.332   0.374   0.405   0.426   0.442   0.452
   7.650  -0.488  -0.488  -0.488  -0.488  -0.488  -0.488  -0.488  -0.488  -0.488  -0.488  -0.488  -0.488  -0.487  -0.485  -0.483  -0.480  -0.475  -0.465  -0.452  -0.433  -0.408  -0.378  -0.342  -0.301  -0.255  -0.202  -0.140  -0.068   0.014   0.117   0.212   0.271   0.311   0.341   0.361   0.376   0.385
   7.700  -0.493  -0.493  -0.493  -0.493  -0.493  -0.493  -0.493  -0.493  -0.493  -0.493  -0.493  -0.493  -0.492  -0.491  -0.489  -0.487  -0.482  -0.474  -0.462  -0.445  -0.424  -0.398  -0.366  -0.330  -0.287  -0.237  -0.179  -0.110  -0.032   0.064   0.153   0.208   0.245   0.273   0.292   0.306   0.315
   7.750  -0.499  -0.499  -0.499  -0.499  -0.499  -0.499  -0.499  -0.499  -0.499  -0.499  -0.499  -0.498  -0.498  -0.497  -0.496  -0.493  -0.489  -0.482  -0.472  -0.458  -0.439  -0.415  -0.387  -0.356  -0.318  -0.272  -0.217  -0.152  -0.078   0.011   0.094   0.144   0.179   0.205   0.222   0.230   0.238
   7.800  -0.505  -0.505  -0.505  -0.505  -0.505  -0.505  -0.505  -0.505  -0.505  -0.505  -0.505  -0.505  -0.504  -0.504  -0.503  -0.501  -0.497  -0.491  -0.482  -0.469  -0.453  -0.432  -0.407  -0.380  -0.347  -0.305  -0.254  -0.192  -0.123  -0.045   0.026   0.070   0.101   0.123   0.138   0.149   0.156
   7.850  -0.512  -0.512  -0.512  -0.512  -0.512  -0.512  -0.512  -0.512  -0.512  -0.512  -0.512  -0.512  -0.512  -0.512  -0.511  -0.509  -0.505  -0.500  -0.491  -0.481  -0.467  -0.449  -0.427  -0.403  -0.374  -0.337  -0.291  -0.230  -0.168  -0.112  -0.066  -0.036  -0.015   0.000   0.010   0.033   0.038
   7.900  -0.520  -0.520  -0.520  -0.520  -0.520  -0.520  -0.520  -0.520  -0.520  -0.520  -0.520  -0.520  -0.520  -0.520  -0.519  -0.517  -0.514  -0.508  -0.501  -0.492  -0.480  -0.465  -0.447  -0.426  -0.400  -0.368  -0.327  -0.269  -0.213  -0.179  -0.156  -0.139  -0.128  -0.119  -0.113  -0.109  -0.106
   7.950  -0.528  -0.528  -0.528  -0.528  -0.528  -0.528  -0.528  -0.528  -0.528  -0.528  -0.528  -0.528  -0.528  -0.528  -0.527  -0.525  -0.522  -0.517  -0.511  -0.503  -0.493  -0.481  -0.465  -0.448  -0.426  -0.398  -0.362  -0.310  -0.260  -0.232  -0.214  -0.201  -0.192  -0.185  -0.180  -0.186  -0.184
   8.000  -0.536  -0.536  -0.536  -0.536  -0.536  -0.536  -0.536  -0.536  -0.536  -0.536  -0.536  -0.536  -0.536  -0.536  -0.535  -0.533  -0.530  -0.527  -0.522  -0.515  -0.507  -0.497  -0.484  -0.470  -0.452  -0.428  -0.397  -0.352  -0.309  -0.283  -0.265  -0.252  -0.243  -0.236  -0.232  -0.229  -0.226
   8.100  -0.555  -0.555  -0.555  -0.555  -0.555  -0.555  -0.555  -0.555  -0.556  -0.556  -0.556  -0.556  -0.556  -0.556  -0.555  -0.554  -0.552  -0.549  -0.545  -0.541  -0.536  -0.531  -0.524  -0.516  -0.506  -0.491  -0.471  -0.442  -0.413  -0.396  -0.384  -0.375  -0.369  -0.365  -0.362  -0.360  -0.359
   8.200  -0.580  -0.580  -0.580  -0.580  -0.580  -0.580  -0.580  -0.580  -0.580  -0.581  -0.581  -0.581  -0.580  -0.580  -0.579  -0.579  -0.577  -0.575  -0.573  -0.571  -0.569  -0.568  -0.568  -0.568  -0.566  -0.559  -0.547  -0.525  -0.503  -0.491  -0.482  -0.475  -0.471  -0.468  -0.465  -0.502  -0.501
   8.300  -0.609  -0.609  -0.609  -0.609  -0.609  -0.609  -0.609  -0.609  -0.609  -0.610  -0.610  -0.610  -0.609  -0.608  -0.608  -0.607  -0.607  -0.606  -0.606  -0.606  -0.607  -0.611  -0.616  -0.622  -0.628  -0.632  -0.635  -0.640  -0.645  -0.648  -0.650  -0.651  -0.652  -0.653  -0.654  -0.654  -0.654
   8.400  -0.654  -0.648  -0.644  -0.643  -0.642  -0.642  -0.642  -0.642  -0.643  -0.643  -0.643  -0.643  -0.642  -0.642  -0.641  -0.641  -0.641  -0.642  -0.643  -0.645  -0.650  -0.658  -0.668  -0.674  -0.685  -0.708  -0.755  -0.863  -0.976  -1.042  -1.087  -1.120  -1.142  -1.159  -1.170  -1.046  -1.050
   8.500  -0.679  -0.679  -0.679  -0.679  -0.679  -0.679  -0.679  -0.680  -0.680  -0.680  -0.680  -0.680  -0.679  -0.679  -0.679  -0.679  -0.680  -0.681  -0.683  -0.688  -0.696  -0.710  -0.725  -0.731  -0.749  -0.788  -0.872  -1.058  -1.253  -1.366  -1.443  -1.500  -1.539  -1.567  -1.586  -1.601  -1.610
   8.600  -0.647  -0.683  -0.707  -0.719  -0.718  -0.720  -0.720  -0.720  -0.721  -0.721  -0.720  -0.720  -0.720  -0.720  -0.720  -0.721  -0.722  -0.724  -0.727  -0.735  -0.746  -0.763  -0.786  -0.807  -0.829  -0.880  -0.951  -1.079  -1.252  -1.345  -1.402  -1.448  -1.477  -1.500  -1.514  -1.526  -1.533
   8.700  -0.570  -0.667  -0.731  -0.762  -0.760  -0.765  -0.764  -0.765  -0.765  -0.765  -0.764  -0.764  -0.764  -0.764  -0.765  -0.766  -0.767  -0.770  -0.775  -0.785  -0.799  -0.821  -0.850  -0.883  -0.922  -0.962  -1.005  -1.031  -1.046  -1.059  -1.067  -1.074  -1.078  -1.081  -1.083  -1.084  -1.085

