fixed metal distribution -- based on Grevesse & Sauval (1998)
    form     version        X           Z          logRs    logR_min    logR_max       logTs    logT_min    logT_max
       1          38    0.100000    0.100000          37   -8.000000    1.000000         138    3.750000    8.700000

   logT                       logR = logRho - 3*logT + 18
          -8.000  -7.750  -7.500  -7.250  -7.000  -6.750  -6.500  -6.250  -6.000  -5.750  -5.500  -5.250  -5.000  -4.750  -4.500  -4.250  -4.000  -3.750  -3.500  -3.250  -3.000  -2.750  -2.500  -2.250  -2.000  -1.750  -1.500  -1.250  -1.000  -0.750  -0.500  -0.250   0.000   0.250   0.500   0.750   1.000

   3.750   0.000   0.000   0.000   0.000   0.000   0.000   0.000  -1.875  -1.973  -2.071  -2.172  -2.270  -2.367  -2.458  -2.545  -2.620  -2.686  -2.731  -2.758  -2.757  -2.730  -2.670  -2.580  -2.461  -2.314  -2.156  -1.982  -1.773  -1.535  -1.309  -1.080  -0.850  -0.619  -0.429  -0.267  -0.101   0.058
   3.775   0.000   0.000   0.000   0.000   0.000   0.000   0.000  -1.627  -1.701  -1.782  -1.872  -1.962  -2.055  -2.145  -2.233  -2.310  -2.380  -2.429  -2.463  -2.471  -2.457  -2.410  -2.334  -2.238  -2.120  -1.982  -1.822  -1.652  -1.467  -1.259  -1.031  -0.803  -0.569  -0.352  -0.145   0.022   0.159
   3.800   0.000   0.000   0.000   0.000   0.000   0.000   0.000  -1.451  -1.499  -1.558  -1.628  -1.701  -1.779  -1.857  -1.936  -2.006  -2.070  -2.117  -2.150  -2.161  -2.153  -2.115  -2.052  -1.974  -1.879  -1.759  -1.618  -1.479  -1.334  -1.148  -0.934  -0.719  -0.493  -0.267  -0.037   0.140   0.282
   3.825   0.000   0.000   0.000   0.000   0.000   0.000   0.000  -1.355  -1.376  -1.405  -1.440  -1.483  -1.533  -1.587  -1.643  -1.698  -1.747  -1.785  -1.811  -1.820  -1.811  -1.779  -1.729  -1.665  -1.584  -1.480  -1.364  -1.255  -1.131  -0.969  -0.789  -0.599  -0.397  -0.177   0.044   0.252   0.428
   3.850   0.000   0.000   0.000   0.000   0.000   0.000   0.000  -1.309  -1.307  -1.305  -1.308  -1.319  -1.336  -1.359  -1.386  -1.415  -1.441  -1.461  -1.472  -1.471  -1.456  -1.426  -1.383  -1.326  -1.256  -1.170  -1.075  -0.982  -0.876  -0.744  -0.596  -0.437  -0.263  -0.071   0.137   0.359   0.597
   3.875   0.000   0.000   0.000   0.000   0.000   0.000   0.000  -1.287  -1.272  -1.256  -1.240  -1.227  -1.215  -1.205  -1.196  -1.188  -1.179  -1.167  -1.151  -1.129  -1.101  -1.066  -1.023  -0.970  -0.909  -0.837  -0.757  -0.675  -0.583  -0.473  -0.350  -0.215  -0.065   0.102   0.285   0.492   0.722
   3.900   0.000   0.000   0.000   0.000   0.000   0.000   0.000  -1.283  -1.262  -1.239  -1.211  -1.180  -1.144  -1.103  -1.059  -1.012  -0.963  -0.914  -0.864  -0.816  -0.767  -0.719  -0.669  -0.615  -0.557  -0.493  -0.424  -0.349  -0.266  -0.173  -0.070   0.045   0.173   0.315   0.471   0.640   0.824
   3.925   0.000   0.000   0.000   0.000   0.000   0.000   0.000  -1.287  -1.267  -1.240  -1.206  -1.162  -1.109  -1.046  -0.974  -0.895  -0.811  -0.724  -0.638  -0.556  -0.478  -0.407  -0.340  -0.276  -0.214  -0.151  -0.086  -0.017   0.057   0.139   0.229   0.328   0.438   0.561   0.694   0.834   0.990
   3.950   0.000   0.000   0.000   0.000   0.000   0.000   0.000  -1.283  -1.268  -1.243  -1.208  -1.159  -1.097  -1.019  -0.928  -0.822  -0.708  -0.587  -0.466  -0.348  -0.237  -0.137  -0.046   0.034   0.107   0.177   0.244   0.311   0.380   0.455   0.537   0.625   0.721   0.827   0.942   1.063   1.191
   3.975   0.000   0.000   0.000   0.000   0.000   0.000   0.000  -1.245  -1.242  -1.227  -1.199  -1.156  -1.095  -1.013  -0.912  -0.791  -0.655  -0.507  -0.354  -0.203  -0.057   0.075   0.196   0.301   0.395   0.478   0.554   0.624   0.693   0.765   0.841   0.922   1.009   1.104   1.206   1.306   1.418
   4.000   0.000   0.000   0.000   0.000   0.000   0.000   0.000  -1.184  -1.192  -1.190  -1.173  -1.139  -1.084  -1.006  -0.905  -0.777  -0.629  -0.462  -0.286  -0.106   0.070   0.235   0.387   0.522   0.640   0.743   0.833   0.913   0.988   1.061   1.136   1.213   1.294   1.382   1.474   1.572   1.675
   4.025   0.000   0.000   0.000   0.000   0.000  -1.048  -1.073  -1.094  -1.109  -1.115  -1.109  -1.086  -1.043  -0.975  -0.883  -0.760  -0.613  -0.441  -0.253  -0.055   0.145   0.338   0.520   0.684   0.831   0.958   1.069   1.165   1.252   1.333   1.411   1.489   1.567   1.649   1.734   1.821   1.915
   4.050   0.000   0.000   0.000   0.000   0.000  -0.951  -0.974  -0.995  -1.013  -1.023  -1.023  -1.009  -0.977  -0.921  -0.840  -0.728  -0.589  -0.421  -0.232  -0.027   0.187   0.400   0.606   0.797   0.972   1.126   1.261   1.379   1.483   1.576   1.662   1.743   1.822   1.901   1.981   2.066   2.153
   4.075  -0.845  -0.845  -0.848  -0.854  -0.863  -0.875  -0.888  -0.902  -0.914  -0.921  -0.919  -0.906  -0.877  -0.828  -0.756  -0.657  -0.531  -0.377  -0.199   0.000   0.212   0.432   0.651   0.863   1.062   1.242   1.404   1.547   1.672   1.781   1.879   1.967   2.050   2.129   2.208   2.290   2.374
   4.100  -0.843  -0.833  -0.826  -0.821  -0.819  -0.819  -0.821  -0.825  -0.827  -0.825  -0.817  -0.799  -0.767  -0.719  -0.651  -0.562  -0.450  -0.311  -0.150   0.035   0.237   0.453   0.676   0.899   1.115   1.318   1.506   1.673   1.822   1.950   2.063   2.162   2.251   2.334   2.415   2.498   2.583
   4.125  -0.838  -0.827  -0.818  -0.809  -0.801  -0.794  -0.787  -0.781  -0.772  -0.758  -0.738  -0.707  -0.665  -0.608  -0.536  -0.447  -0.339  -0.213  -0.067   0.100   0.284   0.486   0.699   0.920   1.142   1.359   1.565   1.756   1.929   2.078   2.209   2.322   2.422   2.513   2.599   2.686   2.772
   4.150  -0.835  -0.826  -0.817  -0.807  -0.797  -0.785  -0.771  -0.756  -0.736  -0.711  -0.678  -0.634  -0.578  -0.509  -0.426  -0.330  -0.222  -0.101   0.034   0.184   0.350   0.533   0.731   0.942   1.161   1.384   1.603   1.812   2.005   2.174   2.324   2.454   2.568   2.669   2.762   2.854   2.942
   4.175  -0.834  -0.825  -0.815  -0.804  -0.792  -0.778  -0.762  -0.743  -0.719  -0.687  -0.646  -0.592  -0.524  -0.440  -0.343  -0.234  -0.114   0.013   0.149   0.293   0.447   0.614   0.794   0.990   1.197   1.415   1.635   1.851   2.057   2.243   2.411   2.557   2.686   2.800   2.903   3.001   3.090
   4.200  -0.833  -0.824  -0.814  -0.803  -0.790  -0.775  -0.758  -0.738  -0.711  -0.677  -0.630  -0.569  -0.491  -0.395  -0.284  -0.159  -0.025   0.115   0.258   0.404   0.554   0.710   0.876   1.056   1.249   1.456   1.670   1.886   2.098   2.296   2.479   2.640   2.785   2.912   3.025   3.127   3.217
   4.225  -0.831  -0.823  -0.813  -0.802  -0.789  -0.775  -0.756  -0.735  -0.707  -0.670  -0.622  -0.558  -0.476  -0.374  -0.255  -0.120   0.027   0.180   0.338   0.495   0.654   0.813   0.976   1.147   1.326   1.519   1.721   1.930   2.138   2.341   2.534   2.708   2.867   3.007   3.131   3.239   3.332
   4.250  -0.826  -0.819  -0.811  -0.801  -0.788  -0.774  -0.755  -0.733  -0.705  -0.668  -0.619  -0.554  -0.471  -0.367  -0.244  -0.102   0.055   0.222   0.394   0.568   0.741   0.909   1.077   1.245   1.417   1.598   1.786   1.984   2.185   2.387   2.584   2.767   2.936   3.088   3.222   3.336   3.430
   4.275  -0.819  -0.813  -0.805  -0.796  -0.785  -0.770  -0.753  -0.731  -0.703  -0.666  -0.616  -0.551  -0.467  -0.362  -0.238  -0.094   0.067   0.241   0.424   0.611   0.799   0.982   1.163   1.339   1.514   1.691   1.872   2.059   2.250   2.445   2.638   2.822   2.996   3.155   3.298   3.422   3.524
   4.300  -0.802  -0.799  -0.793  -0.786  -0.776  -0.763  -0.747  -0.726  -0.699  -0.663  -0.614  -0.549  -0.466  -0.362  -0.238  -0.094   0.068   0.246   0.437   0.635   0.837   1.037   1.233   1.422   1.607   1.787   1.966   2.146   2.327   2.513   2.698   2.880   3.053   3.216   3.365   3.495   3.609
   4.325  -0.769  -0.770  -0.769  -0.766  -0.760  -0.750  -0.736  -0.718  -0.693  -0.659  -0.612  -0.549  -0.468  -0.365  -0.242  -0.098   0.065   0.246   0.440   0.644   0.855   1.066   1.276   1.481   1.680   1.871   2.057   2.238   2.417   2.596   2.773   2.947   3.116   3.276   3.427   3.567   3.690
   4.350  -0.728  -0.733  -0.736  -0.737  -0.735  -0.728  -0.718  -0.703  -0.680  -0.649  -0.605  -0.545  -0.467  -0.367  -0.246  -0.102   0.061   0.243   0.439   0.647   0.863   1.084   1.306   1.526   1.741   1.946   2.143   2.330   2.511   2.686   2.856   3.023   3.185   3.341   3.491   3.632   3.766
   4.375  -0.682  -0.689  -0.693  -0.696  -0.696  -0.692  -0.685  -0.674  -0.655  -0.628  -0.588  -0.533  -0.459  -0.363  -0.245  -0.103   0.060   0.244   0.443   0.654   0.874   1.101   1.331   1.562   1.789   2.008   2.217   2.415   2.602   2.779   2.949   3.112   3.269   3.420   3.566   3.710   3.850
   4.400  -0.638  -0.643  -0.647  -0.650  -0.651  -0.649  -0.644  -0.635  -0.619  -0.595  -0.560  -0.509  -0.441  -0.350  -0.236  -0.097   0.065   0.248   0.449   0.662   0.884   1.115   1.351   1.590   1.828   2.059   2.281   2.490   2.687   2.871   3.043   3.206   3.361   3.508   3.650   3.793   3.936
   4.425  -0.602  -0.604  -0.605  -0.606  -0.605  -0.602  -0.596  -0.586  -0.571  -0.548  -0.515  -0.468  -0.405  -0.321  -0.214  -0.081   0.075   0.255   0.453   0.666   0.892   1.126   1.367   1.612   1.857   2.098   2.330   2.551   2.760   2.953   3.134   3.302   3.460   3.607   3.748   3.888   4.027
   4.450  -0.576  -0.573  -0.571  -0.568  -0.564  -0.557  -0.548  -0.535  -0.517  -0.493  -0.459  -0.415  -0.355  -0.276  -0.176  -0.051   0.098   0.271   0.465   0.677   0.902   1.138   1.383   1.632   1.882   2.129   2.371   2.602   2.822   3.027   3.218   3.395   3.559   3.710   3.853   3.991   4.124
   4.475  -0.564  -0.557  -0.550  -0.542  -0.532  -0.521  -0.507  -0.488  -0.464  -0.434  -0.395  -0.346  -0.285  -0.208  -0.114   0.003   0.142   0.306   0.492   0.698   0.921   1.156   1.402   1.653   1.907   2.159   2.407   2.646   2.875   3.091   3.293   3.480   3.653   3.813   3.960   4.094   4.222
   4.500  -0.560  -0.549  -0.537  -0.525  -0.511  -0.494  -0.474  -0.449  -0.418  -0.379  -0.331  -0.275  -0.208  -0.130  -0.036   0.074   0.205   0.359   0.535   0.733   0.949   1.182   1.425   1.676   1.931   2.186   2.438   2.683   2.919   3.144   3.357   3.555   3.739   3.909   4.062   4.201   4.324
   4.525  -0.557  -0.545  -0.532  -0.517  -0.501  -0.480  -0.455  -0.424  -0.385  -0.336  -0.278  -0.211  -0.133  -0.045   0.054   0.165   0.292   0.437   0.600   0.786   0.990   1.214   1.451   1.699   1.953   2.208   2.463   2.712   2.954   3.187   3.409   3.617   3.811   3.989   4.150   4.291   4.414
   4.550  -0.554  -0.543  -0.530  -0.515  -0.497  -0.474  -0.445  -0.408  -0.363  -0.306  -0.237  -0.157  -0.066   0.034   0.144   0.262   0.391   0.530   0.685   0.858   1.050   1.261   1.489   1.730   1.979   2.232   2.486   2.737   2.983   3.222   3.452   3.670   3.872   4.059   4.226   4.372   4.498
   4.575  -0.551  -0.540  -0.526  -0.511  -0.493  -0.469  -0.440  -0.402  -0.353  -0.291  -0.215  -0.123  -0.019   0.098   0.224   0.357   0.496   0.641   0.794   0.959   1.139   1.336   1.549   1.778   2.017   2.262   2.511   2.761   3.009   3.253   3.489   3.714   3.924   4.116   4.289   4.441   4.570
   4.600  -0.549  -0.537  -0.523  -0.508  -0.490  -0.467  -0.438  -0.400  -0.350  -0.285  -0.204  -0.104   0.012   0.145   0.288   0.438   0.593   0.748   0.906   1.069   1.241   1.427   1.626   1.839   2.065   2.299   2.541   2.787   3.034   3.281   3.521   3.750   3.966   4.164   4.342   4.497   4.632
   4.625  -0.546  -0.535  -0.521  -0.506  -0.488  -0.466  -0.437  -0.399  -0.349  -0.284  -0.201  -0.098   0.024   0.166   0.322   0.488   0.660   0.831   1.004   1.175   1.349   1.529   1.718   1.918   2.128   2.349   2.580   2.819   3.062   3.307   3.549   3.781   4.001   4.202   4.384   4.545   4.684
   4.650  -0.543  -0.532  -0.519  -0.504  -0.486  -0.464  -0.435  -0.399  -0.350  -0.286  -0.204  -0.101   0.024   0.171   0.335   0.514   0.702   0.891   1.081   1.266   1.448   1.630   1.814   2.003   2.201   2.410   2.628   2.858   3.094   3.336   3.576   3.808   4.029   4.233   4.419   4.583   4.726
   4.675  -0.539  -0.527  -0.514  -0.499  -0.481  -0.460  -0.432  -0.398  -0.351  -0.289  -0.209  -0.108   0.016   0.163   0.330   0.515   0.712   0.916   1.123   1.325   1.523   1.716   1.905   2.093   2.284   2.483   2.690   2.909   3.136   3.370   3.606   3.835   4.055   4.259   4.447   4.614   4.761
   4.700  -0.535  -0.523  -0.509  -0.494  -0.476  -0.455  -0.428  -0.396  -0.352  -0.292  -0.215  -0.116   0.005   0.150   0.315   0.502   0.704   0.918   1.137   1.357   1.573   1.780   1.981   2.174   2.365   2.559   2.757   2.966   3.183   3.409   3.637   3.861   4.077   4.281   4.470   4.638   4.787
   4.725  -0.534  -0.521  -0.506  -0.490  -0.471  -0.450  -0.424  -0.392  -0.349  -0.292  -0.217  -0.121  -0.003   0.137   0.300   0.484   0.685   0.901   1.126   1.356   1.585   1.809   2.026   2.232   2.432   2.628   2.825   3.028   3.235   3.452   3.670   3.887   4.099   4.300   4.488   4.657   4.808
   4.750  -0.535  -0.520  -0.504  -0.487  -0.467  -0.445  -0.419  -0.387  -0.345  -0.290  -0.217  -0.124  -0.010   0.127   0.285   0.465   0.663   0.876   1.102   1.337   1.577   1.814   2.047   2.269   2.482   2.687   2.887   3.087   3.288   3.496   3.705   3.914   4.120   4.317   4.503   4.671   4.823
   4.775  -0.535  -0.520  -0.503  -0.485  -0.465  -0.443  -0.415  -0.383  -0.341  -0.286  -0.215  -0.124  -0.013   0.121   0.276   0.453   0.647   0.857   1.080   1.314   1.555   1.799   2.042   2.277   2.506   2.723   2.932   3.136   3.337   3.540   3.741   3.943   4.141   4.333   4.515   4.682   4.835
   4.800  -0.535  -0.520  -0.503  -0.485  -0.465  -0.441  -0.413  -0.380  -0.337  -0.282  -0.212  -0.123  -0.014   0.119   0.271   0.445   0.635   0.840   1.059   1.289   1.528   1.774   2.022   2.269   2.511   2.742   2.964   3.175   3.379   3.579   3.775   3.971   4.163   4.349   4.527   4.691   4.843
   4.825  -0.535  -0.520  -0.503  -0.485  -0.465  -0.441  -0.412  -0.377  -0.334  -0.278  -0.208  -0.119  -0.011   0.119   0.269   0.440   0.628   0.829   1.043   1.268   1.504   1.748   1.997   2.250   2.500   2.742   2.976   3.197   3.408   3.610   3.805   3.997   4.184   4.365   4.538   4.699   4.850
   4.850  -0.533  -0.519  -0.502  -0.485  -0.464  -0.440  -0.411  -0.375  -0.330  -0.274  -0.203  -0.115  -0.008   0.121   0.270   0.439   0.623   0.821   1.032   1.252   1.483   1.724   1.972   2.227   2.482   2.733   2.976   3.207   3.426   3.632   3.829   4.020   4.203   4.381   4.550   4.707   4.855
   4.875  -0.528  -0.514  -0.498  -0.481  -0.460  -0.436  -0.407  -0.371  -0.326  -0.270  -0.200  -0.111  -0.004   0.124   0.272   0.439   0.622   0.817   1.026   1.244   1.472   1.710   1.956   2.209   2.465   2.719   2.968   3.205   3.432   3.644   3.846   4.038   4.221   4.397   4.562   4.716   4.860
   4.900  -0.518  -0.505  -0.490  -0.473  -0.453  -0.429  -0.400  -0.366  -0.321  -0.266  -0.195  -0.107  -0.001   0.127   0.274   0.440   0.622   0.817   1.024   1.240   1.467   1.702   1.945   2.195   2.449   2.704   2.955   3.198   3.431   3.650   3.857   4.053   4.237   4.411   4.574   4.725   4.865
   4.925  -0.502  -0.490  -0.476  -0.460  -0.442  -0.419  -0.392  -0.358  -0.314  -0.259  -0.190  -0.103   0.002   0.129   0.276   0.442   0.624   0.819   1.026   1.242   1.467   1.700   1.940   2.188   2.439   2.693   2.945   3.191   3.428   3.652   3.864   4.063   4.250   4.424   4.586   4.734   4.869
   4.950  -0.478  -0.468  -0.455  -0.441  -0.424  -0.403  -0.377  -0.344  -0.302  -0.249  -0.182  -0.096   0.008   0.134   0.280   0.446   0.629   0.825   1.032   1.248   1.472   1.703   1.942   2.186   2.435   2.686   2.937   3.184   3.423   3.652   3.868   4.071   4.261   4.436   4.596   4.741   4.872
   4.975  -0.444  -0.435  -0.424  -0.412  -0.397  -0.378  -0.354  -0.323  -0.283  -0.233  -0.168  -0.084   0.018   0.143   0.289   0.456   0.639   0.836   1.045   1.261   1.484   1.714   1.951   2.192   2.438   2.686   2.935   3.180   3.420   3.651   3.872   4.078   4.269   4.445   4.605   4.746   4.872
   5.000  -0.402  -0.394  -0.384  -0.374  -0.361  -0.344  -0.321  -0.293  -0.256  -0.207  -0.145  -0.064   0.036   0.159   0.303   0.470   0.653   0.851   1.060   1.276   1.499   1.729   1.964   2.203   2.445   2.690   2.936   3.179   3.418   3.652   3.875   4.083   4.276   4.452   4.610   4.749   4.869
   5.025  -0.351  -0.343  -0.334  -0.324  -0.312  -0.297  -0.276  -0.250  -0.215  -0.170  -0.110  -0.033   0.064   0.183   0.324   0.487   0.668   0.865   1.073   1.289   1.512   1.742   1.976   2.214   2.454   2.697   2.940   3.182   3.421   3.655   3.879   4.088   4.282   4.457   4.613   4.747   4.861
   5.050  -0.296  -0.287  -0.278  -0.268  -0.256  -0.241  -0.222  -0.197  -0.164  -0.120  -0.063   0.011   0.103   0.218   0.353   0.511   0.688   0.881   1.088   1.303   1.527   1.756   1.990   2.226   2.464   2.705   2.947   3.188   3.426   3.660   3.884   4.093   4.285   4.458   4.610   4.740   4.849
   5.075  -0.243  -0.230  -0.217  -0.205  -0.191  -0.176  -0.156  -0.132  -0.100  -0.057  -0.002   0.070   0.159   0.268   0.396   0.546   0.715   0.903   1.105   1.319   1.542   1.771   2.005   2.239   2.476   2.715   2.955   3.196   3.434   3.667   3.890   4.096   4.285   4.454   4.602   4.726   4.829
   5.100  -0.196  -0.178  -0.161  -0.144  -0.128  -0.109  -0.088  -0.062  -0.030   0.014   0.069   0.139   0.225   0.329   0.450   0.591   0.752   0.931   1.128   1.339   1.561   1.789   2.021   2.254   2.489   2.727   2.965   3.206   3.444   3.675   3.895   4.097   4.281   4.445   4.587   4.706   4.803
   5.125  -0.163  -0.140  -0.117  -0.095  -0.073  -0.049  -0.023   0.007   0.043   0.089   0.145   0.216   0.300   0.399   0.515   0.649   0.801   0.972   1.161   1.368   1.586   1.811   2.040   2.271   2.505   2.741   2.979   3.220   3.456   3.684   3.899   4.095   4.272   4.428   4.564   4.677   4.769
   5.150  -0.146  -0.118  -0.089  -0.061  -0.031   0.000   0.033   0.069   0.111   0.161   0.221   0.293   0.377   0.475   0.587   0.714   0.858   1.021   1.202   1.403   1.617   1.837   2.063   2.292   2.524   2.759   2.996   3.235   3.468   3.691   3.899   4.087   4.257   4.405   4.534   4.641   4.727
   5.175  -0.151  -0.118  -0.083  -0.047  -0.009   0.030   0.072   0.116   0.166   0.223   0.289   0.366   0.453   0.552   0.663   0.787   0.926   1.082   1.254   1.447   1.654   1.870   2.093   2.319   2.549   2.782   3.016   3.250   3.479   3.694   3.895   4.074   4.234   4.374   4.495   4.597   4.680
   5.200  -0.172  -0.135  -0.095  -0.052  -0.007   0.041   0.092   0.146   0.205   0.271   0.345   0.429   0.521   0.624   0.736   0.859   0.995   1.144   1.310   1.495   1.694   1.905   2.124   2.348   2.576   2.806   3.036   3.265   3.486   3.694   3.885   4.054   4.204   4.336   4.449   4.546   4.626
   5.225  -0.209  -0.169  -0.125  -0.078  -0.027   0.029   0.088   0.152   0.221   0.297   0.380   0.472   0.572   0.681   0.798   0.922   1.057   1.203   1.363   1.542   1.735   1.940   2.155   2.376   2.600   2.828   3.054   3.277   3.490   3.688   3.869   4.027   4.167   4.290   4.397   4.490   4.569
   5.250  -0.257  -0.215  -0.169  -0.118  -0.063  -0.002   0.064   0.136   0.215   0.301   0.395   0.496   0.605   0.721   0.844   0.972   1.108   1.253   1.411   1.584   1.771   1.972   2.183   2.400   2.622   2.846   3.067   3.283   3.488   3.676   3.846   3.994   4.124   4.238   4.339   4.429   4.507
   5.275  -0.312  -0.270  -0.223  -0.171  -0.114  -0.050   0.020   0.099   0.185   0.280   0.383   0.495   0.614   0.739   0.870   1.004   1.143   1.290   1.447   1.618   1.801   1.998   2.204   2.418   2.636   2.856   3.074   3.283   3.480   3.657   3.817   3.955   4.075   4.182   4.278   4.366   4.444
   5.300  -0.370  -0.329  -0.282  -0.231  -0.174  -0.110  -0.038   0.044   0.135   0.238   0.350   0.471   0.600   0.735   0.874   1.016   1.162   1.313   1.472   1.642   1.823   2.016   2.219   2.429   2.644   2.860   3.073   3.275   3.464   3.632   3.781   3.910   4.023   4.123   4.214   4.299   4.378
   5.325  -0.427  -0.387  -0.343  -0.294  -0.239  -0.176  -0.105  -0.023   0.070   0.175   0.293   0.421   0.559   0.704   0.853   1.004   1.159   1.318   1.482   1.654   1.834   2.025   2.224   2.432   2.643   2.856   3.064   3.260   3.441   3.600   3.741   3.861   3.967   4.062   4.149   4.233   4.312
   5.350  -0.480  -0.444  -0.403  -0.357  -0.305  -0.245  -0.176  -0.097  -0.005   0.101   0.220   0.354   0.499   0.653   0.813   0.975   1.140   1.307   1.478   1.654   1.836   2.025   2.222   2.427   2.635   2.845   3.049   3.239   3.413   3.563   3.695   3.809   3.909   4.000   4.084   4.167   4.246
   5.375  -0.527  -0.495  -0.458  -0.416  -0.368  -0.312  -0.246  -0.171  -0.083   0.021   0.139   0.275   0.425   0.587   0.756   0.930   1.106   1.282   1.460   1.640   1.825   2.015   2.210   2.413   2.619   2.826   3.026   3.211   3.379   3.522   3.647   3.755   3.850   3.938   4.020   4.102   4.181
   5.400  -0.566  -0.540  -0.508  -0.471  -0.426  -0.375  -0.314  -0.243  -0.159  -0.060   0.055   0.191   0.343   0.511   0.689   0.872   1.059   1.245   1.431   1.617   1.805   1.996   2.192   2.394   2.598   2.802   2.998   3.178   3.340   3.478   3.597   3.700   3.791   3.876   3.957   4.037   4.116
   5.425  -0.596  -0.576  -0.549  -0.517  -0.478  -0.431  -0.375  -0.309  -0.230  -0.136  -0.025   0.108   0.259   0.430   0.614   0.806   1.002   1.198   1.393   1.585   1.778   1.972   2.169   2.371   2.573   2.775   2.967   3.143   3.300   3.432   3.546   3.645   3.733   3.816   3.895   3.975   4.053
   5.450  -0.619  -0.603  -0.582  -0.555  -0.522  -0.480  -0.429  -0.369  -0.295  -0.207  -0.101   0.028   0.177   0.349   0.536   0.735   0.940   1.144   1.348   1.548   1.747   1.944   2.143   2.345   2.547   2.746   2.934   3.105   3.257   3.384   3.494   3.590   3.676   3.757   3.835   3.914   3.992
   5.475  -0.633  -0.622  -0.606  -0.585  -0.558  -0.522  -0.477  -0.422  -0.353  -0.269  -0.167  -0.043   0.103   0.274   0.462   0.665   0.877   1.089   1.302   1.509   1.713   1.915   2.116   2.319   2.519   2.715   2.900   3.067   3.214   3.337   3.442   3.535   3.619   3.699   3.776   3.854   3.932
   5.500  -0.642  -0.635  -0.623  -0.608  -0.586  -0.557  -0.518  -0.468  -0.405  -0.326  -0.229  -0.109   0.034   0.202   0.391   0.597   0.814   1.034   1.254   1.469   1.679   1.885   2.089   2.292   2.491   2.684   2.866   3.028   3.171   3.289   3.392   3.482   3.564   3.643   3.720   3.797   3.874
   5.525  -0.647  -0.643  -0.634  -0.623  -0.607  -0.584  -0.551  -0.508  -0.451  -0.379  -0.287  -0.171  -0.032   0.135   0.324   0.533   0.754   0.981   1.209   1.430   1.646   1.856   2.062   2.265   2.463   2.654   2.832   2.990   3.128   3.243   3.342   3.430   3.511   3.589   3.665   3.742   3.818
   5.550  -0.650  -0.646  -0.641  -0.633  -0.622  -0.604  -0.578  -0.541  -0.492  -0.426  -0.340  -0.230  -0.095   0.070   0.259   0.471   0.696   0.929   1.164   1.392   1.614   1.828   2.035   2.239   2.435   2.624   2.798   2.952   3.086   3.197   3.293   3.380   3.459   3.537   3.612   3.688   3.764
   5.575  -0.651  -0.649  -0.645  -0.639  -0.631  -0.617  -0.597  -0.567  -0.525  -0.467  -0.388  -0.284  -0.154   0.009   0.198   0.412   0.642   0.881   1.122   1.355   1.582   1.800   2.010   2.213   2.409   2.594   2.766   2.915   3.046   3.153   3.246   3.331   3.409   3.486   3.561   3.637   3.711
   5.600  -0.651  -0.650  -0.647  -0.643  -0.636  -0.626  -0.610  -0.587  -0.551  -0.502  -0.431  -0.334  -0.209  -0.050   0.138   0.353   0.587   0.831   1.078   1.318   1.550   1.772   1.984   2.188   2.383   2.566   2.734   2.880   3.006   3.110   3.201   3.284   3.361   3.437   3.512   3.587   3.661
   5.625  -0.652  -0.650  -0.648  -0.645  -0.639  -0.631  -0.618  -0.600  -0.571  -0.529  -0.467  -0.379  -0.262  -0.108   0.076   0.292   0.528   0.777   1.030   1.277   1.516   1.742   1.958   2.164   2.358   2.539   2.703   2.845   2.968   3.069   3.158   3.239   3.315   3.391   3.465   3.540   3.614
   5.650  -0.652  -0.651  -0.648  -0.645  -0.641  -0.634  -0.623  -0.609  -0.585  -0.550  -0.497  -0.418  -0.310  -0.164   0.015   0.229   0.466   0.720   0.979   1.233   1.479   1.711   1.932   2.140   2.334   2.513   2.673   2.812   2.931   3.030   3.116   3.196   3.272   3.347   3.421   3.495   3.570
   5.675  -0.653  -0.651  -0.648  -0.645  -0.641  -0.635  -0.626  -0.614  -0.594  -0.565  -0.519  -0.450  -0.352  -0.215  -0.045   0.165   0.401   0.657   0.923   1.184   1.438   1.678   1.904   2.115   2.309   2.486   2.644   2.779   2.895   2.992   3.077   3.156   3.230   3.305   3.378   3.453   3.527
   5.700  -0.653  -0.651  -0.648  -0.645  -0.641  -0.636  -0.628  -0.617  -0.600  -0.574  -0.534  -0.474  -0.386  -0.261  -0.100   0.103   0.336   0.594   0.864   1.132   1.395   1.642   1.874   2.088   2.283   2.459   2.615   2.747   2.861   2.956   3.039   3.117   3.191   3.265   3.338   3.412   3.486
   5.725  -0.653  -0.651  -0.648  -0.645  -0.641  -0.636  -0.629  -0.619  -0.603  -0.580  -0.544  -0.491  -0.411  -0.297  -0.147   0.047   0.273   0.529   0.801   1.076   1.347   1.602   1.840   2.059   2.256   2.431   2.585   2.715   2.827   2.921   3.004   3.081   3.155   3.228   3.300   3.373   3.445
   5.750  -0.653  -0.650  -0.648  -0.645  -0.641  -0.636  -0.629  -0.619  -0.604  -0.584  -0.551  -0.502  -0.430  -0.326  -0.187  -0.004   0.215   0.467   0.739   1.019   1.297   1.559   1.804   2.027   2.227   2.402   2.555   2.684   2.794   2.887   2.969   3.047   3.120   3.193   3.265   3.335   3.405
   5.775  -0.653  -0.650  -0.647  -0.645  -0.641  -0.636  -0.629  -0.619  -0.605  -0.586  -0.555  -0.511  -0.445  -0.349  -0.219  -0.046   0.163   0.410   0.679   0.962   1.244   1.513   1.765   1.992   2.195   2.371   2.523   2.652   2.761   2.854   2.936   3.014   3.088   3.160   3.231   3.301   3.368
   5.800  -0.652  -0.650  -0.647  -0.644  -0.640  -0.635  -0.628  -0.619  -0.605  -0.587  -0.558  -0.517  -0.455  -0.366  -0.245  -0.082   0.119   0.358   0.623   0.906   1.191   1.465   1.723   1.955   2.161   2.339   2.491   2.619   2.728   2.822   2.904   2.982   3.057   3.129   3.200   3.268   3.334
   5.825  -0.652  -0.650  -0.647  -0.644  -0.640  -0.635  -0.628  -0.618  -0.605  -0.587  -0.560  -0.520  -0.462  -0.378  -0.263  -0.108   0.083   0.314   0.573   0.852   1.138   1.416   1.679   1.915   2.125   2.305   2.458   2.587   2.696   2.790   2.874   2.953   3.027   3.101   3.171   3.239   3.305
   5.850  -0.652  -0.650  -0.647  -0.644  -0.640  -0.635  -0.628  -0.618  -0.605  -0.587  -0.560  -0.522  -0.466  -0.386  -0.277  -0.129   0.054   0.276   0.528   0.803   1.088   1.367   1.634   1.874   2.088   2.270   2.425   2.554   2.664   2.760   2.845   2.925   3.000   3.074   3.145   3.213   3.279
   5.875  -0.651  -0.650  -0.647  -0.644  -0.640  -0.635  -0.628  -0.618  -0.605  -0.587  -0.560  -0.523  -0.469  -0.393  -0.288  -0.146   0.030   0.245   0.490   0.760   1.040   1.320   1.588   1.832   2.050   2.234   2.391   2.522   2.633   2.731   2.817   2.899   2.976   3.050   3.121   3.188   3.252
   5.900  -0.651  -0.650  -0.647  -0.644  -0.640  -0.635  -0.628  -0.618  -0.605  -0.587  -0.560  -0.524  -0.472  -0.397  -0.296  -0.160   0.011   0.219   0.457   0.721   0.998   1.276   1.545   1.791   2.012   2.199   2.359   2.491   2.604   2.703   2.792   2.875   2.953   3.028   3.099   3.165   3.227
   5.925  -0.651  -0.649  -0.647  -0.644  -0.640  -0.635  -0.628  -0.618  -0.605  -0.586  -0.560  -0.524  -0.473  -0.400  -0.302  -0.170  -0.004   0.198   0.430   0.689   0.961   1.237   1.506   1.753   1.976   2.165   2.327   2.462   2.577   2.679   2.770   2.855   2.933   3.008   3.077   3.141   3.201
   5.950  -0.650  -0.649  -0.646  -0.644  -0.640  -0.635  -0.627  -0.618  -0.604  -0.586  -0.560  -0.524  -0.473  -0.402  -0.306  -0.177  -0.015   0.182   0.409   0.662   0.930   1.203   1.470   1.717   1.942   2.133   2.298   2.435   2.552   2.657   2.750   2.836   2.915   2.989   3.056   3.118   3.175
   5.975  -0.650  -0.648  -0.646  -0.643  -0.638  -0.633  -0.626  -0.616  -0.603  -0.585  -0.559  -0.524  -0.473  -0.403  -0.308  -0.181  -0.022   0.171   0.394   0.643   0.906   1.175   1.440   1.686   1.911   2.104   2.270   2.410   2.530   2.637   2.733   2.820   2.899   2.971   3.037   3.098   3.153
   6.000  -0.650  -0.648  -0.645  -0.641  -0.637  -0.631  -0.623  -0.614  -0.601  -0.584  -0.558  -0.523  -0.473  -0.404  -0.310  -0.184  -0.027   0.163   0.382   0.626   0.885   1.151   1.412   1.657   1.882   2.076   2.244   2.387   2.510   2.620   2.717   2.805   2.884   2.955   3.019   3.080   3.135
   6.050  -0.650  -0.647  -0.643  -0.638  -0.633  -0.626  -0.618  -0.608  -0.595  -0.579  -0.555  -0.521  -0.473  -0.406  -0.314  -0.190  -0.036   0.149   0.361   0.597   0.848   1.105   1.360   1.603   1.828   2.025   2.199   2.348   2.478   2.592   2.692   2.781   2.858   2.927   2.989   3.045   3.101
   6.100  -0.650  -0.647  -0.642  -0.637  -0.631  -0.624  -0.615  -0.604  -0.591  -0.574  -0.550  -0.518  -0.471  -0.406  -0.316  -0.194  -0.044   0.137   0.343   0.571   0.814   1.064   1.314   1.555   1.780   1.981   2.159   2.315   2.450   2.567   2.668   2.755   2.830   2.894   2.953   3.014   3.074
   6.150  -0.653  -0.651  -0.647  -0.642  -0.635  -0.627  -0.617  -0.604  -0.588  -0.568  -0.542  -0.509  -0.464  -0.400  -0.314  -0.198  -0.054   0.120   0.319   0.541   0.778   1.024   1.271   1.512   1.739   1.942   2.125   2.285   2.425   2.543   2.642   2.724   2.791   2.847   2.901   2.963   3.027
   6.200  -0.656  -0.655  -0.652  -0.648  -0.642  -0.634  -0.622  -0.608  -0.590  -0.567  -0.539  -0.504  -0.457  -0.394  -0.311  -0.200  -0.062   0.106   0.299   0.515   0.747   0.990   1.235   1.475   1.702   1.908   2.094   2.256   2.395   2.512   2.608   2.682   2.742   2.790   2.838   2.899   2.969
   6.250  -0.657  -0.657  -0.655  -0.652  -0.648  -0.642  -0.633  -0.620  -0.603  -0.580  -0.548  -0.508  -0.456  -0.389  -0.303  -0.193  -0.058   0.103   0.289   0.499   0.726   0.965   1.208   1.446   1.673   1.878   2.063   2.222   2.357   2.467   2.555   2.623   2.677   2.723   2.770   2.831   2.902
   6.300  -0.658  -0.658  -0.657  -0.656  -0.653  -0.650  -0.643  -0.634  -0.619  -0.596  -0.564  -0.521  -0.464  -0.392  -0.301  -0.188  -0.054   0.105   0.287   0.492   0.714   0.949   1.188   1.422   1.645   1.846   2.026   2.178   2.306   2.408   2.488   2.550   2.600   2.645   2.693   2.755   2.827
   6.350  -0.659  -0.658  -0.657  -0.657  -0.656  -0.653  -0.649  -0.642  -0.631  -0.613  -0.585  -0.546  -0.490  -0.414  -0.317  -0.196  -0.053   0.112   0.297   0.501   0.719   0.947   1.178   1.403   1.615   1.807   1.976   2.118   2.236   2.329   2.403   2.461   2.510   2.556   2.607   2.673   2.748
   6.400  -0.659  -0.658  -0.658  -0.657  -0.657  -0.655  -0.652  -0.648  -0.640  -0.627  -0.606  -0.572  -0.520  -0.445  -0.345  -0.216  -0.063   0.111   0.302   0.508   0.724   0.946   1.167   1.380   1.580   1.757   1.913   2.044   2.152   2.237   2.306   2.362   2.412   2.461   2.516   2.585   2.664
   6.450  -0.660  -0.659  -0.659  -0.658  -0.658  -0.656  -0.654  -0.650  -0.644  -0.634  -0.617  -0.590  -0.545  -0.477  -0.382  -0.253  -0.098   0.085   0.286   0.499   0.719   0.938   1.150   1.350   1.533   1.695   1.836   1.955   2.054   2.134   2.200   2.257   2.310   2.364   2.423   2.496   2.578
   6.500  -0.661  -0.660  -0.660  -0.659  -0.658  -0.657  -0.655  -0.652  -0.646  -0.639  -0.625  -0.603  -0.566  -0.507  -0.420  -0.298  -0.144   0.044   0.252   0.472   0.696   0.913   1.118   1.305   1.474   1.620   1.748   1.855   1.947   2.023   2.088   2.148   2.206   2.265   2.329   2.405   2.489
   6.550  -0.662  -0.661  -0.660  -0.660  -0.659  -0.658  -0.657  -0.654  -0.649  -0.643  -0.631  -0.612  -0.580  -0.529  -0.451  -0.338  -0.193  -0.011   0.195   0.416   0.641   0.856   1.058   1.237   1.396   1.532   1.649   1.749   1.835   1.909   1.975   2.038   2.100   2.165   2.235   2.315   2.403
   6.600  -0.662  -0.661  -0.661  -0.661  -0.660  -0.660  -0.658  -0.656  -0.652  -0.646  -0.636  -0.620  -0.592  -0.547  -0.478  -0.377  -0.243  -0.071   0.127   0.344   0.567   0.780   0.979   1.152   1.304   1.432   1.542   1.637   1.720   1.793   1.860   1.927   1.994   2.064   2.141   2.226   2.319
   6.650  -0.663  -0.662  -0.661  -0.661  -0.661  -0.661  -0.660  -0.658  -0.655  -0.650  -0.641  -0.627  -0.603  -0.563  -0.501  -0.410  -0.287  -0.127   0.059   0.267   0.482   0.690   0.884   1.053   1.200   1.323   1.429   1.520   1.601   1.675   1.745   1.815   1.887   1.963   2.045   2.135   2.232
   6.700  -0.663  -0.662  -0.662  -0.662  -0.662  -0.662  -0.661  -0.660  -0.657  -0.653  -0.646  -0.634  -0.612  -0.577  -0.522  -0.440  -0.330  -0.183  -0.011   0.185   0.390   0.590   0.779   0.943   1.087   1.207   1.310   1.401   1.481   1.557   1.630   1.705   1.782   1.864   1.951   2.044   2.144
   6.750  -0.664  -0.663  -0.662  -0.662  -0.663  -0.663  -0.662  -0.661  -0.659  -0.656  -0.649  -0.640  -0.621  -0.592  -0.544  -0.472  -0.372  -0.239  -0.079   0.104   0.296   0.487   0.667   0.826   0.966   1.085   1.188   1.279   1.361   1.439   1.516   1.598   1.682   1.771   1.863   1.956   2.052
   6.800  -0.664  -0.663  -0.663  -0.663  -0.663  -0.663  -0.663  -0.662  -0.660  -0.658  -0.653  -0.645  -0.629  -0.605  -0.564  -0.501  -0.413  -0.292  -0.147   0.023   0.202   0.382   0.553   0.706   0.843   0.961   1.065   1.159   1.244   1.326   1.407   1.495   1.587   1.682   1.778   1.869   1.957
   6.850  -0.664  -0.664  -0.664  -0.664  -0.664  -0.664  -0.663  -0.663  -0.661  -0.659  -0.655  -0.649  -0.636  -0.616  -0.582  -0.528  -0.451  -0.343  -0.212  -0.058   0.108   0.277   0.441   0.589   0.723   0.841   0.947   1.043   1.133   1.219   1.306   1.399   1.495   1.596   1.695   1.785   1.871
   6.900  -0.665  -0.665  -0.665  -0.665  -0.665  -0.665  -0.664  -0.663  -0.662  -0.660  -0.657  -0.651  -0.641  -0.625  -0.596  -0.550  -0.484  -0.390  -0.274  -0.134   0.018   0.176   0.332   0.475   0.608   0.726   0.835   0.935   1.029   1.120   1.212   1.309   1.409   1.512   1.612   1.704   1.789
   6.950  -0.666  -0.666  -0.666  -0.666  -0.666  -0.666  -0.665  -0.664  -0.662  -0.660  -0.656  -0.651  -0.643  -0.629  -0.605  -0.567  -0.512  -0.432  -0.330  -0.204  -0.064   0.083   0.231   0.369   0.499   0.619   0.731   0.838   0.939   1.033   1.126   1.227   1.330   1.431   1.530   1.621   1.705
   7.000  -0.668  -0.667  -0.667  -0.667  -0.667  -0.667  -0.666  -0.665  -0.663  -0.660  -0.656  -0.651  -0.643  -0.631  -0.610  -0.579  -0.533  -0.464  -0.375  -0.261  -0.133   0.003   0.142   0.274   0.402   0.523   0.638   0.750   0.857   0.952   1.045   1.148   1.253   1.353   1.449   1.538   1.622
   7.050  -0.669  -0.669  -0.668  -0.668  -0.668  -0.668  -0.667  -0.666  -0.664  -0.662  -0.658  -0.653  -0.644  -0.631  -0.612  -0.584  -0.542  -0.481  -0.402  -0.299  -0.182  -0.055   0.075   0.202   0.326   0.446   0.562   0.673   0.779   0.873   0.966   1.069   1.174   1.277   1.375   1.459   1.537
   7.100  -0.670  -0.670  -0.670  -0.670  -0.670  -0.670  -0.669  -0.668  -0.666  -0.664  -0.661  -0.655  -0.646  -0.633  -0.613  -0.585  -0.546  -0.490  -0.418  -0.324  -0.216  -0.098   0.024   0.144   0.263   0.380   0.494   0.601   0.702   0.796   0.889   0.991   1.095   1.202   1.301   1.383   1.450
   7.150  -0.671  -0.671  -0.671  -0.672  -0.671  -0.671  -0.670  -0.670  -0.668  -0.667  -0.664  -0.659  -0.651  -0.637  -0.617  -0.590  -0.550  -0.496  -0.426  -0.338  -0.237  -0.127  -0.012   0.100   0.212   0.324   0.431   0.529   0.623   0.717   0.813   0.915   1.019   1.127   1.226   1.295   1.349
   7.200  -0.673  -0.673  -0.673  -0.673  -0.673  -0.673  -0.672  -0.672  -0.671  -0.670  -0.668  -0.664  -0.656  -0.643  -0.624  -0.596  -0.557  -0.503  -0.434  -0.349  -0.253  -0.149  -0.042   0.063   0.166   0.269   0.368   0.457   0.544   0.638   0.736   0.839   0.943   1.048   1.139   1.200   1.237
   7.250  -0.675  -0.675  -0.675  -0.675  -0.675  -0.675  -0.674  -0.674  -0.674  -0.673  -0.671  -0.668  -0.661  -0.650  -0.633  -0.608  -0.571  -0.518  -0.451  -0.367  -0.274  -0.175  -0.074   0.023   0.117   0.209   0.298   0.380   0.463   0.556   0.655   0.764   0.867   0.951   1.018   1.078   1.104
   7.300  -0.677  -0.677  -0.677  -0.677  -0.677  -0.677  -0.677  -0.677  -0.676  -0.675  -0.674  -0.671  -0.666  -0.657  -0.643  -0.621  -0.587  -0.537  -0.473  -0.392  -0.301  -0.207  -0.112  -0.022   0.064   0.145   0.224   0.301   0.382   0.475   0.576   0.689   0.792   0.856   0.900   0.934   0.954
   7.350  -0.679  -0.679  -0.679  -0.679  -0.679  -0.679  -0.679  -0.679  -0.678  -0.678  -0.676  -0.674  -0.670  -0.664  -0.652  -0.633  -0.604  -0.560  -0.502  -0.427  -0.343  -0.254  -0.166  -0.081  -0.001   0.073   0.147   0.221   0.302   0.398   0.502   0.621   0.728   0.792   0.835   0.849   0.867
   7.400  -0.682  -0.682  -0.682  -0.682  -0.682  -0.682  -0.682  -0.682  -0.681  -0.680  -0.679  -0.677  -0.674  -0.669  -0.660  -0.645  -0.621  -0.584  -0.534  -0.467  -0.390  -0.309  -0.226  -0.147  -0.071  -0.001   0.069   0.143   0.225   0.325   0.432   0.548   0.652   0.717   0.762   0.796   0.817
   7.450  -0.685  -0.685  -0.685  -0.685  -0.685  -0.685  -0.685  -0.685  -0.684  -0.684  -0.683  -0.681  -0.678  -0.674  -0.667  -0.655  -0.636  -0.605  -0.563  -0.505  -0.438  -0.365  -0.290  -0.215  -0.142  -0.074  -0.006   0.069   0.153   0.258   0.364   0.453   0.527   0.575   0.609   0.658   0.675
   7.500  -0.688  -0.688  -0.688  -0.688  -0.688  -0.688  -0.688  -0.688  -0.688  -0.688  -0.687  -0.685  -0.683  -0.680  -0.674  -0.665  -0.649  -0.624  -0.589  -0.542  -0.485  -0.421  -0.352  -0.282  -0.211  -0.145  -0.076   0.000   0.086   0.196   0.298   0.361   0.404   0.435   0.457   0.474   0.484
   7.550  -0.692  -0.692  -0.692  -0.692  -0.692  -0.692  -0.692  -0.692  -0.692  -0.692  -0.691  -0.690  -0.688  -0.685  -0.681  -0.673  -0.660  -0.639  -0.611  -0.573  -0.526  -0.469  -0.407  -0.341  -0.274  -0.209  -0.140  -0.063   0.024   0.134   0.236   0.295   0.334   0.364   0.384   0.387   0.395
   7.600  -0.696  -0.696  -0.696  -0.696  -0.696  -0.696  -0.696  -0.696  -0.696  -0.696  -0.695  -0.694  -0.693  -0.691  -0.687  -0.680  -0.669  -0.653  -0.630  -0.600  -0.561  -0.511  -0.455  -0.395  -0.331  -0.268  -0.199  -0.121  -0.033   0.075   0.176   0.238   0.280   0.312   0.333   0.349   0.359
   7.650  -0.700  -0.700  -0.700  -0.700  -0.700  -0.700  -0.700  -0.700  -0.700  -0.700  -0.700  -0.699  -0.698  -0.696  -0.693  -0.687  -0.678  -0.665  -0.646  -0.622  -0.589  -0.545  -0.494  -0.441  -0.383  -0.321  -0.252  -0.174  -0.087   0.020   0.118   0.179   0.221   0.251   0.272   0.287   0.297
   7.700  -0.705  -0.705  -0.705  -0.705  -0.705  -0.705  -0.705  -0.705  -0.705  -0.705  -0.705  -0.704  -0.703  -0.702  -0.699  -0.694  -0.687  -0.676  -0.661  -0.640  -0.612  -0.573  -0.528  -0.481  -0.428  -0.368  -0.301  -0.223  -0.137  -0.034   0.061   0.120   0.160   0.189   0.209   0.225   0.234
   7.750  -0.711  -0.711  -0.711  -0.711  -0.711  -0.711  -0.711  -0.711  -0.711  -0.711  -0.711  -0.710  -0.709  -0.708  -0.705  -0.702  -0.696  -0.688  -0.675  -0.657  -0.632  -0.598  -0.558  -0.514  -0.465  -0.411  -0.347  -0.270  -0.184  -0.084   0.007   0.064   0.103   0.132   0.151   0.158   0.167
   7.800  -0.717  -0.717  -0.717  -0.717  -0.717  -0.717  -0.717  -0.717  -0.717  -0.717  -0.717  -0.717  -0.716  -0.714  -0.712  -0.709  -0.705  -0.698  -0.688  -0.672  -0.650  -0.620  -0.584  -0.544  -0.498  -0.449  -0.390  -0.315  -0.231  -0.139  -0.057  -0.005   0.030   0.056   0.074   0.087   0.095
   7.850  -0.724  -0.724  -0.724  -0.724  -0.724  -0.724  -0.724  -0.724  -0.724  -0.724  -0.724  -0.724  -0.723  -0.722  -0.720  -0.718  -0.713  -0.708  -0.700  -0.686  -0.666  -0.640  -0.608  -0.572  -0.530  -0.484  -0.428  -0.355  -0.279  -0.213  -0.159  -0.123  -0.099  -0.081  -0.069  -0.038  -0.032
   7.900  -0.731  -0.731  -0.731  -0.731  -0.731  -0.732  -0.732  -0.732  -0.732  -0.732  -0.732  -0.732  -0.731  -0.730  -0.729  -0.726  -0.722  -0.718  -0.711  -0.698  -0.680  -0.657  -0.630  -0.598  -0.560  -0.516  -0.464  -0.394  -0.327  -0.286  -0.258  -0.238  -0.224  -0.214  -0.207  -0.202  -0.199
   7.950  -0.739  -0.739  -0.739  -0.739  -0.739  -0.739  -0.739  -0.740  -0.740  -0.740  -0.740  -0.739  -0.739  -0.738  -0.737  -0.734  -0.731  -0.727  -0.721  -0.709  -0.694  -0.674  -0.650  -0.622  -0.587  -0.547  -0.499  -0.433  -0.372  -0.337  -0.315  -0.298  -0.286  -0.277  -0.271  -0.279  -0.276
   8.000  -0.747  -0.747  -0.747  -0.747  -0.747  -0.747  -0.747  -0.747  -0.748  -0.748  -0.748  -0.748  -0.747  -0.746  -0.745  -0.744  -0.741  -0.737  -0.731  -0.721  -0.707  -0.690  -0.669  -0.644  -0.614  -0.577  -0.533  -0.474  -0.417  -0.383  -0.359  -0.342  -0.330  -0.321  -0.315  -0.311  -0.308
   8.100  -0.767  -0.767  -0.767  -0.767  -0.767  -0.767  -0.767  -0.767  -0.767  -0.767  -0.767  -0.767  -0.767  -0.767  -0.766  -0.765  -0.764  -0.760  -0.755  -0.747  -0.737  -0.724  -0.709  -0.691  -0.668  -0.638  -0.602  -0.556  -0.512  -0.485  -0.467  -0.454  -0.444  -0.438  -0.433  -0.430  -0.428
   8.200  -0.791  -0.791  -0.791  -0.791  -0.791  -0.792  -0.792  -0.792  -0.792  -0.792  -0.792  -0.792  -0.792  -0.792  -0.791  -0.791  -0.790  -0.787  -0.783  -0.777  -0.770  -0.761  -0.751  -0.740  -0.725  -0.702  -0.674  -0.637  -0.602  -0.580  -0.565  -0.555  -0.547  -0.542  -0.538  -0.562  -0.560
   8.300  -0.820  -0.820  -0.820  -0.820  -0.820  -0.820  -0.821  -0.821  -0.821  -0.821  -0.821  -0.821  -0.821  -0.821  -0.821  -0.820  -0.819  -0.817  -0.814  -0.810  -0.806  -0.801  -0.796  -0.792  -0.784  -0.767  -0.749  -0.736  -0.727  -0.720  -0.716  -0.713  -0.710  -0.709  -0.708  -0.707  -0.706
   8.400  -0.874  -0.864  -0.858  -0.855  -0.854  -0.854  -0.854  -0.854  -0.854  -0.854  -0.854  -0.854  -0.855  -0.854  -0.854  -0.853  -0.853  -0.851  -0.850  -0.848  -0.846  -0.846  -0.846  -0.847  -0.846  -0.828  -0.828  -0.898  -0.979  -1.023  -1.054  -1.076  -1.091  -1.102  -1.110  -1.022  -1.024
   8.500  -0.891  -0.891  -0.891  -0.891  -0.891  -0.891  -0.891  -0.891  -0.891  -0.891  -0.891  -0.892  -0.892  -0.892  -0.891  -0.890  -0.890  -0.889  -0.889  -0.889  -0.890  -0.894  -0.899  -0.906  -0.912  -0.896  -0.914  -1.046  -1.196  -1.280  -1.337  -1.379  -1.408  -1.428  -1.443  -1.454  -1.460
   8.600  -0.811  -0.867  -0.905  -0.925  -0.928  -0.932  -0.931  -0.932  -0.932  -0.932  -0.932  -0.932  -0.933  -0.932  -0.932  -0.931  -0.932  -0.932  -0.933  -0.935  -0.938  -0.945  -0.955  -0.967  -0.982  -0.995  -1.008  -1.096  -1.232  -1.303  -1.345  -1.380  -1.401  -1.418  -1.429  -1.438  -1.443
   8.700  -0.655  -0.803  -0.904  -0.958  -0.966  -0.977  -0.975  -0.977  -0.976  -0.976  -0.976  -0.976  -0.977  -0.977  -0.976  -0.976  -0.977  -0.978  -0.980  -0.984  -0.989  -0.999  -1.013  -1.032  -1.056  -1.082  -1.110  -1.127  -1.137  -1.145  -1.151  -1.155  -1.157  -1.159  -1.161  -1.162  -1.162

