fixed metal distribution -- based on Grevesse & Sauval (1998)
    form     version        X           Z          logRs    logR_min    logR_max       logTs    logT_min    logT_max
       1          38    0.000000    0.040000          37   -8.000000    1.000000         138    3.750000    8.700000

   logT                       logR = logRho - 3*logT + 18
          -8.000  -7.750  -7.500  -7.250  -7.000  -6.750  -6.500  -6.250  -6.000  -5.750  -5.500  -5.250  -5.000  -4.750  -4.500  -4.250  -4.000  -3.750  -3.500  -3.250  -3.000  -2.750  -2.500  -2.250  -2.000  -1.750  -1.500  -1.250  -1.000  -0.750  -0.500  -0.250   0.000   0.250   0.500   0.750   1.000

   3.750  -1.079  -1.219  -1.805  -1.865  -1.940  -1.992  -2.045  -3.015  -3.052  -3.087  -3.120  -3.152  -3.183  -3.210  -3.234  -3.251  -3.261  -3.269  -3.273  -3.274  -3.271  -3.259  -3.241  -3.199  -3.139  -3.048  -2.931  -2.791  -2.626  -2.422  -2.184  -1.951  -1.711  -1.463  -1.208  -1.071  -1.010
   3.775  -1.714  -1.294  -1.428  -1.518  -1.608  -2.117  -1.827  -2.988  -2.998  -3.012  -3.028  -3.047  -3.070  -3.092  -3.114  -3.138  -3.161  -3.177  -3.188  -3.182  -3.162  -3.128  -3.080  -3.015  -2.933  -2.841  -2.737  -2.612  -2.468  -2.301  -2.113  -1.899  -1.662  -1.403  -1.121  -0.960  -0.871
   3.800  -1.079  -1.219  -1.805  -1.865  -1.940  -1.992  -2.045  -2.963  -2.958  -2.957  -2.961  -2.970  -2.985  -3.000  -3.018  -3.040  -3.065  -3.081  -3.093  -3.082  -3.054  -3.007  -2.941  -2.858  -2.758  -2.658  -2.551  -2.429  -2.295  -2.152  -2.000  -1.806  -1.580  -1.327  -1.045  -0.860  -0.729
   3.825  -1.714  -1.294  -1.428  -1.518  -1.608  -2.117  -1.827  -2.947  -2.937  -2.931  -2.927  -2.928  -2.932  -2.939  -2.946  -2.956  -2.965  -2.976  -2.980  -2.971  -2.945  -2.899  -2.830  -2.733  -2.619  -2.498  -2.369  -2.233  -2.097  -1.975  -1.839  -1.661  -1.457  -1.228  -0.994  -0.771  -0.585
   3.850  -1.079  -1.219  -1.805  -1.865  -1.940  -1.992  -2.045  -2.922  -2.916  -2.911  -2.906  -2.902  -2.898  -2.896  -2.894  -2.888  -2.881  -2.878  -2.873  -2.863  -2.839  -2.795  -2.726  -2.623  -2.497  -2.354  -2.203  -2.050  -1.903  -1.780  -1.652  -1.491  -1.313  -1.128  -0.924  -0.694  -0.440
   3.875  -1.714  -1.294  -1.428  -1.518  -1.608  -2.117  -1.827  -2.889  -2.894  -2.896  -2.894  -2.889  -2.881  -2.872  -2.863  -2.852  -2.839  -2.821  -2.798  -2.772  -2.735  -2.680  -2.604  -2.501  -2.376  -2.231  -2.073  -1.911  -1.749  -1.598  -1.452  -1.317  -1.170  -0.984  -0.781  -0.575  -0.336
   3.900  -1.079  -1.219  -1.805  -1.865  -1.940  -1.992  -2.045  -2.793  -2.817  -2.835  -2.846  -2.849  -2.846  -2.840  -2.830  -2.821  -2.806  -2.778  -2.740  -2.696  -2.641  -2.571  -2.485  -2.380  -2.257  -2.112  -1.953  -1.785  -1.611  -1.431  -1.262  -1.139  -1.010  -0.818  -0.614  -0.432  -0.260
   3.925  -1.714  -1.294  -1.428  -1.518  -1.608  -2.117  -1.827  -2.553  -2.611  -2.663  -2.708  -2.741  -2.765  -2.780  -2.786  -2.783  -2.770  -2.745  -2.705  -2.648  -2.575  -2.486  -2.382  -2.262  -2.126  -1.975  -1.813  -1.644  -1.469  -1.289  -1.113  -0.959  -0.805  -0.634  -0.455  -0.282  -0.107
   3.950  -1.079  -1.219  -1.805  -1.865  -1.940  -1.992  -2.045  -2.251  -2.338  -2.424  -2.501  -2.567  -2.621  -2.663  -2.691  -2.703  -2.700  -2.687  -2.655  -2.595  -2.513  -2.412  -2.294  -2.158  -2.009  -1.850  -1.684  -1.514  -1.341  -1.165  -0.986  -0.797  -0.614  -0.461  -0.305  -0.119   0.088
   3.975  -1.714  -1.294  -1.428  -1.518  -1.608  -2.117  -1.827  -1.878  -2.026  -2.122  -2.214  -2.297  -2.371  -2.436  -2.489  -2.530  -2.557  -2.569  -2.560  -2.523  -2.461  -2.369  -2.252  -2.110  -1.952  -1.783  -1.607  -1.430  -1.250  -1.067  -0.882  -0.693  -0.509  -0.350  -0.185   0.018   0.238
   4.000  -1.079  -1.219  -1.193  -1.269  -1.344  -1.431  -1.523  -1.615  -1.708  -1.803  -1.897  -1.987  -2.073  -2.152  -2.225  -2.292  -2.346  -2.381  -2.395  -2.388  -2.352  -2.279  -2.174  -2.038  -1.880  -1.709  -1.529  -1.346  -1.159  -0.969  -0.780  -0.597  -0.418  -0.247  -0.067   0.142   0.373
   4.025  -1.714  -1.294  -1.058  -1.053  -1.146  -1.205  -1.272  -1.345  -1.424  -1.508  -1.595  -1.680  -1.763  -1.840  -1.913  -1.982  -2.041  -2.082  -2.106  -2.115  -2.101  -2.052  -1.974  -1.867  -1.735  -1.582  -1.414  -1.232  -1.042  -0.849  -0.655  -0.468  -0.284  -0.105   0.078   0.277   0.495
   4.050  -0.982  -0.977  -0.981  -0.992  -1.012  -1.041  -1.080  -1.129  -1.186  -1.251  -1.320  -1.390  -1.458  -1.523  -1.584  -1.643  -1.694  -1.730  -1.755  -1.772  -1.771  -1.744  -1.693  -1.619  -1.520  -1.395  -1.247  -1.078  -0.895  -0.707  -0.515  -0.326  -0.138   0.046   0.229   0.415   0.604
   4.075  -0.960  -0.953  -0.949  -0.949  -0.954  -0.964  -0.979  -1.001  -1.029  -1.063  -1.102  -1.143  -1.185  -1.228  -1.269  -1.308  -1.341  -1.364  -1.379  -1.388  -1.385  -1.365  -1.327  -1.274  -1.201  -1.107  -0.993  -0.859  -0.708  -0.543  -0.369  -0.190  -0.006   0.181   0.369   0.559   0.741
   4.100  -0.948  -0.945  -0.941  -0.937  -0.934  -0.931  -0.928  -0.927  -0.928  -0.932  -0.938  -0.947  -0.958  -0.971  -0.983  -0.994  -1.002  -1.004  -1.002  -0.995  -0.982  -0.959  -0.927  -0.886  -0.833  -0.766  -0.684  -0.586  -0.472  -0.337  -0.187  -0.025   0.148   0.332   0.521   0.707   0.892
   4.125  -0.942  -0.935  -0.928  -0.921  -0.912  -0.904  -0.895  -0.886  -0.876  -0.863  -0.847  -0.827  -0.805  -0.780  -0.754  -0.728  -0.702  -0.678  -0.654  -0.630  -0.604  -0.573  -0.537  -0.498  -0.452  -0.396  -0.329  -0.252  -0.161  -0.052   0.072   0.210   0.361   0.527   0.701   0.878   1.057
   4.150  -0.941  -0.931  -0.921  -0.911  -0.901  -0.891  -0.881  -0.869  -0.853  -0.830  -0.799  -0.756  -0.704  -0.644  -0.581  -0.517  -0.456  -0.401  -0.351  -0.305  -0.260  -0.215  -0.169  -0.125  -0.077  -0.022   0.039   0.105   0.181   0.269   0.370   0.484   0.611   0.754   0.907   1.067   1.235
   4.175  -0.943  -0.933  -0.922  -0.912  -0.900  -0.888  -0.874  -0.858  -0.836  -0.807  -0.768  -0.715  -0.650  -0.571  -0.484  -0.392  -0.298  -0.208  -0.123  -0.046   0.025   0.091   0.152   0.208   0.264   0.322   0.384   0.449   0.520   0.600   0.689   0.788   0.897   1.017   1.148   1.284   1.435
   4.200  -0.944  -0.936  -0.926  -0.916  -0.904  -0.890  -0.873  -0.854  -0.829  -0.797  -0.754  -0.697  -0.626  -0.537  -0.434  -0.319  -0.198  -0.076   0.043   0.153   0.255   0.344   0.426   0.499   0.569   0.636   0.704   0.774   0.848   0.927   1.010   1.099   1.194   1.296   1.406   1.525   1.654
   4.225  -0.944  -0.936  -0.927  -0.917  -0.905  -0.891  -0.874  -0.854  -0.828  -0.795  -0.750  -0.692  -0.616  -0.521  -0.409  -0.281  -0.142   0.003   0.148   0.287   0.417   0.535   0.643   0.739   0.827   0.908   0.987   1.066   1.145   1.226   1.309   1.393   1.481   1.572   1.668   1.768   1.881
   4.250  -0.939  -0.933  -0.925  -0.916  -0.905  -0.892  -0.875  -0.856  -0.830  -0.797  -0.753  -0.694  -0.618  -0.520  -0.404  -0.269  -0.119   0.041   0.206   0.369   0.527   0.673   0.808   0.928   1.038   1.138   1.232   1.322   1.409   1.496   1.581   1.666   1.751   1.836   1.925   2.020   2.120
   4.275  -0.931  -0.927  -0.921  -0.913  -0.903  -0.890  -0.874  -0.855  -0.831  -0.798  -0.755  -0.696  -0.620  -0.523  -0.407  -0.269  -0.116   0.052   0.229   0.409   0.588   0.758   0.919   1.065   1.200   1.321   1.432   1.535   1.633   1.725   1.815   1.902   1.988   2.074   2.160   2.246   2.338
   4.300  -0.911  -0.910  -0.907  -0.902  -0.894  -0.883  -0.869  -0.852  -0.829  -0.798  -0.756  -0.699  -0.625  -0.530  -0.416  -0.281  -0.127   0.044   0.227   0.418   0.613   0.803   0.987   1.158   1.317   1.461   1.592   1.711   1.819   1.920   2.016   2.108   2.197   2.285   2.372   2.459   2.546
   4.325  -0.868  -0.874  -0.877  -0.878  -0.875  -0.868  -0.858  -0.844  -0.824  -0.797  -0.758  -0.704  -0.633  -0.542  -0.430  -0.297  -0.145   0.027   0.212   0.409   0.612   0.817   1.017   1.210   1.391   1.558   1.711   1.847   1.969   2.081   2.184   2.281   2.374   2.464   2.550   2.636   2.715
   4.350  -0.813  -0.826  -0.835  -0.841  -0.844  -0.843  -0.837  -0.827  -0.811  -0.787  -0.752  -0.703  -0.637  -0.551  -0.444  -0.315  -0.165   0.005   0.190   0.389   0.597   0.810   1.024   1.234   1.435   1.624   1.798   1.952   2.090   2.214   2.327   2.431   2.528   2.620   2.705   2.784   2.855
   4.375  -0.754  -0.767  -0.778  -0.787  -0.794  -0.798  -0.797  -0.793  -0.782  -0.764  -0.735  -0.692  -0.633  -0.553  -0.453  -0.328  -0.183  -0.016   0.169   0.369   0.580   0.800   1.022   1.245   1.462   1.668   1.861   2.033   2.189   2.327   2.452   2.564   2.665   2.759   2.844   2.923   2.992
   4.400  -0.696  -0.708  -0.718  -0.728  -0.737  -0.743  -0.746  -0.746  -0.739  -0.726  -0.702  -0.665  -0.613  -0.541  -0.448  -0.331  -0.192  -0.030   0.152   0.350   0.562   0.784   1.013   1.244   1.473   1.695   1.904   2.093   2.266   2.421   2.559   2.680   2.788   2.885   2.971   3.049   3.117
   4.425  -0.652  -0.658  -0.665  -0.672  -0.678  -0.683  -0.685  -0.684  -0.678  -0.666  -0.645  -0.614  -0.569  -0.505  -0.422  -0.316  -0.187  -0.034   0.139   0.333   0.542   0.765   0.998   1.236   1.474   1.707   1.930   2.135   2.324   2.495   2.648   2.781   2.899   3.003   3.094   3.176   3.247
   4.450  -0.620  -0.621  -0.622  -0.624  -0.625  -0.625  -0.623  -0.619  -0.610  -0.596  -0.575  -0.545  -0.504  -0.447  -0.372  -0.277  -0.159  -0.018   0.145   0.330   0.533   0.753   0.986   1.227   1.471   1.712   1.945   2.164   2.368   2.554   2.721   2.869   2.998   3.111   3.211   3.299   3.376
   4.475  -0.610  -0.604  -0.599  -0.594  -0.588  -0.581  -0.572  -0.560  -0.543  -0.522  -0.493  -0.458  -0.414  -0.358  -0.288  -0.201  -0.095   0.032   0.181   0.353   0.545   0.757   0.984   1.223   1.468   1.714   1.955   2.186   2.402   2.601   2.782   2.943   3.087   3.212   3.323   3.418   3.500
   4.500  -0.610  -0.599  -0.587  -0.576  -0.564  -0.550  -0.533  -0.512  -0.486  -0.453  -0.414  -0.368  -0.315  -0.255  -0.184  -0.101  -0.003   0.113   0.248   0.404   0.582   0.781   0.997   1.229   1.471   1.718   1.964   2.202   2.429   2.639   2.833   3.007   3.164   3.304   3.426   3.532   3.621
   4.525  -0.608  -0.597  -0.584  -0.571  -0.556  -0.537  -0.513  -0.484  -0.448  -0.403  -0.350  -0.289  -0.221  -0.146  -0.065   0.023   0.120   0.228   0.351   0.492   0.651   0.832   1.033   1.252   1.485   1.727   1.972   2.214   2.448   2.669   2.874   3.062   3.231   3.383   3.515   3.629   3.724
   4.550  -0.608  -0.598  -0.586  -0.572  -0.555  -0.534  -0.506  -0.470  -0.426  -0.369  -0.303  -0.225  -0.139  -0.047   0.051   0.151   0.255   0.363   0.480   0.608   0.751   0.914   1.095   1.298   1.516   1.749   1.988   2.229   2.467   2.695   2.910   3.108   3.289   3.451   3.593   3.714   3.813
   4.575  -0.608  -0.598  -0.585  -0.572  -0.555  -0.533  -0.504  -0.467  -0.419  -0.357  -0.281  -0.190  -0.087   0.027   0.146   0.267   0.389   0.509   0.631   0.756   0.890   1.036   1.198   1.380   1.578   1.793   2.019   2.254   2.489   2.721   2.943   3.150   3.340   3.510   3.661   3.790   3.897
   4.600  -0.608  -0.597  -0.585  -0.572  -0.555  -0.535  -0.507  -0.470  -0.421  -0.356  -0.274  -0.173  -0.056   0.076   0.217   0.362   0.506   0.645   0.781   0.911   1.042   1.179   1.325   1.487   1.664   1.859   2.068   2.291   2.519   2.750   2.975   3.187   3.385   3.562   3.720   3.857   3.972
   4.625  -0.607  -0.597  -0.586  -0.573  -0.556  -0.536  -0.509  -0.473  -0.424  -0.360  -0.277  -0.173  -0.050   0.094   0.250   0.415   0.583   0.746   0.903   1.050   1.192   1.331   1.471   1.619   1.778   1.952   2.140   2.346   2.562   2.785   3.008   3.223   3.425   3.609   3.775   3.920   4.043
   4.650  -0.607  -0.597  -0.586  -0.573  -0.557  -0.537  -0.511  -0.476  -0.430  -0.368  -0.287  -0.183  -0.058   0.091   0.258   0.439   0.626   0.813   0.995   1.164   1.325   1.474   1.618   1.760   1.906   2.063   2.232   2.419   2.619   2.832   3.048   3.261   3.465   3.654   3.827   3.978   4.109
   4.675  -0.605  -0.596  -0.584  -0.571  -0.555  -0.536  -0.511  -0.479  -0.435  -0.376  -0.298  -0.197  -0.074   0.075   0.244   0.432   0.631   0.836   1.039   1.234   1.419   1.588   1.748   1.896   2.041   2.189   2.344   2.515   2.698   2.897   3.102   3.308   3.510   3.700   3.877   4.034   4.172
   4.700  -0.604  -0.594  -0.582  -0.569  -0.553  -0.535  -0.511  -0.481  -0.440  -0.384  -0.309  -0.213  -0.093   0.052   0.219   0.408   0.613   0.829   1.050   1.267   1.476   1.671   1.851   2.014   2.168   2.315   2.464   2.623   2.791   2.975   3.166   3.363   3.559   3.748   3.926   4.086   4.231
   4.725  -0.604  -0.594  -0.581  -0.567  -0.551  -0.533  -0.510  -0.481  -0.442  -0.389  -0.318  -0.225  -0.110   0.030   0.192   0.378   0.582   0.801   1.030   1.261   1.489   1.706   1.911   2.097   2.269   2.427   2.580   2.735   2.895   3.066   3.244   3.430   3.618   3.802   3.979   4.140   4.288
   4.750  -0.605  -0.594  -0.581  -0.567  -0.550  -0.532  -0.509  -0.481  -0.443  -0.392  -0.324  -0.236  -0.125   0.009   0.166   0.346   0.546   0.763   0.993   1.232   1.473   1.710   1.937   2.147   2.342   2.519   2.684   2.842   2.999   3.161   3.329   3.504   3.682   3.860   4.033   4.193   4.342
   4.775  -0.607  -0.595  -0.582  -0.567  -0.551  -0.532  -0.509  -0.481  -0.444  -0.395  -0.329  -0.244  -0.137  -0.007   0.146   0.321   0.516   0.728   0.955   1.194   1.439   1.687   1.929   2.160   2.378   2.576   2.761   2.931   3.094   3.256   3.418   3.585   3.754   3.923   4.089   4.247   4.397
   4.800  -0.607  -0.595  -0.582  -0.568  -0.551  -0.533  -0.509  -0.481  -0.445  -0.396  -0.332  -0.249  -0.146  -0.019   0.129   0.300   0.489   0.695   0.917   1.152   1.397   1.648   1.901   2.149   2.387   2.608   2.813   3.001   3.175   3.341   3.502   3.664   3.826   3.988   4.147   4.301   4.451
   4.825  -0.607  -0.595  -0.582  -0.569  -0.553  -0.534  -0.510  -0.482  -0.445  -0.397  -0.334  -0.253  -0.152  -0.028   0.117   0.283   0.468   0.670   0.886   1.116   1.357   1.608   1.864   2.121   2.372   2.611   2.835   3.041   3.231   3.406   3.572   3.735   3.894   4.052   4.207   4.357   4.503
   4.850  -0.604  -0.593  -0.580  -0.567  -0.552  -0.533  -0.510  -0.481  -0.444  -0.396  -0.334  -0.255  -0.156  -0.035   0.107   0.271   0.452   0.649   0.861   1.085   1.321   1.569   1.825   2.086   2.345   2.597   2.838   3.060   3.266   3.454   3.630   3.797   3.958   4.114   4.265   4.412   4.555
   4.875  -0.597  -0.587  -0.575  -0.562  -0.546  -0.528  -0.505  -0.477  -0.440  -0.394  -0.334  -0.256  -0.159  -0.040   0.100   0.261   0.440   0.634   0.843   1.063   1.296   1.540   1.793   2.054   2.317   2.576   2.827   3.062   3.282   3.484   3.671   3.846   4.011   4.169   4.320   4.465   4.604
   4.900  -0.586  -0.576  -0.565  -0.552  -0.537  -0.519  -0.497  -0.469  -0.434  -0.389  -0.330  -0.254  -0.159  -0.042   0.096   0.255   0.432   0.624   0.831   1.048   1.278   1.519   1.769   2.027   2.290   2.552   2.808   3.054   3.286   3.500   3.699   3.884   4.056   4.218   4.370   4.515   4.652
   4.925  -0.567  -0.558  -0.548  -0.537  -0.523  -0.506  -0.485  -0.458  -0.424  -0.380  -0.323  -0.250  -0.157  -0.043   0.093   0.250   0.426   0.618   0.823   1.040   1.267   1.505   1.752   2.009   2.269   2.532   2.791   3.043   3.283   3.508   3.718   3.912   4.092   4.259   4.414   4.559   4.693
   4.950  -0.540  -0.533  -0.524  -0.514  -0.502  -0.486  -0.466  -0.441  -0.408  -0.366  -0.311  -0.240  -0.150  -0.039   0.094   0.250   0.425   0.617   0.822   1.038   1.264   1.500   1.744   1.997   2.255   2.517   2.777   3.031   3.276   3.510   3.729   3.932   4.120   4.293   4.452   4.597   4.729
   4.975  -0.503  -0.497  -0.490  -0.481  -0.471  -0.457  -0.439  -0.416  -0.385  -0.345  -0.291  -0.223  -0.135  -0.026   0.104   0.259   0.433   0.624   0.829   1.044   1.269   1.503   1.746   1.996   2.251   2.510   2.769   3.024   3.272   3.511   3.738   3.948   4.143   4.321   4.482   4.628   4.758
   5.000  -0.459  -0.453  -0.447  -0.439  -0.430  -0.418  -0.402  -0.380  -0.352  -0.313  -0.262  -0.196  -0.111  -0.005   0.123   0.275   0.447   0.637   0.841   1.055   1.279   1.512   1.754   2.001   2.253   2.510   2.766   3.020   3.270   3.512   3.744   3.960   4.160   4.342   4.506   4.652   4.779
   5.025  -0.404  -0.399  -0.393  -0.386  -0.378  -0.367  -0.352  -0.332  -0.305  -0.269  -0.221  -0.158  -0.077   0.026   0.149   0.297   0.465   0.652   0.854   1.066   1.290   1.523   1.763   2.009   2.259   2.513   2.768   3.022   3.272   3.517   3.752   3.972   4.174   4.359   4.524   4.667   4.790
   5.050  -0.347  -0.341  -0.333  -0.326  -0.318  -0.307  -0.293  -0.274  -0.248  -0.214  -0.168  -0.107  -0.029   0.069   0.187   0.329   0.491   0.673   0.870   1.081   1.304   1.536   1.776   2.020   2.269   2.521   2.774   3.027   3.277   3.524   3.760   3.981   4.185   4.370   4.534   4.674   4.793
   5.075  -0.293  -0.282  -0.271  -0.261  -0.250  -0.238  -0.223  -0.204  -0.178  -0.144  -0.099  -0.040   0.035   0.128   0.240   0.374   0.528   0.702   0.893   1.101   1.321   1.551   1.790   2.033   2.280   2.530   2.783   3.036   3.287   3.533   3.769   3.989   4.191   4.374   4.536   4.672   4.785
   5.100  -0.246  -0.229  -0.213  -0.199  -0.184  -0.169  -0.151  -0.130  -0.103  -0.068  -0.022   0.037   0.110   0.199   0.305   0.431   0.576   0.741   0.925   1.127   1.344   1.571   1.807   2.048   2.294   2.543   2.794   3.047   3.298   3.542   3.775   3.993   4.192   4.372   4.529   4.660   4.768
   5.125  -0.212  -0.191  -0.169  -0.149  -0.128  -0.107  -0.084  -0.058  -0.027   0.012   0.060   0.120   0.192   0.279   0.382   0.501   0.638   0.794   0.970   1.165   1.376   1.598   1.830   2.068   2.311   2.559   2.809   3.061   3.309   3.550   3.780   3.992   4.186   4.360   4.511   4.637   4.739
   5.150  -0.195  -0.168  -0.141  -0.113  -0.085  -0.057  -0.026   0.007   0.044   0.088   0.140   0.203   0.277   0.364   0.464   0.579   0.709   0.858   1.025   1.212   1.416   1.632   1.858   2.092   2.333   2.578   2.825   3.075   3.320   3.555   3.778   3.984   4.171   4.338   4.482   4.603   4.700
   5.175  -0.200  -0.167  -0.134  -0.099  -0.063  -0.026   0.013   0.055   0.101   0.153   0.212   0.281   0.360   0.450   0.551   0.663   0.790   0.932   1.091   1.270   1.465   1.674   1.894   2.124   2.360   2.601   2.844   3.087   3.326   3.554   3.769   3.966   4.145   4.304   4.443   4.559   4.653
   5.200  -0.221  -0.184  -0.145  -0.103  -0.060  -0.014   0.034   0.085   0.141   0.202   0.271   0.348   0.434   0.528   0.633   0.746   0.871   1.008   1.160   1.332   1.519   1.720   1.934   2.158   2.388   2.624   2.860   3.096   3.327   3.546   3.751   3.939   4.109   4.260   4.393   4.505   4.597
   5.225  -0.257  -0.218  -0.175  -0.129  -0.080  -0.027   0.030   0.091   0.157   0.229   0.308   0.395   0.489   0.591   0.701   0.817   0.943   1.079   1.227   1.392   1.573   1.768   1.975   2.192   2.416   2.644   2.873   3.100   3.320   3.528   3.723   3.901   4.062   4.206   4.333   4.444   4.536
   5.250  -0.304  -0.263  -0.218  -0.169  -0.116  -0.058   0.006   0.075   0.151   0.233   0.323   0.420   0.525   0.636   0.753   0.874   1.003   1.139   1.286   1.448   1.623   1.812   2.012   2.222   2.439   2.659   2.880   3.096   3.305   3.502   3.686   3.854   4.006   4.144   4.267   4.375   4.468
   5.275  -0.359  -0.317  -0.271  -0.222  -0.167  -0.105  -0.038   0.038   0.121   0.212   0.312   0.420   0.535   0.656   0.782   0.911   1.044   1.183   1.331   1.491   1.663   1.847   2.042   2.245   2.454   2.667   2.878   3.084   3.281   3.467   3.640   3.798   3.943   4.076   4.196   4.304   4.398
   5.300  -0.416  -0.376  -0.330  -0.281  -0.226  -0.164  -0.095  -0.016   0.072   0.171   0.279   0.397   0.522   0.653   0.789   0.926   1.067   1.211   1.363   1.523   1.693   1.874   2.063   2.260   2.462   2.667   2.869   3.064   3.250   3.425   3.588   3.737   3.876   4.004   4.121   4.228   4.325
   5.325  -0.472  -0.434  -0.391  -0.343  -0.290  -0.230  -0.161  -0.083   0.006   0.108   0.222   0.347   0.481   0.623   0.769   0.917   1.068   1.221   1.378   1.542   1.712   1.890   2.075   2.266   2.461   2.658   2.851   3.036   3.213   3.377   3.530   3.673   3.805   3.930   4.046   4.154   4.253
   5.350  -0.524  -0.489  -0.450  -0.406  -0.355  -0.298  -0.232  -0.156  -0.069   0.034   0.149   0.280   0.421   0.572   0.729   0.889   1.051   1.214   1.378   1.547   1.719   1.896   2.077   2.264   2.453   2.642   2.827   3.003   3.170   3.325   3.470   3.606   3.733   3.855   3.970   4.078   4.179
   5.375  -0.569  -0.540  -0.505  -0.464  -0.418  -0.364  -0.302  -0.230  -0.145  -0.046   0.068   0.201   0.347   0.506   0.673   0.844   1.018   1.190   1.364   1.537   1.712   1.890   2.069   2.252   2.436   2.618   2.796   2.964   3.123   3.270   3.408   3.538   3.662   3.782   3.896   4.004   4.107
   5.400  -0.608  -0.584  -0.554  -0.518  -0.476  -0.427  -0.369  -0.301  -0.222  -0.127  -0.016   0.116   0.264   0.429   0.605   0.786   0.971   1.154   1.337   1.517   1.696   1.875   2.053   2.234   2.413   2.590   2.761   2.922   3.074   3.214   3.345   3.471   3.592   3.710   3.823   3.932   4.036
   5.425  -0.637  -0.618  -0.593  -0.563  -0.526  -0.482  -0.429  -0.367  -0.292  -0.203  -0.096   0.032   0.180   0.348   0.529   0.719   0.914   1.107   1.299   1.486   1.671   1.853   2.032   2.211   2.387   2.559   2.724   2.878   3.024   3.157   3.283   3.406   3.524   3.640   3.753   3.862   3.967
   5.450  -0.658  -0.645  -0.625  -0.601  -0.570  -0.531  -0.484  -0.427  -0.358  -0.274  -0.172  -0.048   0.097   0.265   0.450   0.647   0.850   1.052   1.253   1.449   1.640   1.825   2.007   2.185   2.358   2.525   2.685   2.834   2.973   3.101   3.223   3.342   3.459   3.574   3.686   3.795   3.900
   5.475  -0.672  -0.663  -0.649  -0.630  -0.605  -0.572  -0.531  -0.479  -0.415  -0.337  -0.240  -0.121   0.020   0.187   0.373   0.574   0.783   0.994   1.203   1.407   1.605   1.795   1.978   2.157   2.328   2.491   2.645   2.789   2.923   3.047   3.165   3.281   3.396   3.510   3.622   3.730   3.835
   5.500  -0.681  -0.675  -0.665  -0.652  -0.632  -0.606  -0.570  -0.525  -0.467  -0.394  -0.303  -0.189  -0.052   0.112   0.297   0.501   0.715   0.934   1.151   1.362   1.567   1.762   1.948   2.127   2.296   2.456   2.606   2.745   2.875   2.994   3.109   3.223   3.336   3.450   3.561   3.669   3.773
   5.525  -0.686  -0.682  -0.675  -0.666  -0.652  -0.631  -0.602  -0.564  -0.513  -0.447  -0.361  -0.253  -0.121   0.040   0.225   0.431   0.649   0.874   1.099   1.318   1.529   1.728   1.918   2.096   2.264   2.421   2.567   2.702   2.828   2.944   3.055   3.168   3.280   3.393   3.504   3.611   3.714
   5.550  -0.689  -0.686  -0.682  -0.675  -0.665  -0.650  -0.627  -0.596  -0.552  -0.493  -0.415  -0.313  -0.186  -0.028   0.154   0.362   0.584   0.814   1.047   1.272   1.490   1.694   1.886   2.065   2.232   2.386   2.529   2.661   2.783   2.896   3.005   3.116   3.227   3.339   3.450   3.555   3.657
   5.575  -0.690  -0.689  -0.685  -0.681  -0.674  -0.663  -0.645  -0.620  -0.584  -0.533  -0.463  -0.369  -0.248  -0.094   0.087   0.295   0.520   0.757   0.995   1.227   1.451   1.659   1.854   2.034   2.200   2.353   2.493   2.621   2.740   2.851   2.957   3.067   3.177   3.288   3.398   3.502   3.602
   5.600  -0.691  -0.690  -0.687  -0.684  -0.679  -0.671  -0.657  -0.638  -0.609  -0.566  -0.505  -0.419  -0.306  -0.158   0.020   0.228   0.456   0.697   0.942   1.181   1.410   1.623   1.821   2.002   2.168   2.320   2.458   2.584   2.700   2.808   2.913   3.021   3.130   3.241   3.349   3.452   3.550
   5.625  -0.692  -0.690  -0.688  -0.686  -0.682  -0.675  -0.665  -0.651  -0.627  -0.592  -0.540  -0.464  -0.360  -0.220  -0.047   0.159   0.388   0.633   0.884   1.129   1.366   1.585   1.787   1.971   2.138   2.288   2.425   2.548   2.662   2.769   2.873   2.979   3.087   3.196   3.304   3.405   3.501
   5.650  -0.693  -0.691  -0.689  -0.686  -0.683  -0.678  -0.670  -0.659  -0.640  -0.612  -0.568  -0.502  -0.408  -0.278  -0.113   0.089   0.317   0.565   0.822   1.074   1.318   1.544   1.752   1.939   2.107   2.258   2.393   2.515   2.627   2.733   2.835   2.941   3.047   3.155   3.261   3.361   3.456
   5.675  -0.693  -0.692  -0.689  -0.687  -0.684  -0.679  -0.673  -0.663  -0.648  -0.626  -0.589  -0.533  -0.450  -0.331  -0.177   0.018   0.242   0.493   0.754   1.015   1.267   1.500   1.715   1.906   2.077   2.228   2.363   2.484   2.595   2.699   2.801   2.905   3.010   3.117   3.221   3.319   3.411
   5.700  -0.694  -0.692  -0.690  -0.688  -0.684  -0.680  -0.674  -0.666  -0.653  -0.634  -0.603  -0.556  -0.484  -0.378  -0.236  -0.051   0.168   0.418   0.684   0.952   1.212   1.454   1.675   1.871   2.045   2.198   2.333   2.454   2.565   2.669   2.770   2.873   2.976   3.081   3.183   3.278   3.369
   5.725  -0.694  -0.693  -0.690  -0.688  -0.685  -0.681  -0.675  -0.667  -0.655  -0.639  -0.612  -0.571  -0.509  -0.415  -0.286  -0.113   0.097   0.344   0.610   0.884   1.153   1.403   1.632   1.834   2.013   2.168   2.305   2.426   2.536   2.640   2.741   2.843   2.945   3.048   3.147   3.239   3.325
   5.750  -0.694  -0.693  -0.691  -0.688  -0.685  -0.681  -0.675  -0.668  -0.657  -0.641  -0.617  -0.582  -0.526  -0.444  -0.328  -0.167   0.032   0.272   0.537   0.815   1.091   1.349   1.587   1.795   1.979   2.137   2.276   2.398   2.509   2.613   2.714   2.815   2.916   3.016   3.113   3.201   3.282
   5.775  -0.694  -0.693  -0.691  -0.688  -0.685  -0.681  -0.675  -0.668  -0.657  -0.643  -0.621  -0.589  -0.539  -0.466  -0.361  -0.213  -0.026   0.207   0.467   0.746   1.027   1.292   1.538   1.753   1.942   2.104   2.246   2.370   2.482   2.587   2.687   2.788   2.888   2.986   3.079   3.164   3.241
   5.800  -0.694  -0.693  -0.691  -0.688  -0.685  -0.681  -0.676  -0.668  -0.658  -0.644  -0.623  -0.593  -0.548  -0.482  -0.386  -0.250  -0.074   0.148   0.402   0.679   0.963   1.234   1.486   1.708   1.903   2.070   2.215   2.341   2.455   2.561   2.662   2.762   2.860   2.957   3.047   3.128   3.202
   5.825  -0.694  -0.692  -0.691  -0.688  -0.685  -0.681  -0.676  -0.669  -0.659  -0.645  -0.625  -0.596  -0.554  -0.492  -0.404  -0.277  -0.113   0.099   0.344   0.617   0.899   1.174   1.433   1.661   1.862   2.034   2.182   2.312   2.427   2.535   2.637   2.737   2.834   2.928   3.017   3.095   3.166
   5.850  -0.693  -0.692  -0.690  -0.688  -0.685  -0.681  -0.676  -0.669  -0.659  -0.646  -0.626  -0.598  -0.558  -0.500  -0.416  -0.298  -0.144   0.057   0.293   0.559   0.839   1.116   1.379   1.613   1.820   1.996   2.149   2.282   2.400   2.510   2.612   2.713   2.809   2.901   2.987   3.064   3.132
   5.875  -0.693  -0.692  -0.690  -0.688  -0.685  -0.681  -0.676  -0.669  -0.659  -0.646  -0.627  -0.600  -0.561  -0.505  -0.426  -0.314  -0.167   0.024   0.250   0.509   0.784   1.060   1.326   1.564   1.777   1.958   2.115   2.252   2.373   2.484   2.588   2.688   2.784   2.874   2.957   3.032   3.098
   5.900  -0.693  -0.691  -0.690  -0.688  -0.685  -0.681  -0.676  -0.669  -0.659  -0.646  -0.627  -0.601  -0.563  -0.509  -0.433  -0.326  -0.185  -0.002   0.215   0.467   0.736   1.010   1.276   1.517   1.735   1.921   2.082   2.222   2.346   2.460   2.565   2.665   2.759   2.847   2.928   3.000   3.064
   5.925  -0.692  -0.691  -0.689  -0.687  -0.684  -0.680  -0.675  -0.668  -0.658  -0.645  -0.626  -0.601  -0.563  -0.511  -0.438  -0.335  -0.199  -0.023   0.188   0.433   0.697   0.967   1.233   1.476   1.697   1.886   2.051   2.194   2.320   2.436   2.542   2.642   2.734   2.819   2.897   2.967   3.029
   5.950  -0.692  -0.690  -0.688  -0.686  -0.683  -0.679  -0.673  -0.666  -0.656  -0.643  -0.625  -0.600  -0.563  -0.512  -0.440  -0.341  -0.209  -0.037   0.167   0.407   0.665   0.932   1.195   1.439   1.662   1.854   2.022   2.168   2.296   2.414   2.521   2.620   2.710   2.792   2.865   2.932   2.992
   5.975  -0.691  -0.689  -0.687  -0.684  -0.681  -0.677  -0.671  -0.664  -0.654  -0.641  -0.622  -0.598  -0.562  -0.512  -0.441  -0.343  -0.214  -0.046   0.154   0.389   0.642   0.905   1.165   1.408   1.631   1.825   1.995   2.143   2.274   2.393   2.501   2.598   2.686   2.764   2.834   2.900   2.960
   6.000  -0.690  -0.688  -0.686  -0.683  -0.679  -0.674  -0.668  -0.661  -0.651  -0.638  -0.620  -0.595  -0.560  -0.510  -0.441  -0.344  -0.217  -0.052   0.145   0.375   0.623   0.882   1.139   1.380   1.602   1.797   1.970   2.120   2.253   2.374   2.481   2.577   2.661   2.736   2.803   2.869   2.930
   6.050  -0.690  -0.687  -0.684  -0.680  -0.675  -0.670  -0.663  -0.654  -0.644  -0.630  -0.612  -0.588  -0.554  -0.506  -0.438  -0.342  -0.218  -0.059   0.131   0.350   0.588   0.836   1.085   1.323   1.546   1.744   1.921   2.076   2.214   2.335   2.442   2.533   2.612   2.681   2.745   2.808   2.875
   6.100  -0.691  -0.688  -0.684  -0.680  -0.674  -0.668  -0.660  -0.650  -0.638  -0.624  -0.605  -0.581  -0.546  -0.498  -0.431  -0.337  -0.216  -0.062   0.120   0.329   0.556   0.795   1.036   1.271   1.493   1.693   1.874   2.034   2.174   2.295   2.398   2.484   2.558   2.621   2.682   2.752   2.827
   6.150  -0.694  -0.692  -0.689  -0.685  -0.679  -0.672  -0.663  -0.651  -0.637  -0.620  -0.598  -0.571  -0.535  -0.488  -0.421  -0.330  -0.214  -0.067   0.107   0.307   0.525   0.756   0.991   1.223   1.445   1.647   1.830   1.991   2.131   2.249   2.347   2.426   2.492   2.549   2.607   2.682   2.765
   6.200  -0.697  -0.696  -0.694  -0.691  -0.686  -0.679  -0.669  -0.656  -0.641  -0.621  -0.597  -0.567  -0.529  -0.479  -0.412  -0.323  -0.210  -0.069   0.098   0.290   0.500   0.724   0.954   1.183   1.403   1.604   1.786   1.946   2.083   2.195   2.287   2.358   2.417   2.469   2.526   2.604   2.697
   6.250  -0.698  -0.698  -0.696  -0.694  -0.691  -0.686  -0.679  -0.668  -0.654  -0.635  -0.609  -0.576  -0.533  -0.478  -0.406  -0.314  -0.201  -0.063   0.098   0.283   0.487   0.705   0.931   1.155   1.370   1.567   1.745   1.898   2.028   2.131   2.213   2.278   2.334   2.386   2.445   2.527   2.626
   6.300  -0.699  -0.699  -0.698  -0.697  -0.695  -0.693  -0.688  -0.681  -0.670  -0.653  -0.628  -0.594  -0.547  -0.487  -0.410  -0.313  -0.197  -0.058   0.101   0.283   0.482   0.695   0.915   1.132   1.340   1.529   1.698   1.841   1.961   2.054   2.129   2.189   2.243   2.298   2.363   2.448   2.551
   6.350  -0.700  -0.699  -0.699  -0.698  -0.697  -0.696  -0.693  -0.688  -0.680  -0.668  -0.648  -0.619  -0.576  -0.516  -0.436  -0.332  -0.207  -0.060   0.106   0.290   0.487   0.695   0.906   1.112   1.308   1.484   1.639   1.770   1.878   1.963   2.032   2.091   2.146   2.206   2.276   2.367   2.475
   6.400  -0.700  -0.700  -0.700  -0.699  -0.698  -0.697  -0.696  -0.693  -0.688  -0.680  -0.667  -0.645  -0.608  -0.552  -0.473  -0.364  -0.231  -0.075   0.100   0.289   0.487   0.691   0.893   1.087   1.268   1.428   1.568   1.686   1.783   1.861   1.927   1.987   2.046   2.111   2.188   2.285   2.398
   6.450  -0.701  -0.701  -0.700  -0.700  -0.699  -0.699  -0.697  -0.695  -0.692  -0.686  -0.676  -0.660  -0.631  -0.584  -0.513  -0.410  -0.279  -0.118   0.065   0.263   0.468   0.672   0.868   1.049   1.214   1.357   1.482   1.588   1.677   1.751   1.816   1.880   1.945   2.018   2.102   2.203   2.318
   6.500  -0.701  -0.701  -0.701  -0.701  -0.700  -0.699  -0.698  -0.697  -0.694  -0.690  -0.682  -0.670  -0.648  -0.611  -0.551  -0.459  -0.336  -0.175   0.011   0.216   0.427   0.631   0.823   0.993   1.144   1.273   1.385   1.480   1.563   1.635   1.702   1.771   1.845   1.926   2.017   2.120   2.235
   6.550  -0.702  -0.702  -0.701  -0.701  -0.701  -0.700  -0.699  -0.698  -0.696  -0.692  -0.686  -0.677  -0.659  -0.629  -0.579  -0.499  -0.388  -0.238  -0.059   0.143   0.353   0.555   0.745   0.910   1.053   1.174   1.277   1.367   1.447   1.519   1.589   1.664   1.745   1.834   1.933   2.040   2.157
   6.600  -0.703  -0.702  -0.702  -0.702  -0.701  -0.701  -0.700  -0.699  -0.697  -0.695  -0.689  -0.682  -0.666  -0.642  -0.600  -0.533  -0.437  -0.301  -0.136   0.057   0.260   0.460   0.647   0.808   0.947   1.064   1.163   1.250   1.328   1.402   1.477   1.558   1.646   1.744   1.849   1.961   2.081
   6.650  -0.704  -0.703  -0.702  -0.702  -0.702  -0.702  -0.701  -0.700  -0.699  -0.697  -0.692  -0.686  -0.673  -0.653  -0.617  -0.560  -0.477  -0.356  -0.207  -0.029   0.162   0.353   0.535   0.692   0.830   0.945   1.043   1.130   1.210   1.288   1.367   1.455   1.550   1.654   1.765   1.882   2.003
   6.700  -0.704  -0.703  -0.703  -0.703  -0.703  -0.703  -0.702  -0.702  -0.700  -0.699  -0.695  -0.690  -0.679  -0.662  -0.631  -0.583  -0.511  -0.406  -0.274  -0.113   0.063   0.242   0.416   0.570   0.706   0.821   0.921   1.010   1.093   1.176   1.262   1.357   1.458   1.568   1.684   1.802   1.925
   6.750  -0.704  -0.704  -0.703  -0.703  -0.703  -0.703  -0.703  -0.703  -0.701  -0.700  -0.697  -0.693  -0.684  -0.670  -0.645  -0.604  -0.543  -0.452  -0.335  -0.190  -0.031   0.136   0.299   0.447   0.581   0.696   0.798   0.891   0.980   1.069   1.162   1.264   1.374   1.490   1.610   1.730   1.851
   6.800  -0.705  -0.704  -0.704  -0.704  -0.704  -0.704  -0.704  -0.703  -0.702  -0.701  -0.699  -0.695  -0.688  -0.677  -0.656  -0.623  -0.570  -0.492  -0.390  -0.262  -0.117   0.036   0.188   0.330   0.461   0.576   0.681   0.779   0.873   0.969   1.069   1.179   1.295   1.418   1.541   1.661   1.780
   6.850  -0.705  -0.705  -0.705  -0.705  -0.705  -0.705  -0.705  -0.704  -0.703  -0.702  -0.700  -0.697  -0.691  -0.682  -0.665  -0.637  -0.593  -0.526  -0.438  -0.325  -0.196  -0.054   0.090   0.226   0.354   0.470   0.577   0.678   0.778   0.881   0.988   1.103   1.223   1.348   1.473   1.592   1.707
   6.900  -0.706  -0.706  -0.706  -0.706  -0.706  -0.706  -0.705  -0.705  -0.704  -0.703  -0.701  -0.698  -0.693  -0.685  -0.671  -0.647  -0.610  -0.554  -0.478  -0.380  -0.264  -0.134   0.002   0.132   0.258   0.373   0.484   0.590   0.695   0.805   0.918   1.036   1.158   1.283   1.407   1.524   1.635
   6.950  -0.707  -0.707  -0.707  -0.707  -0.707  -0.707  -0.706  -0.705  -0.705  -0.703  -0.701  -0.698  -0.692  -0.685  -0.673  -0.653  -0.622  -0.576  -0.512  -0.426  -0.323  -0.204  -0.078   0.045   0.167   0.284   0.399   0.515   0.631   0.744   0.858   0.978   1.102   1.225   1.345   1.458   1.565
   7.000  -0.708  -0.708  -0.708  -0.708  -0.708  -0.708  -0.707  -0.706  -0.705  -0.704  -0.701  -0.697  -0.691  -0.684  -0.673  -0.656  -0.629  -0.590  -0.535  -0.459  -0.367  -0.259  -0.143  -0.026   0.092   0.210   0.329   0.454   0.578   0.691   0.803   0.924   1.047   1.168   1.285   1.394   1.495
   7.050  -0.709  -0.710  -0.709  -0.709  -0.709  -0.709  -0.708  -0.708  -0.706  -0.705  -0.702  -0.698  -0.691  -0.683  -0.671  -0.654  -0.628  -0.592  -0.542  -0.474  -0.390  -0.291  -0.183  -0.072   0.043   0.163   0.285   0.410   0.532   0.641   0.750   0.867   0.986   1.107   1.224   1.326   1.420
   7.100  -0.711  -0.711  -0.711  -0.711  -0.710  -0.710  -0.710  -0.709  -0.708  -0.707  -0.704  -0.700  -0.693  -0.683  -0.669  -0.651  -0.625  -0.589  -0.541  -0.477  -0.400  -0.308  -0.207  -0.101   0.011   0.131   0.253   0.371   0.486   0.591   0.696   0.807   0.922   1.044   1.160   1.258   1.342
   7.150  -0.712  -0.713  -0.712  -0.712  -0.712  -0.712  -0.711  -0.711  -0.710  -0.709  -0.707  -0.703  -0.697  -0.686  -0.671  -0.651  -0.623  -0.585  -0.536  -0.473  -0.399  -0.311  -0.215  -0.114  -0.007   0.109   0.225   0.331   0.434   0.534   0.637   0.746   0.859   0.981   1.093   1.174   1.240
   7.200  -0.714  -0.714  -0.714  -0.714  -0.714  -0.714  -0.713  -0.713  -0.712  -0.712  -0.710  -0.707  -0.701  -0.691  -0.676  -0.655  -0.625  -0.584  -0.533  -0.469  -0.395  -0.310  -0.218  -0.122  -0.021   0.087   0.193   0.286   0.376   0.472   0.573   0.683   0.795   0.911   1.012   1.080   1.120
   7.250  -0.716  -0.716  -0.716  -0.716  -0.716  -0.716  -0.715  -0.715  -0.714  -0.714  -0.712  -0.710  -0.705  -0.697  -0.684  -0.663  -0.634  -0.593  -0.540  -0.474  -0.398  -0.314  -0.225  -0.133  -0.039   0.055   0.147   0.229   0.310   0.403   0.503   0.616   0.726   0.817   0.889   0.954   0.982
   7.300  -0.718  -0.718  -0.718  -0.718  -0.718  -0.718  -0.718  -0.718  -0.717  -0.716  -0.715  -0.713  -0.709  -0.703  -0.692  -0.674  -0.647  -0.607  -0.554  -0.486  -0.409  -0.326  -0.240  -0.153  -0.067   0.014   0.092   0.165   0.241   0.332   0.432   0.549   0.657   0.724   0.769   0.805   0.826
   7.350  -0.720  -0.720  -0.720  -0.720  -0.720  -0.720  -0.720  -0.720  -0.719  -0.719  -0.718  -0.716  -0.714  -0.708  -0.699  -0.685  -0.661  -0.625  -0.576  -0.511  -0.437  -0.357  -0.275  -0.193  -0.114  -0.043   0.026   0.094   0.170   0.262   0.366   0.488   0.600   0.666   0.710   0.722   0.741
   7.400  -0.723  -0.723  -0.723  -0.723  -0.723  -0.723  -0.723  -0.723  -0.722  -0.722  -0.721  -0.720  -0.718  -0.714  -0.706  -0.694  -0.675  -0.644  -0.601  -0.542  -0.473  -0.398  -0.321  -0.244  -0.171  -0.107  -0.044   0.023   0.099   0.195   0.301   0.420   0.528   0.595   0.642   0.677   0.698
   7.450  -0.726  -0.726  -0.726  -0.726  -0.726  -0.726  -0.726  -0.726  -0.725  -0.725  -0.724  -0.724  -0.722  -0.718  -0.712  -0.703  -0.687  -0.661  -0.625  -0.574  -0.514  -0.446  -0.375  -0.304  -0.235  -0.174  -0.113  -0.045   0.033   0.133   0.237   0.327   0.402   0.451   0.484   0.536   0.553
   7.500  -0.729  -0.729  -0.729  -0.729  -0.729  -0.729  -0.729  -0.729  -0.729  -0.729  -0.728  -0.727  -0.726  -0.723  -0.718  -0.711  -0.698  -0.677  -0.647  -0.606  -0.555  -0.495  -0.431  -0.365  -0.300  -0.241  -0.179  -0.110  -0.030   0.075   0.175   0.236   0.278   0.308   0.329   0.345   0.354
   7.550  -0.732  -0.732  -0.732  -0.733  -0.733  -0.733  -0.733  -0.733  -0.733  -0.732  -0.732  -0.731  -0.730  -0.728  -0.724  -0.718  -0.707  -0.690  -0.666  -0.633  -0.591  -0.539  -0.481  -0.421  -0.359  -0.301  -0.240  -0.169  -0.088   0.019   0.117   0.175   0.212   0.240   0.259   0.260   0.268
   7.600  -0.736  -0.736  -0.736  -0.737  -0.737  -0.737  -0.737  -0.737  -0.737  -0.737  -0.736  -0.736  -0.735  -0.733  -0.730  -0.725  -0.716  -0.702  -0.682  -0.656  -0.623  -0.578  -0.526  -0.471  -0.414  -0.357  -0.295  -0.223  -0.141  -0.036   0.062   0.122   0.163   0.194   0.214   0.230   0.240
   7.650  -0.741  -0.741  -0.741  -0.741  -0.741  -0.741  -0.741  -0.741  -0.741  -0.741  -0.741  -0.740  -0.740  -0.739  -0.736  -0.732  -0.724  -0.713  -0.697  -0.676  -0.649  -0.609  -0.563  -0.515  -0.463  -0.407  -0.345  -0.273  -0.191  -0.088   0.008   0.067   0.107   0.137   0.157   0.172   0.181
   7.700  -0.746  -0.746  -0.746  -0.746  -0.746  -0.746  -0.746  -0.746  -0.746  -0.746  -0.746  -0.746  -0.745  -0.744  -0.742  -0.738  -0.732  -0.723  -0.710  -0.693  -0.670  -0.636  -0.595  -0.553  -0.506  -0.452  -0.390  -0.319  -0.238  -0.139  -0.046   0.011   0.050   0.078   0.098   0.113   0.122
   7.750  -0.752  -0.752  -0.752  -0.752  -0.752  -0.752  -0.752  -0.752  -0.752  -0.752  -0.752  -0.751  -0.751  -0.750  -0.748  -0.745  -0.740  -0.733  -0.723  -0.709  -0.688  -0.659  -0.623  -0.584  -0.540  -0.490  -0.432  -0.362  -0.282  -0.185  -0.095  -0.040  -0.002   0.026   0.045   0.050   0.059
   7.800  -0.758  -0.758  -0.758  -0.758  -0.758  -0.758  -0.758  -0.758  -0.758  -0.758  -0.758  -0.758  -0.757  -0.756  -0.755  -0.752  -0.748  -0.743  -0.735  -0.722  -0.704  -0.678  -0.647  -0.611  -0.570  -0.525  -0.471  -0.403  -0.326  -0.237  -0.156  -0.106  -0.071  -0.046  -0.028  -0.015  -0.007
   7.850  -0.765  -0.765  -0.765  -0.765  -0.765  -0.765  -0.765  -0.765  -0.765  -0.765  -0.765  -0.765  -0.764  -0.764  -0.762  -0.760  -0.756  -0.753  -0.747  -0.735  -0.718  -0.696  -0.668  -0.637  -0.599  -0.558  -0.507  -0.441  -0.371  -0.308  -0.255  -0.221  -0.198  -0.180  -0.169  -0.138  -0.132
   7.900  -0.772  -0.772  -0.772  -0.772  -0.772  -0.772  -0.772  -0.772  -0.772  -0.773  -0.773  -0.773  -0.772  -0.771  -0.770  -0.768  -0.765  -0.763  -0.758  -0.747  -0.731  -0.712  -0.688  -0.660  -0.627  -0.589  -0.542  -0.478  -0.416  -0.379  -0.353  -0.334  -0.322  -0.312  -0.306  -0.301  -0.298
   7.950  -0.780  -0.780  -0.780  -0.780  -0.780  -0.780  -0.780  -0.780  -0.780  -0.780  -0.781  -0.780  -0.780  -0.779  -0.778  -0.776  -0.774  -0.772  -0.768  -0.758  -0.743  -0.727  -0.706  -0.682  -0.653  -0.618  -0.575  -0.515  -0.459  -0.427  -0.406  -0.391  -0.380  -0.373  -0.367  -0.375  -0.373
   8.000  -0.788  -0.788  -0.788  -0.788  -0.788  -0.788  -0.788  -0.788  -0.788  -0.789  -0.789  -0.789  -0.788  -0.788  -0.787  -0.786  -0.784  -0.782  -0.778  -0.769  -0.756  -0.742  -0.724  -0.703  -0.678  -0.646  -0.607  -0.553  -0.501  -0.470  -0.448  -0.432  -0.422  -0.414  -0.408  -0.404  -0.402
   8.100  -0.808  -0.808  -0.808  -0.808  -0.808  -0.808  -0.808  -0.808  -0.808  -0.808  -0.808  -0.808  -0.808  -0.807  -0.807  -0.807  -0.807  -0.804  -0.799  -0.792  -0.784  -0.774  -0.761  -0.747  -0.728  -0.703  -0.672  -0.630  -0.590  -0.566  -0.549  -0.537  -0.528  -0.522  -0.518  -0.515  -0.513
   8.200  -0.832  -0.832  -0.832  -0.832  -0.832  -0.832  -0.832  -0.833  -0.833  -0.833  -0.833  -0.833  -0.833  -0.833  -0.832  -0.833  -0.832  -0.829  -0.825  -0.821  -0.815  -0.808  -0.801  -0.793  -0.782  -0.764  -0.740  -0.707  -0.675  -0.656  -0.643  -0.633  -0.626  -0.622  -0.618  -0.639  -0.637
   8.300  -0.861  -0.861  -0.861  -0.861  -0.861  -0.861  -0.861  -0.861  -0.862  -0.862  -0.862  -0.862  -0.862  -0.862  -0.862  -0.862  -0.861  -0.859  -0.856  -0.853  -0.850  -0.847  -0.844  -0.843  -0.839  -0.826  -0.811  -0.800  -0.792  -0.786  -0.782  -0.780  -0.778  -0.776  -0.775  -0.775  -0.774
   8.400  -0.916  -0.907  -0.900  -0.897  -0.895  -0.895  -0.895  -0.895  -0.895  -0.895  -0.895  -0.895  -0.896  -0.895  -0.895  -0.895  -0.894  -0.893  -0.891  -0.890  -0.890  -0.890  -0.892  -0.897  -0.899  -0.883  -0.883  -0.945  -1.018  -1.059  -1.086  -1.106  -1.120  -1.130  -1.137  -1.060  -1.062
   8.500  -0.932  -0.932  -0.932  -0.932  -0.932  -0.932  -0.932  -0.932  -0.932  -0.932  -0.932  -0.933  -0.933  -0.933  -0.932  -0.931  -0.931  -0.931  -0.931  -0.931  -0.933  -0.938  -0.944  -0.954  -0.962  -0.947  -0.962  -1.081  -1.216  -1.291  -1.343  -1.381  -1.406  -1.425  -1.438  -1.448  -1.454
   8.600  -0.842  -0.900  -0.941  -0.963  -0.968  -0.973  -0.972  -0.973  -0.973  -0.973  -0.973  -0.973  -0.974  -0.973  -0.973  -0.972  -0.972  -0.973  -0.974  -0.976  -0.980  -0.988  -0.999  -1.012  -1.030  -1.043  -1.054  -1.134  -1.258  -1.322  -1.360  -1.392  -1.411  -1.427  -1.436  -1.444  -1.449
   8.700  -0.668  -0.823  -0.931  -0.991  -1.004  -1.018  -1.016  -1.018  -1.017  -1.017  -1.017  -1.017  -1.018  -1.018  -1.017  -1.017  -1.018  -1.019  -1.020  -1.024  -1.030  -1.041  -1.056  -1.076  -1.101  -1.128  -1.158  -1.176  -1.186  -1.195  -1.201  -1.205  -1.208  -1.210  -1.211  -1.213  -1.213

