fixed metal distribution -- based on Grevesse & Sauval (1998)
    form     version        X           Z          logRs    logR_min    logR_max       logTs    logT_min    logT_max
       1          38    0.000000    0.000100          37   -8.000000    1.000000         138    3.750000    8.700000

   logT                       logR = logRho - 3*logT + 18
          -8.000  -7.750  -7.500  -7.250  -7.000  -6.750  -6.500  -6.250  -6.000  -5.750  -5.500  -5.250  -5.000  -4.750  -4.500  -4.250  -4.000  -3.750  -3.500  -3.250  -3.000  -2.750  -2.500  -2.250  -2.000  -1.750  -1.500  -1.250  -1.000  -0.750  -0.500  -0.250   0.000   0.250   0.500   0.750   1.000

   3.750  -1.124  -1.257  -1.913  -1.955  -2.021  -2.082  -2.152  -2.253  -2.353  -3.275  -3.412  -3.535  -3.654  -3.764  -3.866  -4.496  -4.608  -5.182  -5.216  -5.244  -5.265  -5.281  -5.291  -5.288  -5.275  -5.242  -5.193  -5.128  -5.047  -4.957  -4.856  -4.751  -4.639  -4.521  -4.396  -4.259  -4.111
   3.775  -1.742  -1.321  -1.479  -1.569  -1.663  -2.637  -2.706  -2.415  -2.122  -2.946  -3.064  -4.139  -4.198  -3.859  -3.514  -4.272  -4.364  -5.158  -5.169  -5.176  -5.179  -5.178  -5.173  -5.159  -5.139  -5.105  -5.060  -5.002  -4.930  -4.847  -4.750  -4.645  -4.528  -4.404  -4.272  -4.131  -3.983
   3.800  -1.124  -1.257  -1.913  -1.955  -2.021  -2.082  -2.152  -2.253  -2.353  -3.275  -3.412  -3.535  -3.654  -3.764  -3.866  -4.496  -4.608  -5.078  -5.086  -5.089  -5.086  -5.079  -5.067  -5.047  -5.020  -4.983  -4.936  -4.877  -4.808  -4.726  -4.632  -4.526  -4.408  -4.282  -4.146  -4.004  -3.855
   3.825  -1.742  -1.321  -1.479  -1.569  -1.663  -2.637  -2.706  -2.415  -2.122  -2.946  -3.064  -4.139  -4.198  -3.859  -3.514  -4.272  -4.364  -4.946  -4.976  -4.996  -5.004  -5.004  -4.992  -4.969  -4.934  -4.886  -4.827  -4.758  -4.679  -4.592  -4.497  -4.392  -4.278  -4.154  -4.021  -3.877  -3.727
   3.850  -1.124  -1.257  -1.913  -1.955  -2.021  -2.082  -2.152  -2.253  -2.353  -3.275  -3.412  -3.535  -3.654  -3.764  -3.866  -4.496  -4.608  -4.752  -4.810  -4.853  -4.881  -4.895  -4.892  -4.872  -4.835  -4.781  -4.714  -4.635  -4.548  -4.455  -4.356  -4.252  -4.140  -4.020  -3.890  -3.749  -3.598
   3.875  -1.742  -1.321  -1.479  -1.569  -1.663  -2.637  -2.706  -2.415  -2.122  -2.946  -3.064  -4.139  -4.198  -3.859  -3.514  -4.272  -4.364  -4.412  -4.544  -4.604  -4.652  -4.686  -4.705  -4.704  -4.684  -4.647  -4.593  -4.521  -4.436  -4.341  -4.236  -4.124  -4.004  -3.879  -3.746  -3.605  -3.456
   3.900  -1.124  -1.257  -1.913  -1.955  -2.021  -2.082  -2.152  -2.253  -2.353  -3.275  -3.412  -3.535  -3.654  -3.764  -3.866  -3.967  -4.056  -4.144  -4.227  -4.301  -4.366  -4.421  -4.461  -4.481  -4.482  -4.465  -4.428  -4.369  -4.292  -4.199  -4.092  -3.975  -3.850  -3.721  -3.587  -3.449  -3.306
   3.925  -1.742  -1.321  -1.479  -1.569  -1.663  -2.637  -2.706  -2.415  -2.122  -2.946  -3.064  -4.139  -4.198  -3.859  -3.514  -3.558  -3.710  -3.806  -3.896  -3.979  -4.053  -4.116  -4.166  -4.197  -4.211  -4.203  -4.175  -4.128  -4.064  -3.983  -3.888  -3.782  -3.667  -3.546  -3.417  -3.273  -3.135
   3.950  -1.124  -1.257  -1.913  -1.955  -2.021  -2.082  -2.152  -2.253  -2.353  -2.592  -2.706  -2.819  -2.931  -3.041  -3.149  -3.253  -3.354  -3.453  -3.547  -3.634  -3.711  -3.777  -3.829  -3.866  -3.886  -3.883  -3.861  -3.824  -3.772  -3.705  -3.625  -3.535  -3.435  -3.325  -3.206  -3.080  -2.946
   3.975  -1.742  -1.321  -1.479  -1.569  -1.663  -2.637  -2.706  -2.415  -2.122  -2.187  -2.352  -2.465  -2.577  -2.688  -2.796  -2.900  -3.000  -3.098  -3.189  -3.273  -3.348  -3.413  -3.464  -3.499  -3.516  -3.514  -3.495  -3.461  -3.414  -3.352  -3.281  -3.202  -3.115  -3.019  -2.915  -2.810  -2.690
   4.000  -1.124  -1.257  -1.223  -1.305  -1.388  -1.484  -1.586  -1.689  -1.796  -1.907  -2.019  -2.129  -2.237  -2.344  -2.449  -2.549  -2.644  -2.735  -2.820  -2.896  -2.964  -3.023  -3.069  -3.096  -3.108  -3.105  -3.087  -3.055  -3.010  -2.954  -2.889  -2.820  -2.745  -2.663  -2.576  -2.483  -2.384
   4.025  -1.742  -1.321  -1.089  -1.089  -1.189  -1.256  -1.332  -1.415  -1.506  -1.604  -1.707  -1.808  -1.909  -2.008  -2.104  -2.195  -2.282  -2.362  -2.435  -2.500  -2.556  -2.603  -2.639  -2.659  -2.666  -2.661  -2.645  -2.616  -2.576  -2.528  -2.473  -2.414  -2.349  -2.278  -2.201  -2.127  -2.040
   4.050  -1.013  -1.012  -1.019  -1.034  -1.059  -1.095  -1.142  -1.200  -1.269  -1.348  -1.433  -1.519  -1.606  -1.690  -1.772  -1.850  -1.923  -1.989  -2.047  -2.097  -2.139  -2.172  -2.196  -2.208  -2.211  -2.205  -2.190  -2.164  -2.130  -2.091  -2.045  -1.994  -1.937  -1.875  -1.807  -1.733  -1.653
   4.075  -1.001  -0.995  -0.994  -0.999  -1.008  -1.023  -1.045  -1.075  -1.113  -1.161  -1.214  -1.272  -1.333  -1.395  -1.456  -1.514  -1.569  -1.617  -1.660  -1.695  -1.723  -1.745  -1.760  -1.766  -1.766  -1.759  -1.745  -1.722  -1.693  -1.659  -1.621  -1.577  -1.528  -1.473  -1.413  -1.352  -1.280
   4.100  -0.997  -0.995  -0.995  -0.996  -0.998  -0.999  -1.002  -1.008  -1.018  -1.034  -1.054  -1.080  -1.109  -1.143  -1.177  -1.209  -1.239  -1.266  -1.290  -1.308  -1.322  -1.332  -1.338  -1.339  -1.336  -1.327  -1.313  -1.293  -1.268  -1.239  -1.206  -1.169  -1.127  -1.079  -1.025  -0.966  -0.901
   4.125  -0.995  -0.994  -0.992  -0.991  -0.990  -0.988  -0.985  -0.983  -0.980  -0.977  -0.974  -0.969  -0.964  -0.959  -0.955  -0.951  -0.948  -0.948  -0.949  -0.950  -0.949  -0.948  -0.944  -0.939  -0.931  -0.919  -0.904  -0.886  -0.865  -0.840  -0.812  -0.781  -0.745  -0.704  -0.656  -0.605  -0.547
   4.150  -0.996  -0.994  -0.993  -0.992  -0.990  -0.989  -0.986  -0.981  -0.973  -0.960  -0.940  -0.911  -0.876  -0.835  -0.793  -0.752  -0.715  -0.684  -0.657  -0.635  -0.617  -0.600  -0.585  -0.571  -0.556  -0.539  -0.522  -0.505  -0.486  -0.464  -0.439  -0.413  -0.383  -0.347  -0.306  -0.259  -0.207
   4.175  -0.996  -0.995  -0.993  -0.992  -0.990  -0.988  -0.984  -0.978  -0.968  -0.950  -0.924  -0.887  -0.839  -0.779  -0.713  -0.642  -0.571  -0.503  -0.441  -0.388  -0.341  -0.302  -0.269  -0.242  -0.219  -0.197  -0.178  -0.159  -0.140  -0.118  -0.095  -0.070  -0.043  -0.012   0.022   0.061   0.104
   4.200  -0.997  -0.996  -0.994  -0.993  -0.992  -0.989  -0.985  -0.979  -0.969  -0.952  -0.925  -0.886  -0.833  -0.764  -0.682  -0.588  -0.488  -0.387  -0.290  -0.201  -0.123  -0.057  -0.002   0.043   0.079   0.109   0.134   0.157   0.179   0.201   0.224   0.249   0.274   0.301   0.329   0.360   0.392
   4.225  -0.999  -0.998  -0.996  -0.994  -0.993  -0.990  -0.987  -0.981  -0.972  -0.956  -0.931  -0.893  -0.841  -0.769  -0.680  -0.574  -0.456  -0.331  -0.205  -0.084   0.028   0.125   0.209   0.278   0.334   0.378   0.415   0.446   0.473   0.498   0.521   0.543   0.566   0.588   0.612   0.640   0.669
   4.250  -1.000  -0.999  -0.997  -0.996  -0.994  -0.992  -0.989  -0.984  -0.976  -0.963  -0.940  -0.906  -0.856  -0.787  -0.698  -0.587  -0.460  -0.318  -0.170  -0.021   0.122   0.252   0.367   0.463   0.544   0.608   0.661   0.704   0.739   0.768   0.793   0.814   0.834   0.855   0.876   0.902   0.931
   4.275  -1.001  -1.001  -1.001  -1.000  -0.998  -0.995  -0.992  -0.987  -0.979  -0.967  -0.946  -0.915  -0.869  -0.804  -0.720  -0.611  -0.483  -0.335  -0.174  -0.006   0.161   0.321   0.467   0.595   0.704   0.794   0.868   0.926   0.972   1.009   1.038   1.061   1.082   1.102   1.124   1.153   1.183
   4.300  -0.989  -0.994  -0.997  -0.998  -0.998  -0.996  -0.993  -0.989  -0.982  -0.970  -0.952  -0.923  -0.881  -0.823  -0.744  -0.642  -0.517  -0.369  -0.204  -0.023   0.163   0.347   0.522   0.681   0.821   0.938   1.036   1.113   1.174   1.221   1.257   1.287   1.312   1.335   1.360   1.390   1.423
   4.325  -0.951  -0.965  -0.975  -0.984  -0.989  -0.993  -0.994  -0.992  -0.986  -0.975  -0.958  -0.932  -0.893  -0.839  -0.766  -0.669  -0.550  -0.406  -0.241  -0.056   0.139   0.340   0.538   0.723   0.893   1.039   1.163   1.262   1.342   1.404   1.453   1.493   1.528   1.561   1.594   1.630   1.671
   4.350  -0.899  -0.920  -0.939  -0.955  -0.968  -0.978  -0.983  -0.985  -0.983  -0.975  -0.960  -0.936  -0.901  -0.851  -0.783  -0.693  -0.581  -0.442  -0.281  -0.097   0.102   0.313   0.527   0.735   0.929   1.102   1.252   1.376   1.478   1.559   1.624   1.681   1.730   1.776   1.820   1.869   1.920
   4.375  -0.836  -0.860  -0.883  -0.903  -0.922  -0.938  -0.951  -0.960  -0.965  -0.963  -0.954  -0.936  -0.906  -0.860  -0.797  -0.713  -0.606  -0.473  -0.317  -0.136   0.064   0.280   0.502   0.723   0.936   1.130   1.304   1.454   1.581   1.686   1.774   1.851   1.919   1.980   2.039   2.098   2.157
   4.400  -0.775  -0.798  -0.821  -0.843  -0.865  -0.886  -0.904  -0.919  -0.930  -0.935  -0.932  -0.920  -0.895  -0.855  -0.797  -0.719  -0.619  -0.492  -0.342  -0.166   0.031   0.246   0.471   0.699   0.924   1.135   1.330   1.504   1.659   1.789   1.902   2.003   2.092   2.172   2.247   2.319   2.388
   4.425  -0.728  -0.745  -0.763  -0.782  -0.802  -0.822  -0.840  -0.856  -0.869  -0.878  -0.880  -0.874  -0.857  -0.825  -0.775  -0.704  -0.611  -0.493  -0.350  -0.181   0.009   0.219   0.442   0.672   0.903   1.126   1.339   1.535   1.715   1.871   2.011   2.136   2.248   2.350   2.442   2.524   2.599
   4.450  -0.695  -0.704  -0.716  -0.729  -0.744  -0.759  -0.773  -0.786  -0.797  -0.806  -0.809  -0.806  -0.793  -0.766  -0.723  -0.659  -0.574  -0.464  -0.331  -0.172   0.009   0.210   0.426   0.652   0.882   1.112   1.337   1.553   1.754   1.936   2.101   2.251   2.387   2.510   2.619   2.714   2.794
   4.475  -0.687  -0.689  -0.693  -0.699  -0.705  -0.711  -0.717  -0.721  -0.723  -0.722  -0.718  -0.709  -0.692  -0.666  -0.626  -0.569  -0.492  -0.393  -0.271  -0.125   0.043   0.230   0.432   0.648   0.872   1.102   1.333   1.561   1.780   1.985   2.175   2.349   2.508   2.651   2.775   2.878   2.962
   4.500  -0.689  -0.686  -0.684  -0.682  -0.681  -0.679  -0.675  -0.668  -0.658  -0.644  -0.626  -0.605  -0.578  -0.545  -0.502  -0.446  -0.374  -0.283  -0.172  -0.040   0.112   0.282   0.467   0.668   0.881   1.105   1.335   1.569   1.801   2.024   2.236   2.433   2.612   2.773   2.911   3.021   3.106
   4.525  -0.689  -0.687  -0.684  -0.681  -0.676  -0.669  -0.658  -0.642  -0.620  -0.591  -0.554  -0.512  -0.465  -0.413  -0.354  -0.289  -0.214  -0.126  -0.025   0.094   0.229   0.379   0.544   0.725   0.921   1.131   1.353   1.587   1.825   2.061   2.289   2.503   2.700   2.876   3.027   3.151   3.245
   4.550  -0.690  -0.689  -0.687  -0.685  -0.679  -0.670  -0.655  -0.633  -0.601  -0.558  -0.504  -0.440  -0.368  -0.291  -0.210  -0.127  -0.040   0.052   0.151   0.260   0.380   0.512   0.657   0.817   0.992   1.184   1.393   1.619   1.856   2.098   2.338   2.565   2.776   2.964   3.128   3.264   3.371
   4.575  -0.691  -0.690  -0.688  -0.686  -0.681  -0.673  -0.658  -0.636  -0.602  -0.553  -0.489  -0.408  -0.315  -0.210  -0.098   0.015   0.128   0.237   0.346   0.456   0.569   0.686   0.812   0.949   1.101   1.271   1.460   1.673   1.902   2.143   2.386   2.621   2.842   3.040   3.216   3.365   3.485
   4.600  -0.691  -0.689  -0.688  -0.686  -0.683  -0.677  -0.664  -0.644  -0.612  -0.562  -0.494  -0.402  -0.292  -0.162  -0.021   0.124   0.268   0.404   0.533   0.653   0.767   0.879   0.992   1.111   1.241   1.388   1.556   1.751   1.966   2.200   2.440   2.676   2.903   3.109   3.295   3.453   3.587
   4.625  -0.691  -0.689  -0.688  -0.687  -0.684  -0.678  -0.667  -0.649  -0.620  -0.574  -0.509  -0.418  -0.303  -0.161   0.000   0.173   0.349   0.520   0.680   0.825   0.958   1.076   1.188   1.297   1.412   1.540   1.686   1.860   2.055   2.274   2.504   2.736   2.963   3.175   3.369   3.538   3.683
   4.650  -0.690  -0.689  -0.688  -0.686  -0.684  -0.679  -0.669  -0.654  -0.628  -0.588  -0.529  -0.443  -0.331  -0.185  -0.014   0.179   0.383   0.586   0.782   0.959   1.118   1.255   1.377   1.487   1.596   1.711   1.839   1.992   2.167   2.367   2.582   2.805   3.027   3.241   3.441   3.616   3.771
   4.675  -0.690  -0.688  -0.687  -0.686  -0.684  -0.679  -0.670  -0.656  -0.633  -0.597  -0.543  -0.465  -0.360  -0.221  -0.054   0.144   0.361   0.587   0.813   1.024   1.219   1.388   1.536   1.663   1.778   1.891   2.011   2.148   2.303   2.482   2.678   2.887   3.101   3.312   3.513   3.694   3.858
   4.700  -0.689  -0.688  -0.686  -0.685  -0.683  -0.679  -0.671  -0.658  -0.637  -0.604  -0.555  -0.485  -0.390  -0.263  -0.105   0.089   0.307   0.547   0.794   1.037   1.268   1.473   1.655   1.808   1.942   2.064   2.183   2.311   2.451   2.612   2.789   2.982   3.183   3.387   3.586   3.770   3.941
   4.725  -0.688  -0.686  -0.685  -0.684  -0.682  -0.678  -0.671  -0.659  -0.639  -0.609  -0.564  -0.500  -0.413  -0.296  -0.150   0.031   0.241   0.479   0.733   0.994   1.251   1.490   1.710   1.899   2.065   2.209   2.342   2.472   2.606   2.754   2.915   3.091   3.278   3.471   3.664   3.848   4.024
   4.750  -0.687  -0.686  -0.684  -0.682  -0.680  -0.677  -0.670  -0.659  -0.641  -0.613  -0.572  -0.512  -0.431  -0.325  -0.191  -0.025   0.172   0.400   0.651   0.919   1.194   1.462   1.716   1.943   2.145   2.319   2.475   2.617   2.754   2.896   3.045   3.208   3.380   3.562   3.746   3.927   4.105
   4.775  -0.687  -0.685  -0.683  -0.681  -0.678  -0.675  -0.668  -0.658  -0.642  -0.616  -0.578  -0.523  -0.448  -0.349  -0.223  -0.068   0.116   0.331   0.572   0.836   1.113   1.395   1.672   1.931   2.169   2.378   2.565   2.729   2.880   3.027   3.173   3.328   3.490   3.660   3.835   4.010   4.187
   4.800  -0.687  -0.685  -0.682  -0.679  -0.676  -0.672  -0.666  -0.657  -0.641  -0.618  -0.582  -0.531  -0.461  -0.368  -0.250  -0.104   0.069   0.271   0.499   0.753   1.025   1.312   1.602   1.885   2.154   2.397   2.617   2.809   2.981   3.140   3.291   3.444   3.599   3.760   3.926   4.096   4.270
   4.825  -0.688  -0.685  -0.682  -0.678  -0.674  -0.670  -0.663  -0.654  -0.640  -0.618  -0.585  -0.537  -0.472  -0.384  -0.272  -0.133   0.032   0.226   0.445   0.689   0.953   1.236   1.528   1.822   2.109   2.378   2.627   2.848   3.046   3.224   3.388   3.547   3.703   3.860   4.019   4.182   4.350
   4.850  -0.689  -0.685  -0.682  -0.678  -0.673  -0.667  -0.660  -0.651  -0.637  -0.616  -0.585  -0.541  -0.480  -0.397  -0.290  -0.156   0.004   0.192   0.404   0.639   0.894   1.168   1.456   1.753   2.050   2.338   2.611   2.858   3.083   3.283   3.466   3.636   3.797   3.954   4.110   4.269   4.430
   4.875  -0.689  -0.686  -0.682  -0.677  -0.671  -0.665  -0.656  -0.646  -0.632  -0.612  -0.583  -0.542  -0.484  -0.405  -0.303  -0.173  -0.017   0.167   0.375   0.604   0.854   1.121   1.403   1.697   1.995   2.291   2.578   2.844   3.092   3.315   3.518   3.703   3.875   4.037   4.194   4.349   4.504
   4.900  -0.689  -0.687  -0.683  -0.677  -0.671  -0.663  -0.653  -0.642  -0.627  -0.607  -0.579  -0.539  -0.484  -0.409  -0.311  -0.185  -0.032   0.150   0.355   0.582   0.827   1.089   1.364   1.652   1.947   2.245   2.538   2.819   3.084   3.328   3.551   3.753   3.938   4.108   4.269   4.425   4.575
   4.925  -0.689  -0.687  -0.684  -0.678  -0.671  -0.662  -0.651  -0.638  -0.622  -0.601  -0.573  -0.534  -0.481  -0.409  -0.314  -0.191  -0.040   0.139   0.343   0.568   0.812   1.070   1.341   1.624   1.915   2.211   2.506   2.794   3.071   3.329   3.569   3.786   3.984   4.164   4.331   4.488   4.634
   4.950  -0.688  -0.687  -0.684  -0.679  -0.671  -0.661  -0.649  -0.635  -0.616  -0.595  -0.566  -0.527  -0.475  -0.405  -0.313  -0.191  -0.043   0.135   0.338   0.563   0.806   1.062   1.331   1.609   1.896   2.188   2.482   2.773   3.056   3.325   3.578   3.808   4.018   4.209   4.382   4.541   4.685
   4.975  -0.687  -0.686  -0.683  -0.678  -0.671  -0.661  -0.648  -0.632  -0.612  -0.588  -0.557  -0.519  -0.466  -0.397  -0.307  -0.187  -0.040   0.137   0.339   0.563   0.806   1.062   1.329   1.606   1.889   2.179   2.471   2.763   3.049   3.324   3.585   3.825   4.045   4.244   4.423   4.584   4.724
   5.000  -0.686  -0.684  -0.682  -0.678  -0.671  -0.661  -0.648  -0.630  -0.608  -0.582  -0.549  -0.509  -0.456  -0.387  -0.296  -0.177  -0.031   0.145   0.346   0.570   0.813   1.069   1.336   1.612   1.894   2.182   2.472   2.762   3.048   3.327   3.592   3.838   4.065   4.271   4.454   4.615   4.753
   5.025  -0.683  -0.682  -0.680  -0.677  -0.671  -0.661  -0.648  -0.629  -0.606  -0.577  -0.542  -0.499  -0.444  -0.374  -0.283  -0.164  -0.018   0.158   0.359   0.584   0.828   1.084   1.351   1.626   1.908   2.194   2.483   2.772   3.058   3.337   3.604   3.853   4.084   4.292   4.477   4.636   4.770
   5.050  -0.681  -0.680  -0.678  -0.675  -0.670  -0.661  -0.648  -0.629  -0.604  -0.573  -0.535  -0.490  -0.432  -0.360  -0.267  -0.147  -0.001   0.176   0.378   0.604   0.848   1.105   1.372   1.647   1.928   2.214   2.501   2.790   3.075   3.352   3.619   3.868   4.099   4.307   4.491   4.647   4.776
   5.075  -0.678  -0.677  -0.675  -0.673  -0.668  -0.660  -0.647  -0.629  -0.604  -0.571  -0.530  -0.482  -0.420  -0.345  -0.249  -0.128   0.021   0.198   0.402   0.629   0.874   1.131   1.399   1.673   1.954   2.239   2.526   2.813   3.097   3.372   3.636   3.883   4.111   4.317   4.497   4.648   4.771
   5.100  -0.675  -0.674  -0.672  -0.670  -0.666  -0.659  -0.647  -0.629  -0.603  -0.570  -0.527  -0.475  -0.410  -0.330  -0.231  -0.107   0.044   0.224   0.429   0.658   0.904   1.161   1.428   1.703   1.983   2.267   2.552   2.838   3.119   3.392   3.652   3.895   4.118   4.319   4.493   4.638   4.755
   5.125  -0.673  -0.671  -0.669  -0.667  -0.663  -0.657  -0.646  -0.628  -0.603  -0.569  -0.525  -0.470  -0.401  -0.317  -0.214  -0.085   0.069   0.252   0.460   0.690   0.937   1.194   1.460   1.734   2.012   2.294   2.578   2.861   3.139   3.408   3.663   3.900   4.117   4.310   4.478   4.616   4.727
   5.150  -0.671  -0.670  -0.667  -0.665  -0.661  -0.655  -0.645  -0.628  -0.604  -0.570  -0.524  -0.467  -0.395  -0.307  -0.199  -0.066   0.093   0.279   0.490   0.721   0.969   1.225   1.491   1.762   2.038   2.318   2.599   2.879   3.153   3.416   3.665   3.895   4.105   4.291   4.451   4.583   4.687
   5.175  -0.671  -0.669  -0.667  -0.665  -0.661  -0.655  -0.645  -0.630  -0.606  -0.572  -0.527  -0.468  -0.393  -0.301  -0.188  -0.050   0.113   0.303   0.515   0.748   0.995   1.252   1.515   1.785   2.058   2.334   2.611   2.886   3.154   3.411   3.654   3.877   4.078   4.257   4.410   4.537   4.638
   5.200  -0.672  -0.670  -0.667  -0.665  -0.661  -0.656  -0.646  -0.632  -0.609  -0.577  -0.531  -0.472  -0.395  -0.299  -0.182  -0.039   0.127   0.320   0.534   0.767   1.014   1.269   1.531   1.798   2.068   2.340   2.611   2.880   3.142   3.392   3.628   3.844   4.038   4.210   4.357   4.480   4.578
   5.225  -0.674  -0.672  -0.669  -0.666  -0.663  -0.657  -0.648  -0.634  -0.613  -0.581  -0.537  -0.477  -0.400  -0.302  -0.181  -0.036   0.134   0.329   0.544   0.777   1.022   1.275   1.534   1.797   2.062   2.329   2.594   2.857   3.111   3.356   3.585   3.794   3.983   4.149   4.293   4.415   4.513
   5.250  -0.677  -0.674  -0.672  -0.669  -0.665  -0.659  -0.650  -0.637  -0.617  -0.587  -0.545  -0.486  -0.408  -0.309  -0.187  -0.039   0.132   0.328   0.543   0.775   1.018   1.268   1.524   1.782   2.042   2.303   2.562   2.818   3.066   3.304   3.528   3.732   3.916   4.078   4.220   4.341   4.441
   5.275  -0.681  -0.678  -0.675  -0.672  -0.668  -0.663  -0.654  -0.642  -0.623  -0.595  -0.554  -0.497  -0.420  -0.321  -0.199  -0.051   0.121   0.316   0.529   0.758   0.998   1.244   1.496   1.749   2.004   2.259   2.512   2.762   3.004   3.238   3.457   3.657   3.838   3.999   4.140   4.263   4.366
   5.300  -0.685  -0.682  -0.679  -0.676  -0.672  -0.667  -0.659  -0.647  -0.630  -0.603  -0.564  -0.509  -0.435  -0.337  -0.216  -0.069   0.101   0.294   0.505   0.730   0.966   1.208   1.454   1.702   1.951   2.201   2.449   2.694   2.931   3.160   3.376   3.574   3.754   3.914   4.056   4.181   4.287
   5.325  -0.688  -0.685  -0.683  -0.680  -0.676  -0.671  -0.663  -0.652  -0.636  -0.611  -0.574  -0.521  -0.450  -0.355  -0.237  -0.094   0.073   0.262   0.469   0.690   0.921   1.158   1.399   1.642   1.887   2.132   2.375   2.616   2.850   3.076   3.290   3.487   3.666   3.827   3.971   4.098   4.208
   5.350  -0.691  -0.688  -0.686  -0.683  -0.680  -0.675  -0.668  -0.658  -0.642  -0.619  -0.584  -0.535  -0.466  -0.375  -0.261  -0.122   0.040   0.225   0.426   0.641   0.867   1.098   1.334   1.573   1.813   2.054   2.294   2.531   2.763   2.987   3.200   3.396   3.576   3.739   3.884   4.014   4.129
   5.375  -0.693  -0.691  -0.689  -0.687  -0.684  -0.680  -0.673  -0.664  -0.650  -0.628  -0.596  -0.548  -0.484  -0.397  -0.287  -0.153   0.004   0.182   0.377   0.586   0.806   1.032   1.264   1.498   1.735   1.973   2.210   2.445   2.675   2.897   3.109   3.306   3.487   3.651   3.799   3.932   4.050
   5.400  -0.695  -0.693  -0.692  -0.690  -0.688  -0.684  -0.679  -0.671  -0.657  -0.637  -0.607  -0.562  -0.501  -0.418  -0.314  -0.185  -0.035   0.136   0.325   0.528   0.741   0.962   1.189   1.420   1.654   1.888   2.123   2.356   2.585   2.807   3.018   3.216   3.398   3.564   3.715   3.851   3.971
   5.425  -0.696  -0.695  -0.693  -0.692  -0.690  -0.687  -0.683  -0.675  -0.663  -0.645  -0.617  -0.575  -0.518  -0.440  -0.341  -0.218  -0.075   0.089   0.271   0.467   0.675   0.891   1.114   1.342   1.572   1.804   2.037   2.269   2.497   2.718   2.929   3.127   3.312   3.480   3.633   3.771   3.894
   5.450  -0.696  -0.695  -0.694  -0.693  -0.692  -0.690  -0.686  -0.679  -0.668  -0.652  -0.626  -0.588  -0.534  -0.461  -0.367  -0.251  -0.115   0.042   0.217   0.407   0.609   0.820   1.039   1.263   1.491   1.721   1.953   2.184   2.411   2.631   2.842   3.041   3.227   3.398   3.553   3.693   3.818
   5.475  -0.697  -0.696  -0.695  -0.695  -0.693  -0.691  -0.688  -0.683  -0.673  -0.658  -0.635  -0.599  -0.550  -0.481  -0.394  -0.284  -0.154  -0.004   0.164   0.348   0.544   0.751   0.966   1.186   1.412   1.640   1.870   2.100   2.327   2.546   2.758   2.958   3.145   3.318   3.476   3.618   3.744
   5.500  -0.697  -0.697  -0.696  -0.696  -0.695  -0.693  -0.690  -0.685  -0.677  -0.664  -0.643  -0.611  -0.565  -0.501  -0.419  -0.316  -0.193  -0.049   0.112   0.290   0.481   0.683   0.894   1.112   1.335   1.561   1.790   2.019   2.245   2.464   2.675   2.876   3.066   3.241   3.401   3.544   3.672
   5.525  -0.698  -0.697  -0.697  -0.696  -0.695  -0.694  -0.691  -0.687  -0.680  -0.669  -0.650  -0.621  -0.579  -0.520  -0.444  -0.347  -0.230  -0.093   0.063   0.235   0.421   0.618   0.826   1.040   1.261   1.485   1.712   1.940   2.166   2.385   2.596   2.798   2.989   3.166   3.328   3.473   3.601
   5.550  -0.698  -0.697  -0.697  -0.697  -0.696  -0.695  -0.693  -0.689  -0.683  -0.673  -0.656  -0.630  -0.592  -0.538  -0.467  -0.376  -0.266  -0.135   0.015   0.182   0.363   0.556   0.760   0.971   1.189   1.412   1.638   1.865   2.089   2.308   2.519   2.722   2.914   3.094   3.258   3.404   3.532
   5.575  -0.698  -0.698  -0.697  -0.697  -0.697  -0.696  -0.694  -0.691  -0.685  -0.676  -0.661  -0.638  -0.603  -0.554  -0.489  -0.404  -0.300  -0.175  -0.031   0.131   0.307   0.497   0.697   0.905   1.121   1.342   1.566   1.791   2.015   2.233   2.445   2.649   2.843   3.023   3.189   3.336   3.465
   5.600  -0.698  -0.698  -0.698  -0.697  -0.697  -0.696  -0.694  -0.692  -0.687  -0.679  -0.665  -0.644  -0.613  -0.569  -0.509  -0.430  -0.332  -0.213  -0.074   0.082   0.254   0.440   0.637   0.842   1.055   1.274   1.496   1.721   1.944   2.162   2.374   2.578   2.773   2.955   3.122   3.270   3.399
   5.625  -0.698  -0.698  -0.698  -0.698  -0.697  -0.697  -0.695  -0.693  -0.688  -0.681  -0.669  -0.650  -0.622  -0.581  -0.526  -0.453  -0.361  -0.248  -0.116   0.036   0.203   0.385   0.579   0.781   0.992   1.209   1.430   1.653   1.875   2.092   2.305   2.510   2.706   2.890   3.058   3.206   3.335
   5.650  -0.698  -0.698  -0.698  -0.698  -0.697  -0.697  -0.695  -0.693  -0.689  -0.683  -0.672  -0.655  -0.629  -0.593  -0.542  -0.475  -0.389  -0.282  -0.155  -0.009   0.155   0.333   0.523   0.723   0.931   1.146   1.365   1.587   1.808   2.026   2.239   2.445   2.641   2.826   2.995   3.143   3.272
   5.675  -0.699  -0.698  -0.698  -0.698  -0.698  -0.697  -0.696  -0.694  -0.690  -0.684  -0.674  -0.659  -0.636  -0.602  -0.556  -0.494  -0.414  -0.313  -0.192  -0.051   0.108   0.282   0.469   0.667   0.872   1.086   1.303   1.524   1.744   1.961   2.174   2.381   2.578   2.764   2.934   3.082   3.210
   5.700  -0.699  -0.698  -0.698  -0.698  -0.698  -0.697  -0.696  -0.694  -0.691  -0.686  -0.676  -0.662  -0.641  -0.611  -0.569  -0.511  -0.436  -0.341  -0.226  -0.090   0.064   0.234   0.418   0.613   0.816   1.028   1.244   1.463   1.682   1.899   2.113   2.320   2.517   2.704   2.874   3.023   3.150
   5.725  -0.699  -0.699  -0.698  -0.698  -0.698  -0.697  -0.696  -0.695  -0.692  -0.687  -0.678  -0.666  -0.646  -0.618  -0.579  -0.526  -0.457  -0.367  -0.257  -0.127   0.023   0.189   0.370   0.561   0.762   0.972   1.187   1.404   1.623   1.840   2.053   2.260   2.459   2.646   2.816   2.964   3.091
   5.750  -0.699  -0.699  -0.699  -0.699  -0.698  -0.698  -0.697  -0.695  -0.692  -0.688  -0.680  -0.669  -0.651  -0.625  -0.589  -0.540  -0.475  -0.390  -0.286  -0.160  -0.016   0.147   0.324   0.512   0.711   0.919   1.132   1.348   1.566   1.782   1.996   2.203   2.402   2.589   2.760   2.906   3.031
   5.775  -0.699  -0.699  -0.699  -0.699  -0.698  -0.698  -0.697  -0.695  -0.693  -0.689  -0.682  -0.671  -0.655  -0.631  -0.598  -0.552  -0.491  -0.411  -0.312  -0.192  -0.052   0.107   0.280   0.466   0.663   0.869   1.080   1.295   1.511   1.727   1.940   2.148   2.347   2.534   2.704   2.850   2.973
   5.800  -0.699  -0.699  -0.699  -0.699  -0.698  -0.698  -0.697  -0.696  -0.693  -0.690  -0.683  -0.673  -0.658  -0.637  -0.606  -0.563  -0.506  -0.431  -0.336  -0.221  -0.085   0.069   0.239   0.423   0.617   0.821   1.030   1.243   1.458   1.674   1.887   2.095   2.294   2.481   2.650   2.794   2.915
   5.825  -0.699  -0.699  -0.699  -0.699  -0.698  -0.698  -0.697  -0.696  -0.694  -0.690  -0.685  -0.676  -0.662  -0.642  -0.613  -0.573  -0.519  -0.448  -0.358  -0.247  -0.116   0.034   0.201   0.382   0.574   0.775   0.983   1.195   1.408   1.623   1.835   2.043   2.242   2.429   2.597   2.739   2.857
   5.850  -0.699  -0.699  -0.699  -0.699  -0.698  -0.698  -0.697  -0.696  -0.694  -0.691  -0.686  -0.678  -0.665  -0.646  -0.619  -0.582  -0.532  -0.464  -0.379  -0.272  -0.145   0.002   0.165   0.343   0.534   0.733   0.939   1.148   1.361   1.574   1.786   1.993   2.192   2.377   2.545   2.685   2.801
   5.875  -0.699  -0.699  -0.699  -0.699  -0.698  -0.698  -0.697  -0.696  -0.695  -0.692  -0.687  -0.679  -0.667  -0.650  -0.625  -0.591  -0.543  -0.479  -0.397  -0.294  -0.172  -0.028   0.132   0.308   0.496   0.693   0.897   1.104   1.315   1.527   1.737   1.944   2.142   2.327   2.493   2.632   2.746
   5.900  -0.699  -0.699  -0.699  -0.698  -0.698  -0.698  -0.697  -0.696  -0.695  -0.692  -0.688  -0.681  -0.670  -0.654  -0.631  -0.598  -0.553  -0.493  -0.414  -0.315  -0.196  -0.056   0.102   0.275   0.461   0.656   0.857   1.062   1.270   1.481   1.691   1.897   2.094   2.277   2.442   2.580   2.694
   5.925  -0.699  -0.699  -0.698  -0.698  -0.698  -0.698  -0.697  -0.697  -0.695  -0.693  -0.689  -0.682  -0.672  -0.657  -0.636  -0.605  -0.563  -0.505  -0.430  -0.334  -0.219  -0.082   0.074   0.245   0.429   0.620   0.819   1.021   1.227   1.437   1.645   1.850   2.046   2.228   2.391   2.530   2.645
   5.950  -0.699  -0.699  -0.698  -0.698  -0.698  -0.698  -0.697  -0.697  -0.695  -0.693  -0.689  -0.683  -0.674  -0.660  -0.640  -0.611  -0.571  -0.516  -0.444  -0.352  -0.240  -0.105   0.047   0.216   0.397   0.586   0.782   0.982   1.185   1.394   1.601   1.804   1.998   2.179   2.341   2.481   2.599
   5.975  -0.699  -0.698  -0.698  -0.698  -0.698  -0.698  -0.697  -0.696  -0.695  -0.693  -0.689  -0.684  -0.675  -0.662  -0.643  -0.616  -0.578  -0.526  -0.458  -0.369  -0.260  -0.128   0.022   0.188   0.367   0.553   0.745   0.943   1.144   1.351   1.558   1.759   1.951   2.129   2.291   2.434   2.556
   6.000  -0.699  -0.698  -0.698  -0.698  -0.698  -0.698  -0.697  -0.696  -0.695  -0.693  -0.690  -0.684  -0.676  -0.664  -0.647  -0.621  -0.585  -0.536  -0.470  -0.384  -0.278  -0.150  -0.002   0.161   0.337   0.520   0.710   0.904   1.104   1.310   1.516   1.715   1.904   2.081   2.242   2.388   2.518
   6.050  -0.699  -0.699  -0.698  -0.698  -0.698  -0.698  -0.697  -0.696  -0.694  -0.693  -0.689  -0.685  -0.678  -0.667  -0.652  -0.629  -0.597  -0.553  -0.493  -0.413  -0.314  -0.191  -0.050   0.107   0.276   0.454   0.638   0.829   1.026   1.230   1.433   1.627   1.812   1.984   2.147   2.303   2.451
   6.100  -0.699  -0.699  -0.699  -0.699  -0.698  -0.698  -0.697  -0.696  -0.694  -0.693  -0.690  -0.685  -0.679  -0.670  -0.656  -0.636  -0.607  -0.567  -0.512  -0.438  -0.345  -0.230  -0.096   0.054   0.217   0.388   0.568   0.756   0.950   1.152   1.353   1.542   1.723   1.892   2.057   2.226   2.397
   6.150  -0.700  -0.700  -0.699  -0.699  -0.699  -0.699  -0.698  -0.697  -0.695  -0.694  -0.691  -0.687  -0.681  -0.672  -0.659  -0.640  -0.613  -0.576  -0.525  -0.457  -0.371  -0.263  -0.138   0.003   0.158   0.323   0.498   0.683   0.875   1.075   1.273   1.459   1.638   1.807   1.976   2.156   2.344
   6.200  -0.700  -0.700  -0.700  -0.700  -0.700  -0.700  -0.699  -0.698  -0.697  -0.695  -0.693  -0.689  -0.683  -0.674  -0.662  -0.644  -0.619  -0.584  -0.537  -0.474  -0.394  -0.295  -0.178  -0.045   0.102   0.260   0.430   0.613   0.803   1.000   1.194   1.379   1.558   1.729   1.904   2.094   2.295
   6.250  -0.700  -0.700  -0.700  -0.700  -0.700  -0.700  -0.700  -0.699  -0.698  -0.697  -0.694  -0.691  -0.686  -0.678  -0.666  -0.650  -0.627  -0.594  -0.550  -0.491  -0.417  -0.325  -0.216  -0.091   0.048   0.200   0.365   0.545   0.734   0.926   1.117   1.302   1.484   1.661   1.842   2.037   2.244
   6.300  -0.700  -0.700  -0.700  -0.700  -0.700  -0.700  -0.700  -0.700  -0.699  -0.698  -0.696  -0.693  -0.689  -0.682  -0.671  -0.656  -0.635  -0.604  -0.563  -0.508  -0.439  -0.354  -0.253  -0.136  -0.004   0.143   0.304   0.481   0.668   0.855   1.042   1.229   1.415   1.599   1.786   1.985   2.193
   6.350  -0.700  -0.700  -0.700  -0.700  -0.701  -0.701  -0.700  -0.700  -0.700  -0.699  -0.697  -0.695  -0.691  -0.686  -0.676  -0.663  -0.644  -0.616  -0.577  -0.527  -0.463  -0.384  -0.289  -0.179  -0.053   0.090   0.248   0.423   0.606   0.788   0.974   1.161   1.351   1.542   1.736   1.936   2.143
   6.400  -0.701  -0.701  -0.701  -0.701  -0.701  -0.701  -0.701  -0.701  -0.700  -0.699  -0.698  -0.696  -0.693  -0.689  -0.681  -0.670  -0.652  -0.626  -0.591  -0.545  -0.486  -0.412  -0.323  -0.219  -0.098   0.042   0.197   0.367   0.546   0.725   0.909   1.098   1.292   1.490   1.690   1.891   2.093
   6.450  -0.702  -0.702  -0.702  -0.702  -0.701  -0.701  -0.701  -0.701  -0.700  -0.700  -0.699  -0.697  -0.695  -0.691  -0.684  -0.674  -0.658  -0.635  -0.603  -0.561  -0.506  -0.437  -0.354  -0.254  -0.138  -0.002   0.149   0.313   0.486   0.664   0.848   1.040   1.238   1.443   1.648   1.845   2.039
   6.500  -0.702  -0.702  -0.702  -0.702  -0.702  -0.702  -0.701  -0.701  -0.701  -0.700  -0.700  -0.698  -0.696  -0.693  -0.687  -0.677  -0.663  -0.643  -0.614  -0.575  -0.525  -0.460  -0.381  -0.286  -0.174  -0.043   0.103   0.261   0.429   0.605   0.790   0.986   1.189   1.398   1.605   1.799   1.983
   6.550  -0.702  -0.702  -0.702  -0.702  -0.702  -0.702  -0.702  -0.702  -0.701  -0.701  -0.700  -0.699  -0.697  -0.694  -0.689  -0.680  -0.668  -0.649  -0.623  -0.587  -0.541  -0.480  -0.406  -0.313  -0.205  -0.080   0.058   0.209   0.371   0.546   0.734   0.934   1.142   1.354   1.561   1.750   1.925
   6.600  -0.702  -0.702  -0.702  -0.702  -0.702  -0.702  -0.702  -0.702  -0.702  -0.702  -0.701  -0.700  -0.698  -0.695  -0.690  -0.683  -0.671  -0.655  -0.631  -0.598  -0.554  -0.498  -0.427  -0.338  -0.234  -0.116   0.016   0.160   0.319   0.493   0.682   0.886   1.098   1.310   1.515   1.699   1.867
   6.650  -0.702  -0.702  -0.702  -0.702  -0.702  -0.702  -0.703  -0.703  -0.702  -0.702  -0.702  -0.701  -0.699  -0.697  -0.692  -0.685  -0.675  -0.660  -0.638  -0.607  -0.567  -0.514  -0.447  -0.363  -0.263  -0.149  -0.021   0.120   0.277   0.452   0.641   0.845   1.055   1.265   1.466   1.646   1.808
   6.700  -0.703  -0.703  -0.703  -0.703  -0.703  -0.703  -0.703  -0.703  -0.703  -0.703  -0.702  -0.702  -0.700  -0.698  -0.694  -0.688  -0.678  -0.664  -0.644  -0.616  -0.578  -0.528  -0.465  -0.385  -0.290  -0.181  -0.056   0.084   0.240   0.415   0.604   0.807   1.014   1.220   1.416   1.591   1.750
   6.750  -0.704  -0.704  -0.704  -0.704  -0.704  -0.704  -0.704  -0.704  -0.704  -0.703  -0.703  -0.702  -0.701  -0.699  -0.695  -0.690  -0.681  -0.668  -0.649  -0.623  -0.588  -0.541  -0.481  -0.405  -0.315  -0.210  -0.090   0.048   0.203   0.377   0.566   0.768   0.973   1.174   1.365   1.536   1.690
   6.800  -0.705  -0.705  -0.705  -0.705  -0.705  -0.705  -0.705  -0.705  -0.704  -0.704  -0.704  -0.703  -0.702  -0.700  -0.697  -0.691  -0.683  -0.672  -0.654  -0.630  -0.597  -0.552  -0.496  -0.424  -0.338  -0.239  -0.123   0.013   0.167   0.341   0.530   0.729   0.931   1.128   1.313   1.480   1.630
   6.850  -0.705  -0.705  -0.705  -0.706  -0.706  -0.705  -0.705  -0.705  -0.705  -0.705  -0.705  -0.704  -0.703  -0.701  -0.698  -0.693  -0.686  -0.675  -0.659  -0.636  -0.605  -0.563  -0.509  -0.442  -0.360  -0.264  -0.151  -0.018   0.134   0.307   0.494   0.691   0.889   1.080   1.261   1.421   1.565
   6.900  -0.706  -0.706  -0.706  -0.706  -0.706  -0.706  -0.706  -0.706  -0.706  -0.706  -0.706  -0.705  -0.704  -0.702  -0.699  -0.695  -0.688  -0.678  -0.663  -0.642  -0.613  -0.573  -0.521  -0.458  -0.381  -0.289  -0.179  -0.047   0.103   0.275   0.459   0.652   0.846   1.033   1.208   1.362   1.497
   6.950  -0.707  -0.707  -0.707  -0.707  -0.707  -0.707  -0.707  -0.707  -0.707  -0.707  -0.707  -0.706  -0.705  -0.703  -0.701  -0.697  -0.691  -0.681  -0.667  -0.647  -0.620  -0.582  -0.533  -0.473  -0.400  -0.312  -0.206  -0.076   0.074   0.243   0.424   0.613   0.803   0.985   1.154   1.302   1.432
   7.000  -0.708  -0.708  -0.708  -0.708  -0.708  -0.708  -0.708  -0.708  -0.708  -0.708  -0.708  -0.707  -0.706  -0.704  -0.702  -0.699  -0.693  -0.684  -0.670  -0.652  -0.626  -0.590  -0.544  -0.487  -0.417  -0.334  -0.232  -0.103   0.046   0.212   0.389   0.574   0.759   0.936   1.100   1.243   1.368
   7.050  -0.709  -0.709  -0.709  -0.709  -0.709  -0.709  -0.709  -0.709  -0.709  -0.710  -0.709  -0.709  -0.707  -0.706  -0.704  -0.701  -0.695  -0.687  -0.674  -0.657  -0.632  -0.598  -0.555  -0.501  -0.435  -0.353  -0.253  -0.127   0.019   0.180   0.353   0.534   0.715   0.888   1.047   1.181   1.296
   7.100  -0.711  -0.711  -0.711  -0.711  -0.711  -0.711  -0.711  -0.711  -0.711  -0.711  -0.711  -0.710  -0.709  -0.708  -0.706  -0.703  -0.697  -0.689  -0.678  -0.661  -0.638  -0.606  -0.565  -0.515  -0.452  -0.371  -0.272  -0.149  -0.008   0.149   0.317   0.494   0.670   0.839   0.992   1.117   1.219
   7.150  -0.712  -0.712  -0.712  -0.712  -0.712  -0.712  -0.712  -0.712  -0.712  -0.713  -0.712  -0.712  -0.711  -0.710  -0.708  -0.705  -0.699  -0.692  -0.681  -0.666  -0.644  -0.614  -0.575  -0.529  -0.469  -0.388  -0.289  -0.171  -0.035   0.118   0.281   0.453   0.625   0.790   0.936   1.040   1.121
   7.200  -0.714  -0.714  -0.714  -0.714  -0.714  -0.714  -0.714  -0.714  -0.714  -0.714  -0.714  -0.714  -0.713  -0.712  -0.710  -0.707  -0.702  -0.695  -0.685  -0.670  -0.649  -0.621  -0.585  -0.542  -0.484  -0.404  -0.306  -0.192  -0.062   0.086   0.245   0.413   0.578   0.733   0.864   0.953   1.007
   7.250  -0.716  -0.716  -0.716  -0.716  -0.716  -0.716  -0.716  -0.716  -0.716  -0.716  -0.716  -0.716  -0.715  -0.714  -0.712  -0.709  -0.705  -0.699  -0.689  -0.674  -0.654  -0.629  -0.596  -0.553  -0.497  -0.419  -0.324  -0.215  -0.089   0.054   0.208   0.373   0.527   0.650   0.745   0.829   0.867
   7.300  -0.718  -0.718  -0.718  -0.718  -0.718  -0.718  -0.718  -0.718  -0.718  -0.718  -0.718  -0.718  -0.717  -0.716  -0.715  -0.712  -0.708  -0.702  -0.693  -0.679  -0.660  -0.637  -0.606  -0.564  -0.508  -0.433  -0.343  -0.238  -0.117   0.022   0.171   0.332   0.476   0.567   0.628   0.676   0.705
   7.350  -0.720  -0.720  -0.720  -0.720  -0.720  -0.720  -0.720  -0.720  -0.720  -0.720  -0.720  -0.720  -0.719  -0.719  -0.717  -0.715  -0.711  -0.706  -0.697  -0.684  -0.667  -0.646  -0.616  -0.574  -0.519  -0.448  -0.362  -0.261  -0.145  -0.011   0.134   0.294   0.436   0.523   0.580   0.600   0.624
   7.400  -0.723  -0.723  -0.723  -0.723  -0.723  -0.723  -0.723  -0.723  -0.723  -0.723  -0.723  -0.723  -0.722  -0.721  -0.720  -0.718  -0.715  -0.709  -0.701  -0.690  -0.674  -0.654  -0.626  -0.584  -0.530  -0.463  -0.382  -0.285  -0.173  -0.043   0.096   0.245   0.379   0.463   0.520   0.565   0.591
   7.450  -0.726  -0.726  -0.726  -0.726  -0.726  -0.726  -0.726  -0.726  -0.726  -0.726  -0.726  -0.725  -0.725  -0.724  -0.723  -0.722  -0.718  -0.713  -0.705  -0.695  -0.681  -0.662  -0.635  -0.594  -0.542  -0.478  -0.401  -0.309  -0.202  -0.074   0.055   0.165   0.257   0.317   0.358   0.420   0.440
   7.500  -0.729  -0.729  -0.729  -0.729  -0.729  -0.729  -0.729  -0.729  -0.729  -0.729  -0.729  -0.729  -0.728  -0.728  -0.727  -0.725  -0.722  -0.717  -0.709  -0.701  -0.688  -0.670  -0.643  -0.604  -0.554  -0.494  -0.421  -0.333  -0.231  -0.105   0.013   0.085   0.135   0.171   0.196   0.215   0.226
   7.550  -0.732  -0.732  -0.732  -0.732  -0.732  -0.733  -0.733  -0.733  -0.733  -0.733  -0.733  -0.732  -0.732  -0.732  -0.731  -0.729  -0.726  -0.721  -0.714  -0.707  -0.695  -0.677  -0.650  -0.614  -0.567  -0.511  -0.442  -0.358  -0.261  -0.139  -0.027   0.038   0.080   0.112   0.134   0.134   0.144
   7.600  -0.736  -0.736  -0.736  -0.736  -0.736  -0.737  -0.737  -0.737  -0.737  -0.737  -0.737  -0.737  -0.736  -0.736  -0.735  -0.733  -0.730  -0.726  -0.720  -0.714  -0.703  -0.684  -0.658  -0.624  -0.581  -0.528  -0.463  -0.384  -0.291  -0.176  -0.068  -0.002   0.043   0.077   0.099   0.117   0.127
   7.650  -0.741  -0.741  -0.741  -0.741  -0.741  -0.741  -0.741  -0.741  -0.741  -0.741  -0.741  -0.741  -0.741  -0.741  -0.740  -0.738  -0.735  -0.731  -0.726  -0.720  -0.711  -0.692  -0.666  -0.635  -0.595  -0.546  -0.485  -0.410  -0.322  -0.212  -0.110  -0.047  -0.003   0.028   0.050   0.066   0.076
   7.700  -0.746  -0.746  -0.746  -0.746  -0.746  -0.746  -0.746  -0.746  -0.746  -0.746  -0.746  -0.746  -0.746  -0.746  -0.745  -0.743  -0.740  -0.737  -0.732  -0.727  -0.718  -0.700  -0.675  -0.646  -0.610  -0.565  -0.508  -0.437  -0.354  -0.250  -0.153  -0.093  -0.053  -0.023  -0.002   0.013   0.023
   7.750  -0.751  -0.751  -0.751  -0.751  -0.751  -0.751  -0.751  -0.751  -0.751  -0.751  -0.752  -0.752  -0.752  -0.752  -0.751  -0.749  -0.746  -0.744  -0.740  -0.735  -0.725  -0.708  -0.686  -0.659  -0.626  -0.584  -0.532  -0.465  -0.386  -0.287  -0.194  -0.137  -0.098  -0.069  -0.050  -0.044  -0.035
   7.800  -0.757  -0.757  -0.757  -0.757  -0.757  -0.757  -0.757  -0.757  -0.757  -0.757  -0.758  -0.758  -0.758  -0.758  -0.757  -0.755  -0.753  -0.752  -0.749  -0.743  -0.733  -0.717  -0.697  -0.673  -0.642  -0.604  -0.556  -0.493  -0.420  -0.331  -0.248  -0.197  -0.162  -0.136  -0.119  -0.106  -0.097
   7.850  -0.764  -0.764  -0.764  -0.764  -0.764  -0.764  -0.764  -0.764  -0.764  -0.765  -0.765  -0.765  -0.765  -0.765  -0.764  -0.762  -0.761  -0.760  -0.758  -0.751  -0.741  -0.727  -0.709  -0.687  -0.660  -0.625  -0.582  -0.521  -0.456  -0.395  -0.343  -0.309  -0.286  -0.269  -0.257  -0.226  -0.220
   7.900  -0.772  -0.772  -0.772  -0.772  -0.772  -0.772  -0.772  -0.772  -0.772  -0.773  -0.773  -0.773  -0.773  -0.772  -0.771  -0.770  -0.769  -0.769  -0.767  -0.760  -0.749  -0.737  -0.722  -0.703  -0.678  -0.647  -0.608  -0.550  -0.493  -0.459  -0.436  -0.418  -0.407  -0.398  -0.392  -0.388  -0.385
   7.950  -0.780  -0.780  -0.780  -0.780  -0.780  -0.780  -0.780  -0.780  -0.780  -0.780  -0.780  -0.780  -0.780  -0.780  -0.779  -0.778  -0.777  -0.777  -0.775  -0.768  -0.758  -0.748  -0.735  -0.718  -0.697  -0.670  -0.635  -0.581  -0.529  -0.501  -0.482  -0.469  -0.459  -0.452  -0.448  -0.457  -0.455
   8.000  -0.788  -0.788  -0.788  -0.788  -0.788  -0.788  -0.788  -0.788  -0.788  -0.788  -0.788  -0.788  -0.788  -0.788  -0.787  -0.787  -0.786  -0.786  -0.784  -0.778  -0.769  -0.760  -0.748  -0.734  -0.716  -0.693  -0.662  -0.614  -0.566  -0.537  -0.518  -0.504  -0.494  -0.487  -0.482  -0.478  -0.476
   8.100  -0.808  -0.808  -0.808  -0.808  -0.808  -0.808  -0.808  -0.808  -0.808  -0.808  -0.808  -0.808  -0.808  -0.807  -0.807  -0.808  -0.809  -0.807  -0.803  -0.798  -0.793  -0.787  -0.779  -0.771  -0.759  -0.743  -0.720  -0.684  -0.649  -0.628  -0.613  -0.603  -0.596  -0.590  -0.587  -0.584  -0.582
   8.200  -0.832  -0.832  -0.832  -0.832  -0.832  -0.832  -0.832  -0.832  -0.832  -0.833  -0.833  -0.833  -0.832  -0.832  -0.833  -0.834  -0.834  -0.831  -0.828  -0.825  -0.822  -0.819  -0.816  -0.813  -0.808  -0.799  -0.785  -0.757  -0.728  -0.711  -0.699  -0.690  -0.685  -0.680  -0.677  -0.699  -0.698
   8.300  -0.861  -0.861  -0.861  -0.861  -0.861  -0.861  -0.861  -0.861  -0.861  -0.862  -0.862  -0.861  -0.861  -0.862  -0.863  -0.863  -0.862  -0.860  -0.858  -0.857  -0.856  -0.856  -0.857  -0.860  -0.861  -0.858  -0.853  -0.845  -0.837  -0.832  -0.829  -0.827  -0.825  -0.824  -0.823  -0.822  -0.822
   8.400  -0.916  -0.906  -0.899  -0.896  -0.895  -0.895  -0.895  -0.894  -0.895  -0.895  -0.895  -0.895  -0.895  -0.895  -0.896  -0.895  -0.895  -0.894  -0.893  -0.893  -0.894  -0.898  -0.903  -0.911  -0.918  -0.911  -0.919  -0.982  -1.054  -1.094  -1.121  -1.141  -1.155  -1.165  -1.172  -1.096  -1.098
   8.500  -0.931  -0.931  -0.931  -0.932  -0.932  -0.932  -0.932  -0.932  -0.932  -0.932  -0.932  -0.933  -0.933  -0.933  -0.932  -0.932  -0.932  -0.932  -0.933  -0.934  -0.937  -0.944  -0.953  -0.967  -0.980  -0.971  -0.991  -1.110  -1.243  -1.318  -1.369  -1.406  -1.432  -1.451  -1.464  -1.473  -1.479
   8.600  -0.841  -0.899  -0.940  -0.963  -0.968  -0.973  -0.972  -0.973  -0.973  -0.973  -0.973  -0.973  -0.974  -0.974  -0.972  -0.973  -0.973  -0.974  -0.975  -0.979  -0.983  -0.993  -1.007  -1.024  -1.046  -1.064  -1.079  -1.159  -1.282  -1.345  -1.383  -1.415  -1.434  -1.450  -1.459  -1.467  -1.472
   8.700  -0.668  -0.823  -0.931  -0.991  -1.004  -1.018  -1.016  -1.018  -1.017  -1.017  -1.017  -1.017  -1.018  -1.018  -1.017  -1.017  -1.018  -1.019  -1.021  -1.026  -1.033  -1.046  -1.064  -1.088  -1.117  -1.147  -1.180  -1.200  -1.211  -1.221  -1.227  -1.232  -1.235  -1.238  -1.239  -1.240  -1.241

