fixed metal distribution -- based on Grevesse & Sauval (1998)
    form     version        X           Z          logRs    logR_min    logR_max       logTs    logT_min    logT_max
       1          38    0.350000    0.001000          37   -8.000000    1.000000         138    3.750000    8.700000

   logT                       logR = logRho - 3*logT + 18
          -8.000  -7.750  -7.500  -7.250  -7.000  -6.750  -6.500  -6.250  -6.000  -5.750  -5.500  -5.250  -5.000  -4.750  -4.500  -4.250  -4.000  -3.750  -3.500  -3.250  -3.000  -2.750  -2.500  -2.250  -2.000  -1.750  -1.500  -1.250  -1.000  -0.750  -0.500  -0.250   0.000   0.250   0.500   0.750   1.000

   3.750  -0.999  -1.061  -1.134  -1.217  -1.310  -1.407  -1.511  -1.616  -1.724  -1.832  -1.940  -2.046  -2.151  -2.251  -2.346  -2.429  -2.502  -2.553  -2.585  -2.589  -2.569  -2.526  -2.460  -2.383  -2.292  -2.196  -2.092  -1.987  -1.878  -1.765  -1.649  -1.530  -1.409  -1.285  -1.157  -1.025  -0.890
   3.775  -0.915  -0.945  -0.983  -1.031  -1.088  -1.155  -1.234  -1.319  -1.414  -1.509  -1.609  -1.708  -1.808  -1.901  -1.991  -2.068  -2.133  -2.180  -2.209  -2.212  -2.192  -2.151  -2.089  -2.017  -1.933  -1.839  -1.736  -1.635  -1.533  -1.425  -1.312  -1.198  -1.083  -0.964  -0.843  -0.718  -0.590
   3.800  -0.863  -0.870  -0.885  -0.907  -0.936  -0.978  -1.030  -1.092  -1.164  -1.240  -1.321  -1.404  -1.489  -1.569  -1.647  -1.712  -1.767  -1.806  -1.830  -1.830  -1.810  -1.771  -1.714  -1.648  -1.570  -1.482  -1.383  -1.288  -1.192  -1.089  -0.981  -0.873  -0.763  -0.650  -0.535  -0.416  -0.295
   3.825  -0.848  -0.848  -0.851  -0.857  -0.868  -0.885  -0.909  -0.939  -0.976  -1.020  -1.070  -1.126  -1.186  -1.247  -1.304  -1.355  -1.397  -1.428  -1.444  -1.441  -1.421  -1.385  -1.336  -1.275  -1.204  -1.123  -1.035  -0.947  -0.856  -0.759  -0.658  -0.555  -0.450  -0.343  -0.234  -0.121  -0.005
   3.850  -0.851  -0.850  -0.849  -0.848  -0.846  -0.845  -0.844  -0.844  -0.848  -0.858  -0.874  -0.898  -0.927  -0.958  -0.989  -1.018  -1.041  -1.057  -1.062  -1.053  -1.032  -0.999  -0.955  -0.899  -0.835  -0.764  -0.688  -0.607  -0.522  -0.433  -0.340  -0.243  -0.143  -0.042   0.061   0.169   0.281
   3.875  -0.854  -0.851  -0.847  -0.842  -0.835  -0.826  -0.815  -0.802  -0.788  -0.774  -0.761  -0.750  -0.741  -0.732  -0.724  -0.717  -0.709  -0.699  -0.685  -0.666  -0.640  -0.607  -0.567  -0.518  -0.462  -0.400  -0.333  -0.262  -0.186  -0.106  -0.022   0.067   0.159   0.253   0.350   0.451   0.556
   3.900  -0.855  -0.853  -0.849  -0.844  -0.836  -0.826  -0.812  -0.792  -0.768  -0.737  -0.701  -0.659  -0.612  -0.563  -0.514  -0.466  -0.420  -0.378  -0.339  -0.303  -0.267  -0.229  -0.188  -0.143  -0.093  -0.039   0.019   0.080   0.146   0.218   0.293   0.372   0.455   0.542   0.632   0.725   0.822
   3.925  -0.843  -0.846  -0.847  -0.846  -0.841  -0.833  -0.818  -0.797  -0.768  -0.728  -0.677  -0.614  -0.541  -0.460  -0.374  -0.286  -0.200  -0.121  -0.048   0.015   0.072   0.123   0.170   0.217   0.264   0.313   0.364   0.418   0.476   0.538   0.604   0.674   0.748   0.825   0.907   0.992   1.082
   3.950  -0.822  -0.831  -0.837  -0.841  -0.842  -0.838  -0.827  -0.808  -0.779  -0.736  -0.678  -0.603  -0.512  -0.406  -0.290  -0.167  -0.043   0.075   0.185   0.280   0.364   0.434   0.495   0.549   0.599   0.647   0.695   0.744   0.796   0.850   0.907   0.968   1.033   1.101   1.174   1.253   1.336
   3.975  -0.790  -0.801  -0.811  -0.819  -0.825  -0.826  -0.821  -0.809  -0.785  -0.746  -0.690  -0.612  -0.514  -0.395  -0.259  -0.111   0.043   0.196   0.342   0.474   0.591   0.689   0.773   0.842   0.902   0.955   1.004   1.052   1.099   1.147   1.198   1.251   1.308   1.368   1.433   1.504   1.581
   4.000  -0.754  -0.766  -0.778  -0.789  -0.799  -0.805  -0.806  -0.801  -0.784  -0.752  -0.702  -0.628  -0.531  -0.407  -0.262  -0.097   0.079   0.260   0.438   0.604   0.755   0.885   0.997   1.088   1.164   1.228   1.284   1.334   1.381   1.426   1.472   1.520   1.570   1.624   1.683   1.748   1.818
   4.025  -0.721  -0.731  -0.742  -0.754  -0.765  -0.774  -0.778  -0.777  -0.766  -0.741  -0.699  -0.634  -0.544  -0.425  -0.282  -0.113   0.073   0.271   0.471   0.665   0.847   1.010   1.153   1.273   1.373   1.456   1.525   1.583   1.634   1.681   1.725   1.771   1.818   1.868   1.922   1.982   2.046
   4.050  -0.694  -0.701  -0.710  -0.720  -0.730  -0.738  -0.744  -0.746  -0.739  -0.721  -0.686  -0.630  -0.550  -0.441  -0.305  -0.141   0.045   0.250   0.464   0.679   0.886   1.079   1.253   1.403   1.532   1.638   1.725   1.797   1.857   1.910   1.958   2.004   2.051   2.099   2.150   2.206   2.266
   4.075  -0.682  -0.684  -0.688  -0.693  -0.699  -0.706  -0.710  -0.711  -0.705  -0.689  -0.658  -0.608  -0.536  -0.438  -0.313  -0.160   0.018   0.218   0.433   0.656   0.880   1.096   1.297   1.477   1.636   1.769   1.881   1.971   2.046   2.110   2.166   2.217   2.267   2.316   2.366   2.420   2.477
   4.100  -0.678  -0.675  -0.674  -0.675  -0.677  -0.679  -0.680  -0.679  -0.671  -0.655  -0.626  -0.580  -0.514  -0.424  -0.311  -0.170  -0.005   0.185   0.393   0.617   0.849   1.079   1.303   1.509   1.696   1.857   1.995   2.109   2.204   2.283   2.350   2.410   2.465   2.517   2.569   2.623   2.679
   4.125  -0.677  -0.674  -0.672  -0.670  -0.668  -0.666  -0.663  -0.657  -0.646  -0.627  -0.596  -0.549  -0.485  -0.400  -0.293  -0.162  -0.008   0.170   0.367   0.583   0.811   1.047   1.281   1.506   1.716   1.903   2.069   2.209   2.328   2.427   2.511   2.583   2.645   2.703   2.758   2.815   2.872
   4.150  -0.679  -0.677  -0.674  -0.670  -0.666  -0.661  -0.654  -0.644  -0.628  -0.605  -0.571  -0.522  -0.457  -0.373  -0.269  -0.144   0.001   0.167   0.352   0.558   0.777   1.010   1.248   1.484   1.710   1.920   2.111   2.279   2.424   2.545   2.648   2.734   2.808   2.874   2.935   2.996   3.056
   4.175  -0.680  -0.677  -0.673  -0.670  -0.665  -0.659  -0.651  -0.640  -0.623  -0.597  -0.560  -0.508  -0.440  -0.353  -0.248  -0.123   0.021   0.182   0.360   0.556   0.766   0.991   1.223   1.460   1.693   1.918   2.129   2.320   2.490   2.636   2.761   2.865   2.953   3.029   3.098   3.166   3.230
   4.200  -0.681  -0.677  -0.674  -0.670  -0.665  -0.659  -0.651  -0.640  -0.622  -0.595  -0.556  -0.502  -0.431  -0.340  -0.232  -0.104   0.041   0.202   0.377   0.567   0.770   0.985   1.209   1.440   1.674   1.907   2.132   2.343   2.536   2.706   2.853   2.977   3.081   3.170   3.249   3.325   3.395
   4.225  -0.682  -0.678  -0.674  -0.670  -0.665  -0.659  -0.650  -0.639  -0.621  -0.595  -0.557  -0.504  -0.433  -0.342  -0.231  -0.098   0.052   0.218   0.397   0.588   0.789   0.999   1.216   1.440   1.669   1.902   2.132   2.356   2.567   2.757   2.927   3.070   3.193   3.298   3.390   3.475   3.551
   4.250  -0.682  -0.679  -0.675  -0.671  -0.665  -0.658  -0.649  -0.637  -0.620  -0.595  -0.560  -0.509  -0.440  -0.349  -0.237  -0.101   0.055   0.228   0.415   0.611   0.815   1.023   1.236   1.454   1.677   1.906   2.137   2.367   2.590   2.798   2.987   3.151   3.293   3.414   3.520   3.615   3.698
   4.275  -0.684  -0.681  -0.677  -0.672  -0.666  -0.658  -0.648  -0.636  -0.618  -0.594  -0.559  -0.511  -0.445  -0.357  -0.247  -0.111   0.046   0.225   0.420   0.626   0.839   1.053   1.269   1.485   1.704   1.929   2.156   2.388   2.616   2.835   3.038   3.219   3.380   3.519   3.639   3.746   3.838
   4.300  -0.681  -0.680  -0.677  -0.672  -0.666  -0.658  -0.647  -0.633  -0.615  -0.591  -0.557  -0.511  -0.448  -0.364  -0.257  -0.124   0.034   0.217   0.419   0.634   0.858   1.081   1.304   1.524   1.743   1.964   2.188   2.418   2.647   2.872   3.086   3.282   3.458   3.613   3.750   3.868   3.970
   4.325  -0.668  -0.671  -0.671  -0.669  -0.664  -0.657  -0.646  -0.632  -0.613  -0.588  -0.554  -0.509  -0.448  -0.367  -0.263  -0.132   0.025   0.209   0.413   0.634   0.865   1.098   1.332   1.560   1.785   2.009   2.234   2.462   2.690   2.918   3.138   3.343   3.532   3.701   3.850   3.982   4.093
   4.350  -0.650  -0.656  -0.660  -0.661  -0.659  -0.653  -0.642  -0.628  -0.609  -0.583  -0.549  -0.505  -0.446  -0.367  -0.265  -0.136   0.018   0.202   0.408   0.633   0.869   1.111   1.355   1.593   1.828   2.058   2.286   2.515   2.742   2.970   3.193   3.405   3.603   3.783   3.944   4.086   4.209
   4.375  -0.626  -0.634  -0.639  -0.643  -0.643  -0.640  -0.632  -0.620  -0.601  -0.577  -0.543  -0.499  -0.440  -0.363  -0.263  -0.135   0.019   0.202   0.409   0.635   0.874   1.121   1.372   1.619   1.864   2.103   2.339   2.572   2.803   3.033   3.257   3.473   3.676   3.863   4.033   4.185   4.316
   4.400  -0.601  -0.609  -0.615  -0.620  -0.623  -0.622  -0.616  -0.606  -0.589  -0.565  -0.532  -0.488  -0.430  -0.353  -0.255  -0.128   0.024   0.207   0.414   0.641   0.881   1.132   1.387   1.642   1.896   2.145   2.390   2.630   2.866   3.099   3.326   3.544   3.751   3.943   4.119   4.276   4.416
   4.425  -0.579  -0.585  -0.591  -0.595  -0.598  -0.597  -0.592  -0.582  -0.566  -0.543  -0.511  -0.469  -0.413  -0.339  -0.243  -0.118   0.034   0.217   0.423   0.651   0.893   1.145   1.403   1.664   1.924   2.181   2.435   2.685   2.929   3.167   3.398   3.620   3.830   4.025   4.205   4.367   4.513
   4.450  -0.562  -0.566  -0.569  -0.572  -0.574  -0.572  -0.566  -0.555  -0.538  -0.515  -0.483  -0.441  -0.386  -0.314  -0.220  -0.098   0.052   0.234   0.440   0.667   0.910   1.163   1.423   1.686   1.951   2.215   2.477   2.736   2.989   3.234   3.471   3.697   3.910   4.108   4.290   4.456   4.604
   4.475  -0.556  -0.556  -0.556  -0.556  -0.555  -0.550  -0.542  -0.528  -0.507  -0.479  -0.443  -0.399  -0.343  -0.271  -0.180  -0.062   0.084   0.261   0.465   0.691   0.934   1.188   1.449   1.714   1.981   2.249   2.517   2.782   3.043   3.297   3.541   3.772   3.989   4.190   4.376   4.543   4.693
   4.500  -0.554  -0.552  -0.549  -0.546  -0.542  -0.534  -0.522  -0.504  -0.479  -0.445  -0.403  -0.352  -0.291  -0.217  -0.126  -0.011   0.131   0.304   0.503   0.726   0.967   1.220   1.481   1.746   2.014   2.284   2.555   2.826   3.094   3.355   3.606   3.843   4.065   4.270   4.458   4.628   4.779
   4.525  -0.554  -0.551  -0.547  -0.544  -0.538  -0.528  -0.514  -0.491  -0.461  -0.419  -0.368  -0.307  -0.235  -0.152  -0.054   0.063   0.202   0.368   0.559   0.775   1.010   1.259   1.518   1.781   2.050   2.321   2.594   2.868   3.140   3.407   3.664   3.907   4.135   4.345   4.536   4.707   4.859
   4.550  -0.555  -0.552  -0.549  -0.545  -0.539  -0.528  -0.511  -0.486  -0.451  -0.403  -0.343  -0.270  -0.185  -0.088   0.021   0.144   0.285   0.448   0.632   0.840   1.066   1.308   1.562   1.823   2.089   2.360   2.633   2.909   3.183   3.454   3.716   3.965   4.198   4.412   4.607   4.781   4.934
   4.575  -0.555  -0.552  -0.549  -0.545  -0.539  -0.529  -0.513  -0.488  -0.452  -0.401  -0.335  -0.252  -0.153  -0.039   0.088   0.227   0.379   0.546   0.728   0.928   1.142   1.374   1.618   1.872   2.133   2.401   2.673   2.948   3.223   3.496   3.761   4.013   4.251   4.469   4.668   4.843   4.996
   4.600  -0.554  -0.552  -0.549  -0.546  -0.540  -0.532  -0.517  -0.494  -0.459  -0.407  -0.338  -0.247  -0.138  -0.008   0.137   0.295   0.464   0.640   0.826   1.022   1.228   1.449   1.682   1.927   2.182   2.445   2.714   2.986   3.260   3.533   3.799   4.054   4.294   4.516   4.717   4.894   5.048
   4.625  -0.554  -0.552  -0.548  -0.546  -0.541  -0.533  -0.520  -0.499  -0.466  -0.417  -0.349  -0.258  -0.144  -0.005   0.154   0.330   0.518   0.712   0.911   1.113   1.320   1.535   1.758   1.992   2.237   2.492   2.754   3.023   3.294   3.564   3.830   4.085   4.327   4.551   4.754   4.932   5.086
   4.650  -0.553  -0.551  -0.548  -0.545  -0.541  -0.534  -0.522  -0.503  -0.473  -0.428  -0.365  -0.276  -0.163  -0.020   0.148   0.338   0.543   0.755   0.972   1.186   1.400   1.614   1.832   2.058   2.293   2.539   2.794   3.057   3.323   3.591   3.854   4.108   4.350   4.574   4.778   4.957   5.112
   4.675  -0.552  -0.550  -0.547  -0.545  -0.541  -0.534  -0.523  -0.505  -0.478  -0.436  -0.377  -0.294  -0.185  -0.046   0.121   0.315   0.528   0.755   0.988   1.219   1.449   1.672   1.896   2.120   2.350   2.588   2.834   3.089   3.348   3.611   3.870   4.122   4.363   4.586   4.790   4.970   5.126
   4.700  -0.551  -0.549  -0.546  -0.544  -0.540  -0.534  -0.523  -0.507  -0.481  -0.443  -0.387  -0.311  -0.209  -0.077   0.083   0.275   0.491   0.726   0.972   1.219   1.466   1.704   1.938   2.167   2.396   2.630   2.869   3.116   3.369   3.625   3.880   4.129   4.366   4.589   4.792   4.971   5.127
   4.725  -0.550  -0.548  -0.545  -0.542  -0.539  -0.533  -0.523  -0.508  -0.484  -0.448  -0.397  -0.325  -0.229  -0.105   0.047   0.231   0.440   0.673   0.921   1.179   1.439   1.694   1.944   2.186   2.423   2.659   2.896   3.138   3.384   3.634   3.883   4.127   4.362   4.583   4.785   4.964   5.121
   4.750  -0.550  -0.547  -0.544  -0.541  -0.537  -0.532  -0.522  -0.508  -0.486  -0.453  -0.404  -0.337  -0.247  -0.131   0.013   0.185   0.384   0.610   0.855   1.116   1.386   1.655   1.921   2.178   2.428   2.671   2.911   3.151   3.392   3.637   3.881   4.121   4.352   4.570   4.771   4.949   5.105
   4.775  -0.550  -0.547  -0.543  -0.540  -0.536  -0.530  -0.521  -0.508  -0.487  -0.456  -0.411  -0.348  -0.263  -0.153  -0.017   0.147   0.337   0.553   0.790   1.047   1.315   1.591   1.867   2.138   2.404   2.659   2.907   3.151   3.392   3.634   3.873   4.109   4.337   4.553   4.753   4.931   5.087
   4.800  -0.551  -0.547  -0.543  -0.539  -0.535  -0.529  -0.520  -0.507  -0.488  -0.459  -0.417  -0.357  -0.277  -0.173  -0.043   0.113   0.295   0.501   0.729   0.977   1.241   1.517   1.800   2.082   2.360   2.629   2.889   3.139   3.383   3.625   3.861   4.095   4.320   4.534   4.732   4.908   5.063
   4.825  -0.551  -0.548  -0.544  -0.539  -0.534  -0.527  -0.518  -0.506  -0.487  -0.460  -0.421  -0.365  -0.289  -0.190  -0.066   0.084   0.260   0.460   0.681   0.922   1.179   1.451   1.733   2.019   2.304   2.583   2.854   3.114   3.365   3.609   3.847   4.079   4.303   4.515   4.711   4.886   5.041
   4.850  -0.552  -0.548  -0.544  -0.539  -0.533  -0.526  -0.516  -0.504  -0.486  -0.460  -0.422  -0.370  -0.298  -0.203  -0.085   0.061   0.231   0.426   0.642   0.876   1.127   1.393   1.671   1.957   2.246   2.532   2.812   3.081   3.340   3.590   3.830   4.064   4.287   4.497   4.692   4.865   5.018
   4.875  -0.552  -0.549  -0.545  -0.540  -0.533  -0.525  -0.514  -0.501  -0.483  -0.458  -0.422  -0.371  -0.303  -0.213  -0.099   0.042   0.208   0.399   0.612   0.842   1.090   1.351   1.624   1.907   2.195   2.484   2.769   3.044   3.311   3.567   3.813   4.049   4.272   4.482   4.675   4.846   4.997
   4.900  -0.552  -0.550  -0.545  -0.540  -0.533  -0.524  -0.512  -0.498  -0.479  -0.454  -0.419  -0.371  -0.305  -0.219  -0.109   0.028   0.191   0.379   0.589   0.818   1.063   1.320   1.590   1.868   2.153   2.441   2.728   3.009   3.283   3.545   3.796   4.035   4.260   4.470   4.661   4.830   4.977
   4.925  -0.552  -0.550  -0.546  -0.540  -0.533  -0.524  -0.511  -0.496  -0.476  -0.450  -0.415  -0.368  -0.305  -0.221  -0.115   0.020   0.180   0.366   0.575   0.802   1.045   1.301   1.568   1.843   2.125   2.411   2.698   2.982   3.259   3.526   3.782   4.025   4.251   4.461   4.651   4.815   4.958
   4.950  -0.551  -0.549  -0.545  -0.540  -0.533  -0.523  -0.511  -0.494  -0.473  -0.446  -0.411  -0.364  -0.302  -0.220  -0.116   0.016   0.175   0.360   0.567   0.794   1.036   1.291   1.556   1.829   2.108   2.392   2.677   2.962   3.241   3.512   3.772   4.017   4.245   4.455   4.642   4.803   4.940
   4.975  -0.549  -0.547  -0.544  -0.539  -0.533  -0.523  -0.510  -0.493  -0.470  -0.442  -0.405  -0.358  -0.296  -0.216  -0.113   0.018   0.174   0.358   0.565   0.791   1.033   1.288   1.552   1.823   2.101   2.383   2.668   2.952   3.232   3.506   3.767   4.014   4.242   4.450   4.635   4.790   4.920
   5.000  -0.545  -0.544  -0.541  -0.537  -0.531  -0.522  -0.509  -0.491  -0.468  -0.438  -0.400  -0.352  -0.289  -0.209  -0.106   0.023   0.179   0.362   0.568   0.794   1.037   1.291   1.555   1.826   2.103   2.384   2.667   2.951   3.231   3.504   3.767   4.013   4.240   4.446   4.626   4.777   4.900
   5.025  -0.540  -0.538  -0.536  -0.533  -0.528  -0.520  -0.508  -0.490  -0.466  -0.435  -0.395  -0.345  -0.281  -0.200  -0.097   0.032   0.187   0.370   0.576   0.803   1.046   1.301   1.565   1.836   2.112   2.393   2.675   2.958   3.237   3.510   3.771   4.015   4.239   4.440   4.616   4.759   4.874
   5.050  -0.534  -0.532  -0.530  -0.528  -0.523  -0.516  -0.505  -0.488  -0.464  -0.432  -0.391  -0.339  -0.273  -0.190  -0.086   0.044   0.199   0.383   0.589   0.817   1.061   1.316   1.580   1.851   2.127   2.406   2.688   2.970   3.247   3.517   3.775   4.016   4.236   4.431   4.600   4.737   4.844
   5.075  -0.527  -0.525  -0.523  -0.521  -0.517  -0.510  -0.500  -0.484  -0.460  -0.428  -0.386  -0.332  -0.264  -0.179  -0.074   0.058   0.214   0.399   0.607   0.835   1.080   1.335   1.599   1.869   2.144   2.423   2.703   2.983   3.258   3.525   3.779   4.014   4.228   4.416   4.577   4.706   4.806
   5.100  -0.521  -0.519  -0.516  -0.513  -0.509  -0.503  -0.493  -0.478  -0.456  -0.424  -0.381  -0.326  -0.256  -0.168  -0.060   0.073   0.232   0.418   0.627   0.856   1.102   1.356   1.619   1.889   2.163   2.440   2.718   2.995   3.267   3.529   3.777   4.006   4.212   4.393   4.546   4.668   4.760
   5.125  -0.516  -0.513  -0.510  -0.506  -0.502  -0.496  -0.486  -0.471  -0.450  -0.419  -0.376  -0.320  -0.248  -0.158  -0.047   0.089   0.250   0.438   0.649   0.879   1.125   1.379   1.641   1.908   2.180   2.454   2.728   3.002   3.269   3.525   3.767   3.987   4.186   4.358   4.503   4.619   4.707
   5.150  -0.512  -0.509  -0.505  -0.501  -0.496  -0.489  -0.479  -0.465  -0.444  -0.414  -0.372  -0.315  -0.242  -0.150  -0.036   0.104   0.268   0.458   0.669   0.901   1.146   1.399   1.659   1.923   2.191   2.462   2.731   2.999   3.260   3.510   3.744   3.957   4.148   4.312   4.451   4.562   4.646
   5.175  -0.512  -0.508  -0.503  -0.499  -0.493  -0.486  -0.476  -0.462  -0.441  -0.411  -0.370  -0.313  -0.239  -0.144  -0.028   0.115   0.281   0.473   0.685   0.917   1.161   1.412   1.670   1.931   2.194   2.459   2.723   2.984   3.238   3.480   3.707   3.912   4.096   4.254   4.388   4.497   4.579
   5.200  -0.514  -0.509  -0.504  -0.499  -0.493  -0.485  -0.475  -0.461  -0.440  -0.410  -0.369  -0.313  -0.238  -0.142  -0.024   0.121   0.289   0.482   0.695   0.925   1.168   1.417   1.672   1.929   2.187   2.445   2.701   2.955   3.201   3.436   3.656   3.855   4.032   4.186   4.316   4.423   4.507
   5.225  -0.518  -0.512  -0.507  -0.501  -0.494  -0.486  -0.475  -0.461  -0.440  -0.411  -0.371  -0.315  -0.241  -0.144  -0.025   0.120   0.289   0.482   0.695   0.924   1.164   1.411   1.661   1.913   2.165   2.416   2.664   2.910   3.148   3.376   3.590   3.784   3.958   4.109   4.238   4.346   4.432
   5.250  -0.523  -0.517  -0.511  -0.505  -0.498  -0.489  -0.478  -0.463  -0.443  -0.414  -0.374  -0.320  -0.246  -0.151  -0.032   0.113   0.282   0.475   0.686   0.913   1.150   1.393   1.639   1.885   2.130   2.374   2.615   2.852   3.083   3.306   3.514   3.704   3.875   4.025   4.154   4.264   4.354
   5.275  -0.531  -0.525  -0.519  -0.512  -0.505  -0.495  -0.484  -0.469  -0.448  -0.421  -0.382  -0.328  -0.256  -0.162  -0.044   0.100   0.267   0.457   0.666   0.890   1.124   1.362   1.603   1.843   2.082   2.319   2.552   2.783   3.008   3.225   3.430   3.618   3.787   3.937   4.068   4.181   4.275
   5.300  -0.539  -0.533  -0.527  -0.520  -0.513  -0.503  -0.491  -0.476  -0.456  -0.429  -0.391  -0.339  -0.269  -0.176  -0.061   0.081   0.245   0.433   0.639   0.859   1.088   1.322   1.557   1.791   2.024   2.254   2.481   2.706   2.926   3.139   3.341   3.527   3.697   3.848   3.981   4.096   4.194
   5.325  -0.545  -0.540  -0.534  -0.528  -0.520  -0.511  -0.499  -0.485  -0.465  -0.439  -0.402  -0.352  -0.284  -0.194  -0.081   0.058   0.219   0.403   0.604   0.820   1.044   1.273   1.503   1.732   1.958   2.183   2.404   2.624   2.840   3.050   3.250   3.435   3.606   3.758   3.894   4.013   4.115
   5.350  -0.551  -0.547  -0.542  -0.536  -0.529  -0.520  -0.508  -0.494  -0.475  -0.450  -0.415  -0.366  -0.301  -0.213  -0.103   0.031   0.189   0.368   0.564   0.775   0.994   1.218   1.443   1.666   1.888   2.107   2.324   2.540   2.752   2.960   3.158   3.344   3.515   3.669   3.808   3.930   4.037
   5.375  -0.557  -0.553  -0.549  -0.544  -0.538  -0.530  -0.519  -0.506  -0.488  -0.463  -0.429  -0.383  -0.319  -0.235  -0.128   0.003   0.156   0.330   0.521   0.726   0.941   1.159   1.380   1.599   1.816   2.031   2.243   2.456   2.665   2.871   3.068   3.254   3.426   3.582   3.724   3.849   3.959
   5.400  -0.561  -0.559  -0.555  -0.552  -0.546  -0.539  -0.530  -0.517  -0.500  -0.477  -0.444  -0.399  -0.339  -0.257  -0.154  -0.028   0.120   0.290   0.476   0.676   0.885   1.099   1.315   1.530   1.743   1.954   2.163   2.372   2.579   2.783   2.979   3.165   3.339   3.498   3.642   3.770   3.882
   5.425  -0.564  -0.562  -0.559  -0.556  -0.552  -0.546  -0.537  -0.526  -0.511  -0.489  -0.458  -0.416  -0.358  -0.279  -0.180  -0.058   0.085   0.249   0.430   0.625   0.829   1.039   1.251   1.461   1.671   1.878   2.084   2.291   2.495   2.697   2.893   3.079   3.255   3.416   3.562   3.692   3.807
   5.450  -0.565  -0.564  -0.562  -0.559  -0.556  -0.551  -0.544  -0.534  -0.520  -0.501  -0.472  -0.432  -0.377  -0.302  -0.207  -0.089   0.049   0.208   0.384   0.574   0.774   0.979   1.187   1.394   1.601   1.804   2.007   2.211   2.414   2.614   2.809   2.996   3.173   3.336   3.485   3.617   3.733
   5.475  -0.567  -0.566  -0.564  -0.562  -0.559  -0.555  -0.549  -0.541  -0.529  -0.511  -0.485  -0.448  -0.396  -0.325  -0.234  -0.121   0.013   0.167   0.339   0.524   0.720   0.921   1.126   1.330   1.533   1.733   1.933   2.134   2.335   2.534   2.728   2.916   3.094   3.259   3.410   3.544   3.661
   5.500  -0.567  -0.567  -0.565  -0.564  -0.562  -0.559  -0.554  -0.547  -0.536  -0.521  -0.497  -0.463  -0.415  -0.348  -0.262  -0.153  -0.024   0.127   0.294   0.476   0.667   0.865   1.067   1.267   1.467   1.664   1.862   2.060   2.259   2.456   2.650   2.838   3.018   3.185   3.338   3.473   3.591
   5.525  -0.568  -0.567  -0.566  -0.565  -0.564  -0.561  -0.557  -0.551  -0.542  -0.529  -0.508  -0.477  -0.433  -0.371  -0.289  -0.185  -0.060   0.086   0.250   0.428   0.617   0.812   1.010   1.207   1.404   1.599   1.793   1.989   2.185   2.382   2.575   2.764   2.944   3.113   3.268   3.404   3.523
   5.550  -0.568  -0.568  -0.567  -0.566  -0.565  -0.563  -0.559  -0.555  -0.547  -0.536  -0.517  -0.490  -0.449  -0.392  -0.316  -0.217  -0.097   0.046   0.206   0.381   0.568   0.760   0.956   1.150   1.344   1.535   1.727   1.920   2.115   2.310   2.503   2.692   2.874   3.044   3.200   3.337   3.458
   5.575  -0.568  -0.568  -0.567  -0.567  -0.566  -0.564  -0.561  -0.557  -0.551  -0.541  -0.524  -0.500  -0.464  -0.412  -0.341  -0.248  -0.134   0.005   0.162   0.335   0.519   0.710   0.904   1.095   1.286   1.475   1.664   1.855   2.047   2.241   2.433   2.623   2.805   2.977   3.134   3.273   3.394
   5.600  -0.569  -0.568  -0.568  -0.567  -0.566  -0.565  -0.563  -0.559  -0.553  -0.545  -0.530  -0.509  -0.476  -0.430  -0.365  -0.278  -0.169  -0.035   0.118   0.289   0.472   0.661   0.853   1.043   1.231   1.417   1.603   1.791   1.981   2.174   2.367   2.556   2.739   2.912   3.070   3.210   3.333
   5.625  -0.569  -0.569  -0.568  -0.568  -0.567  -0.566  -0.564  -0.561  -0.555  -0.548  -0.535  -0.516  -0.487  -0.445  -0.386  -0.306  -0.203  -0.075   0.075   0.243   0.424   0.613   0.804   0.991   1.178   1.361   1.544   1.730   1.919   2.111   2.303   2.493   2.676   2.849   3.009   3.150   3.274
   5.650  -0.569  -0.569  -0.568  -0.568  -0.567  -0.566  -0.564  -0.561  -0.557  -0.550  -0.539  -0.522  -0.496  -0.458  -0.405  -0.331  -0.235  -0.112   0.033   0.198   0.378   0.565   0.755   0.941   1.126   1.307   1.488   1.672   1.859   2.050   2.242   2.432   2.615   2.789   2.949   3.092   3.218
   5.675  -0.569  -0.569  -0.568  -0.568  -0.567  -0.566  -0.565  -0.562  -0.558  -0.552  -0.542  -0.527  -0.504  -0.470  -0.421  -0.353  -0.264  -0.147  -0.008   0.155   0.332   0.518   0.708   0.892   1.075   1.254   1.434   1.616   1.801   1.992   2.184   2.373   2.557   2.731   2.892   3.035   3.163
   5.700  -0.569  -0.569  -0.569  -0.568  -0.568  -0.567  -0.565  -0.563  -0.559  -0.553  -0.544  -0.531  -0.510  -0.480  -0.435  -0.373  -0.290  -0.179  -0.045   0.113   0.288   0.472   0.661   0.844   1.026   1.203   1.381   1.562   1.747   1.937   2.129   2.318   2.501   2.675   2.837   2.981   3.110
   5.725  -0.570  -0.569  -0.569  -0.568  -0.568  -0.567  -0.565  -0.563  -0.560  -0.555  -0.546  -0.534  -0.515  -0.488  -0.447  -0.390  -0.313  -0.208  -0.080   0.075   0.246   0.428   0.615   0.797   0.977   1.154   1.331   1.511   1.695   1.885   2.076   2.265   2.448   2.622   2.783   2.928   3.058
   5.750  -0.570  -0.569  -0.569  -0.568  -0.568  -0.567  -0.565  -0.563  -0.560  -0.556  -0.548  -0.537  -0.520  -0.494  -0.457  -0.405  -0.333  -0.234  -0.111   0.038   0.206   0.385   0.570   0.751   0.930   1.106   1.282   1.462   1.646   1.836   2.027   2.215   2.397   2.570   2.732   2.877   3.008
   5.775  -0.570  -0.570  -0.569  -0.569  -0.568  -0.567  -0.566  -0.564  -0.561  -0.556  -0.549  -0.539  -0.523  -0.500  -0.466  -0.417  -0.350  -0.257  -0.140   0.005   0.168   0.344   0.527   0.706   0.885   1.060   1.236   1.416   1.599   1.789   1.980   2.167   2.349   2.521   2.682   2.828   2.959
   5.800  -0.570  -0.570  -0.569  -0.569  -0.568  -0.567  -0.566  -0.564  -0.561  -0.557  -0.550  -0.541  -0.526  -0.505  -0.473  -0.428  -0.365  -0.277  -0.166  -0.027   0.132   0.305   0.485   0.663   0.841   1.016   1.193   1.373   1.556   1.746   1.935   2.122   2.303   2.474   2.634   2.779   2.911
   5.825  -0.570  -0.570  -0.569  -0.569  -0.568  -0.568  -0.567  -0.565  -0.562  -0.558  -0.552  -0.542  -0.528  -0.508  -0.479  -0.437  -0.378  -0.295  -0.189  -0.056   0.098   0.267   0.445   0.622   0.800   0.976   1.152   1.333   1.516   1.705   1.894   2.079   2.259   2.429   2.588   2.732   2.864
   5.850  -0.570  -0.570  -0.569  -0.569  -0.569  -0.568  -0.567  -0.565  -0.563  -0.559  -0.553  -0.544  -0.531  -0.512  -0.484  -0.445  -0.389  -0.311  -0.211  -0.082   0.066   0.232   0.407   0.584   0.762   0.938   1.116   1.296   1.480   1.667   1.855   2.038   2.216   2.385   2.542   2.686   2.817
   5.875  -0.570  -0.570  -0.569  -0.569  -0.569  -0.568  -0.567  -0.566  -0.563  -0.560  -0.554  -0.546  -0.533  -0.515  -0.489  -0.452  -0.400  -0.326  -0.230  -0.107   0.037   0.199   0.372   0.549   0.727   0.905   1.083   1.264   1.447   1.633   1.818   1.999   2.175   2.342   2.498   2.641   2.773
   5.900  -0.570  -0.569  -0.569  -0.569  -0.569  -0.568  -0.567  -0.566  -0.564  -0.560  -0.555  -0.547  -0.535  -0.519  -0.494  -0.459  -0.409  -0.339  -0.247  -0.129   0.011   0.170   0.341   0.517   0.696   0.875   1.054   1.235   1.417   1.601   1.783   1.962   2.134   2.299   2.454   2.597   2.729
   5.925  -0.569  -0.569  -0.569  -0.569  -0.568  -0.568  -0.567  -0.566  -0.564  -0.561  -0.556  -0.549  -0.538  -0.522  -0.498  -0.465  -0.417  -0.350  -0.262  -0.148  -0.012   0.144   0.313   0.489   0.669   0.849   1.029   1.209   1.390   1.571   1.750   1.925   2.095   2.257   2.411   2.555   2.688
   5.950  -0.569  -0.569  -0.569  -0.568  -0.568  -0.568  -0.567  -0.566  -0.564  -0.561  -0.557  -0.550  -0.540  -0.525  -0.502  -0.470  -0.424  -0.360  -0.275  -0.165  -0.033   0.121   0.289   0.465   0.646   0.826   1.007   1.186   1.364   1.542   1.717   1.889   2.055   2.216   2.369   2.514   2.650
   5.975  -0.569  -0.569  -0.568  -0.568  -0.568  -0.567  -0.566  -0.566  -0.564  -0.561  -0.557  -0.551  -0.541  -0.527  -0.505  -0.475  -0.430  -0.369  -0.287  -0.179  -0.050   0.101   0.268   0.444   0.626   0.807   0.987   1.165   1.340   1.514   1.685   1.853   2.016   2.174   2.327   2.474   2.615
   6.000  -0.569  -0.569  -0.568  -0.568  -0.567  -0.567  -0.566  -0.565  -0.563  -0.561  -0.557  -0.551  -0.542  -0.528  -0.508  -0.479  -0.436  -0.377  -0.297  -0.193  -0.066   0.084   0.249   0.426   0.608   0.790   0.969   1.145   1.317   1.487   1.653   1.817   1.976   2.133   2.286   2.436   2.583
   6.050  -0.569  -0.569  -0.568  -0.568  -0.567  -0.566  -0.565  -0.564  -0.562  -0.559  -0.555  -0.550  -0.542  -0.530  -0.512  -0.486  -0.448  -0.393  -0.318  -0.219  -0.096   0.052   0.217   0.395   0.578   0.758   0.935   1.103   1.267   1.428   1.587   1.742   1.896   2.050   2.205   2.363   2.524
   6.100  -0.570  -0.570  -0.569  -0.569  -0.568  -0.567  -0.565  -0.564  -0.561  -0.558  -0.554  -0.549  -0.541  -0.531  -0.514  -0.491  -0.456  -0.406  -0.336  -0.241  -0.122   0.023   0.187   0.365   0.547   0.724   0.895   1.056   1.211   1.365   1.516   1.666   1.816   1.969   2.128   2.296   2.473
   6.150  -0.571  -0.570  -0.570  -0.570  -0.569  -0.568  -0.567  -0.565  -0.563  -0.560  -0.555  -0.549  -0.541  -0.530  -0.514  -0.492  -0.459  -0.412  -0.347  -0.257  -0.143  -0.002   0.157   0.330   0.508   0.678   0.842   0.995   1.144   1.291   1.439   1.587   1.738   1.894   2.057   2.234   2.422
   6.200  -0.571  -0.571  -0.571  -0.571  -0.570  -0.570  -0.569  -0.567  -0.565  -0.562  -0.557  -0.551  -0.543  -0.532  -0.515  -0.493  -0.461  -0.417  -0.355  -0.270  -0.162  -0.027   0.125   0.291   0.461   0.623   0.779   0.926   1.069   1.213   1.359   1.508   1.663   1.823   1.993   2.176   2.373
   6.250  -0.572  -0.571  -0.571  -0.571  -0.571  -0.571  -0.570  -0.569  -0.567  -0.565  -0.561  -0.556  -0.548  -0.537  -0.521  -0.499  -0.467  -0.424  -0.364  -0.282  -0.180  -0.053   0.090   0.245   0.404   0.556   0.705   0.848   0.990   1.132   1.278   1.432   1.592   1.759   1.934   2.122   2.322
   6.300  -0.572  -0.572  -0.572  -0.572  -0.571  -0.571  -0.571  -0.570  -0.569  -0.568  -0.565  -0.561  -0.554  -0.543  -0.528  -0.507  -0.476  -0.433  -0.375  -0.297  -0.200  -0.082   0.050   0.193   0.341   0.484   0.626   0.767   0.908   1.051   1.200   1.358   1.525   1.699   1.880   2.071   2.270
   6.350  -0.572  -0.572  -0.572  -0.572  -0.572  -0.572  -0.571  -0.571  -0.571  -0.569  -0.567  -0.564  -0.558  -0.550  -0.537  -0.517  -0.489  -0.448  -0.393  -0.320  -0.230  -0.120   0.002   0.134   0.272   0.408   0.546   0.686   0.829   0.974   1.126   1.290   1.463   1.643   1.830   2.020   2.217
   6.400  -0.572  -0.572  -0.572  -0.572  -0.572  -0.572  -0.572  -0.572  -0.571  -0.570  -0.568  -0.566  -0.562  -0.555  -0.545  -0.528  -0.502  -0.465  -0.414  -0.346  -0.263  -0.162  -0.049   0.073   0.202   0.333   0.468   0.607   0.751   0.900   1.056   1.225   1.404   1.590   1.781   1.971   2.162
   6.450  -0.572  -0.572  -0.572  -0.572  -0.573  -0.573  -0.572  -0.572  -0.572  -0.571  -0.569  -0.567  -0.564  -0.559  -0.550  -0.536  -0.514  -0.481  -0.435  -0.373  -0.297  -0.204  -0.099   0.015   0.137   0.264   0.397   0.534   0.678   0.830   0.990   1.165   1.349   1.541   1.734   1.921   2.105
   6.500  -0.573  -0.573  -0.573  -0.573  -0.573  -0.573  -0.573  -0.573  -0.572  -0.571  -0.570  -0.569  -0.566  -0.561  -0.554  -0.542  -0.523  -0.495  -0.455  -0.399  -0.330  -0.244  -0.147  -0.039   0.077   0.200   0.330   0.465   0.609   0.763   0.929   1.108   1.296   1.493   1.688   1.871   2.047
   6.550  -0.573  -0.574  -0.574  -0.574  -0.573  -0.573  -0.573  -0.573  -0.573  -0.572  -0.571  -0.570  -0.567  -0.563  -0.557  -0.547  -0.530  -0.505  -0.470  -0.420  -0.357  -0.279  -0.188  -0.087   0.024   0.141   0.266   0.399   0.542   0.699   0.869   1.054   1.247   1.445   1.639   1.819   1.988
   6.600  -0.574  -0.574  -0.574  -0.574  -0.574  -0.574  -0.573  -0.573  -0.573  -0.573  -0.572  -0.571  -0.569  -0.565  -0.559  -0.550  -0.536  -0.514  -0.482  -0.438  -0.381  -0.310  -0.226  -0.130  -0.024   0.087   0.208   0.338   0.481   0.640   0.814   1.003   1.199   1.398   1.590   1.766   1.929
   6.650  -0.574  -0.575  -0.575  -0.575  -0.574  -0.574  -0.574  -0.574  -0.574  -0.573  -0.573  -0.572  -0.570  -0.567  -0.561  -0.553  -0.540  -0.521  -0.493  -0.454  -0.402  -0.337  -0.259  -0.169  -0.069   0.039   0.157   0.286   0.429   0.591   0.766   0.957   1.153   1.350   1.540   1.712   1.870
   6.700  -0.575  -0.575  -0.575  -0.575  -0.575  -0.575  -0.575  -0.575  -0.574  -0.574  -0.573  -0.573  -0.571  -0.568  -0.564  -0.556  -0.545  -0.528  -0.503  -0.467  -0.420  -0.360  -0.288  -0.204  -0.110  -0.006   0.110   0.239   0.383   0.546   0.723   0.912   1.107   1.302   1.489   1.657   1.811
   6.750  -0.575  -0.575  -0.575  -0.575  -0.575  -0.575  -0.575  -0.575  -0.575  -0.575  -0.574  -0.574  -0.572  -0.570  -0.566  -0.559  -0.549  -0.533  -0.511  -0.479  -0.436  -0.382  -0.316  -0.237  -0.147  -0.047   0.066   0.194   0.339   0.502   0.680   0.869   1.063   1.254   1.437   1.601   1.751
   6.800  -0.576  -0.576  -0.576  -0.576  -0.576  -0.576  -0.576  -0.576  -0.576  -0.576  -0.575  -0.575  -0.573  -0.571  -0.567  -0.562  -0.552  -0.538  -0.518  -0.489  -0.451  -0.401  -0.340  -0.267  -0.182  -0.086   0.025   0.153   0.298   0.461   0.638   0.827   1.018   1.205   1.384   1.544   1.689
   6.850  -0.577  -0.577  -0.577  -0.577  -0.577  -0.577  -0.577  -0.577  -0.577  -0.576  -0.576  -0.575  -0.574  -0.572  -0.569  -0.564  -0.555  -0.543  -0.525  -0.498  -0.463  -0.418  -0.362  -0.294  -0.213  -0.120  -0.011   0.116   0.260   0.423   0.599   0.785   0.973   1.157   1.330   1.484   1.622
   6.900  -0.578  -0.578  -0.578  -0.578  -0.578  -0.578  -0.578  -0.578  -0.577  -0.577  -0.577  -0.576  -0.575  -0.574  -0.570  -0.566  -0.558  -0.547  -0.530  -0.506  -0.475  -0.433  -0.381  -0.318  -0.241  -0.150  -0.044   0.082   0.225   0.387   0.561   0.744   0.928   1.108   1.275   1.422   1.551
   6.950  -0.579  -0.579  -0.578  -0.579  -0.579  -0.579  -0.579  -0.578  -0.578  -0.578  -0.578  -0.577  -0.576  -0.574  -0.572  -0.568  -0.561  -0.550  -0.535  -0.513  -0.484  -0.446  -0.398  -0.338  -0.265  -0.178  -0.074   0.051   0.192   0.352   0.523   0.703   0.884   1.058   1.220   1.362   1.485
   7.000  -0.580  -0.579  -0.579  -0.579  -0.580  -0.580  -0.580  -0.580  -0.579  -0.579  -0.579  -0.578  -0.577  -0.576  -0.573  -0.569  -0.563  -0.553  -0.539  -0.520  -0.493  -0.458  -0.413  -0.356  -0.286  -0.202  -0.101   0.021   0.161   0.317   0.485   0.662   0.839   1.008   1.165   1.301   1.420
   7.050  -0.581  -0.581  -0.580  -0.581  -0.581  -0.581  -0.581  -0.581  -0.580  -0.580  -0.580  -0.579  -0.578  -0.577  -0.574  -0.571  -0.565  -0.556  -0.543  -0.525  -0.500  -0.468  -0.426  -0.372  -0.304  -0.222  -0.125  -0.006   0.131   0.283   0.447   0.620   0.793   0.959   1.110   1.236   1.342
   7.100  -0.582  -0.582  -0.582  -0.582  -0.582  -0.582  -0.582  -0.582  -0.582  -0.582  -0.581  -0.581  -0.580  -0.579  -0.576  -0.572  -0.567  -0.559  -0.547  -0.530  -0.507  -0.477  -0.438  -0.386  -0.320  -0.241  -0.146  -0.031   0.101   0.250   0.410   0.579   0.747   0.908   1.053   1.168   1.257
   7.150  -0.583  -0.583  -0.583  -0.583  -0.583  -0.583  -0.583  -0.583  -0.583  -0.583  -0.583  -0.583  -0.582  -0.581  -0.578  -0.575  -0.570  -0.562  -0.550  -0.535  -0.514  -0.485  -0.448  -0.399  -0.336  -0.259  -0.166  -0.055   0.072   0.217   0.373   0.537   0.700   0.857   0.994   1.090   1.161
   7.200  -0.585  -0.585  -0.585  -0.585  -0.585  -0.585  -0.585  -0.585  -0.585  -0.585  -0.585  -0.585  -0.584  -0.583  -0.581  -0.578  -0.573  -0.565  -0.554  -0.540  -0.520  -0.493  -0.457  -0.411  -0.352  -0.277  -0.186  -0.079   0.043   0.183   0.335   0.495   0.653   0.799   0.922   1.006   1.056
   7.250  -0.587  -0.587  -0.587  -0.587  -0.587  -0.587  -0.587  -0.587  -0.587  -0.587  -0.587  -0.587  -0.586  -0.585  -0.584  -0.581  -0.576  -0.569  -0.558  -0.545  -0.526  -0.501  -0.467  -0.423  -0.366  -0.294  -0.207  -0.104   0.014   0.150   0.297   0.456   0.604   0.721   0.811   0.890   0.927
   7.300  -0.589  -0.589  -0.589  -0.589  -0.589  -0.589  -0.589  -0.589  -0.589  -0.589  -0.589  -0.589  -0.588  -0.587  -0.586  -0.583  -0.579  -0.572  -0.563  -0.551  -0.533  -0.509  -0.476  -0.434  -0.380  -0.311  -0.228  -0.129  -0.015   0.117   0.259   0.415   0.555   0.643   0.703   0.749   0.777
   7.350  -0.591  -0.591  -0.591  -0.591  -0.591  -0.591  -0.591  -0.591  -0.591  -0.591  -0.591  -0.591  -0.590  -0.590  -0.588  -0.586  -0.582  -0.576  -0.567  -0.556  -0.539  -0.517  -0.485  -0.445  -0.393  -0.328  -0.249  -0.154  -0.044   0.082   0.220   0.375   0.513   0.597   0.653   0.674   0.698
   7.400  -0.594  -0.594  -0.594  -0.594  -0.594  -0.594  -0.594  -0.594  -0.594  -0.594  -0.594  -0.594  -0.593  -0.592  -0.591  -0.589  -0.585  -0.580  -0.572  -0.561  -0.546  -0.524  -0.495  -0.456  -0.406  -0.345  -0.270  -0.179  -0.074   0.049   0.181   0.325   0.454   0.535   0.591   0.633   0.659
   7.450  -0.597  -0.597  -0.597  -0.597  -0.597  -0.597  -0.597  -0.597  -0.597  -0.597  -0.597  -0.597  -0.596  -0.596  -0.594  -0.592  -0.589  -0.584  -0.577  -0.567  -0.552  -0.532  -0.505  -0.467  -0.419  -0.361  -0.291  -0.205  -0.104   0.018   0.141   0.247   0.335   0.393   0.433   0.492   0.512
   7.500  -0.600  -0.600  -0.600  -0.600  -0.600  -0.600  -0.600  -0.600  -0.600  -0.600  -0.600  -0.600  -0.600  -0.599  -0.598  -0.596  -0.593  -0.589  -0.582  -0.573  -0.559  -0.540  -0.514  -0.478  -0.433  -0.378  -0.312  -0.231  -0.135  -0.014   0.100   0.170   0.217   0.252   0.276   0.295   0.306
   7.550  -0.604  -0.604  -0.604  -0.604  -0.604  -0.604  -0.604  -0.604  -0.604  -0.604  -0.604  -0.604  -0.603  -0.603  -0.602  -0.600  -0.597  -0.593  -0.587  -0.579  -0.566  -0.548  -0.523  -0.490  -0.448  -0.396  -0.334  -0.257  -0.166  -0.050   0.058   0.120   0.161   0.192   0.212   0.214   0.222
   7.600  -0.608  -0.608  -0.608  -0.608  -0.608  -0.608  -0.608  -0.608  -0.608  -0.608  -0.608  -0.608  -0.607  -0.607  -0.606  -0.604  -0.602  -0.599  -0.593  -0.585  -0.573  -0.556  -0.532  -0.502  -0.463  -0.415  -0.356  -0.284  -0.198  -0.088   0.015   0.078   0.121   0.153   0.175   0.191   0.201
   7.650  -0.612  -0.612  -0.612  -0.612  -0.612  -0.612  -0.612  -0.612  -0.612  -0.612  -0.612  -0.612  -0.612  -0.611  -0.611  -0.609  -0.607  -0.604  -0.599  -0.591  -0.580  -0.564  -0.541  -0.513  -0.478  -0.434  -0.380  -0.312  -0.231  -0.127  -0.028   0.032   0.073   0.103   0.123   0.138   0.147
   7.700  -0.617  -0.617  -0.617  -0.617  -0.617  -0.617  -0.617  -0.617  -0.617  -0.617  -0.617  -0.617  -0.617  -0.617  -0.616  -0.615  -0.613  -0.610  -0.605  -0.598  -0.588  -0.572  -0.551  -0.526  -0.494  -0.454  -0.404  -0.340  -0.264  -0.166  -0.074  -0.018   0.021   0.049   0.068   0.083   0.092
   7.750  -0.623  -0.623  -0.623  -0.623  -0.623  -0.623  -0.623  -0.623  -0.623  -0.623  -0.623  -0.623  -0.623  -0.622  -0.622  -0.621  -0.619  -0.617  -0.612  -0.606  -0.596  -0.581  -0.562  -0.539  -0.511  -0.474  -0.428  -0.370  -0.298  -0.206  -0.119  -0.066  -0.030  -0.003   0.015   0.022   0.030
   7.800  -0.629  -0.629  -0.629  -0.629  -0.629  -0.629  -0.629  -0.629  -0.629  -0.629  -0.629  -0.629  -0.629  -0.629  -0.628  -0.627  -0.626  -0.624  -0.620  -0.613  -0.604  -0.591  -0.574  -0.554  -0.528  -0.496  -0.454  -0.399  -0.334  -0.252  -0.176  -0.129  -0.097  -0.074  -0.057  -0.045  -0.038
   7.850  -0.636  -0.636  -0.636  -0.636  -0.636  -0.636  -0.636  -0.636  -0.636  -0.636  -0.636  -0.636  -0.636  -0.636  -0.635  -0.635  -0.633  -0.631  -0.628  -0.621  -0.613  -0.602  -0.587  -0.569  -0.547  -0.518  -0.482  -0.429  -0.371  -0.316  -0.268  -0.238  -0.217  -0.201  -0.191  -0.163  -0.158
   7.900  -0.643  -0.643  -0.643  -0.643  -0.643  -0.643  -0.643  -0.643  -0.644  -0.644  -0.644  -0.644  -0.644  -0.644  -0.643  -0.642  -0.641  -0.639  -0.636  -0.630  -0.622  -0.613  -0.601  -0.586  -0.566  -0.542  -0.510  -0.459  -0.409  -0.379  -0.359  -0.344  -0.333  -0.326  -0.321  -0.317  -0.314
   7.950  -0.651  -0.651  -0.651  -0.651  -0.651  -0.651  -0.651  -0.651  -0.652  -0.652  -0.652  -0.652  -0.652  -0.651  -0.651  -0.650  -0.649  -0.648  -0.645  -0.639  -0.632  -0.624  -0.614  -0.602  -0.586  -0.566  -0.538  -0.492  -0.447  -0.423  -0.408  -0.396  -0.388  -0.382  -0.378  -0.387  -0.386
   8.000  -0.659  -0.659  -0.659  -0.659  -0.659  -0.659  -0.659  -0.659  -0.660  -0.660  -0.660  -0.660  -0.660  -0.660  -0.659  -0.659  -0.658  -0.657  -0.654  -0.649  -0.643  -0.636  -0.628  -0.619  -0.607  -0.591  -0.567  -0.527  -0.487  -0.463  -0.447  -0.435  -0.427  -0.421  -0.417  -0.414  -0.412
   8.100  -0.679  -0.679  -0.679  -0.679  -0.679  -0.679  -0.679  -0.679  -0.679  -0.679  -0.679  -0.679  -0.680  -0.680  -0.680  -0.680  -0.679  -0.677  -0.674  -0.671  -0.668  -0.665  -0.661  -0.658  -0.653  -0.644  -0.630  -0.603  -0.576  -0.560  -0.549  -0.541  -0.535  -0.531  -0.529  -0.527  -0.525
   8.200  -0.703  -0.703  -0.703  -0.703  -0.703  -0.704  -0.704  -0.704  -0.704  -0.704  -0.704  -0.704  -0.704  -0.705  -0.705  -0.704  -0.704  -0.702  -0.700  -0.699  -0.699  -0.699  -0.699  -0.702  -0.704  -0.704  -0.698  -0.678  -0.656  -0.644  -0.635  -0.629  -0.625  -0.622  -0.620  -0.648  -0.648
   8.300  -0.732  -0.732  -0.732  -0.732  -0.732  -0.732  -0.733  -0.733  -0.733  -0.733  -0.733  -0.733  -0.733  -0.733  -0.733  -0.733  -0.733  -0.732  -0.732  -0.732  -0.734  -0.737  -0.743  -0.752  -0.761  -0.768  -0.773  -0.775  -0.776  -0.777  -0.778  -0.778  -0.778  -0.778  -0.779  -0.779  -0.779
   8.400  -0.782  -0.774  -0.768  -0.766  -0.766  -0.766  -0.766  -0.766  -0.766  -0.766  -0.766  -0.766  -0.766  -0.766  -0.766  -0.766  -0.766  -0.767  -0.768  -0.769  -0.773  -0.781  -0.791  -0.806  -0.823  -0.832  -0.860  -0.946  -1.038  -1.091  -1.128  -1.154  -1.172  -1.186  -1.195  -1.099  -1.102
   8.500  -0.803  -0.803  -0.803  -0.803  -0.803  -0.803  -0.803  -0.803  -0.803  -0.803  -0.803  -0.803  -0.803  -0.803  -0.803  -0.803  -0.804  -0.805  -0.807  -0.810  -0.817  -0.828  -0.844  -0.864  -0.889  -0.902  -0.949  -1.099  -1.262  -1.355  -1.418  -1.465  -1.497  -1.520  -1.536  -1.548  -1.555
   8.600  -0.745  -0.794  -0.826  -0.842  -0.842  -0.844  -0.844  -0.844  -0.844  -0.844  -0.844  -0.844  -0.844  -0.844  -0.844  -0.844  -0.846  -0.847  -0.850  -0.856  -0.865  -0.880  -0.900  -0.926  -0.958  -0.993  -1.032  -1.134  -1.281  -1.359  -1.406  -1.445  -1.468  -1.488  -1.499  -1.509  -1.515
   8.700  -0.624  -0.754  -0.841  -0.884  -0.883  -0.890  -0.888  -0.889  -0.888  -0.888  -0.889  -0.889  -0.888  -0.888  -0.888  -0.889  -0.891  -0.894  -0.897  -0.905  -0.916  -0.935  -0.960  -0.992  -1.031  -1.070  -1.111  -1.136  -1.151  -1.164  -1.171  -1.177  -1.181  -1.184  -1.186  -1.188  -1.188

