fixed metal distribution -- based on Grevesse & Sauval (1998)
    form     version        X           Z          logRs    logR_min    logR_max       logTs    logT_min    logT_max
       1          38    0.500000    0.002000          37   -8.000000    1.000000         138    3.750000    8.700000

   logT                       logR = logRho - 3*logT + 18
          -8.000  -7.750  -7.500  -7.250  -7.000  -6.750  -6.500  -6.250  -6.000  -5.750  -5.500  -5.250  -5.000  -4.750  -4.500  -4.250  -4.000  -3.750  -3.500  -3.250  -3.000  -2.750  -2.500  -2.250  -2.000  -1.750  -1.500  -1.250  -1.000  -0.750  -0.500  -0.250   0.000   0.250   0.500   0.750   1.000

   3.750  -0.880  -0.950  -1.029  -1.117  -1.215  -1.315  -1.420  -1.527  -1.636  -1.744  -1.851  -1.955  -2.058  -2.154  -2.245  -2.319  -2.380  -2.416  -2.432  -2.421  -2.385  -2.330  -2.255  -2.171  -2.074  -1.974  -1.867  -1.759  -1.648  -1.531  -1.409  -1.285  -1.159  -1.028  -0.892  -0.752  -0.608
   3.775  -0.776  -0.810  -0.854  -0.908  -0.973  -1.047  -1.131  -1.221  -1.318  -1.415  -1.516  -1.614  -1.712  -1.802  -1.886  -1.954  -2.008  -2.041  -2.055  -2.044  -2.009  -1.957  -1.886  -1.807  -1.714  -1.618  -1.514  -1.411  -1.306  -1.193  -1.076  -0.958  -0.840  -0.716  -0.589  -0.458  -0.323
   3.800  -0.710  -0.720  -0.739  -0.767  -0.804  -0.853  -0.912  -0.979  -1.055  -1.134  -1.217  -1.300  -1.385  -1.462  -1.534  -1.591  -1.637  -1.664  -1.674  -1.661  -1.628  -1.580  -1.515  -1.440  -1.354  -1.263  -1.165  -1.067  -0.968  -0.861  -0.749  -0.638  -0.526  -0.410  -0.290  -0.167  -0.040
   3.825  -0.691  -0.692  -0.697  -0.706  -0.720  -0.741  -0.769  -0.804  -0.846  -0.894  -0.948  -1.007  -1.068  -1.127  -1.181  -1.226  -1.261  -1.281  -1.285  -1.271  -1.242  -1.197  -1.140  -1.072  -0.994  -0.910  -0.822  -0.731  -0.636  -0.534  -0.430  -0.325  -0.218  -0.107   0.006   0.122   0.242
   3.850  -0.694  -0.692  -0.690  -0.688  -0.686  -0.684  -0.684  -0.688  -0.696  -0.711  -0.731  -0.758  -0.789  -0.821  -0.851  -0.877  -0.895  -0.903  -0.899  -0.882  -0.854  -0.814  -0.763  -0.702  -0.633  -0.559  -0.479  -0.395  -0.306  -0.213  -0.116  -0.017   0.085   0.189   0.297   0.408   0.523
   3.875  -0.695  -0.691  -0.686  -0.679  -0.671  -0.660  -0.647  -0.634  -0.620  -0.607  -0.596  -0.586  -0.577  -0.570  -0.563  -0.555  -0.546  -0.533  -0.516  -0.493  -0.463  -0.424  -0.379  -0.325  -0.265  -0.201  -0.131  -0.056   0.024   0.108   0.196   0.288   0.382   0.479   0.580   0.684   0.792
   3.900  -0.696  -0.693  -0.688  -0.681  -0.672  -0.659  -0.641  -0.618  -0.590  -0.555  -0.515  -0.470  -0.423  -0.374  -0.325  -0.279  -0.236  -0.197  -0.160  -0.123  -0.086  -0.046  -0.003   0.046   0.098   0.155   0.216   0.281   0.351   0.426   0.505   0.587   0.674   0.763   0.856   0.952   1.053
   3.925  -0.691  -0.691  -0.689  -0.685  -0.678  -0.665  -0.647  -0.620  -0.584  -0.536  -0.478  -0.409  -0.330  -0.246  -0.159  -0.073   0.009   0.082   0.149   0.208   0.261   0.310   0.357   0.404   0.452   0.503   0.557   0.614   0.675   0.740   0.810   0.883   0.960   1.041   1.126   1.215   1.309
   3.950  -0.682  -0.685  -0.687  -0.687  -0.683  -0.674  -0.657  -0.631  -0.593  -0.540  -0.471  -0.385  -0.285  -0.172  -0.051   0.072   0.192   0.303   0.404   0.490   0.566   0.630   0.687   0.739   0.787   0.836   0.885   0.936   0.990   1.047   1.107   1.171   1.239   1.312   1.389   1.471   1.559
   3.975  -0.664  -0.669  -0.673  -0.676  -0.676  -0.671  -0.659  -0.637  -0.603  -0.551  -0.481  -0.388  -0.277  -0.146  -0.003   0.150   0.303   0.449   0.586   0.707   0.812   0.900   0.975   1.039   1.094   1.145   1.194   1.241   1.290   1.340   1.393   1.450   1.510   1.574   1.644   1.719   1.800
   4.000  -0.643  -0.649  -0.654  -0.659  -0.663  -0.662  -0.655  -0.639  -0.609  -0.563  -0.497  -0.405  -0.291  -0.151   0.006   0.179   0.358   0.536   0.707   0.861   0.999   1.116   1.215   1.296   1.365   1.424   1.476   1.524   1.571   1.617   1.665   1.715   1.769   1.827   1.890   1.959   2.033
   4.025  -0.622  -0.627  -0.632  -0.639  -0.643  -0.645  -0.640  -0.629  -0.605  -0.564  -0.504  -0.418  -0.308  -0.170  -0.009   0.172   0.366   0.565   0.761   0.946   1.115   1.263   1.391   1.498   1.587   1.661   1.723   1.777   1.826   1.872   1.918   1.965   2.015   2.068   2.126   2.189   2.257
   4.050  -0.604  -0.607  -0.612  -0.617  -0.622  -0.624  -0.622  -0.613  -0.593  -0.558  -0.505  -0.428  -0.325  -0.194  -0.037   0.145   0.344   0.555   0.770   0.979   1.176   1.355   1.513   1.648   1.762   1.856   1.933   1.998   2.053   2.104   2.151   2.199   2.247   2.298   2.351   2.410   2.473
   4.075  -0.593  -0.594  -0.596  -0.599  -0.602  -0.603  -0.601  -0.593  -0.575  -0.544  -0.496  -0.425  -0.330  -0.207  -0.059   0.116   0.312   0.524   0.746   0.970   1.188   1.392   1.579   1.743   1.885   2.003   2.101   2.182   2.250   2.309   2.363   2.413   2.463   2.513   2.565   2.621   2.680
   4.100  -0.588  -0.586  -0.584  -0.585  -0.585  -0.585  -0.581  -0.573  -0.556  -0.527  -0.482  -0.416  -0.329  -0.215  -0.077   0.088   0.275   0.483   0.705   0.935   1.167   1.392   1.603   1.795   1.965   2.109   2.232   2.333   2.418   2.490   2.552   2.609   2.663   2.715   2.767   2.823   2.880
   4.125  -0.587  -0.584  -0.581  -0.579  -0.577  -0.574  -0.568  -0.558  -0.540  -0.510  -0.467  -0.404  -0.321  -0.214  -0.084   0.071   0.249   0.448   0.664   0.894   1.130   1.365   1.594   1.808   2.003   2.174   2.323   2.449   2.555   2.644   2.719   2.786   2.845   2.902   2.957   3.014   3.072
   4.150  -0.587  -0.584  -0.581  -0.578  -0.573  -0.568  -0.559  -0.547  -0.527  -0.497  -0.453  -0.392  -0.312  -0.210  -0.086   0.061   0.230   0.420   0.627   0.852   1.086   1.327   1.566   1.796   2.012   2.208   2.384   2.535   2.664   2.773   2.864   2.943   3.012   3.075   3.135   3.195   3.256
   4.175  -0.588  -0.585  -0.580  -0.576  -0.571  -0.565  -0.556  -0.542  -0.522  -0.491  -0.447  -0.386  -0.306  -0.205  -0.084   0.059   0.222   0.405   0.606   0.824   1.054   1.292   1.533   1.772   2.002   2.218   2.416   2.592   2.747   2.877   2.988   3.081   3.162   3.234   3.300   3.367   3.430
   4.200  -0.590  -0.585  -0.581  -0.576  -0.571  -0.564  -0.554  -0.541  -0.520  -0.488  -0.444  -0.383  -0.303  -0.203  -0.083   0.058   0.219   0.398   0.594   0.806   1.030   1.264   1.503   1.744   1.982   2.213   2.430   2.629   2.807   2.960   3.091   3.202   3.297   3.380   3.455   3.528   3.597
   4.225  -0.591  -0.586  -0.581  -0.576  -0.570  -0.563  -0.553  -0.539  -0.518  -0.488  -0.445  -0.385  -0.308  -0.208  -0.089   0.053   0.215   0.394   0.590   0.800   1.020   1.249   1.485   1.725   1.965   2.204   2.434   2.651   2.850   3.024   3.177   3.307   3.418   3.514   3.600   3.681   3.755
   4.250  -0.591  -0.587  -0.582  -0.577  -0.570  -0.562  -0.551  -0.537  -0.517  -0.488  -0.447  -0.390  -0.314  -0.217  -0.097   0.046   0.209   0.391   0.589   0.799   1.019   1.245   1.477   1.714   1.954   2.196   2.434   2.665   2.881   3.075   3.249   3.397   3.526   3.637   3.735   3.824   3.904
   4.275  -0.592  -0.588  -0.583  -0.577  -0.570  -0.561  -0.550  -0.536  -0.515  -0.487  -0.447  -0.393  -0.320  -0.225  -0.108   0.034   0.198   0.384   0.585   0.800   1.024   1.252   1.484   1.720   1.958   2.200   2.441   2.679   2.907   3.117   3.309   3.476   3.623   3.750   3.860   3.960   4.047
   4.300  -0.590  -0.587  -0.583  -0.577  -0.570  -0.560  -0.548  -0.533  -0.513  -0.485  -0.446  -0.394  -0.324  -0.232  -0.118   0.023   0.187   0.375   0.581   0.802   1.031   1.263   1.498   1.734   1.971   2.212   2.454   2.697   2.932   3.155   3.362   3.546   3.710   3.852   3.976   4.087   4.181
   4.325  -0.581  -0.581  -0.579  -0.575  -0.568  -0.559  -0.546  -0.530  -0.509  -0.482  -0.444  -0.393  -0.326  -0.237  -0.125   0.014   0.177   0.366   0.575   0.800   1.034   1.272   1.513   1.753   1.993   2.236   2.479   2.723   2.963   3.195   3.412   3.610   3.789   3.946   4.083   4.204   4.307
   4.350  -0.569  -0.572  -0.571  -0.569  -0.563  -0.554  -0.542  -0.525  -0.504  -0.476  -0.439  -0.390  -0.324  -0.238  -0.128   0.009   0.171   0.361   0.571   0.799   1.038   1.282   1.529   1.775   2.020   2.265   2.510   2.757   2.999   3.236   3.462   3.671   3.862   4.032   4.183   4.313   4.424
   4.375  -0.553  -0.557  -0.558  -0.557  -0.553  -0.545  -0.533  -0.518  -0.496  -0.468  -0.431  -0.383  -0.318  -0.234  -0.126   0.010   0.171   0.361   0.572   0.802   1.043   1.292   1.544   1.796   2.047   2.298   2.547   2.797   3.043   3.284   3.516   3.733   3.934   4.114   4.274   4.415   4.535
   4.400  -0.537  -0.540  -0.542  -0.542  -0.539  -0.533  -0.522  -0.506  -0.485  -0.456  -0.419  -0.371  -0.307  -0.224  -0.118   0.016   0.177   0.367   0.578   0.808   1.052   1.303   1.560   1.817   2.075   2.331   2.587   2.840   3.090   3.336   3.573   3.796   4.003   4.191   4.360   4.509   4.637
   4.425  -0.522  -0.525  -0.526  -0.526  -0.523  -0.516  -0.505  -0.489  -0.467  -0.438  -0.401  -0.354  -0.291  -0.210  -0.105   0.028   0.187   0.376   0.588   0.819   1.063   1.317   1.577   1.838   2.101   2.364   2.625   2.885   3.141   3.391   3.632   3.860   4.073   4.268   4.444   4.599   4.735
   4.450  -0.510  -0.511  -0.511  -0.511  -0.507  -0.500  -0.488  -0.471  -0.447  -0.417  -0.378  -0.330  -0.267  -0.187  -0.084   0.047   0.205   0.393   0.604   0.835   1.081   1.335   1.597   1.862   2.129   2.397   2.664   2.930   3.192   3.447   3.693   3.925   4.143   4.342   4.523   4.684   4.825
   4.475  -0.505  -0.504  -0.502  -0.500  -0.495  -0.486  -0.472  -0.452  -0.425  -0.391  -0.348  -0.296  -0.232  -0.151  -0.050   0.079   0.234   0.419   0.629   0.859   1.105   1.361   1.624   1.890   2.160   2.431   2.703   2.974   3.242   3.503   3.754   3.990   4.212   4.416   4.601   4.766   4.911
   4.500  -0.503  -0.500  -0.497  -0.493  -0.486  -0.476  -0.460  -0.437  -0.406  -0.366  -0.317  -0.260  -0.191  -0.107  -0.005   0.122   0.274   0.457   0.664   0.893   1.138   1.393   1.656   1.922   2.193   2.467   2.742   3.018   3.290   3.556   3.812   4.053   4.278   4.486   4.674   4.843   4.992
   4.525  -0.502  -0.500  -0.495  -0.491  -0.484  -0.472  -0.455  -0.429  -0.394  -0.348  -0.292  -0.226  -0.147  -0.056   0.052   0.181   0.332   0.511   0.713   0.937   1.178   1.431   1.693   1.959   2.230   2.505   2.782   3.060   3.335   3.606   3.866   4.111   4.341   4.552   4.743   4.913   5.063
   4.550  -0.503  -0.500  -0.496  -0.492  -0.484  -0.472  -0.453  -0.426  -0.388  -0.338  -0.274  -0.198  -0.109  -0.006   0.111   0.246   0.400   0.577   0.774   0.993   1.228   1.477   1.736   2.000   2.270   2.544   2.821   3.101   3.378   3.651   3.915   4.163   4.396   4.611   4.805   4.977   5.127
   4.575  -0.503  -0.500  -0.496  -0.492  -0.485  -0.474  -0.456  -0.429  -0.390  -0.337  -0.269  -0.184  -0.084   0.033   0.165   0.312   0.475   0.656   0.852   1.066   1.294   1.535   1.787   2.046   2.313   2.585   2.861   3.140   3.418   3.692   3.957   4.208   4.443   4.660   4.856   5.028   5.178
   4.600  -0.503  -0.500  -0.496  -0.492  -0.486  -0.476  -0.459  -0.434  -0.396  -0.343  -0.272  -0.181  -0.071   0.059   0.205   0.368   0.544   0.732   0.931   1.142   1.365   1.599   1.843   2.097   2.358   2.627   2.900   3.177   3.453   3.727   3.992   4.244   4.481   4.698   4.895   5.067   5.217
   4.625  -0.502  -0.500  -0.496  -0.492  -0.486  -0.477  -0.462  -0.438  -0.403  -0.352  -0.282  -0.190  -0.076   0.062   0.221   0.398   0.588   0.789   0.999   1.214   1.437   1.667   1.905   2.151   2.406   2.668   2.937   3.209   3.483   3.754   4.018   4.270   4.507   4.724   4.921   5.093   5.241
   4.650  -0.502  -0.499  -0.496  -0.492  -0.486  -0.478  -0.464  -0.442  -0.410  -0.362  -0.296  -0.205  -0.091   0.052   0.218   0.406   0.610   0.825   1.046   1.270   1.497   1.727   1.961   2.202   2.450   2.707   2.969   3.237   3.506   3.774   4.036   4.286   4.521   4.738   4.934   5.104   5.251
   4.675  -0.501  -0.498  -0.494  -0.491  -0.486  -0.478  -0.465  -0.445  -0.415  -0.370  -0.307  -0.221  -0.110   0.030   0.196   0.388   0.599   0.824   1.058   1.294   1.531   1.768   2.005   2.246   2.490   2.741   2.997   3.259   3.522   3.785   4.043   4.290   4.523   4.738   4.933   5.103   5.250
   4.700  -0.500  -0.497  -0.493  -0.490  -0.485  -0.478  -0.465  -0.447  -0.419  -0.377  -0.318  -0.237  -0.131   0.004   0.166   0.356   0.569   0.800   1.043   1.290   1.539   1.785   2.030   2.274   2.518   2.766   3.016   3.272   3.529   3.787   4.040   4.284   4.514   4.727   4.921   5.090   5.235
   4.725  -0.499  -0.495  -0.492  -0.488  -0.484  -0.477  -0.465  -0.448  -0.422  -0.383  -0.327  -0.250  -0.150  -0.021   0.134   0.318   0.526   0.756   1.000   1.254   1.512   1.769   2.024   2.276   2.526   2.775   3.024   3.276   3.528   3.780   4.028   4.268   4.495   4.707   4.899   5.068   5.213
   4.750  -0.499  -0.495  -0.490  -0.487  -0.482  -0.475  -0.465  -0.449  -0.424  -0.388  -0.335  -0.263  -0.168  -0.046   0.102   0.278   0.478   0.702   0.944   1.199   1.463   1.729   1.995   2.257   2.515   2.768   3.019   3.269   3.518   3.766   4.009   4.245   4.470   4.679   4.870   5.037   5.182
   4.775  -0.499  -0.495  -0.490  -0.486  -0.481  -0.475  -0.464  -0.449  -0.426  -0.392  -0.343  -0.274  -0.184  -0.068   0.074   0.242   0.435   0.651   0.886   1.137   1.399   1.669   1.942   2.212   2.480   2.741   2.997   3.250   3.499   3.744   3.985   4.218   4.440   4.648   4.838   5.005   5.150
   4.800  -0.499  -0.495  -0.490  -0.486  -0.481  -0.474  -0.463  -0.449  -0.427  -0.395  -0.349  -0.284  -0.198  -0.087   0.048   0.210   0.395   0.603   0.830   1.074   1.333   1.602   1.878   2.155   2.431   2.701   2.965   3.222   3.472   3.718   3.957   4.189   4.409   4.616   4.804   4.970   5.115
   4.825  -0.500  -0.495  -0.491  -0.486  -0.480  -0.473  -0.463  -0.449  -0.427  -0.397  -0.353  -0.292  -0.210  -0.104   0.026   0.182   0.361   0.563   0.784   1.023   1.276   1.542   1.816   2.095   2.376   2.652   2.922   3.185   3.440   3.689   3.928   4.160   4.380   4.585   4.772   4.938   5.081
   4.850  -0.500  -0.496  -0.491  -0.486  -0.480  -0.472  -0.462  -0.448  -0.427  -0.398  -0.356  -0.297  -0.220  -0.118   0.007   0.158   0.332   0.530   0.746   0.979   1.227   1.488   1.759   2.038   2.320   2.600   2.877   3.145   3.406   3.658   3.900   4.133   4.352   4.557   4.743   4.906   5.048
   4.875  -0.500  -0.496  -0.491  -0.486  -0.480  -0.471  -0.460  -0.446  -0.425  -0.396  -0.356  -0.300  -0.226  -0.128  -0.008   0.139   0.309   0.502   0.716   0.945   1.190   1.448   1.715   1.991   2.272   2.554   2.834   3.107   3.373   3.629   3.875   4.109   4.329   4.534   4.719   4.879   5.018
   4.900  -0.500  -0.496  -0.491  -0.486  -0.479  -0.470  -0.458  -0.443  -0.422  -0.394  -0.354  -0.300  -0.229  -0.135  -0.019   0.124   0.291   0.481   0.692   0.920   1.163   1.417   1.682   1.955   2.233   2.515   2.796   3.072   3.342   3.603   3.852   4.089   4.310   4.514   4.697   4.855   4.990
   4.925  -0.498  -0.495  -0.491  -0.486  -0.479  -0.469  -0.457  -0.441  -0.419  -0.391  -0.351  -0.299  -0.230  -0.139  -0.026   0.114   0.279   0.467   0.676   0.903   1.144   1.397   1.660   1.930   2.207   2.487   2.768   3.046   3.319   3.583   3.835   4.074   4.296   4.499   4.680   4.833   4.963
   4.950  -0.496  -0.493  -0.489  -0.484  -0.477  -0.468  -0.455  -0.438  -0.416  -0.387  -0.348  -0.296  -0.228  -0.140  -0.029   0.109   0.272   0.459   0.667   0.893   1.134   1.386   1.647   1.916   2.190   2.469   2.749   3.028   3.302   3.568   3.823   4.063   4.284   4.486   4.664   4.814   4.937
   4.975  -0.490  -0.488  -0.485  -0.481  -0.474  -0.465  -0.452  -0.435  -0.412  -0.382  -0.343  -0.291  -0.224  -0.136  -0.027   0.110   0.271   0.457   0.664   0.890   1.130   1.381   1.642   1.910   2.183   2.461   2.740   3.019   3.293   3.561   3.817   4.056   4.276   4.475   4.649   4.793   4.910
   5.000  -0.483  -0.481  -0.478  -0.475  -0.469  -0.460  -0.448  -0.431  -0.408  -0.377  -0.337  -0.285  -0.218  -0.131  -0.022   0.114   0.274   0.459   0.666   0.891   1.132   1.383   1.643   1.911   2.183   2.460   2.738   3.017   3.291   3.558   3.813   4.051   4.269   4.464   4.633   4.772   4.881
   5.025  -0.473  -0.471  -0.469  -0.466  -0.461  -0.453  -0.442  -0.425  -0.402  -0.372  -0.331  -0.278  -0.210  -0.123  -0.015   0.120   0.280   0.466   0.672   0.898   1.139   1.390   1.651   1.918   2.190   2.466   2.743   3.021   3.294   3.560   3.813   4.048   4.262   4.451   4.614   4.745   4.847
   5.050  -0.461  -0.459  -0.457  -0.454  -0.450  -0.443  -0.433  -0.417  -0.395  -0.364  -0.323  -0.270  -0.202  -0.114  -0.005   0.130   0.290   0.475   0.683   0.909   1.150   1.402   1.662   1.929   2.201   2.476   2.752   3.028   3.299   3.563   3.813   4.043   4.251   4.434   4.589   4.714   4.809
   5.075  -0.449  -0.447  -0.444  -0.441  -0.437  -0.430  -0.420  -0.405  -0.384  -0.354  -0.313  -0.259  -0.190  -0.102   0.007   0.142   0.302   0.488   0.696   0.923   1.164   1.416   1.677   1.943   2.213   2.487   2.762   3.035   3.304   3.563   3.808   4.032   4.234   4.409   4.556   4.674   4.762
   5.100  -0.438  -0.435  -0.431  -0.427  -0.422  -0.416  -0.406  -0.391  -0.370  -0.341  -0.301  -0.247  -0.178  -0.089   0.021   0.157   0.317   0.504   0.712   0.939   1.181   1.432   1.692   1.956   2.225   2.497   2.769   3.039   3.304   3.558   3.797   4.014   4.208   4.375   4.515   4.626   4.710
   5.125  -0.429  -0.424  -0.419  -0.414  -0.408  -0.400  -0.390  -0.376  -0.355  -0.326  -0.286  -0.233  -0.163  -0.074   0.037   0.174   0.335   0.522   0.730   0.957   1.199   1.449   1.707   1.969   2.235   2.503   2.771   3.036   3.295   3.543   3.774   3.984   4.170   4.329   4.463   4.570   4.650
   5.150  -0.423  -0.417  -0.410  -0.404  -0.396  -0.387  -0.376  -0.361  -0.341  -0.312  -0.272  -0.219  -0.149  -0.059   0.053   0.190   0.352   0.539   0.747   0.974   1.214   1.463   1.718   1.978   2.240   2.503   2.764   3.024   3.275   3.516   3.740   3.942   4.120   4.273   4.402   4.505   4.583
   5.175  -0.422  -0.415  -0.407  -0.399  -0.390  -0.380  -0.368  -0.352  -0.330  -0.301  -0.261  -0.207  -0.136  -0.045   0.067   0.205   0.367   0.554   0.761   0.986   1.225   1.471   1.724   1.979   2.235   2.492   2.746   2.998   3.241   3.474   3.690   3.885   4.058   4.207   4.332   4.434   4.513
   5.200  -0.425  -0.417  -0.408  -0.399  -0.388  -0.377  -0.363  -0.346  -0.323  -0.293  -0.252  -0.197  -0.126  -0.035   0.079   0.217   0.378   0.564   0.770   0.993   1.229   1.472   1.721   1.971   2.221   2.470   2.717   2.960   3.195   3.419   3.628   3.817   3.986   4.131   4.255   4.357   4.437
   5.225  -0.432  -0.422  -0.412  -0.402  -0.391  -0.378  -0.362  -0.344  -0.320  -0.289  -0.247  -0.192  -0.120  -0.029   0.085   0.222   0.383   0.567   0.771   0.991   1.224   1.463   1.707   1.951   2.195   2.436   2.674   2.908   3.135   3.352   3.555   3.739   3.905   4.049   4.173   4.277   4.361
   5.250  -0.442  -0.431  -0.421  -0.409  -0.397  -0.383  -0.366  -0.346  -0.321  -0.289  -0.247  -0.192  -0.120  -0.028   0.085   0.222   0.381   0.563   0.764   0.981   1.210   1.445   1.683   1.921   2.157   2.391   2.620   2.846   3.065   3.275   3.473   3.654   3.818   3.962   4.088   4.194   4.282
   5.275  -0.454  -0.444  -0.433  -0.421  -0.408  -0.392  -0.375  -0.354  -0.328  -0.296  -0.253  -0.197  -0.126  -0.034   0.079   0.214   0.372   0.552   0.749   0.962   1.186   1.416   1.649   1.880   2.109   2.335   2.556   2.775   2.987   3.192   3.386   3.566   3.729   3.874   4.001   4.111   4.204
   5.300  -0.467  -0.458  -0.447  -0.435  -0.421  -0.405  -0.387  -0.366  -0.339  -0.306  -0.263  -0.208  -0.137  -0.045   0.066   0.201   0.357   0.533   0.727   0.936   1.155   1.379   1.606   1.831   2.053   2.271   2.486   2.698   2.905   3.106   3.297   3.474   3.638   3.784   3.914   4.028   4.125
   5.325  -0.479  -0.470  -0.460  -0.449  -0.435  -0.419  -0.401  -0.379  -0.353  -0.320  -0.278  -0.223  -0.152  -0.062   0.049   0.182   0.336   0.510   0.700   0.905   1.118   1.337   1.557   1.776   1.992   2.204   2.412   2.619   2.821   3.018   3.207   3.384   3.548   3.696   3.828   3.946   4.047
   5.350  -0.490  -0.482  -0.473  -0.463  -0.450  -0.435  -0.417  -0.396  -0.370  -0.337  -0.296  -0.242  -0.172  -0.082   0.027   0.159   0.311   0.482   0.669   0.868   1.077   1.290   1.504   1.717   1.928   2.134   2.337   2.538   2.736   2.930   3.117   3.294   3.459   3.609   3.744   3.864   3.970
   5.375  -0.500  -0.494  -0.486  -0.477  -0.466  -0.452  -0.435  -0.415  -0.389  -0.358  -0.316  -0.263  -0.195  -0.106   0.002   0.132   0.282   0.450   0.634   0.829   1.032   1.240   1.449   1.657   1.862   2.063   2.261   2.458   2.652   2.844   3.029   3.206   3.372   3.524   3.662   3.785   3.894
   5.400  -0.509  -0.504  -0.498  -0.490  -0.480  -0.468  -0.453  -0.434  -0.409  -0.379  -0.339  -0.286  -0.219  -0.132  -0.026   0.103   0.250   0.416   0.596   0.787   0.986   1.189   1.393   1.596   1.796   1.993   2.187   2.380   2.570   2.760   2.944   3.120   3.287   3.442   3.582   3.708   3.818
   5.425  -0.514  -0.510  -0.505  -0.499  -0.491  -0.481  -0.468  -0.450  -0.428  -0.399  -0.360  -0.310  -0.244  -0.159  -0.055   0.072   0.218   0.381   0.558   0.746   0.940   1.139   1.338   1.536   1.732   1.925   2.114   2.304   2.491   2.678   2.861   3.038   3.206   3.362   3.505   3.632   3.745
   5.450  -0.517  -0.514  -0.510  -0.505  -0.499  -0.491  -0.480  -0.465  -0.445  -0.418  -0.382  -0.333  -0.270  -0.187  -0.085   0.040   0.184   0.345   0.519   0.704   0.895   1.089   1.285   1.478   1.670   1.858   2.044   2.230   2.415   2.599   2.781   2.958   3.127   3.285   3.430   3.559   3.673
   5.475  -0.519  -0.517  -0.514  -0.511  -0.506  -0.500  -0.490  -0.478  -0.460  -0.436  -0.402  -0.357  -0.296  -0.216  -0.116   0.007   0.148   0.308   0.480   0.662   0.850   1.041   1.232   1.422   1.610   1.794   1.977   2.159   2.341   2.524   2.704   2.881   3.051   3.211   3.358   3.488   3.604
   5.500  -0.520  -0.519  -0.517  -0.514  -0.511  -0.506  -0.499  -0.488  -0.473  -0.452  -0.422  -0.380  -0.322  -0.245  -0.148  -0.028   0.111   0.269   0.440   0.620   0.806   0.993   1.182   1.368   1.552   1.733   1.912   2.092   2.271   2.452   2.631   2.808   2.979   3.139   3.288   3.420   3.536
   5.525  -0.521  -0.520  -0.519  -0.517  -0.514  -0.511  -0.505  -0.497  -0.484  -0.466  -0.439  -0.401  -0.348  -0.275  -0.182  -0.064   0.073   0.229   0.399   0.578   0.762   0.948   1.134   1.317   1.497   1.675   1.851   2.027   2.204   2.382   2.561   2.737   2.909   3.071   3.221   3.353   3.471
   5.550  -0.521  -0.521  -0.520  -0.519  -0.517  -0.514  -0.509  -0.503  -0.493  -0.478  -0.454  -0.420  -0.372  -0.304  -0.215  -0.102   0.033   0.188   0.357   0.535   0.719   0.903   1.087   1.267   1.445   1.619   1.792   1.965   2.139   2.316   2.493   2.670   2.841   3.004   3.155   3.290   3.408
   5.575  -0.522  -0.521  -0.521  -0.520  -0.518  -0.516  -0.512  -0.507  -0.499  -0.486  -0.466  -0.437  -0.393  -0.331  -0.248  -0.140  -0.009   0.144   0.313   0.491   0.675   0.859   1.041   1.220   1.395   1.566   1.736   1.906   2.078   2.253   2.429   2.605   2.777   2.940   3.092   3.228   3.348
   5.600  -0.523  -0.522  -0.521  -0.521  -0.519  -0.517  -0.514  -0.510  -0.503  -0.492  -0.475  -0.450  -0.412  -0.356  -0.280  -0.177  -0.051   0.099   0.266   0.445   0.630   0.814   0.997   1.174   1.347   1.515   1.682   1.850   2.019   2.193   2.368   2.543   2.715   2.879   3.031   3.168   3.290
   5.625  -0.523  -0.523  -0.522  -0.521  -0.520  -0.518  -0.516  -0.512  -0.506  -0.497  -0.483  -0.461  -0.427  -0.378  -0.308  -0.213  -0.093   0.053   0.218   0.397   0.583   0.769   0.953   1.130   1.301   1.467   1.631   1.796   1.963   2.135   2.309   2.484   2.655   2.819   2.973   3.111   3.235
   5.650  -0.523  -0.523  -0.522  -0.522  -0.520  -0.519  -0.516  -0.513  -0.508  -0.500  -0.488  -0.469  -0.440  -0.396  -0.334  -0.246  -0.133   0.007   0.169   0.348   0.535   0.723   0.909   1.086   1.257   1.421   1.583   1.746   1.911   2.081   2.254   2.428   2.598   2.762   2.916   3.056   3.183
   5.675  -0.524  -0.523  -0.523  -0.522  -0.521  -0.519  -0.517  -0.514  -0.509  -0.503  -0.492  -0.476  -0.450  -0.412  -0.356  -0.276  -0.171  -0.036   0.121   0.299   0.487   0.677   0.865   1.042   1.213   1.377   1.537   1.698   1.860   2.030   2.202   2.374   2.544   2.708   2.862   3.003   3.132
   5.700  -0.524  -0.523  -0.523  -0.522  -0.521  -0.519  -0.517  -0.515  -0.511  -0.505  -0.495  -0.481  -0.458  -0.425  -0.374  -0.302  -0.204  -0.076   0.076   0.252   0.440   0.631   0.820   0.999   1.171   1.333   1.492   1.651   1.813   1.981   2.152   2.324   2.493   2.656   2.810   2.953   3.084
   5.725  -0.524  -0.523  -0.523  -0.522  -0.521  -0.520  -0.518  -0.515  -0.512  -0.506  -0.497  -0.485  -0.464  -0.434  -0.389  -0.323  -0.233  -0.112   0.035   0.208   0.394   0.586   0.776   0.956   1.128   1.290   1.449   1.607   1.768   1.935   2.105   2.275   2.444   2.606   2.761   2.904   3.038
   5.750  -0.524  -0.524  -0.523  -0.522  -0.521  -0.520  -0.518  -0.516  -0.512  -0.507  -0.499  -0.488  -0.469  -0.442  -0.401  -0.341  -0.258  -0.143  -0.002   0.166   0.350   0.541   0.733   0.913   1.086   1.248   1.406   1.564   1.724   1.891   2.060   2.230   2.397   2.559   2.714   2.858   2.993
   5.775  -0.524  -0.524  -0.523  -0.522  -0.522  -0.520  -0.519  -0.516  -0.513  -0.508  -0.500  -0.490  -0.473  -0.448  -0.411  -0.356  -0.278  -0.170  -0.035   0.128   0.309   0.499   0.690   0.870   1.044   1.207   1.365   1.523   1.683   1.849   2.018   2.187   2.353   2.514   2.668   2.813   2.950
   5.800  -0.524  -0.524  -0.523  -0.523  -0.522  -0.521  -0.519  -0.517  -0.513  -0.509  -0.501  -0.491  -0.476  -0.453  -0.419  -0.368  -0.296  -0.194  -0.065   0.093   0.270   0.458   0.648   0.829   1.002   1.166   1.325   1.484   1.644   1.810   1.978   2.146   2.311   2.471   2.625   2.770   2.907
   5.825  -0.524  -0.524  -0.523  -0.523  -0.522  -0.521  -0.520  -0.517  -0.514  -0.510  -0.503  -0.493  -0.478  -0.458  -0.425  -0.378  -0.311  -0.215  -0.092   0.061   0.233   0.418   0.607   0.788   0.962   1.127   1.287   1.447   1.607   1.773   1.941   2.107   2.271   2.430   2.583   2.728   2.866
   5.850  -0.524  -0.524  -0.523  -0.523  -0.523  -0.522  -0.520  -0.518  -0.515  -0.511  -0.504  -0.495  -0.481  -0.461  -0.431  -0.387  -0.323  -0.233  -0.116   0.031   0.198   0.380   0.567   0.748   0.924   1.090   1.252   1.412   1.573   1.739   1.906   2.071   2.233   2.390   2.542   2.687   2.826
   5.875  -0.524  -0.524  -0.523  -0.523  -0.522  -0.522  -0.520  -0.518  -0.516  -0.511  -0.505  -0.496  -0.483  -0.464  -0.436  -0.395  -0.335  -0.249  -0.138   0.003   0.165   0.344   0.530   0.711   0.888   1.056   1.219   1.381   1.543   1.708   1.873   2.037   2.197   2.352   2.502   2.647   2.787
   5.900  -0.524  -0.523  -0.523  -0.523  -0.522  -0.522  -0.520  -0.519  -0.516  -0.512  -0.506  -0.498  -0.485  -0.468  -0.440  -0.401  -0.344  -0.263  -0.157  -0.021   0.136   0.311   0.495   0.677   0.855   1.025   1.190   1.353   1.515   1.679   1.843   2.004   2.162   2.314   2.463   2.608   2.749
   5.925  -0.524  -0.523  -0.522  -0.522  -0.522  -0.521  -0.520  -0.519  -0.516  -0.513  -0.507  -0.500  -0.488  -0.470  -0.444  -0.407  -0.353  -0.275  -0.174  -0.043   0.110   0.282   0.464   0.646   0.826   0.997   1.164   1.328   1.490   1.653   1.814   1.972   2.127   2.277   2.424   2.569   2.712
   5.950  -0.523  -0.523  -0.522  -0.522  -0.521  -0.520  -0.519  -0.518  -0.516  -0.513  -0.508  -0.501  -0.489  -0.473  -0.448  -0.412  -0.360  -0.286  -0.189  -0.062   0.087   0.256   0.436   0.618   0.799   0.972   1.141   1.306   1.467   1.628   1.787   1.941   2.093   2.240   2.386   2.532   2.678
   5.975  -0.523  -0.522  -0.522  -0.521  -0.520  -0.519  -0.518  -0.517  -0.515  -0.512  -0.508  -0.501  -0.491  -0.475  -0.451  -0.417  -0.366  -0.295  -0.201  -0.079   0.067   0.234   0.412   0.595   0.777   0.952   1.122   1.286   1.447   1.605   1.760   1.911   2.058   2.203   2.348   2.496   2.645
   6.000  -0.523  -0.522  -0.522  -0.521  -0.519  -0.518  -0.517  -0.516  -0.514  -0.511  -0.507  -0.501  -0.491  -0.476  -0.454  -0.421  -0.372  -0.304  -0.213  -0.093   0.049   0.214   0.391   0.574   0.757   0.933   1.104   1.268   1.427   1.582   1.733   1.879   2.024   2.167   2.311   2.461   2.615
   6.050  -0.523  -0.523  -0.522  -0.520  -0.519  -0.517  -0.515  -0.514  -0.511  -0.508  -0.504  -0.498  -0.489  -0.476  -0.456  -0.427  -0.383  -0.320  -0.234  -0.121   0.017   0.178   0.355   0.539   0.724   0.903   1.074   1.235   1.388   1.535   1.676   1.815   1.953   2.093   2.239   2.395   2.558
   6.100  -0.524  -0.523  -0.522  -0.521  -0.519  -0.517  -0.515  -0.513  -0.510  -0.506  -0.500  -0.494  -0.485  -0.474  -0.455  -0.429  -0.389  -0.331  -0.251  -0.143  -0.010   0.149   0.324   0.508   0.694   0.872   1.042   1.197   1.343   1.480   1.614   1.746   1.881   2.021   2.171   2.334   2.509
   6.150  -0.525  -0.524  -0.524  -0.523  -0.521  -0.520  -0.517  -0.515  -0.511  -0.506  -0.500  -0.492  -0.482  -0.469  -0.450  -0.425  -0.387  -0.333  -0.258  -0.156  -0.029   0.126   0.297   0.479   0.662   0.836   0.999   1.146   1.283   1.414   1.541   1.671   1.806   1.950   2.104   2.274   2.457
   6.200  -0.526  -0.526  -0.525  -0.524  -0.524  -0.522  -0.520  -0.518  -0.514  -0.509  -0.502  -0.493  -0.481  -0.467  -0.447  -0.421  -0.384  -0.332  -0.261  -0.164  -0.042   0.106   0.272   0.448   0.626   0.791   0.946   1.084   1.214   1.339   1.463   1.594   1.732   1.880   2.041   2.216   2.406
   6.250  -0.526  -0.526  -0.526  -0.525  -0.525  -0.524  -0.523  -0.521  -0.518  -0.513  -0.507  -0.499  -0.488  -0.473  -0.452  -0.424  -0.385  -0.332  -0.261  -0.167  -0.050   0.091   0.248   0.413   0.579   0.733   0.878   1.010   1.135   1.257   1.382   1.516   1.660   1.815   1.982   2.162   2.354
   6.300  -0.526  -0.526  -0.526  -0.526  -0.526  -0.526  -0.525  -0.524  -0.521  -0.519  -0.514  -0.507  -0.497  -0.482  -0.460  -0.431  -0.390  -0.336  -0.265  -0.172  -0.061   0.072   0.218   0.371   0.524   0.666   0.802   0.928   1.050   1.173   1.300   1.440   1.591   1.754   1.927   2.109   2.302
   6.350  -0.527  -0.526  -0.526  -0.526  -0.526  -0.526  -0.526  -0.525  -0.524  -0.522  -0.519  -0.514  -0.505  -0.493  -0.474  -0.446  -0.406  -0.352  -0.282  -0.191  -0.084   0.041   0.177   0.317   0.457   0.590   0.718   0.841   0.964   1.089   1.222   1.368   1.526   1.696   1.874   2.057   2.247
   6.400  -0.527  -0.527  -0.527  -0.527  -0.526  -0.526  -0.526  -0.526  -0.525  -0.524  -0.522  -0.518  -0.513  -0.503  -0.487  -0.463  -0.426  -0.374  -0.306  -0.219  -0.116   0.002   0.127   0.256   0.385   0.509   0.632   0.754   0.878   1.008   1.147   1.300   1.465   1.640   1.822   2.004   2.189
   6.450  -0.528  -0.527  -0.527  -0.527  -0.527  -0.527  -0.526  -0.526  -0.526  -0.525  -0.523  -0.521  -0.517  -0.510  -0.497  -0.477  -0.445  -0.398  -0.336  -0.254  -0.158  -0.049   0.069   0.188   0.309   0.429   0.548   0.670   0.796   0.931   1.076   1.236   1.407   1.588   1.772   1.952   2.131
   6.500  -0.528  -0.528  -0.528  -0.528  -0.527  -0.527  -0.527  -0.527  -0.526  -0.526  -0.524  -0.522  -0.519  -0.514  -0.504  -0.488  -0.462  -0.422  -0.366  -0.292  -0.204  -0.102   0.007   0.120   0.235   0.350   0.468   0.589   0.718   0.858   1.009   1.175   1.351   1.537   1.722   1.900   2.073
   6.550  -0.528  -0.528  -0.528  -0.528  -0.528  -0.528  -0.527  -0.527  -0.527  -0.526  -0.525  -0.524  -0.521  -0.517  -0.508  -0.495  -0.473  -0.439  -0.391  -0.325  -0.246  -0.152  -0.050   0.056   0.166   0.277   0.393   0.513   0.643   0.788   0.945   1.117   1.298   1.486   1.672   1.846   2.013
   6.600  -0.528  -0.528  -0.528  -0.528  -0.528  -0.528  -0.528  -0.528  -0.528  -0.527  -0.526  -0.525  -0.523  -0.519  -0.511  -0.500  -0.482  -0.453  -0.412  -0.355  -0.284  -0.198  -0.103  -0.003   0.103   0.210   0.323   0.443   0.574   0.723   0.885   1.062   1.247   1.435   1.620   1.791   1.953
   6.650  -0.528  -0.528  -0.528  -0.528  -0.528  -0.529  -0.529  -0.529  -0.528  -0.528  -0.527  -0.526  -0.524  -0.521  -0.514  -0.505  -0.489  -0.464  -0.429  -0.379  -0.315  -0.238  -0.151  -0.056   0.045   0.149   0.260   0.381   0.515   0.666   0.831   1.010   1.196   1.384   1.568   1.736   1.893
   6.700  -0.529  -0.529  -0.529  -0.529  -0.529  -0.529  -0.529  -0.529  -0.529  -0.529  -0.528  -0.527  -0.525  -0.522  -0.517  -0.508  -0.494  -0.473  -0.442  -0.398  -0.343  -0.273  -0.193  -0.105  -0.009   0.093   0.203   0.325   0.461   0.614   0.781   0.962   1.148   1.334   1.515   1.681   1.834
   6.750  -0.530  -0.530  -0.530  -0.530  -0.530  -0.530  -0.530  -0.530  -0.530  -0.529  -0.529  -0.528  -0.526  -0.524  -0.519  -0.512  -0.500  -0.481  -0.454  -0.416  -0.366  -0.304  -0.231  -0.149  -0.058   0.041   0.150   0.273   0.410   0.565   0.734   0.915   1.101   1.285   1.463   1.624   1.773
   6.800  -0.531  -0.531  -0.531  -0.531  -0.531  -0.531  -0.531  -0.531  -0.531  -0.530  -0.530  -0.529  -0.528  -0.525  -0.521  -0.515  -0.504  -0.488  -0.464  -0.430  -0.386  -0.330  -0.264  -0.188  -0.102  -0.006   0.102   0.225   0.363   0.520   0.690   0.870   1.054   1.236   1.410   1.567   1.711
   6.850  -0.531  -0.531  -0.531  -0.532  -0.532  -0.531  -0.531  -0.531  -0.531  -0.531  -0.531  -0.530  -0.529  -0.527  -0.523  -0.518  -0.508  -0.494  -0.472  -0.442  -0.403  -0.353  -0.293  -0.222  -0.140  -0.048   0.059   0.182   0.321   0.478   0.647   0.826   1.008   1.187   1.356   1.507   1.644
   6.900  -0.532  -0.532  -0.532  -0.532  -0.532  -0.532  -0.532  -0.532  -0.532  -0.532  -0.532  -0.531  -0.530  -0.528  -0.525  -0.520  -0.511  -0.498  -0.480  -0.453  -0.418  -0.373  -0.318  -0.252  -0.174  -0.083   0.022   0.144   0.283   0.439   0.607   0.784   0.963   1.137   1.301   1.445   1.572
   6.950  -0.533  -0.533  -0.533  -0.533  -0.533  -0.533  -0.533  -0.533  -0.533  -0.533  -0.533  -0.532  -0.531  -0.529  -0.526  -0.521  -0.513  -0.502  -0.486  -0.462  -0.430  -0.390  -0.339  -0.276  -0.202  -0.114  -0.010   0.110   0.247   0.401   0.567   0.742   0.918   1.087   1.245   1.384   1.505
   7.000  -0.534  -0.534  -0.534  -0.534  -0.534  -0.534  -0.534  -0.534  -0.534  -0.534  -0.534  -0.533  -0.532  -0.530  -0.527  -0.522  -0.515  -0.505  -0.491  -0.469  -0.440  -0.404  -0.357  -0.298  -0.226  -0.140  -0.039   0.079   0.213   0.365   0.528   0.700   0.873   1.037   1.189   1.323   1.440
   7.050  -0.535  -0.535  -0.535  -0.535  -0.535  -0.535  -0.535  -0.535  -0.535  -0.535  -0.535  -0.534  -0.533  -0.531  -0.528  -0.524  -0.517  -0.508  -0.494  -0.475  -0.449  -0.415  -0.371  -0.314  -0.245  -0.162  -0.064   0.051   0.182   0.330   0.489   0.658   0.827   0.987   1.133   1.256   1.360
   7.100  -0.537  -0.537  -0.537  -0.537  -0.537  -0.537  -0.537  -0.537  -0.536  -0.536  -0.536  -0.535  -0.534  -0.533  -0.530  -0.526  -0.519  -0.510  -0.497  -0.480  -0.456  -0.424  -0.382  -0.328  -0.261  -0.182  -0.088   0.024   0.151   0.295   0.451   0.616   0.780   0.936   1.075   1.185   1.271
   7.150  -0.538  -0.538  -0.538  -0.538  -0.538  -0.538  -0.538  -0.538  -0.538  -0.538  -0.537  -0.537  -0.536  -0.534  -0.532  -0.528  -0.522  -0.513  -0.501  -0.484  -0.462  -0.432  -0.392  -0.341  -0.278  -0.202  -0.111  -0.003   0.120   0.261   0.413   0.572   0.730   0.883   1.016   1.109   1.177
   7.200  -0.540  -0.540  -0.540  -0.540  -0.540  -0.540  -0.540  -0.540  -0.540  -0.540  -0.539  -0.539  -0.538  -0.536  -0.534  -0.531  -0.526  -0.517  -0.505  -0.489  -0.468  -0.439  -0.401  -0.353  -0.294  -0.221  -0.133  -0.030   0.089   0.226   0.374   0.528   0.680   0.823   0.944   1.027   1.076
   7.250  -0.542  -0.542  -0.542  -0.542  -0.542  -0.542  -0.542  -0.542  -0.542  -0.542  -0.541  -0.541  -0.540  -0.539  -0.537  -0.534  -0.529  -0.521  -0.510  -0.495  -0.475  -0.447  -0.411  -0.366  -0.310  -0.240  -0.156  -0.057   0.058   0.190   0.333   0.487   0.632   0.747   0.836   0.913   0.950
   7.300  -0.544  -0.544  -0.544  -0.544  -0.544  -0.544  -0.544  -0.544  -0.544  -0.544  -0.544  -0.544  -0.543  -0.542  -0.540  -0.537  -0.532  -0.525  -0.515  -0.501  -0.482  -0.455  -0.421  -0.378  -0.325  -0.259  -0.179  -0.083   0.027   0.154   0.291   0.445   0.584   0.671   0.731   0.776   0.804
   7.350  -0.546  -0.546  -0.546  -0.546  -0.546  -0.546  -0.546  -0.546  -0.546  -0.546  -0.546  -0.546  -0.545  -0.545  -0.543  -0.540  -0.535  -0.529  -0.520  -0.507  -0.489  -0.464  -0.432  -0.391  -0.340  -0.278  -0.202  -0.110  -0.004   0.118   0.252   0.404   0.542   0.625   0.680   0.701   0.725
   7.400  -0.549  -0.549  -0.549  -0.549  -0.549  -0.549  -0.549  -0.549  -0.549  -0.549  -0.549  -0.549  -0.548  -0.547  -0.546  -0.543  -0.539  -0.533  -0.525  -0.514  -0.497  -0.474  -0.443  -0.404  -0.356  -0.297  -0.225  -0.137  -0.035   0.084   0.213   0.355   0.482   0.562   0.616   0.659   0.684
   7.450  -0.552  -0.552  -0.552  -0.552  -0.552  -0.552  -0.552  -0.552  -0.552  -0.552  -0.552  -0.551  -0.551  -0.550  -0.549  -0.547  -0.543  -0.538  -0.530  -0.520  -0.505  -0.483  -0.454  -0.418  -0.372  -0.316  -0.248  -0.164  -0.066   0.053   0.173   0.277   0.363   0.420   0.459   0.517   0.537
   7.500  -0.555  -0.555  -0.555  -0.555  -0.555  -0.555  -0.555  -0.555  -0.555  -0.555  -0.555  -0.555  -0.554  -0.553  -0.552  -0.551  -0.548  -0.543  -0.536  -0.526  -0.512  -0.492  -0.465  -0.431  -0.388  -0.336  -0.271  -0.191  -0.098   0.020   0.131   0.199   0.245   0.279   0.303   0.321   0.331
   7.550  -0.558  -0.558  -0.558  -0.558  -0.558  -0.558  -0.558  -0.559  -0.559  -0.559  -0.559  -0.558  -0.558  -0.557  -0.556  -0.555  -0.552  -0.548  -0.542  -0.532  -0.519  -0.501  -0.476  -0.444  -0.403  -0.354  -0.294  -0.219  -0.130  -0.017   0.089   0.149   0.189   0.219   0.239   0.240   0.248
   7.600  -0.562  -0.562  -0.562  -0.562  -0.562  -0.562  -0.562  -0.562  -0.563  -0.563  -0.563  -0.563  -0.562  -0.562  -0.561  -0.559  -0.557  -0.554  -0.548  -0.539  -0.526  -0.509  -0.487  -0.457  -0.419  -0.373  -0.317  -0.247  -0.163  -0.056   0.045   0.107   0.149   0.180   0.201   0.217   0.227
   7.650  -0.567  -0.567  -0.567  -0.567  -0.567  -0.567  -0.567  -0.567  -0.567  -0.567  -0.567  -0.567  -0.567  -0.566  -0.565  -0.564  -0.562  -0.559  -0.554  -0.546  -0.534  -0.518  -0.497  -0.470  -0.436  -0.394  -0.341  -0.275  -0.197  -0.095   0.001   0.060   0.100   0.130   0.150   0.164   0.173
   7.700  -0.572  -0.572  -0.572  -0.572  -0.572  -0.572  -0.572  -0.572  -0.572  -0.572  -0.572  -0.572  -0.572  -0.571  -0.570  -0.569  -0.568  -0.565  -0.560  -0.553  -0.542  -0.527  -0.508  -0.484  -0.453  -0.415  -0.366  -0.305  -0.231  -0.135  -0.045   0.010   0.048   0.076   0.095   0.109   0.118
   7.750  -0.577  -0.577  -0.577  -0.577  -0.577  -0.577  -0.577  -0.577  -0.578  -0.578  -0.578  -0.578  -0.578  -0.577  -0.576  -0.576  -0.574  -0.571  -0.567  -0.560  -0.550  -0.536  -0.519  -0.498  -0.471  -0.436  -0.391  -0.335  -0.266  -0.177  -0.092  -0.041  -0.005   0.021   0.038   0.045   0.053
   7.800  -0.583  -0.583  -0.583  -0.583  -0.583  -0.583  -0.583  -0.583  -0.584  -0.584  -0.584  -0.584  -0.584  -0.584  -0.583  -0.582  -0.581  -0.578  -0.574  -0.567  -0.558  -0.546  -0.531  -0.513  -0.489  -0.458  -0.418  -0.366  -0.303  -0.225  -0.151  -0.106  -0.075  -0.052  -0.037  -0.025  -0.018
   7.850  -0.590  -0.590  -0.590  -0.590  -0.590  -0.590  -0.590  -0.590  -0.591  -0.591  -0.591  -0.591  -0.591  -0.591  -0.590  -0.590  -0.588  -0.586  -0.582  -0.576  -0.568  -0.557  -0.544  -0.529  -0.508  -0.481  -0.446  -0.396  -0.341  -0.288  -0.243  -0.214  -0.194  -0.179  -0.169  -0.142  -0.137
   7.900  -0.598  -0.598  -0.598  -0.598  -0.598  -0.598  -0.598  -0.598  -0.598  -0.599  -0.599  -0.599  -0.598  -0.598  -0.598  -0.597  -0.596  -0.594  -0.590  -0.585  -0.578  -0.569  -0.558  -0.545  -0.528  -0.506  -0.475  -0.427  -0.380  -0.352  -0.333  -0.318  -0.309  -0.302  -0.297  -0.293  -0.291
   7.950  -0.606  -0.606  -0.606  -0.606  -0.606  -0.606  -0.606  -0.606  -0.606  -0.606  -0.606  -0.606  -0.606  -0.606  -0.606  -0.605  -0.604  -0.602  -0.599  -0.594  -0.588  -0.581  -0.572  -0.562  -0.549  -0.530  -0.504  -0.461  -0.419  -0.396  -0.382  -0.371  -0.363  -0.358  -0.354  -0.363  -0.362
   8.000  -0.614  -0.614  -0.614  -0.614  -0.614  -0.614  -0.614  -0.614  -0.614  -0.614  -0.614  -0.614  -0.614  -0.614  -0.614  -0.613  -0.612  -0.610  -0.608  -0.604  -0.599  -0.594  -0.587  -0.580  -0.570  -0.556  -0.534  -0.497  -0.459  -0.437  -0.421  -0.410  -0.403  -0.397  -0.393  -0.390  -0.389
   8.100  -0.634  -0.634  -0.634  -0.634  -0.634  -0.634  -0.634  -0.634  -0.634  -0.634  -0.634  -0.634  -0.634  -0.635  -0.635  -0.634  -0.633  -0.631  -0.629  -0.627  -0.625  -0.623  -0.621  -0.619  -0.616  -0.610  -0.599  -0.575  -0.550  -0.535  -0.525  -0.518  -0.513  -0.510  -0.507  -0.505  -0.504
   8.200  -0.658  -0.658  -0.658  -0.658  -0.658  -0.658  -0.658  -0.658  -0.658  -0.659  -0.659  -0.659  -0.659  -0.659  -0.660  -0.659  -0.658  -0.657  -0.656  -0.655  -0.656  -0.657  -0.660  -0.665  -0.669  -0.671  -0.668  -0.651  -0.631  -0.621  -0.613  -0.608  -0.604  -0.601  -0.599  -0.630  -0.629
   8.300  -0.687  -0.687  -0.687  -0.687  -0.687  -0.687  -0.687  -0.687  -0.687  -0.687  -0.688  -0.688  -0.688  -0.688  -0.688  -0.687  -0.687  -0.687  -0.687  -0.688  -0.691  -0.696  -0.704  -0.715  -0.727  -0.737  -0.745  -0.751  -0.755  -0.758  -0.760  -0.761  -0.762  -0.763  -0.764  -0.764  -0.764
   8.400  -0.735  -0.727  -0.723  -0.721  -0.721  -0.721  -0.721  -0.720  -0.720  -0.721  -0.721  -0.721  -0.721  -0.721  -0.721  -0.721  -0.721  -0.721  -0.723  -0.726  -0.731  -0.741  -0.753  -0.767  -0.785  -0.803  -0.841  -0.934  -1.033  -1.090  -1.129  -1.158  -1.177  -1.191  -1.201  -1.099  -1.102
   8.500  -0.757  -0.757  -0.757  -0.757  -0.758  -0.758  -0.758  -0.758  -0.758  -0.758  -0.758  -0.758  -0.758  -0.758  -0.758  -0.758  -0.759  -0.760  -0.763  -0.767  -0.775  -0.789  -0.807  -0.824  -0.849  -0.875  -0.937  -1.098  -1.268  -1.366  -1.434  -1.483  -1.516  -1.541  -1.558  -1.571  -1.578
   8.600  -0.709  -0.753  -0.782  -0.797  -0.797  -0.799  -0.798  -0.799  -0.799  -0.799  -0.799  -0.799  -0.799  -0.799  -0.799  -0.799  -0.801  -0.803  -0.806  -0.813  -0.823  -0.841  -0.865  -0.891  -0.922  -0.965  -1.017  -1.128  -1.280  -1.362  -1.412  -1.453  -1.477  -1.498  -1.510  -1.521  -1.527
   8.700  -0.605  -0.723  -0.801  -0.839  -0.838  -0.844  -0.842  -0.843  -0.843  -0.843  -0.843  -0.843  -0.843  -0.843  -0.843  -0.844  -0.846  -0.849  -0.853  -0.862  -0.876  -0.898  -0.926  -0.961  -1.002  -1.043  -1.087  -1.114  -1.129  -1.143  -1.151  -1.157  -1.161  -1.165  -1.167  -1.168  -1.169

