fixed metal distribution -- based on Grevesse & Sauval (1998)
    form     version        X           Z          logRs    logR_min    logR_max       logTs    logT_min    logT_max
       1          38    0.800000    0.004000          37   -8.000000    1.000000         138    3.750000    8.700000

   logT                       logR = logRho - 3*logT + 18
          -8.000  -7.750  -7.500  -7.250  -7.000  -6.750  -6.500  -6.250  -6.000  -5.750  -5.500  -5.250  -5.000  -4.750  -4.500  -4.250  -4.000  -3.750  -3.500  -3.250  -3.000  -2.750  -2.500  -2.250  -2.000  -1.750  -1.500  -1.250  -1.000  -0.750  -0.500  -0.250   0.000   0.250   0.500   0.750   1.000

   3.750  -0.731  -0.810  -0.897  -0.991  -1.092  -1.195  -1.303  -1.410  -1.519  -1.626  -1.732  -1.834  -1.934  -2.023  -2.104  -2.165  -2.210  -2.227  -2.221  -2.190  -2.136  -2.068  -1.982  -1.890  -1.787  -1.683  -1.575  -1.463  -1.347  -1.226  -1.099  -0.971  -0.839  -0.701  -0.558  -0.409  -0.253
   3.775  -0.599  -0.641  -0.693  -0.755  -0.828  -0.910  -1.001  -1.094  -1.193  -1.292  -1.392  -1.489  -1.583  -1.665  -1.739  -1.795  -1.836  -1.851  -1.844  -1.814  -1.762  -1.698  -1.619  -1.530  -1.429  -1.330  -1.228  -1.120  -1.007  -0.892  -0.774  -0.653  -0.529  -0.401  -0.269  -0.133   0.009
   3.800  -0.515  -0.530  -0.556  -0.592  -0.638  -0.695  -0.763  -0.836  -0.915  -0.997  -1.082  -1.164  -1.245  -1.315  -1.378  -1.425  -1.459  -1.470  -1.462  -1.433  -1.384  -1.325  -1.252  -1.168  -1.073  -0.980  -0.884  -0.782  -0.674  -0.565  -0.454  -0.340  -0.224  -0.104   0.019   0.146   0.276
   3.825  -0.488  -0.491  -0.500  -0.513  -0.533  -0.559  -0.593  -0.633  -0.680  -0.734  -0.792  -0.853  -0.912  -0.967  -1.014  -1.052  -1.076  -1.082  -1.072  -1.045  -1.003  -0.948  -0.882  -0.805  -0.721  -0.635  -0.545  -0.449  -0.348  -0.245  -0.139  -0.032   0.078   0.192   0.309   0.426   0.548
   3.850  -0.488  -0.487  -0.485  -0.483  -0.481  -0.480  -0.482  -0.489  -0.502  -0.523  -0.549  -0.579  -0.611  -0.641  -0.668  -0.688  -0.699  -0.697  -0.683  -0.657  -0.619  -0.569  -0.509  -0.442  -0.368  -0.290  -0.207  -0.119  -0.026   0.071   0.171   0.272   0.375   0.483   0.595   0.709   0.826
   3.875  -0.486  -0.482  -0.476  -0.468  -0.458  -0.446  -0.432  -0.418  -0.405  -0.394  -0.383  -0.375  -0.367  -0.360  -0.352  -0.344  -0.332  -0.316  -0.293  -0.265  -0.228  -0.183  -0.131  -0.072  -0.008   0.060   0.134   0.213   0.297   0.385   0.477   0.570   0.667   0.767   0.871   0.979   1.089
   3.900  -0.487  -0.483  -0.477  -0.469  -0.457  -0.440  -0.419  -0.391  -0.358  -0.319  -0.275  -0.227  -0.178  -0.130  -0.083  -0.040   0.001   0.038   0.075   0.112   0.151   0.194   0.241   0.293   0.349   0.408   0.473   0.542   0.617   0.695   0.777   0.863   0.952   1.045   1.141   1.241   1.345
   3.925  -0.487  -0.485  -0.480  -0.473  -0.462  -0.445  -0.420  -0.386  -0.342  -0.285  -0.218  -0.141  -0.058   0.029   0.116   0.198   0.275   0.342   0.403   0.456   0.506   0.553   0.600   0.648   0.698   0.751   0.808   0.868   0.933   1.002   1.075   1.152   1.232   1.317   1.405   1.498   1.595
   3.950  -0.487  -0.486  -0.482  -0.478  -0.470  -0.455  -0.431  -0.396  -0.346  -0.280  -0.198  -0.100   0.011   0.131   0.254   0.374   0.489   0.591   0.681   0.758   0.824   0.882   0.934   0.983   1.031   1.080   1.131   1.185   1.241   1.301   1.365   1.433   1.504   1.581   1.663   1.749   1.840
   3.975  -0.483  -0.482  -0.480  -0.478  -0.471  -0.459  -0.438  -0.405  -0.356  -0.289  -0.202  -0.093   0.033   0.175   0.326   0.479   0.629   0.767   0.892   0.999   1.091   1.168   1.233   1.290   1.341   1.390   1.438   1.486   1.536   1.589   1.645   1.704   1.769   1.838   1.912   1.991   2.076
   4.000  -0.477  -0.477  -0.476  -0.475  -0.470  -0.460  -0.442  -0.413  -0.369  -0.305  -0.219  -0.108   0.026   0.181   0.351   0.530   0.709   0.881   1.040   1.180   1.302   1.403   1.488   1.558   1.619   1.672   1.721   1.768   1.814   1.862   1.912   1.965   2.023   2.085   2.153   2.226   2.304
   4.025  -0.471  -0.471  -0.470  -0.469  -0.466  -0.458  -0.443  -0.417  -0.377  -0.317  -0.235  -0.126   0.007   0.165   0.343   0.535   0.734   0.931   1.119   1.291   1.444   1.575   1.686   1.777   1.854   1.918   1.973   2.022   2.069   2.115   2.162   2.212   2.265   2.322   2.384   2.451   2.524
   4.050  -0.464  -0.464  -0.463  -0.463  -0.460  -0.454  -0.440  -0.418  -0.381  -0.326  -0.250  -0.147  -0.019   0.136   0.314   0.512   0.722   0.936   1.147   1.346   1.530   1.691   1.831   1.948   2.046   2.126   2.192   2.249   2.300   2.349   2.396   2.444   2.495   2.549   2.606   2.668   2.735
   4.075  -0.459  -0.458  -0.457  -0.456  -0.454  -0.448  -0.436  -0.415  -0.382  -0.331  -0.260  -0.163  -0.042   0.108   0.281   0.477   0.689   0.911   1.135   1.354   1.563   1.752   1.922   2.067   2.190   2.291   2.374   2.444   2.504   2.559   2.610   2.660   2.710   2.763   2.817   2.877   2.940
   4.100  -0.455  -0.453  -0.450  -0.449  -0.447  -0.441  -0.430  -0.412  -0.381  -0.334  -0.267  -0.177  -0.063   0.079   0.245   0.434   0.643   0.866   1.097   1.330   1.558   1.771   1.968   2.141   2.291   2.417   2.522   2.609   2.683   2.747   2.805   2.859   2.912   2.964   3.018   3.076   3.137
   4.125  -0.453  -0.450  -0.447  -0.445  -0.441  -0.435  -0.425  -0.407  -0.378  -0.335  -0.273  -0.189  -0.081   0.053   0.211   0.394   0.596   0.817   1.049   1.289   1.527   1.759   1.977   2.175   2.352   2.504   2.634   2.743   2.835   2.912   2.980   3.041   3.098   3.153   3.209   3.267   3.327
   4.150  -0.452  -0.448  -0.445  -0.441  -0.437  -0.431  -0.420  -0.403  -0.376  -0.335  -0.277  -0.198  -0.097   0.030   0.181   0.355   0.551   0.767   0.997   1.238   1.483   1.725   1.960   2.179   2.380   2.559   2.715   2.848   2.961   3.055   3.135   3.206   3.269   3.330   3.389   3.450   3.511
   4.175  -0.452  -0.448  -0.443  -0.439  -0.434  -0.427  -0.416  -0.399  -0.373  -0.334  -0.279  -0.205  -0.109   0.012   0.156   0.324   0.513   0.724   0.950   1.190   1.437   1.685   1.930   2.164   2.385   2.587   2.768   2.926   3.062   3.175   3.271   3.354   3.427   3.495   3.559   3.624   3.687
   4.200  -0.453  -0.448  -0.443  -0.438  -0.432  -0.425  -0.413  -0.397  -0.371  -0.334  -0.281  -0.210  -0.119  -0.004   0.134   0.297   0.481   0.687   0.909   1.146   1.392   1.642   1.892   2.137   2.374   2.596   2.800   2.981   3.141   3.275   3.389   3.486   3.571   3.647   3.718   3.788   3.855
   4.225  -0.454  -0.449  -0.443  -0.438  -0.431  -0.423  -0.411  -0.395  -0.370  -0.334  -0.284  -0.216  -0.129  -0.018   0.116   0.274   0.454   0.656   0.876   1.110   1.355   1.605   1.857   2.109   2.355   2.593   2.816   3.019   3.201   3.356   3.490   3.604   3.703   3.790   3.869   3.945   4.016
   4.250  -0.454  -0.449  -0.444  -0.438  -0.430  -0.422  -0.409  -0.393  -0.368  -0.334  -0.286  -0.221  -0.137  -0.030   0.100   0.255   0.432   0.632   0.850   1.082   1.325   1.574   1.827   2.082   2.335   2.584   2.821   3.044   3.246   3.423   3.577   3.709   3.823   3.922   4.010   4.094   4.170
   4.275  -0.454  -0.449  -0.443  -0.437  -0.429  -0.420  -0.407  -0.390  -0.366  -0.333  -0.287  -0.224  -0.143  -0.039   0.087   0.240   0.415   0.614   0.831   1.063   1.306   1.555   1.808   2.065   2.321   2.576   2.825   3.062   3.281   3.477   3.651   3.801   3.932   4.044   4.143   4.235   4.316
   4.300  -0.452  -0.448  -0.443  -0.436  -0.428  -0.417  -0.404  -0.387  -0.363  -0.330  -0.286  -0.226  -0.147  -0.047   0.077   0.228   0.402   0.601   0.819   1.051   1.294   1.543   1.797   2.054   2.313   2.572   2.828   3.076   3.310   3.523   3.715   3.883   4.030   4.157   4.268   4.368   4.455
   4.325  -0.449  -0.445  -0.440  -0.434  -0.425  -0.414  -0.400  -0.382  -0.358  -0.327  -0.284  -0.226  -0.150  -0.052   0.070   0.219   0.393   0.591   0.810   1.043   1.288   1.538   1.794   2.052   2.313   2.576   2.837   3.093   3.338   3.565   3.772   3.956   4.119   4.260   4.383   4.492   4.585
   4.350  -0.444  -0.442  -0.437  -0.430  -0.421  -0.409  -0.394  -0.376  -0.352  -0.321  -0.279  -0.223  -0.149  -0.053   0.067   0.215   0.388   0.587   0.806   1.041   1.287   1.539   1.797   2.057   2.320   2.585   2.850   3.112   3.365   3.604   3.825   4.023   4.200   4.355   4.490   4.607   4.706
   4.375  -0.439  -0.437  -0.433  -0.426  -0.416  -0.404  -0.388  -0.368  -0.343  -0.311  -0.269  -0.215  -0.143  -0.049   0.069   0.217   0.390   0.589   0.808   1.044   1.291   1.545   1.805   2.068   2.333   2.601   2.869   3.136   3.396   3.643   3.875   4.085   4.274   4.441   4.588   4.714   4.821
   4.400  -0.434  -0.432  -0.428  -0.421  -0.411  -0.398  -0.381  -0.359  -0.332  -0.300  -0.257  -0.203  -0.132  -0.040   0.077   0.224   0.397   0.596   0.816   1.052   1.301   1.557   1.818   2.083   2.351   2.622   2.893   3.164   3.429   3.684   3.924   4.144   4.344   4.521   4.678   4.813   4.927
   4.425  -0.429  -0.427  -0.423  -0.417  -0.407  -0.393  -0.374  -0.351  -0.321  -0.286  -0.242  -0.188  -0.117  -0.026   0.090   0.236   0.408   0.607   0.827   1.064   1.314   1.572   1.835   2.103   2.373   2.647   2.922   3.196   3.465   3.726   3.973   4.201   4.409   4.596   4.761   4.905   5.026
   4.450  -0.425  -0.423  -0.419  -0.413  -0.403  -0.389  -0.369  -0.343  -0.311  -0.273  -0.226  -0.170  -0.098  -0.006   0.109   0.254   0.425   0.624   0.844   1.082   1.333   1.592   1.857   2.127   2.400   2.676   2.954   3.231   3.504   3.770   4.023   4.256   4.472   4.665   4.838   4.989   5.117
   4.475  -0.422  -0.420  -0.416  -0.410  -0.400  -0.386  -0.365  -0.337  -0.302  -0.260  -0.208  -0.148  -0.073   0.021   0.136   0.280   0.451   0.649   0.869   1.107   1.359   1.619   1.885   2.156   2.431   2.709   2.989   3.269   3.546   3.815   4.072   4.311   4.531   4.731   4.909   5.065   5.198
   4.500  -0.421  -0.418  -0.414  -0.408  -0.399  -0.384  -0.363  -0.334  -0.296  -0.249  -0.193  -0.127  -0.047   0.050   0.169   0.313   0.483   0.681   0.901   1.139   1.391   1.651   1.918   2.189   2.465   2.744   3.026   3.309   3.587   3.859   4.119   4.362   4.586   4.790   4.973   5.133   5.271
   4.525  -0.420  -0.417  -0.413  -0.407  -0.399  -0.385  -0.364  -0.334  -0.294  -0.244  -0.182  -0.109  -0.022   0.081   0.205   0.353   0.524   0.722   0.941   1.178   1.429   1.688   1.954   2.225   2.501   2.782   3.064   3.348   3.628   3.902   4.163   4.408   4.636   4.842   5.028   5.188   5.327
   4.550  -0.420  -0.417  -0.412  -0.407  -0.399  -0.386  -0.365  -0.336  -0.295  -0.242  -0.176  -0.097  -0.002   0.109   0.240   0.394   0.569   0.768   0.986   1.222   1.471   1.728   1.993   2.264   2.539   2.820   3.102   3.386   3.666   3.939   4.202   4.448   4.676   4.884   5.070   5.232   5.370
   4.575  -0.420  -0.416  -0.412  -0.407  -0.399  -0.387  -0.368  -0.339  -0.299  -0.245  -0.177  -0.092   0.010   0.131   0.272   0.434   0.616   0.818   1.038   1.273   1.519   1.774   2.037   2.305   2.578   2.856   3.137   3.419   3.698   3.970   4.232   4.477   4.705   4.913   5.098   5.258   5.394
   4.600  -0.419  -0.416  -0.411  -0.407  -0.400  -0.389  -0.370  -0.343  -0.304  -0.251  -0.181  -0.092   0.016   0.145   0.295   0.467   0.657   0.864   1.087   1.321   1.566   1.819   2.078   2.343   2.614   2.889   3.167   3.446   3.722   3.992   4.251   4.495   4.721   4.927   5.110   5.268   5.402
   4.625  -0.419  -0.415  -0.411  -0.407  -0.400  -0.390  -0.373  -0.347  -0.310  -0.258  -0.189  -0.099   0.012   0.147   0.304   0.484   0.682   0.896   1.124   1.361   1.607   1.858   2.115   2.377   2.644   2.915   3.188   3.463   3.735   4.001   4.256   4.497   4.720   4.923   5.104   5.261   5.392
   4.650  -0.418  -0.414  -0.410  -0.406  -0.400  -0.390  -0.374  -0.351  -0.315  -0.266  -0.198  -0.109   0.003   0.141   0.302   0.488   0.692   0.913   1.146   1.387   1.635   1.886   2.142   2.402   2.665   2.932   3.200   3.470   3.737   3.997   4.248   4.485   4.705   4.905   5.084   5.236   5.365
   4.675  -0.417  -0.413  -0.409  -0.405  -0.399  -0.390  -0.375  -0.353  -0.320  -0.273  -0.207  -0.120  -0.010   0.128   0.289   0.477   0.684   0.909   1.146   1.392   1.643   1.897   2.153   2.412   2.673   2.936   3.200   3.464   3.725   3.980   4.226   4.458   4.675   4.872   5.048   5.201   5.328
   4.700  -0.416  -0.412  -0.408  -0.404  -0.398  -0.390  -0.376  -0.355  -0.324  -0.279  -0.216  -0.132  -0.025   0.110   0.270   0.456   0.664   0.890   1.130   1.378   1.633   1.890   2.149   2.408   2.667   2.927   3.187   3.446   3.701   3.951   4.192   4.420   4.634   4.828   5.003   5.152   5.279
   4.725  -0.415  -0.411  -0.407  -0.403  -0.397  -0.389  -0.376  -0.356  -0.327  -0.285  -0.225  -0.144  -0.040   0.091   0.247   0.430   0.634   0.858   1.097   1.346   1.602   1.862   2.123   2.384   2.645   2.904   3.162   3.417   3.668   3.913   4.150   4.374   4.585   4.778   4.951   5.101   5.227
   4.750  -0.415  -0.411  -0.406  -0.402  -0.396  -0.388  -0.375  -0.357  -0.330  -0.290  -0.233  -0.156  -0.055   0.071   0.223   0.400   0.600   0.819   1.055   1.302   1.559   1.820   2.084   2.347   2.610   2.870   3.126   3.379   3.627   3.869   4.102   4.324   4.532   4.724   4.896   5.044   5.171
   4.775  -0.415  -0.411  -0.406  -0.402  -0.395  -0.387  -0.375  -0.358  -0.332  -0.294  -0.240  -0.166  -0.070   0.052   0.198   0.370   0.565   0.779   1.010   1.254   1.508   1.768   2.033   2.298   2.563   2.825   3.083   3.336   3.583   3.823   4.054   4.274   4.481   4.671   4.842   4.991   5.117
   4.800  -0.416  -0.412  -0.407  -0.402  -0.396  -0.387  -0.375  -0.358  -0.333  -0.297  -0.247  -0.176  -0.084   0.033   0.175   0.342   0.531   0.740   0.966   1.205   1.456   1.714   1.978   2.245   2.512   2.776   3.037   3.291   3.538   3.778   4.008   4.227   4.432   4.621   4.790   4.938   5.063
   4.825  -0.416  -0.412  -0.407  -0.403  -0.396  -0.388  -0.375  -0.359  -0.335  -0.300  -0.251  -0.184  -0.096   0.017   0.154   0.316   0.500   0.705   0.926   1.162   1.409   1.665   1.927   2.194   2.462   2.728   2.990   3.246   3.495   3.736   3.966   4.185   4.389   4.576   4.744   4.890   5.013
   4.850  -0.416  -0.412  -0.408  -0.403  -0.397  -0.388  -0.376  -0.359  -0.335  -0.302  -0.255  -0.190  -0.106   0.003   0.135   0.293   0.472   0.673   0.891   1.123   1.367   1.621   1.881   2.147   2.415   2.682   2.947   3.205   3.456   3.699   3.930   4.148   4.351   4.537   4.703   4.845   4.965
   4.875  -0.416  -0.412  -0.408  -0.403  -0.396  -0.388  -0.375  -0.359  -0.335  -0.302  -0.257  -0.194  -0.113  -0.008   0.120   0.273   0.449   0.646   0.861   1.091   1.333   1.585   1.844   2.109   2.376   2.644   2.909   3.170   3.423   3.667   3.900   4.118   4.320   4.504   4.666   4.805   4.921
   4.900  -0.416  -0.412  -0.407  -0.402  -0.396  -0.387  -0.375  -0.358  -0.335  -0.302  -0.257  -0.197  -0.118  -0.016   0.108   0.258   0.430   0.624   0.837   1.064   1.305   1.556   1.814   2.077   2.344   2.612   2.878   3.140   3.395   3.641   3.875   4.093   4.294   4.475   4.634   4.768   4.879
   4.925  -0.414  -0.411  -0.406  -0.401  -0.395  -0.386  -0.374  -0.357  -0.334  -0.302  -0.258  -0.199  -0.121  -0.022   0.099   0.246   0.416   0.608   0.819   1.046   1.285   1.535   1.792   2.055   2.321   2.589   2.855   3.118   3.374   3.622   3.856   4.073   4.272   4.449   4.604   4.732   4.837
   4.950  -0.411  -0.408  -0.404  -0.399  -0.393  -0.384  -0.372  -0.356  -0.333  -0.301  -0.257  -0.199  -0.123  -0.026   0.094   0.239   0.407   0.598   0.807   1.033   1.272   1.520   1.777   2.039   2.304   2.572   2.838   3.101   3.358   3.606   3.841   4.056   4.252   4.425   4.574   4.697   4.796
   4.975  -0.405  -0.402  -0.399  -0.395  -0.389  -0.381  -0.369  -0.353  -0.331  -0.299  -0.256  -0.199  -0.123  -0.027   0.092   0.236   0.402   0.592   0.801   1.026   1.264   1.512   1.767   2.029   2.294   2.561   2.827   3.090   3.347   3.594   3.828   4.041   4.232   4.400   4.543   4.659   4.751
   5.000  -0.396  -0.394  -0.391  -0.388  -0.383  -0.375  -0.364  -0.349  -0.327  -0.296  -0.254  -0.197  -0.122  -0.027   0.091   0.235   0.401   0.590   0.798   1.023   1.260   1.508   1.763   2.024   2.288   2.554   2.819   3.081   3.337   3.583   3.814   4.023   4.210   4.371   4.508   4.619   4.704
   5.025  -0.385  -0.383  -0.380  -0.377  -0.373  -0.366  -0.356  -0.342  -0.321  -0.292  -0.250  -0.194  -0.121  -0.026   0.091   0.234   0.400   0.590   0.798   1.022   1.260   1.507   1.762   2.022   2.285   2.550   2.813   3.074   3.328   3.571   3.798   4.002   4.182   4.337   4.467   4.572   4.653
   5.050  -0.372  -0.370  -0.367  -0.364  -0.360  -0.354  -0.345  -0.332  -0.312  -0.284  -0.244  -0.190  -0.117  -0.023   0.093   0.236   0.402   0.591   0.799   1.024   1.262   1.509   1.764   2.022   2.284   2.547   2.808   3.065   3.315   3.554   3.776   3.973   4.148   4.295   4.419   4.520   4.597
   5.075  -0.357  -0.355  -0.351  -0.348  -0.344  -0.338  -0.329  -0.317  -0.298  -0.272  -0.234  -0.181  -0.111  -0.018   0.097   0.239   0.404   0.593   0.802   1.027   1.265   1.512   1.765   2.023   2.282   2.541   2.798   3.052   3.296   3.529   3.744   3.936   4.103   4.245   4.363   4.461   4.536
   5.100  -0.344  -0.340  -0.336  -0.332  -0.327  -0.320  -0.311  -0.299  -0.281  -0.256  -0.220  -0.169  -0.101  -0.011   0.103   0.243   0.407   0.596   0.805   1.030   1.268   1.514   1.766   2.021   2.277   2.532   2.784   3.032   3.270   3.495   3.703   3.888   4.049   4.186   4.301   4.396   4.471
   5.125  -0.333  -0.327  -0.321  -0.316  -0.309  -0.302  -0.292  -0.280  -0.262  -0.237  -0.202  -0.153  -0.087   0.000   0.111   0.249   0.412   0.600   0.808   1.032   1.269   1.514   1.764   2.016   2.268   2.517   2.763   3.003   3.233   3.450   3.650   3.828   3.985   4.118   4.231   4.326   4.402
   5.150  -0.325  -0.318  -0.311  -0.303  -0.295  -0.286  -0.275  -0.261  -0.243  -0.218  -0.184  -0.137  -0.073   0.013   0.121   0.256   0.416   0.602   0.809   1.032   1.268   1.510   1.758   2.006   2.253   2.496   2.734   2.965   3.186   3.395   3.588   3.760   3.912   4.043   4.155   4.251   4.330
   5.175  -0.324  -0.315  -0.306  -0.297  -0.287  -0.276  -0.263  -0.248  -0.228  -0.202  -0.168  -0.121  -0.058   0.026   0.131   0.264   0.420   0.603   0.807   1.028   1.261   1.501   1.745   1.989   2.230   2.466   2.696   2.918   3.130   3.330   3.516   3.683   3.833   3.963   4.076   4.175   4.257
   5.200  -0.327  -0.317  -0.307  -0.296  -0.284  -0.272  -0.257  -0.239  -0.218  -0.190  -0.154  -0.107  -0.045   0.037   0.140   0.269   0.422   0.601   0.801   1.018   1.248   1.485   1.726   1.965   2.200   2.429   2.650   2.863   3.066   3.258   3.437   3.601   3.749   3.879   3.995   4.096   4.182
   5.225  -0.335  -0.324  -0.312  -0.300  -0.286  -0.272  -0.255  -0.236  -0.212  -0.184  -0.146  -0.099  -0.036   0.044   0.145   0.271   0.420   0.594   0.789   1.003   1.229   1.462   1.699   1.933   2.163   2.384   2.598   2.802   2.996   3.181   3.354   3.515   3.662   3.794   3.912   4.017   4.107
   5.250  -0.346  -0.334  -0.321  -0.308  -0.293  -0.277  -0.259  -0.238  -0.213  -0.182  -0.144  -0.095  -0.033   0.046   0.146   0.268   0.413   0.583   0.773   0.982   1.204   1.433   1.665   1.895   2.119   2.334   2.540   2.736   2.923   3.101   3.270   3.428   3.575   3.709   3.830   3.938   4.033
   5.275  -0.361  -0.349  -0.335  -0.321  -0.305  -0.288  -0.268  -0.246  -0.219  -0.187  -0.148  -0.099  -0.036   0.042   0.140   0.260   0.402   0.568   0.753   0.957   1.174   1.399   1.626   1.851   2.070   2.279   2.478   2.667   2.848   3.020   3.185   3.342   3.489   3.625   3.749   3.861   3.960
   5.300  -0.376  -0.365  -0.351  -0.337  -0.321  -0.302  -0.282  -0.258  -0.231  -0.198  -0.158  -0.108  -0.046   0.033   0.129   0.247   0.386   0.548   0.730   0.929   1.141   1.361   1.584   1.804   2.018   2.221   2.414   2.597   2.772   2.940   3.101   3.257   3.404   3.542   3.670   3.785   3.888
   5.325  -0.390  -0.380  -0.367  -0.353  -0.337  -0.319  -0.298  -0.274  -0.246  -0.213  -0.172  -0.123  -0.061   0.017   0.112   0.229   0.365   0.525   0.703   0.898   1.106   1.321   1.540   1.755   1.964   2.161   2.350   2.527   2.697   2.861   3.020   3.174   3.322   3.462   3.593   3.711   3.817
   5.350  -0.403  -0.394  -0.383  -0.370  -0.355  -0.337  -0.316  -0.292  -0.264  -0.231  -0.191  -0.142  -0.080  -0.003   0.091   0.206   0.342   0.499   0.674   0.866   1.069   1.280   1.494   1.704   1.909   2.102   2.285   2.458   2.624   2.784   2.941   3.095   3.243   3.385   3.518   3.638   3.748
   5.375  -0.416  -0.408  -0.398  -0.387  -0.373  -0.357  -0.337  -0.314  -0.286  -0.254  -0.213  -0.164  -0.103  -0.027   0.067   0.181   0.315   0.470   0.643   0.831   1.031   1.238   1.448   1.655   1.855   2.044   2.223   2.391   2.553   2.710   2.864   3.018   3.167   3.310   3.445   3.567   3.679
   5.400  -0.426  -0.420  -0.412  -0.402  -0.391  -0.376  -0.358  -0.336  -0.309  -0.277  -0.238  -0.189  -0.129  -0.053   0.040   0.153   0.286   0.440   0.611   0.797   0.993   1.197   1.403   1.605   1.802   1.986   2.161   2.326   2.484   2.639   2.791   2.944   3.093   3.238   3.374   3.499   3.612
   5.425  -0.432  -0.428  -0.421  -0.414  -0.404  -0.391  -0.375  -0.355  -0.330  -0.300  -0.261  -0.214  -0.154  -0.080   0.012   0.125   0.257   0.410   0.579   0.763   0.956   1.157   1.359   1.558   1.751   1.931   2.102   2.263   2.417   2.570   2.721   2.873   3.023   3.168   3.306   3.432   3.547
   5.450  -0.436  -0.433  -0.428  -0.422  -0.414  -0.404  -0.390  -0.373  -0.350  -0.322  -0.285  -0.239  -0.181  -0.107  -0.016   0.096   0.228   0.379   0.547   0.729   0.921   1.118   1.317   1.512   1.701   1.878   2.045   2.202   2.354   2.504   2.654   2.805   2.955   3.101   3.240   3.367   3.484
   5.475  -0.439  -0.437  -0.433  -0.429  -0.423  -0.414  -0.403  -0.388  -0.368  -0.342  -0.308  -0.264  -0.208  -0.135  -0.045   0.067   0.198   0.349   0.516   0.697   0.886   1.081   1.277   1.469   1.654   1.827   1.990   2.144   2.292   2.441   2.589   2.740   2.890   3.037   3.177   3.305   3.423
   5.500  -0.441  -0.439  -0.437  -0.434  -0.429  -0.423  -0.413  -0.401  -0.384  -0.361  -0.330  -0.288  -0.234  -0.164  -0.075   0.036   0.167   0.318   0.485   0.665   0.853   1.045   1.238   1.427   1.608   1.777   1.937   2.088   2.233   2.380   2.528   2.678   2.827   2.974   3.115   3.244   3.364
   5.525  -0.442  -0.441  -0.439  -0.437  -0.434  -0.429  -0.421  -0.411  -0.397  -0.377  -0.350  -0.312  -0.261  -0.193  -0.106   0.004   0.135   0.287   0.454   0.634   0.821   1.011   1.202   1.387   1.564   1.730   1.886   2.034   2.177   2.322   2.469   2.618   2.767   2.914   3.055   3.186   3.308
   5.550  -0.442  -0.442  -0.441  -0.439  -0.437  -0.433  -0.427  -0.419  -0.408  -0.391  -0.367  -0.334  -0.286  -0.222  -0.137  -0.029   0.102   0.254   0.422   0.602   0.789   0.978   1.166   1.348   1.522   1.684   1.838   1.982   2.123   2.267   2.412   2.561   2.710   2.856   2.998   3.130   3.255
   5.575  -0.443  -0.443  -0.442  -0.440  -0.439  -0.436  -0.431  -0.425  -0.415  -0.402  -0.382  -0.352  -0.309  -0.249  -0.169  -0.063   0.066   0.218   0.387   0.568   0.756   0.945   1.132   1.311   1.482   1.641   1.791   1.932   2.071   2.214   2.358   2.506   2.654   2.801   2.943   3.077   3.205
   5.600  -0.444  -0.443  -0.442  -0.441  -0.440  -0.437  -0.434  -0.429  -0.421  -0.410  -0.393  -0.368  -0.330  -0.275  -0.199  -0.098   0.028   0.179   0.349   0.532   0.721   0.911   1.097   1.275   1.444   1.599   1.746   1.885   2.022   2.163   2.307   2.454   2.601   2.747   2.890   3.027   3.158
   5.625  -0.444  -0.444  -0.443  -0.442  -0.440  -0.438  -0.435  -0.431  -0.425  -0.416  -0.402  -0.380  -0.347  -0.297  -0.228  -0.132  -0.010   0.139   0.308   0.492   0.684   0.875   1.063   1.240   1.406   1.559   1.703   1.840   1.975   2.115   2.258   2.404   2.551   2.696   2.840   2.979   3.115
   5.650  -0.444  -0.444  -0.443  -0.442  -0.441  -0.439  -0.436  -0.433  -0.428  -0.420  -0.408  -0.390  -0.361  -0.317  -0.254  -0.164  -0.049   0.097   0.265   0.451   0.645   0.839   1.028   1.204   1.370   1.521   1.663   1.798   1.931   2.070   2.211   2.356   2.502   2.648   2.793   2.935   3.075
   5.675  -0.445  -0.444  -0.443  -0.442  -0.441  -0.439  -0.437  -0.434  -0.430  -0.423  -0.413  -0.397  -0.372  -0.334  -0.277  -0.195  -0.085   0.056   0.222   0.408   0.604   0.800   0.991   1.168   1.333   1.483   1.623   1.757   1.889   2.026   2.167   2.311   2.457   2.602   2.748   2.893   3.038
   5.700  -0.445  -0.444  -0.443  -0.442  -0.441  -0.440  -0.438  -0.435  -0.431  -0.425  -0.416  -0.403  -0.381  -0.348  -0.297  -0.222  -0.119   0.017   0.179   0.365   0.562   0.760   0.954   1.132   1.297   1.446   1.585   1.718   1.849   1.985   2.125   2.268   2.413   2.559   2.706   2.855   3.004
   5.725  -0.445  -0.444  -0.443  -0.443  -0.441  -0.440  -0.438  -0.435  -0.432  -0.426  -0.418  -0.406  -0.387  -0.358  -0.312  -0.244  -0.148  -0.018   0.140   0.324   0.521   0.720   0.916   1.095   1.260   1.409   1.547   1.679   1.810   1.946   2.085   2.228   2.373   2.519   2.668   2.819   2.972
   5.750  -0.445  -0.444  -0.444  -0.443  -0.442  -0.440  -0.438  -0.436  -0.432  -0.427  -0.419  -0.409  -0.391  -0.366  -0.325  -0.262  -0.173  -0.049   0.103   0.284   0.480   0.680   0.877   1.057   1.223   1.372   1.510   1.642   1.773   1.909   2.047   2.190   2.335   2.482   2.631   2.785   2.942
   5.775  -0.445  -0.445  -0.444  -0.443  -0.442  -0.441  -0.439  -0.436  -0.432  -0.428  -0.420  -0.411  -0.395  -0.371  -0.334  -0.277  -0.194  -0.076   0.070   0.247   0.440   0.640   0.837   1.018   1.186   1.335   1.473   1.606   1.737   1.873   2.012   2.155   2.300   2.447   2.598   2.753   2.913
   5.800  -0.445  -0.445  -0.444  -0.444  -0.443  -0.441  -0.439  -0.437  -0.433  -0.428  -0.421  -0.412  -0.397  -0.376  -0.341  -0.288  -0.211  -0.100   0.040   0.212   0.402   0.601   0.798   0.980   1.148   1.298   1.437   1.571   1.704   1.840   1.979   2.122   2.267   2.415   2.566   2.723   2.886
   5.825  -0.445  -0.445  -0.444  -0.444  -0.443  -0.441  -0.440  -0.437  -0.434  -0.429  -0.422  -0.413  -0.399  -0.379  -0.347  -0.298  -0.226  -0.121   0.012   0.179   0.365   0.562   0.759   0.941   1.111   1.262   1.403   1.538   1.672   1.809   1.949   2.092   2.238   2.385   2.537   2.695   2.859
   5.850  -0.445  -0.445  -0.444  -0.444  -0.443  -0.442  -0.440  -0.438  -0.434  -0.430  -0.423  -0.414  -0.400  -0.381  -0.351  -0.306  -0.238  -0.140  -0.012   0.149   0.330   0.525   0.721   0.904   1.075   1.227   1.370   1.507   1.642   1.781   1.921   2.065   2.210   2.358   2.510   2.669   2.833
   5.875  -0.445  -0.445  -0.444  -0.444  -0.443  -0.442  -0.441  -0.438  -0.435  -0.431  -0.424  -0.415  -0.402  -0.384  -0.355  -0.312  -0.249  -0.156  -0.034   0.121   0.298   0.489   0.684   0.867   1.040   1.194   1.339   1.479   1.616   1.755   1.897   2.040   2.185   2.332   2.483   2.641   2.806
   5.900  -0.445  -0.444  -0.444  -0.444  -0.443  -0.442  -0.441  -0.439  -0.436  -0.432  -0.425  -0.417  -0.404  -0.386  -0.359  -0.318  -0.258  -0.169  -0.054   0.096   0.268   0.456   0.649   0.833   1.007   1.164   1.311   1.453   1.592   1.733   1.874   2.017   2.161   2.307   2.457   2.615   2.778
   5.925  -0.444  -0.444  -0.444  -0.443  -0.443  -0.442  -0.441  -0.439  -0.436  -0.432  -0.426  -0.418  -0.406  -0.388  -0.362  -0.323  -0.265  -0.181  -0.070   0.075   0.242   0.427   0.618   0.802   0.977   1.137   1.287   1.431   1.572   1.713   1.855   1.996   2.139   2.283   2.431   2.587   2.750
   5.950  -0.444  -0.444  -0.443  -0.442  -0.442  -0.441  -0.440  -0.439  -0.436  -0.433  -0.427  -0.419  -0.407  -0.390  -0.364  -0.327  -0.271  -0.190  -0.083   0.056   0.219   0.401   0.590   0.774   0.951   1.113   1.266   1.412   1.555   1.696   1.836   1.976   2.116   2.258   2.405   2.560   2.722
   5.975  -0.444  -0.443  -0.442  -0.442  -0.441  -0.440  -0.439  -0.438  -0.435  -0.432  -0.427  -0.419  -0.408  -0.392  -0.366  -0.330  -0.276  -0.198  -0.095   0.041   0.200   0.378   0.566   0.749   0.928   1.092   1.248   1.397   1.541   1.681   1.820   1.957   2.094   2.233   2.378   2.532   2.695
   6.000  -0.444  -0.443  -0.442  -0.441  -0.440  -0.439  -0.438  -0.436  -0.434  -0.431  -0.426  -0.419  -0.408  -0.393  -0.368  -0.333  -0.280  -0.205  -0.104   0.027   0.183   0.359   0.544   0.728   0.908   1.075   1.234   1.384   1.528   1.667   1.803   1.937   2.071   2.208   2.351   2.505   2.668
   6.050  -0.444  -0.443  -0.442  -0.441  -0.439  -0.437  -0.435  -0.433  -0.430  -0.427  -0.422  -0.416  -0.406  -0.392  -0.370  -0.338  -0.289  -0.219  -0.124   0.002   0.152   0.324   0.508   0.694   0.877   1.050   1.213   1.364   1.506   1.639   1.767   1.894   2.022   2.155   2.297   2.451   2.616
   6.100  -0.445  -0.444  -0.443  -0.441  -0.439  -0.437  -0.434  -0.431  -0.427  -0.423  -0.418  -0.412  -0.402  -0.390  -0.370  -0.340  -0.295  -0.229  -0.139  -0.018   0.127   0.296   0.479   0.667   0.853   1.028   1.193   1.342   1.479   1.605   1.724   1.844   1.967   2.098   2.240   2.397   2.566
   6.150  -0.446  -0.445  -0.445  -0.443  -0.442  -0.440  -0.437  -0.433  -0.429  -0.423  -0.417  -0.408  -0.398  -0.384  -0.363  -0.335  -0.292  -0.231  -0.146  -0.032   0.108   0.275   0.456   0.645   0.831   1.005   1.167   1.309   1.439   1.555   1.667   1.782   1.904   2.036   2.180   2.340   2.512
   6.200  -0.447  -0.447  -0.446  -0.445  -0.444  -0.443  -0.440  -0.437  -0.432  -0.426  -0.418  -0.408  -0.395  -0.380  -0.358  -0.329  -0.288  -0.230  -0.149  -0.040   0.095   0.258   0.436   0.622   0.807   0.976   1.131   1.265   1.385   1.494   1.601   1.714   1.836   1.971   2.119   2.281   2.457
   6.250  -0.448  -0.447  -0.447  -0.446  -0.446  -0.445  -0.443  -0.441  -0.437  -0.432  -0.425  -0.415  -0.401  -0.383  -0.359  -0.328  -0.284  -0.225  -0.146  -0.040   0.090   0.247   0.418   0.596   0.771   0.931   1.077   1.201   1.315   1.420   1.525   1.640   1.766   1.906   2.059   2.225   2.404
   6.300  -0.448  -0.447  -0.447  -0.447  -0.447  -0.447  -0.446  -0.445  -0.442  -0.439  -0.433  -0.424  -0.410  -0.392  -0.366  -0.332  -0.286  -0.225  -0.145  -0.041   0.084   0.233   0.395   0.562   0.725   0.874   1.009   1.126   1.233   1.337   1.445   1.564   1.695   1.841   2.000   2.170   2.352
   6.350  -0.448  -0.448  -0.448  -0.448  -0.448  -0.447  -0.447  -0.446  -0.445  -0.443  -0.438  -0.432  -0.421  -0.405  -0.381  -0.347  -0.301  -0.238  -0.156  -0.053   0.069   0.211   0.362   0.515   0.665   0.801   0.927   1.039   1.145   1.252   1.364   1.490   1.628   1.780   1.944   2.115   2.295
   6.400  -0.448  -0.448  -0.448  -0.448  -0.448  -0.448  -0.447  -0.447  -0.446  -0.445  -0.443  -0.439  -0.431  -0.418  -0.397  -0.366  -0.321  -0.258  -0.177  -0.074   0.045   0.178   0.319   0.459   0.595   0.720   0.838   0.946   1.054   1.165   1.284   1.417   1.563   1.721   1.888   2.059   2.236
   6.450  -0.448  -0.449  -0.449  -0.448  -0.448  -0.448  -0.448  -0.448  -0.447  -0.446  -0.445  -0.442  -0.436  -0.427  -0.410  -0.383  -0.342  -0.283  -0.207  -0.109   0.004   0.130   0.261   0.391   0.517   0.635   0.747   0.855   0.965   1.081   1.207   1.348   1.500   1.663   1.833   2.003   2.176
   6.500  -0.449  -0.449  -0.449  -0.449  -0.449  -0.449  -0.448  -0.448  -0.448  -0.447  -0.446  -0.443  -0.439  -0.432  -0.419  -0.397  -0.363  -0.310  -0.240  -0.149  -0.043   0.074   0.197   0.317   0.436   0.548   0.657   0.766   0.879   1.001   1.134   1.281   1.439   1.606   1.778   1.947   2.116
   6.550  -0.449  -0.450  -0.450  -0.449  -0.449  -0.449  -0.449  -0.449  -0.448  -0.448  -0.447  -0.445  -0.441  -0.436  -0.425  -0.407  -0.378  -0.333  -0.271  -0.188  -0.092   0.017   0.132   0.245   0.358   0.465   0.572   0.681   0.797   0.924   1.063   1.217   1.380   1.551   1.723   1.891   2.056
   6.600  -0.450  -0.450  -0.450  -0.450  -0.450  -0.450  -0.449  -0.449  -0.449  -0.448  -0.447  -0.446  -0.443  -0.438  -0.429  -0.415  -0.391  -0.352  -0.299  -0.226  -0.139  -0.039   0.068   0.175   0.282   0.386   0.492   0.602   0.720   0.853   0.997   1.155   1.323   1.496   1.669   1.835   1.996
   6.650  -0.450  -0.451  -0.451  -0.450  -0.450  -0.450  -0.450  -0.450  -0.450  -0.449  -0.449  -0.447  -0.444  -0.441  -0.433  -0.421  -0.400  -0.368  -0.321  -0.257  -0.179  -0.089   0.010   0.110   0.212   0.313   0.418   0.529   0.650   0.786   0.935   1.097   1.267   1.442   1.615   1.779   1.936
   6.700  -0.451  -0.451  -0.451  -0.451  -0.451  -0.451  -0.451  -0.451  -0.451  -0.450  -0.450  -0.448  -0.446  -0.443  -0.436  -0.426  -0.408  -0.380  -0.340  -0.284  -0.215  -0.134  -0.044   0.049   0.147   0.245   0.349   0.461   0.584   0.724   0.877   1.042   1.214   1.389   1.561   1.723   1.877
   6.750  -0.451  -0.451  -0.451  -0.451  -0.451  -0.452  -0.452  -0.452  -0.451  -0.451  -0.450  -0.449  -0.447  -0.444  -0.439  -0.430  -0.415  -0.391  -0.357  -0.308  -0.247  -0.175  -0.093  -0.006   0.086   0.182   0.285   0.398   0.524   0.667   0.822   0.990   1.163   1.338   1.508   1.666   1.814
   6.800  -0.452  -0.452  -0.452  -0.452  -0.452  -0.452  -0.452  -0.452  -0.452  -0.452  -0.451  -0.450  -0.449  -0.446  -0.441  -0.434  -0.421  -0.400  -0.370  -0.328  -0.276  -0.211  -0.137  -0.057   0.031   0.124   0.226   0.341   0.468   0.613   0.771   0.940   1.113   1.287   1.454   1.607   1.749
   6.850  -0.453  -0.453  -0.453  -0.453  -0.453  -0.453  -0.453  -0.453  -0.453  -0.453  -0.452  -0.451  -0.450  -0.448  -0.443  -0.437  -0.426  -0.408  -0.382  -0.346  -0.300  -0.243  -0.176  -0.102  -0.019   0.072   0.174   0.290   0.419   0.565   0.724   0.893   1.065   1.235   1.399   1.546   1.680
   6.900  -0.454  -0.454  -0.454  -0.454  -0.454  -0.454  -0.454  -0.454  -0.454  -0.454  -0.453  -0.453  -0.451  -0.449  -0.445  -0.439  -0.430  -0.414  -0.392  -0.361  -0.321  -0.270  -0.210  -0.141  -0.062   0.027   0.128   0.244   0.374   0.521   0.679   0.847   1.017   1.184   1.342   1.482   1.607
   6.950  -0.455  -0.455  -0.455  -0.455  -0.455  -0.455  -0.455  -0.455  -0.455  -0.455  -0.454  -0.453  -0.452  -0.450  -0.447  -0.441  -0.433  -0.419  -0.400  -0.373  -0.338  -0.293  -0.239  -0.174  -0.098  -0.011   0.089   0.204   0.332   0.479   0.636   0.802   0.970   1.133   1.286   1.421   1.540
   7.000  -0.456  -0.456  -0.456  -0.456  -0.456  -0.456  -0.456  -0.456  -0.456  -0.456  -0.455  -0.454  -0.453  -0.451  -0.448  -0.443  -0.435  -0.424  -0.407  -0.383  -0.352  -0.312  -0.262  -0.201  -0.128  -0.043   0.055   0.167   0.294   0.438   0.594   0.759   0.924   1.082   1.229   1.360   1.476
   7.050  -0.457  -0.457  -0.457  -0.457  -0.457  -0.457  -0.457  -0.457  -0.457  -0.456  -0.456  -0.455  -0.454  -0.453  -0.449  -0.444  -0.437  -0.426  -0.411  -0.391  -0.363  -0.327  -0.280  -0.221  -0.151  -0.070   0.025   0.134   0.259   0.400   0.553   0.716   0.878   1.031   1.170   1.290   1.392
   7.100  -0.458  -0.458  -0.458  -0.458  -0.458  -0.458  -0.458  -0.458  -0.458  -0.458  -0.457  -0.457  -0.456  -0.454  -0.451  -0.446  -0.439  -0.429  -0.415  -0.397  -0.372  -0.338  -0.294  -0.238  -0.171  -0.094  -0.003   0.103   0.225   0.363   0.513   0.673   0.831   0.979   1.110   1.215   1.296
   7.150  -0.459  -0.459  -0.459  -0.459  -0.459  -0.459  -0.459  -0.459  -0.459  -0.459  -0.459  -0.459  -0.458  -0.456  -0.453  -0.449  -0.442  -0.432  -0.419  -0.402  -0.379  -0.347  -0.305  -0.253  -0.190  -0.116  -0.029   0.073   0.191   0.327   0.473   0.626   0.777   0.924   1.052   1.140   1.205
   7.200  -0.461  -0.461  -0.461  -0.461  -0.461  -0.461  -0.461  -0.461  -0.461  -0.461  -0.461  -0.461  -0.460  -0.459  -0.456  -0.452  -0.445  -0.436  -0.423  -0.407  -0.385  -0.354  -0.315  -0.267  -0.208  -0.138  -0.055   0.044   0.158   0.291   0.433   0.579   0.724   0.864   0.983   1.064   1.112
   7.250  -0.463  -0.463  -0.463  -0.463  -0.463  -0.463  -0.463  -0.463  -0.463  -0.463  -0.463  -0.463  -0.462  -0.461  -0.458  -0.455  -0.449  -0.441  -0.429  -0.413  -0.392  -0.363  -0.326  -0.281  -0.226  -0.160  -0.081   0.015   0.125   0.252   0.389   0.538   0.679   0.791   0.880   0.955   0.991
   7.300  -0.465  -0.465  -0.465  -0.465  -0.465  -0.465  -0.465  -0.465  -0.465  -0.465  -0.465  -0.465  -0.464  -0.463  -0.461  -0.458  -0.453  -0.446  -0.435  -0.420  -0.399  -0.372  -0.337  -0.295  -0.243  -0.181  -0.106  -0.014   0.092   0.213   0.345   0.496   0.634   0.720   0.778   0.824   0.851
   7.350  -0.467  -0.467  -0.467  -0.467  -0.467  -0.467  -0.467  -0.467  -0.467  -0.467  -0.467  -0.467  -0.467  -0.466  -0.464  -0.461  -0.457  -0.451  -0.441  -0.427  -0.407  -0.381  -0.349  -0.309  -0.261  -0.203  -0.131  -0.043   0.060   0.176   0.303   0.454   0.590   0.672   0.727   0.749   0.772
   7.400  -0.470  -0.470  -0.470  -0.470  -0.470  -0.470  -0.470  -0.470  -0.470  -0.470  -0.470  -0.470  -0.470  -0.469  -0.467  -0.465  -0.461  -0.456  -0.447  -0.434  -0.416  -0.392  -0.361  -0.324  -0.279  -0.224  -0.156  -0.071   0.028   0.140   0.263   0.402   0.529   0.608   0.662   0.704   0.728
   7.450  -0.473  -0.473  -0.473  -0.473  -0.473  -0.473  -0.473  -0.473  -0.473  -0.473  -0.473  -0.473  -0.473  -0.472  -0.470  -0.469  -0.465  -0.460  -0.453  -0.441  -0.424  -0.402  -0.374  -0.339  -0.297  -0.245  -0.180  -0.100  -0.006   0.108   0.224   0.327   0.412   0.468   0.507   0.564   0.583
   7.500  -0.476  -0.476  -0.476  -0.476  -0.476  -0.476  -0.476  -0.476  -0.476  -0.476  -0.476  -0.476  -0.476  -0.475  -0.474  -0.473  -0.470  -0.465  -0.458  -0.447  -0.432  -0.412  -0.386  -0.355  -0.315  -0.265  -0.204  -0.130  -0.041   0.075   0.184   0.251   0.296   0.330   0.353   0.370   0.381
   7.550  -0.480  -0.480  -0.480  -0.480  -0.480  -0.480  -0.480  -0.480  -0.480  -0.480  -0.480  -0.480  -0.480  -0.479  -0.478  -0.477  -0.474  -0.470  -0.464  -0.454  -0.440  -0.422  -0.398  -0.369  -0.332  -0.286  -0.229  -0.159  -0.074   0.036   0.140   0.200   0.238   0.268   0.288   0.288   0.297
   7.600  -0.484  -0.484  -0.484  -0.484  -0.484  -0.484  -0.484  -0.484  -0.484  -0.484  -0.484  -0.484  -0.484  -0.483  -0.482  -0.481  -0.479  -0.476  -0.470  -0.461  -0.448  -0.431  -0.410  -0.383  -0.349  -0.307  -0.254  -0.188  -0.108  -0.004   0.095   0.155   0.196   0.227   0.247   0.263   0.273
   7.650  -0.488  -0.488  -0.488  -0.488  -0.488  -0.488  -0.488  -0.488  -0.488  -0.488  -0.488  -0.488  -0.488  -0.488  -0.487  -0.486  -0.484  -0.481  -0.475  -0.467  -0.455  -0.441  -0.421  -0.397  -0.366  -0.328  -0.279  -0.217  -0.143  -0.044   0.050   0.107   0.146   0.175   0.194   0.208   0.217
   7.700  -0.493  -0.493  -0.493  -0.493  -0.493  -0.493  -0.493  -0.493  -0.493  -0.493  -0.493  -0.493  -0.493  -0.493  -0.492  -0.491  -0.490  -0.487  -0.481  -0.473  -0.463  -0.450  -0.433  -0.412  -0.384  -0.349  -0.305  -0.248  -0.178  -0.086   0.002   0.055   0.092   0.119   0.137   0.151   0.159
   7.750  -0.499  -0.499  -0.499  -0.499  -0.499  -0.499  -0.499  -0.499  -0.499  -0.499  -0.499  -0.499  -0.499  -0.499  -0.498  -0.498  -0.496  -0.493  -0.488  -0.481  -0.472  -0.460  -0.445  -0.427  -0.403  -0.371  -0.331  -0.279  -0.215  -0.129  -0.048   0.002   0.035   0.060   0.077   0.084   0.092
   7.800  -0.505  -0.505  -0.505  -0.505  -0.505  -0.505  -0.505  -0.505  -0.505  -0.505  -0.505  -0.505  -0.505  -0.505  -0.505  -0.504  -0.503  -0.500  -0.495  -0.489  -0.481  -0.471  -0.458  -0.443  -0.422  -0.394  -0.358  -0.310  -0.253  -0.179  -0.109  -0.066  -0.037  -0.016  -0.001   0.010   0.017
   7.850  -0.512  -0.512  -0.512  -0.512  -0.512  -0.512  -0.512  -0.512  -0.512  -0.512  -0.512  -0.512  -0.512  -0.512  -0.512  -0.512  -0.510  -0.507  -0.503  -0.498  -0.491  -0.483  -0.472  -0.459  -0.443  -0.419  -0.387  -0.342  -0.292  -0.243  -0.200  -0.173  -0.155  -0.141  -0.132  -0.107  -0.102
   7.900  -0.520  -0.520  -0.520  -0.520  -0.520  -0.520  -0.520  -0.520  -0.520  -0.520  -0.520  -0.520  -0.520  -0.520  -0.520  -0.519  -0.518  -0.515  -0.512  -0.508  -0.502  -0.495  -0.486  -0.477  -0.464  -0.444  -0.417  -0.374  -0.332  -0.307  -0.290  -0.277  -0.268  -0.262  -0.258  -0.254  -0.252
   7.950  -0.527  -0.527  -0.527  -0.527  -0.528  -0.528  -0.528  -0.528  -0.528  -0.528  -0.528  -0.528  -0.528  -0.528  -0.528  -0.527  -0.526  -0.524  -0.521  -0.517  -0.512  -0.507  -0.501  -0.494  -0.485  -0.470  -0.447  -0.409  -0.372  -0.352  -0.340  -0.330  -0.324  -0.319  -0.316  -0.325  -0.324
   8.000  -0.535  -0.535  -0.535  -0.536  -0.536  -0.536  -0.536  -0.536  -0.536  -0.536  -0.536  -0.536  -0.536  -0.536  -0.536  -0.535  -0.534  -0.532  -0.530  -0.527  -0.523  -0.520  -0.516  -0.513  -0.507  -0.497  -0.479  -0.447  -0.414  -0.395  -0.381  -0.372  -0.365  -0.360  -0.357  -0.355  -0.353
   8.100  -0.555  -0.555  -0.555  -0.555  -0.555  -0.555  -0.555  -0.555  -0.556  -0.556  -0.556  -0.556  -0.556  -0.556  -0.556  -0.555  -0.554  -0.553  -0.552  -0.550  -0.549  -0.549  -0.551  -0.554  -0.556  -0.554  -0.546  -0.528  -0.509  -0.498  -0.490  -0.485  -0.481  -0.479  -0.477  -0.475  -0.474
   8.200  -0.579  -0.580  -0.580  -0.580  -0.580  -0.580  -0.580  -0.580  -0.580  -0.580  -0.580  -0.581  -0.581  -0.581  -0.580  -0.580  -0.579  -0.579  -0.579  -0.579  -0.580  -0.585  -0.592  -0.602  -0.611  -0.617  -0.617  -0.605  -0.591  -0.583  -0.578  -0.574  -0.571  -0.569  -0.568  -0.603  -0.603
   8.300  -0.608  -0.609  -0.609  -0.609  -0.609  -0.609  -0.609  -0.609  -0.609  -0.609  -0.609  -0.610  -0.610  -0.610  -0.609  -0.609  -0.609  -0.609  -0.610  -0.612  -0.617  -0.626  -0.638  -0.653  -0.670  -0.685  -0.699  -0.710  -0.719  -0.725  -0.729  -0.732  -0.734  -0.735  -0.736  -0.737  -0.738
   8.400  -0.654  -0.648  -0.644  -0.643  -0.642  -0.642  -0.642  -0.642  -0.643  -0.643  -0.643  -0.643  -0.643  -0.643  -0.643  -0.643  -0.643  -0.644  -0.646  -0.650  -0.658  -0.672  -0.689  -0.704  -0.725  -0.757  -0.811  -0.915  -1.022  -1.085  -1.128  -1.159  -1.181  -1.196  -1.207  -1.094  -1.098
   8.500  -0.679  -0.679  -0.679  -0.679  -0.679  -0.679  -0.679  -0.680  -0.680  -0.680  -0.680  -0.679  -0.679  -0.679  -0.680  -0.680  -0.681  -0.682  -0.686  -0.693  -0.704  -0.722  -0.744  -0.760  -0.787  -0.833  -0.919  -1.095  -1.276  -1.382  -1.455  -1.507  -1.544  -1.570  -1.588  -1.602  -1.611
   8.600  -0.647  -0.683  -0.707  -0.719  -0.718  -0.720  -0.720  -0.720  -0.721  -0.721  -0.720  -0.720  -0.719  -0.720  -0.721  -0.722  -0.723  -0.725  -0.730  -0.739  -0.753  -0.775  -0.803  -0.832  -0.864  -0.920  -0.994  -1.117  -1.277  -1.365  -1.418  -1.463  -1.489  -1.511  -1.525  -1.536  -1.542
   8.700  -0.570  -0.667  -0.731  -0.762  -0.760  -0.765  -0.764  -0.765  -0.765  -0.765  -0.764  -0.764  -0.764  -0.764  -0.765  -0.766  -0.768  -0.772  -0.777  -0.789  -0.806  -0.832  -0.867  -0.907  -0.952  -0.998  -1.046  -1.075  -1.093  -1.108  -1.117  -1.124  -1.128  -1.132  -1.134  -1.136  -1.137

