fixed metal distribution -- based on Grevesse & Sauval (1998)
    form     version        X           Z          logRs    logR_min    logR_max       logTs    logT_min    logT_max
       1          38    0.800000    0.040000          37   -8.000000    1.000000         138    3.750000    8.700000

   logT                       logR = logRho - 3*logT + 18
          -8.000  -7.750  -7.500  -7.250  -7.000  -6.750  -6.500  -6.250  -6.000  -5.750  -5.500  -5.250  -5.000  -4.750  -4.500  -4.250  -4.000  -3.750  -3.500  -3.250  -3.000  -2.750  -2.500  -2.250  -2.000  -1.750  -1.500  -1.250  -1.000  -0.750  -0.500  -0.250   0.000   0.250   0.500   0.750   1.000

   3.750  -0.722  -0.801  -0.887  -0.980  -1.080  -1.182  -1.288  -1.394  -1.501  -1.606  -1.711  -1.811  -1.907  -1.992  -2.069  -2.125  -2.163  -2.173  -2.159  -2.120  -2.056  -1.977  -1.880  -1.773  -1.653  -1.533  -1.409  -1.257  -1.086  -0.910  -0.725  -0.529  -0.323  -0.114   0.100   0.285   0.451
   3.775  -0.587  -0.629  -0.681  -0.742  -0.814  -0.895  -0.985  -1.078  -1.176  -1.273  -1.373  -1.467  -1.559  -1.639  -1.709  -1.761  -1.797  -1.806  -1.793  -1.757  -1.697  -1.626  -1.539  -1.439  -1.324  -1.216  -1.108  -0.974  -0.823  -0.672  -0.516  -0.348  -0.171   0.018   0.220   0.392   0.548
   3.800  -0.500  -0.515  -0.541  -0.576  -0.622  -0.679  -0.746  -0.818  -0.897  -0.978  -1.063  -1.144  -1.224  -1.292  -1.352  -1.396  -1.426  -1.433  -1.419  -1.385  -1.331  -1.266  -1.188  -1.096  -0.990  -0.892  -0.796  -0.676  -0.542  -0.410  -0.276  -0.131   0.022   0.192   0.377   0.538   0.689
   3.825  -0.470  -0.473  -0.481  -0.494  -0.513  -0.540  -0.573  -0.613  -0.660  -0.714  -0.773  -0.833  -0.892  -0.945  -0.990  -1.025  -1.046  -1.048  -1.034  -1.002  -0.956  -0.897  -0.826  -0.740  -0.649  -0.565  -0.473  -0.361  -0.241  -0.123   0.000   0.128   0.265   0.418   0.577   0.725   0.875
   3.850  -0.468  -0.466  -0.463  -0.460  -0.458  -0.457  -0.459  -0.466  -0.479  -0.501  -0.528  -0.559  -0.590  -0.619  -0.644  -0.662  -0.670  -0.665  -0.647  -0.618  -0.576  -0.522  -0.457  -0.383  -0.303  -0.226  -0.142  -0.040   0.070   0.180   0.294   0.411   0.534   0.665   0.804   0.951   1.105
   3.875  -0.466  -0.460  -0.453  -0.443  -0.432  -0.418  -0.404  -0.390  -0.377  -0.366  -0.357  -0.350  -0.343  -0.336  -0.327  -0.317  -0.304  -0.285  -0.260  -0.228  -0.188  -0.139  -0.082  -0.019   0.050   0.120   0.198   0.287   0.384   0.485   0.590   0.696   0.807   0.924   1.048   1.180   1.324
   3.900  -0.468  -0.462  -0.453  -0.442  -0.428  -0.409  -0.385  -0.357  -0.324  -0.285  -0.242  -0.196  -0.149  -0.102  -0.055  -0.012   0.030   0.069   0.107   0.147   0.189   0.237   0.289   0.343   0.402   0.467   0.538   0.616   0.700   0.792   0.888   0.985   1.086   1.193   1.305   1.424   1.550
   3.925  -0.470  -0.465  -0.456  -0.446  -0.431  -0.411  -0.384  -0.347  -0.302  -0.245  -0.178  -0.103  -0.021   0.064   0.149   0.230   0.306   0.374   0.436   0.492   0.544   0.595   0.646   0.697   0.751   0.809   0.873   0.942   1.017   1.099   1.185   1.274   1.366   1.464   1.566   1.671   1.786
   3.950  -0.471  -0.467  -0.460  -0.452  -0.439  -0.420  -0.392  -0.353  -0.301  -0.233  -0.150  -0.052   0.057   0.175   0.295   0.414   0.527   0.628   0.719   0.796   0.864   0.926   0.982   1.034   1.086   1.141   1.199   1.261   1.328   1.401   1.478   1.559   1.643   1.733   1.827   1.926   2.029
   3.975  -0.467  -0.464  -0.458  -0.452  -0.441  -0.424  -0.397  -0.359  -0.307  -0.235  -0.146  -0.035   0.091   0.232   0.381   0.532   0.679   0.815   0.939   1.046   1.138   1.217   1.286   1.346   1.402   1.456   1.511   1.568   1.629   1.694   1.763   1.836   1.913   1.995   2.082   2.171   2.266
   4.000  -0.461  -0.458  -0.454  -0.449  -0.440  -0.425  -0.402  -0.367  -0.316  -0.246  -0.155  -0.039   0.097   0.253   0.422   0.599   0.776   0.945   1.102   1.240   1.361   1.463   1.550   1.623   1.688   1.747   1.803   1.859   1.915   1.975   2.037   2.103   2.173   2.249   2.328   2.413   2.502
   4.025  -0.453  -0.451  -0.447  -0.443  -0.436  -0.423  -0.402  -0.369  -0.321  -0.254  -0.164  -0.048   0.090   0.253   0.432   0.625   0.822   1.016   1.201   1.369   1.520   1.650   1.761   1.854   1.934   2.003   2.066   2.124   2.181   2.238   2.296   2.358   2.423   2.491   2.564   2.641   2.723
   4.050  -0.443  -0.441  -0.438  -0.435  -0.428  -0.417  -0.398  -0.368  -0.324  -0.260  -0.174  -0.061   0.075   0.238   0.421   0.622   0.832   1.044   1.251   1.446   1.625   1.783   1.922   2.039   2.139   2.223   2.296   2.362   2.422   2.480   2.538   2.597   2.658   2.721   2.788   2.859   2.933
   4.075  -0.433  -0.430  -0.426  -0.423  -0.417  -0.407  -0.390  -0.363  -0.322  -0.261  -0.179  -0.071   0.062   0.222   0.403   0.605   0.819   1.040   1.261   1.476   1.678   1.863   2.028   2.172   2.296   2.400   2.489   2.566   2.633   2.696   2.755   2.814   2.874   2.935   2.998   3.063   3.132
   4.100  -0.425  -0.420  -0.415  -0.411  -0.405  -0.396  -0.380  -0.355  -0.316  -0.260  -0.183  -0.080   0.048   0.202   0.379   0.577   0.790   1.015   1.244   1.471   1.692   1.900   2.091   2.261   2.411   2.538   2.646   2.737   2.816   2.886   2.951   3.012   3.073   3.132   3.193   3.255   3.320
   4.125  -0.420  -0.414  -0.407  -0.402  -0.395  -0.385  -0.369  -0.345  -0.309  -0.257  -0.184  -0.087   0.034   0.181   0.352   0.545   0.755   0.978   1.210   1.445   1.678   1.903   2.115   2.310   2.484   2.635   2.765   2.875   2.969   3.051   3.123   3.190   3.252   3.313   3.373   3.435   3.496
   4.150  -0.417  -0.410  -0.402  -0.395  -0.386  -0.375  -0.358  -0.335  -0.301  -0.252  -0.184  -0.092   0.022   0.163   0.327   0.513   0.717   0.937   1.167   1.405   1.646   1.883   2.112   2.327   2.525   2.700   2.853   2.984   3.096   3.191   3.273   3.347   3.415   3.479   3.540   3.602   3.663
   4.175  -0.417  -0.409  -0.399  -0.391  -0.380  -0.367  -0.350  -0.326  -0.292  -0.244  -0.179  -0.092   0.016   0.150   0.307   0.486   0.684   0.899   1.127   1.365   1.608   1.852   2.092   2.323   2.540   2.737   2.913   3.065   3.196   3.307   3.403   3.486   3.561   3.630   3.694   3.759   3.821
   4.200  -0.418  -0.409  -0.399  -0.389  -0.377  -0.362  -0.343  -0.318  -0.284  -0.237  -0.173  -0.091   0.013   0.141   0.291   0.464   0.656   0.865   1.089   1.324   1.567   1.815   2.062   2.305   2.537   2.752   2.949   3.123   3.275   3.404   3.514   3.609   3.693   3.768   3.838   3.906   3.970
   4.225  -0.419  -0.410  -0.400  -0.389  -0.376  -0.361  -0.341  -0.315  -0.280  -0.233  -0.170  -0.089   0.012   0.135   0.279   0.446   0.632   0.837   1.057   1.289   1.531   1.779   2.030   2.279   2.521   2.752   2.968   3.162   3.335   3.482   3.609   3.718   3.813   3.897   3.974   4.047   4.116
   4.250  -0.419  -0.411  -0.401  -0.390  -0.376  -0.360  -0.340  -0.313  -0.278  -0.230  -0.168  -0.088   0.010   0.130   0.271   0.433   0.615   0.815   1.031   1.261   1.500   1.747   1.998   2.251   2.501   2.743   2.974   3.187   3.379   3.545   3.690   3.814   3.922   4.016   4.102   4.182   4.257
   4.275  -0.415  -0.407  -0.398  -0.388  -0.375  -0.359  -0.338  -0.312  -0.276  -0.229  -0.167  -0.088   0.009   0.126   0.264   0.423   0.602   0.801   1.015   1.242   1.480   1.725   1.975   2.229   2.483   2.733   2.974   3.200   3.409   3.593   3.755   3.896   4.019   4.127   4.223   4.311   4.391
   4.300  -0.409  -0.402  -0.393  -0.383  -0.371  -0.355  -0.335  -0.309  -0.274  -0.227  -0.166  -0.089   0.007   0.122   0.258   0.416   0.594   0.791   1.004   1.230   1.466   1.710   1.960   2.214   2.469   2.723   2.971   3.209   3.431   3.631   3.811   3.969   4.107   4.229   4.336   4.433   4.519
   4.325  -0.401  -0.394  -0.386  -0.376  -0.363  -0.348  -0.328  -0.303  -0.270  -0.225  -0.167  -0.092   0.001   0.115   0.250   0.407   0.584   0.782   0.995   1.221   1.458   1.702   1.953   2.207   2.463   2.720   2.973   3.218   3.450   3.664   3.859   4.033   4.187   4.323   4.443   4.549   4.640
   4.350  -0.393  -0.386  -0.377  -0.367  -0.354  -0.339  -0.319  -0.294  -0.262  -0.219  -0.164  -0.092  -0.001   0.111   0.244   0.401   0.579   0.777   0.991   1.218   1.456   1.702   1.953   2.208   2.466   2.724   2.979   3.230   3.470   3.695   3.903   4.092   4.261   4.410   4.542   4.657   4.754
   4.375  -0.387  -0.379  -0.369  -0.358  -0.344  -0.327  -0.306  -0.280  -0.247  -0.206  -0.152  -0.083   0.004   0.113   0.245   0.402   0.580   0.779   0.994   1.223   1.462   1.709   1.962   2.218   2.476   2.736   2.993   3.247   3.493   3.728   3.947   4.147   4.329   4.491   4.634   4.757   4.862
   4.400  -0.381  -0.373  -0.362  -0.350  -0.334  -0.316  -0.292  -0.265  -0.230  -0.189  -0.136  -0.069   0.016   0.123   0.252   0.408   0.586   0.786   1.002   1.232   1.473   1.722   1.976   2.234   2.493   2.754   3.013   3.270   3.521   3.763   3.991   4.201   4.393   4.566   4.719   4.851   4.963
   4.425  -0.378  -0.369  -0.358  -0.345  -0.328  -0.308  -0.282  -0.251  -0.213  -0.168  -0.113  -0.046   0.037   0.142   0.268   0.420   0.596   0.794   1.011   1.242   1.484   1.735   1.992   2.252   2.514   2.777   3.039   3.299   3.554   3.801   4.036   4.254   4.454   4.636   4.797   4.937   5.056
   4.450  -0.375  -0.366  -0.355  -0.341  -0.324  -0.302  -0.274  -0.239  -0.198  -0.149  -0.090  -0.020   0.064   0.167   0.291   0.441   0.613   0.810   1.025   1.257   1.501   1.753   2.012   2.274   2.539   2.805   3.070   3.332   3.590   3.842   4.082   4.306   4.513   4.701   4.869   5.016   5.142
   4.475  -0.371  -0.363  -0.352  -0.338  -0.321  -0.299  -0.270  -0.233  -0.187  -0.134  -0.069   0.006   0.094   0.200   0.324   0.473   0.644   0.838   1.052   1.282   1.526   1.779   2.038   2.302   2.568   2.836   3.103   3.368   3.629   3.884   4.129   4.357   4.569   4.762   4.936   5.087   5.218
   4.500  -0.369  -0.360  -0.349  -0.336  -0.320  -0.297  -0.268  -0.229  -0.181  -0.122  -0.052   0.029   0.123   0.233   0.361   0.511   0.681   0.874   1.085   1.314   1.557   1.809   2.069   2.333   2.600   2.869   3.138   3.405   3.669   3.926   4.173   4.405   4.621   4.818   4.995   5.151   5.286
   4.525  -0.367  -0.358  -0.347  -0.335  -0.318  -0.296  -0.267  -0.228  -0.178  -0.116  -0.043   0.044   0.146   0.263   0.396   0.550   0.722   0.914   1.124   1.351   1.592   1.842   2.101   2.365   2.632   2.902   3.172   3.441   3.706   3.965   4.214   4.449   4.667   4.866   5.046   5.202   5.338
   4.550  -0.366  -0.357  -0.346  -0.333  -0.317  -0.296  -0.267  -0.228  -0.177  -0.114  -0.037   0.055   0.163   0.288   0.429   0.588   0.764   0.958   1.168   1.393   1.631   1.880   2.136   2.398   2.665   2.934   3.203   3.473   3.740   4.000   4.250   4.486   4.705   4.905   5.085   5.242   5.377
   4.575  -0.366  -0.356  -0.345  -0.333  -0.317  -0.295  -0.266  -0.228  -0.178  -0.113  -0.034   0.063   0.177   0.309   0.459   0.626   0.809   1.007   1.220   1.445   1.681   1.926   2.179   2.436   2.699   2.965   3.233   3.502   3.768   4.028   4.278   4.513   4.731   4.930   5.109   5.264   5.398
   4.600  -0.366  -0.356  -0.345  -0.332  -0.316  -0.295  -0.267  -0.229  -0.179  -0.114  -0.033   0.066   0.185   0.324   0.482   0.657   0.848   1.052   1.268   1.495   1.730   1.973   2.221   2.474   2.731   2.994   3.259   3.526   3.790   4.049   4.297   4.529   4.745   4.942   5.118   5.271   5.402
   4.625  -0.366  -0.357  -0.345  -0.333  -0.317  -0.297  -0.268  -0.231  -0.181  -0.117  -0.035   0.067   0.188   0.331   0.494   0.675   0.872   1.083   1.304   1.534   1.771   2.013   2.259   2.508   2.761   3.019   3.279   3.543   3.804   4.059   4.303   4.532   4.744   4.938   5.110   5.261   5.390
   4.650  -0.365  -0.357  -0.346  -0.334  -0.318  -0.298  -0.271  -0.234  -0.185  -0.121  -0.039   0.063   0.186   0.331   0.497   0.683   0.885   1.101   1.328   1.562   1.802   2.044   2.289   2.536   2.785   3.039   3.294   3.553   3.809   4.059   4.299   4.523   4.731   4.920   5.089   5.236   5.361
   4.675  -0.365  -0.355  -0.344  -0.332  -0.318  -0.299  -0.273  -0.238  -0.191  -0.128  -0.048   0.054   0.177   0.324   0.492   0.680   0.886   1.106   1.337   1.575   1.818   2.063   2.309   2.555   2.802   3.052   3.303   3.555   3.805   4.049   4.282   4.501   4.705   4.890   5.055   5.201   5.323
   4.700  -0.364  -0.353  -0.342  -0.330  -0.316  -0.299  -0.274  -0.242  -0.197  -0.136  -0.057   0.043   0.165   0.311   0.480   0.669   0.877   1.099   1.333   1.575   1.821   2.069   2.316   2.563   2.809   3.056   3.303   3.550   3.794   4.031   4.258   4.471   4.669   4.850   5.012   5.153   5.274
   4.725  -0.364  -0.353  -0.341  -0.329  -0.315  -0.298  -0.274  -0.244  -0.201  -0.143  -0.067   0.031   0.151   0.296   0.463   0.652   0.859   1.082   1.316   1.559   1.807   2.057   2.307   2.556   2.804   3.050   3.294   3.537   3.775   4.006   4.226   4.434   4.627   4.804   4.963   5.104   5.224
   4.750  -0.365  -0.352  -0.340  -0.328  -0.314  -0.297  -0.274  -0.245  -0.204  -0.148  -0.075   0.020   0.137   0.279   0.443   0.631   0.836   1.057   1.291   1.534   1.783   2.034   2.287   2.538   2.788   3.035   3.278   3.518   3.751   3.976   4.191   4.393   4.582   4.756   4.912   5.049   5.168
   4.775  -0.366  -0.353  -0.341  -0.328  -0.314  -0.297  -0.274  -0.246  -0.206  -0.152  -0.082   0.011   0.125   0.264   0.426   0.610   0.813   1.032   1.263   1.504   1.753   2.004   2.258   2.511   2.763   3.012   3.255   3.493   3.723   3.944   4.155   4.353   4.538   4.708   4.862   4.998   5.115
   4.800  -0.366  -0.354  -0.342  -0.329  -0.315  -0.297  -0.275  -0.246  -0.207  -0.155  -0.086   0.003   0.115   0.251   0.410   0.591   0.790   1.005   1.234   1.472   1.719   1.970   2.224   2.480   2.733   2.984   3.228   3.466   3.694   3.912   4.119   4.314   4.495   4.662   4.813   4.946   5.062
   4.825  -0.366  -0.355  -0.343  -0.331  -0.316  -0.298  -0.275  -0.247  -0.208  -0.157  -0.090  -0.002   0.107   0.241   0.396   0.573   0.768   0.980   1.204   1.440   1.684   1.935   2.190   2.446   2.702   2.954   3.200   3.438   3.666   3.882   4.087   4.279   4.457   4.621   4.769   4.899   5.013
   4.850  -0.363  -0.353  -0.342  -0.330  -0.316  -0.298  -0.275  -0.246  -0.208  -0.157  -0.091  -0.005   0.102   0.232   0.384   0.558   0.749   0.956   1.177   1.409   1.651   1.901   2.156   2.413   2.670   2.924   3.172   3.410   3.638   3.854   4.057   4.247   4.423   4.583   4.728   4.855   4.965
   4.875  -0.358  -0.349  -0.338  -0.327  -0.312  -0.295  -0.272  -0.244  -0.206  -0.156  -0.092  -0.007   0.098   0.226   0.375   0.546   0.734   0.938   1.155   1.385   1.624   1.873   2.127   2.384   2.642   2.897   3.145   3.384   3.613   3.829   4.032   4.220   4.393   4.551   4.692   4.815   4.920
   4.900  -0.350  -0.341  -0.331  -0.319  -0.305  -0.288  -0.266  -0.239  -0.202  -0.154  -0.090  -0.007   0.095   0.221   0.369   0.536   0.722   0.923   1.138   1.365   1.602   1.849   2.101   2.359   2.616   2.871   3.121   3.361   3.590   3.806   4.009   4.196   4.367   4.521   4.658   4.777   4.878
   4.925  -0.335  -0.328  -0.318  -0.308  -0.295  -0.279  -0.258  -0.231  -0.195  -0.148  -0.086  -0.006   0.095   0.218   0.363   0.530   0.714   0.913   1.126   1.351   1.586   1.830   2.081   2.337   2.594   2.849   3.099   3.340   3.570   3.787   3.989   4.175   4.344   4.494   4.627   4.740   4.835
   4.950  -0.314  -0.308  -0.300  -0.290  -0.279  -0.264  -0.244  -0.218  -0.184  -0.138  -0.078   0.000   0.098   0.219   0.362   0.527   0.710   0.908   1.120   1.342   1.575   1.817   2.065   2.320   2.576   2.831   3.080   3.321   3.552   3.769   3.971   4.155   4.321   4.468   4.595   4.704   4.794
   4.975  -0.285  -0.279  -0.272  -0.264  -0.254  -0.241  -0.222  -0.198  -0.166  -0.123  -0.065   0.011   0.107   0.227   0.368   0.531   0.713   0.910   1.120   1.341   1.571   1.811   2.058   2.310   2.564   2.817   3.065   3.305   3.535   3.753   3.954   4.135   4.298   4.440   4.562   4.665   4.750
   5.000  -0.248  -0.243  -0.236  -0.230  -0.221  -0.209  -0.192  -0.170  -0.140  -0.099  -0.043   0.030   0.123   0.240   0.379   0.541   0.721   0.916   1.125   1.344   1.572   1.810   2.055   2.304   2.556   2.806   3.052   3.291   3.520   3.736   3.935   4.114   4.272   4.409   4.526   4.625   4.704
   5.025  -0.202  -0.197  -0.191  -0.185  -0.177  -0.166  -0.151  -0.131  -0.102  -0.064  -0.011   0.059   0.148   0.261   0.395   0.553   0.730   0.923   1.129   1.347   1.574   1.811   2.053   2.301   2.549   2.797   3.041   3.278   3.505   3.718   3.915   4.089   4.242   4.374   4.486   4.579   4.654
   5.050  -0.152  -0.146  -0.140  -0.133  -0.125  -0.115  -0.100  -0.081  -0.054  -0.018   0.032   0.098   0.183   0.290   0.420   0.572   0.744   0.933   1.136   1.352   1.578   1.813   2.054   2.299   2.545   2.790   3.032   3.266   3.490   3.699   3.891   4.059   4.207   4.333   4.440   4.530   4.602
   5.075  -0.101  -0.093  -0.084  -0.075  -0.065  -0.054  -0.039  -0.020   0.006   0.042   0.089   0.152   0.233   0.334   0.456   0.601   0.765   0.948   1.148   1.360   1.584   1.816   2.055   2.297   2.541   2.784   3.023   3.254   3.473   3.677   3.862   4.025   4.166   4.287   4.389   4.475   4.545
   5.100  -0.056  -0.043  -0.030  -0.018  -0.005   0.009   0.026   0.047   0.074   0.109   0.156   0.217   0.293   0.388   0.503   0.639   0.795   0.972   1.165   1.374   1.594   1.823   2.058   2.298   2.539   2.779   3.014   3.241   3.455   3.651   3.829   3.985   4.120   4.235   4.332   4.416   4.485
   5.125  -0.023  -0.005   0.013   0.031   0.049   0.068   0.089   0.114   0.144   0.182   0.229   0.289   0.364   0.454   0.562   0.690   0.838   1.006   1.192   1.394   1.609   1.833   2.064   2.300   2.537   2.774   3.006   3.227   3.434   3.622   3.792   3.939   4.067   4.177   4.271   4.354   4.422
   5.150  -0.003   0.020   0.044   0.068   0.092   0.117   0.145   0.175   0.210   0.252   0.303   0.364   0.438   0.526   0.629   0.750   0.889   1.049   1.227   1.422   1.630   1.848   2.073   2.304   2.538   2.770   2.997   3.211   3.411   3.590   3.750   3.888   4.009   4.115   4.206   4.287   4.358
   5.175  -0.002   0.027   0.056   0.087   0.118   0.151   0.186   0.223   0.266   0.314   0.371   0.437   0.513   0.601   0.703   0.819   0.951   1.102   1.271   1.458   1.658   1.869   2.088   2.314   2.541   2.768   2.987   3.193   3.384   3.553   3.703   3.834   3.948   4.049   4.139   4.221   4.292
   5.200  -0.015   0.018   0.053   0.089   0.127   0.167   0.210   0.256   0.307   0.364   0.428   0.500   0.581   0.672   0.774   0.887   1.014   1.158   1.318   1.496   1.688   1.892   2.105   2.324   2.545   2.764   2.975   3.173   3.354   3.513   3.654   3.776   3.885   3.983   4.071   4.152   4.226
   5.225  -0.043  -0.007   0.032   0.073   0.116   0.163   0.214   0.268   0.328   0.393   0.466   0.546   0.634   0.730   0.835   0.948   1.072   1.211   1.364   1.534   1.719   1.915   2.121   2.334   2.548   2.759   2.961   3.149   3.320   3.469   3.601   3.717   3.821   3.915   4.002   4.084   4.161
   5.250  -0.081  -0.043  -0.002   0.042   0.090   0.142   0.199   0.261   0.329   0.404   0.485   0.574   0.670   0.772   0.881   0.997   1.121   1.257   1.405   1.569   1.746   1.935   2.134   2.340   2.547   2.750   2.944   3.122   3.283   3.423   3.547   3.657   3.756   3.848   3.934   4.017   4.095
   5.275  -0.127  -0.089  -0.046   0.000   0.050   0.106   0.167   0.234   0.309   0.392   0.481   0.579   0.683   0.793   0.908   1.028   1.154   1.289   1.435   1.594   1.766   1.949   2.141   2.340   2.540   2.735   2.921   3.091   3.243   3.375   3.492   3.596   3.691   3.781   3.867   3.951   4.031
   5.300  -0.177  -0.139  -0.096  -0.050   0.001   0.058   0.121   0.192   0.272   0.360   0.457   0.563   0.675   0.792   0.915   1.041   1.172   1.309   1.455   1.612   1.778   1.957   2.142   2.335   2.528   2.716   2.895   3.056   3.201   3.326   3.436   3.536   3.628   3.716   3.802   3.886   3.968
   5.325  -0.227  -0.190  -0.149  -0.104  -0.054   0.002   0.066   0.137   0.218   0.309   0.410   0.522   0.641   0.767   0.898   1.032   1.171   1.313   1.462   1.618   1.782   1.956   2.137   2.324   2.510   2.692   2.864   3.019   3.157   3.275   3.380   3.476   3.566   3.653   3.738   3.822   3.906
   5.350  -0.275  -0.241  -0.203  -0.160  -0.112  -0.057   0.005   0.075   0.155   0.246   0.349   0.464   0.589   0.723   0.863   1.007   1.154   1.303   1.456   1.614   1.778   1.949   2.125   2.307   2.488   2.664   2.830   2.979   3.111   3.224   3.325   3.418   3.505   3.591   3.676   3.761   3.846
   5.375  -0.317  -0.288  -0.254  -0.214  -0.169  -0.117  -0.058   0.010   0.087   0.177   0.279   0.395   0.524   0.664   0.812   0.965   1.121   1.279   1.438   1.599   1.764   1.933   2.107   2.285   2.461   2.633   2.794   2.937   3.064   3.173   3.270   3.360   3.446   3.532   3.616   3.702   3.787
   5.400  -0.354  -0.330  -0.300  -0.264  -0.222  -0.174  -0.119  -0.055   0.019   0.105   0.204   0.320   0.450   0.594   0.749   0.910   1.076   1.242   1.409   1.575   1.743   1.912   2.084   2.259   2.432   2.599   2.755   2.894   3.017   3.123   3.217   3.305   3.389   3.474   3.559   3.644   3.730
   5.425  -0.382  -0.363  -0.338  -0.307  -0.270  -0.226  -0.175  -0.115  -0.045   0.037   0.132   0.245   0.373   0.519   0.677   0.845   1.018   1.193   1.369   1.542   1.714   1.887   2.058   2.231   2.401   2.564   2.716   2.851   2.971   3.073   3.165   3.251   3.334   3.418   3.503   3.589   3.675
   5.450  -0.403  -0.389  -0.369  -0.343  -0.312  -0.273  -0.226  -0.171  -0.105  -0.028   0.063   0.172   0.297   0.441   0.601   0.773   0.954   1.137   1.322   1.503   1.681   1.857   2.030   2.203   2.370   2.529   2.677   2.808   2.925   3.024   3.114   3.199   3.281   3.365   3.449   3.535   3.622
   5.475  -0.418  -0.407  -0.392  -0.372  -0.346  -0.313  -0.271  -0.221  -0.159  -0.087   0.001   0.104   0.226   0.368   0.526   0.701   0.887   1.078   1.270   1.459   1.645   1.825   2.001   2.173   2.338   2.495   2.639   2.767   2.880   2.978   3.066   3.149   3.231   3.314   3.398   3.484   3.572
   5.500  -0.427  -0.420  -0.409  -0.394  -0.373  -0.346  -0.310  -0.265  -0.209  -0.140  -0.058   0.041   0.159   0.297   0.454   0.630   0.819   1.017   1.218   1.414   1.607   1.792   1.970   2.142   2.306   2.460   2.602   2.727   2.837   2.933   3.019   3.102   3.183   3.265   3.349   3.436   3.524
   5.525  -0.433  -0.428  -0.420  -0.410  -0.394  -0.372  -0.343  -0.304  -0.253  -0.191  -0.113  -0.019   0.095   0.231   0.387   0.564   0.756   0.959   1.167   1.370   1.569   1.758   1.940   2.112   2.275   2.428   2.567   2.688   2.796   2.889   2.975   3.057   3.137   3.219   3.303   3.390   3.480
   5.550  -0.436  -0.433  -0.427  -0.420  -0.409  -0.392  -0.369  -0.336  -0.293  -0.236  -0.165  -0.075   0.035   0.169   0.324   0.502   0.697   0.905   1.118   1.328   1.532   1.726   1.910   2.084   2.246   2.396   2.533   2.652   2.756   2.849   2.933   3.014   3.094   3.176   3.260   3.347   3.438
   5.575  -0.438  -0.436  -0.432  -0.427  -0.419  -0.407  -0.388  -0.362  -0.326  -0.277  -0.212  -0.127  -0.021   0.110   0.265   0.446   0.644   0.857   1.075   1.290   1.499   1.696   1.882   2.056   2.219   2.367   2.501   2.617   2.719   2.810   2.893   2.973   3.053   3.134   3.219   3.307   3.399
   5.600  -0.439  -0.437  -0.434  -0.430  -0.425  -0.416  -0.402  -0.382  -0.353  -0.311  -0.253  -0.175  -0.074   0.055   0.209   0.391   0.593   0.811   1.034   1.254   1.467   1.667   1.856   2.031   2.193   2.340   2.471   2.585   2.685   2.774   2.856   2.936   3.015   3.096   3.181   3.270   3.364
   5.625  -0.440  -0.438  -0.435  -0.432  -0.428  -0.422  -0.411  -0.396  -0.373  -0.339  -0.289  -0.219  -0.125  -0.001   0.152   0.335   0.540   0.763   0.992   1.218   1.437   1.641   1.832   2.009   2.170   2.315   2.443   2.555   2.653   2.741   2.822   2.901   2.980   3.062   3.147   3.238   3.333
   5.650  -0.440  -0.438  -0.436  -0.433  -0.430  -0.425  -0.417  -0.405  -0.387  -0.360  -0.318  -0.257  -0.171  -0.053   0.095   0.278   0.486   0.713   0.949   1.181   1.406   1.616   1.810   1.987   2.148   2.291   2.417   2.527   2.623   2.710   2.791   2.870   2.949   3.031   3.116   3.209   3.307
   5.675  -0.441  -0.439  -0.437  -0.434  -0.431  -0.426  -0.420  -0.411  -0.396  -0.375  -0.340  -0.288  -0.211  -0.102   0.040   0.220   0.428   0.660   0.902   1.142   1.375   1.590   1.788   1.967   2.127   2.269   2.393   2.501   2.596   2.682   2.763   2.841   2.920   3.002   3.088   3.182   3.282
   5.700  -0.441  -0.439  -0.437  -0.435  -0.431  -0.427  -0.421  -0.414  -0.402  -0.385  -0.356  -0.313  -0.246  -0.146  -0.013   0.163   0.370   0.605   0.853   1.101   1.341   1.562   1.764   1.945   2.106   2.247   2.370   2.477   2.571   2.657   2.737   2.815   2.894   2.975   3.061   3.156   3.258
   5.725  -0.441  -0.439  -0.437  -0.435  -0.432  -0.428  -0.422  -0.415  -0.405  -0.390  -0.366  -0.329  -0.271  -0.182  -0.059   0.109   0.311   0.547   0.799   1.054   1.302   1.530   1.738   1.922   2.084   2.225   2.347   2.454   2.548   2.633   2.713   2.791   2.869   2.950   3.035   3.130   3.233
   5.750  -0.441  -0.440  -0.438  -0.435  -0.432  -0.428  -0.423  -0.416  -0.406  -0.393  -0.372  -0.341  -0.290  -0.211  -0.098   0.060   0.255   0.489   0.743   1.004   1.260   1.495   1.709   1.896   2.060   2.202   2.325   2.431   2.526   2.611   2.692   2.769   2.847   2.926   3.011   3.105   3.206
   5.775  -0.441  -0.440  -0.438  -0.436  -0.433  -0.429  -0.423  -0.417  -0.407  -0.395  -0.376  -0.348  -0.303  -0.233  -0.131   0.017   0.203   0.433   0.686   0.951   1.213   1.455   1.676   1.867   2.034   2.178   2.301   2.409   2.504   2.590   2.671   2.748   2.825   2.904   2.988   3.081   3.182
   5.800  -0.441  -0.440  -0.438  -0.436  -0.433  -0.429  -0.424  -0.417  -0.408  -0.396  -0.378  -0.352  -0.312  -0.250  -0.156  -0.020   0.157   0.380   0.630   0.896   1.163   1.411   1.639   1.835   2.006   2.152   2.278   2.386   2.482   2.570   2.651   2.728   2.805   2.883   2.966   3.059   3.159
   5.825  -0.441  -0.440  -0.438  -0.436  -0.433  -0.429  -0.424  -0.418  -0.408  -0.396  -0.379  -0.355  -0.317  -0.260  -0.175  -0.048   0.118   0.332   0.576   0.841   1.111   1.364   1.598   1.800   1.976   2.125   2.253   2.363   2.461   2.549   2.631   2.709   2.786   2.864   2.948   3.039   3.140
   5.850  -0.441  -0.440  -0.438  -0.436  -0.433  -0.430  -0.425  -0.418  -0.409  -0.397  -0.379  -0.356  -0.320  -0.267  -0.188  -0.070   0.086   0.290   0.526   0.788   1.058   1.315   1.555   1.763   1.943   2.096   2.227   2.340   2.439   2.529   2.612   2.690   2.767   2.846   2.930   3.023   3.123
   5.875  -0.441  -0.440  -0.438  -0.436  -0.433  -0.430  -0.425  -0.418  -0.409  -0.397  -0.380  -0.357  -0.323  -0.272  -0.197  -0.087   0.060   0.255   0.482   0.739   1.007   1.266   1.510   1.723   1.909   2.065   2.200   2.316   2.417   2.509   2.592   2.672   2.749   2.828   2.912   3.003   3.103
   5.900  -0.441  -0.439  -0.438  -0.436  -0.433  -0.429  -0.424  -0.418  -0.409  -0.397  -0.380  -0.358  -0.324  -0.276  -0.203  -0.099   0.041   0.227   0.446   0.696   0.960   1.220   1.466   1.683   1.874   2.035   2.173   2.292   2.395   2.489   2.574   2.653   2.731   2.809   2.892   2.984   3.083
   5.925  -0.440  -0.439  -0.437  -0.435  -0.432  -0.429  -0.424  -0.417  -0.408  -0.397  -0.380  -0.358  -0.325  -0.278  -0.208  -0.108   0.027   0.205   0.417   0.661   0.921   1.180   1.427   1.647   1.842   2.006   2.147   2.268   2.375   2.469   2.555   2.635   2.711   2.788   2.869   2.961   3.059
   5.950  -0.439  -0.438  -0.436  -0.434  -0.431  -0.427  -0.423  -0.416  -0.407  -0.396  -0.379  -0.357  -0.324  -0.278  -0.210  -0.113   0.017   0.189   0.395   0.634   0.888   1.145   1.393   1.614   1.811   1.978   2.122   2.246   2.355   2.451   2.538   2.616   2.691   2.766   2.845   2.935   3.033
   5.975  -0.439  -0.437  -0.434  -0.432  -0.429  -0.425  -0.420  -0.414  -0.405  -0.394  -0.377  -0.356  -0.323  -0.277  -0.211  -0.115   0.012   0.180   0.380   0.614   0.864   1.118   1.364   1.585   1.784   1.953   2.099   2.226   2.336   2.433   2.520   2.598   2.672   2.744   2.821   2.910   3.009
   6.000  -0.438  -0.435  -0.433  -0.430  -0.427  -0.423  -0.418  -0.411  -0.402  -0.391  -0.375  -0.353  -0.321  -0.276  -0.210  -0.116   0.009   0.174   0.371   0.599   0.844   1.094   1.337   1.558   1.758   1.929   2.078   2.206   2.318   2.416   2.503   2.580   2.652   2.723   2.798   2.886   2.985
   6.050  -0.437  -0.434  -0.431  -0.427  -0.423  -0.417  -0.411  -0.404  -0.395  -0.383  -0.367  -0.346  -0.315  -0.270  -0.205  -0.113   0.008   0.166   0.353   0.571   0.805   1.046   1.284   1.504   1.706   1.882   2.036   2.169   2.284   2.383   2.469   2.544   2.615   2.683   2.756   2.839   2.936
   6.100  -0.438  -0.435  -0.431  -0.426  -0.421  -0.414  -0.407  -0.398  -0.388  -0.376  -0.359  -0.338  -0.306  -0.261  -0.197  -0.107   0.011   0.161   0.340   0.546   0.770   1.003   1.235   1.454   1.657   1.837   1.995   2.131   2.248   2.346   2.430   2.503   2.571   2.638   2.710   2.794   2.888
   6.150  -0.441  -0.439  -0.436  -0.431  -0.425  -0.417  -0.408  -0.397  -0.384  -0.369  -0.349  -0.326  -0.293  -0.248  -0.185  -0.098   0.014   0.156   0.325   0.522   0.736   0.962   1.190   1.408   1.612   1.794   1.954   2.091   2.207   2.302   2.381   2.449   2.512   2.576   2.646   2.732   2.829
   6.200  -0.445  -0.443  -0.441  -0.437  -0.431  -0.423  -0.413  -0.401  -0.385  -0.367  -0.345  -0.318  -0.282  -0.236  -0.173  -0.089   0.018   0.154   0.315   0.504   0.710   0.930   1.152   1.368   1.571   1.752   1.912   2.047   2.159   2.248   2.322   2.385   2.443   2.504   2.573   2.661   2.763
   6.250  -0.446  -0.446  -0.444  -0.441  -0.437  -0.431  -0.424  -0.413  -0.398  -0.379  -0.353  -0.321  -0.280  -0.228  -0.161  -0.076   0.030   0.161   0.316   0.497   0.696   0.910   1.127   1.338   1.537   1.713   1.868   1.995   2.100   2.182   2.250   2.309   2.365   2.427   2.498   2.589   2.695
   6.300  -0.447  -0.447  -0.446  -0.444  -0.442  -0.439  -0.434  -0.426  -0.414  -0.395  -0.369  -0.334  -0.289  -0.231  -0.159  -0.070   0.038   0.168   0.320   0.496   0.690   0.897   1.107   1.311   1.502   1.670   1.815   1.934   2.030   2.105   2.167   2.223   2.280   2.345   2.420   2.514   2.623
   6.350  -0.448  -0.447  -0.447  -0.446  -0.445  -0.443  -0.440  -0.435  -0.426  -0.412  -0.391  -0.360  -0.315  -0.255  -0.177  -0.080   0.037   0.173   0.328   0.504   0.692   0.891   1.091   1.282   1.460   1.615   1.749   1.856   1.944   2.013   2.073   2.129   2.189   2.257   2.338   2.437   2.550
   6.400  -0.448  -0.447  -0.447  -0.447  -0.446  -0.445  -0.443  -0.441  -0.435  -0.427  -0.412  -0.387  -0.347  -0.288  -0.208  -0.104   0.021   0.166   0.328   0.504   0.690   0.882   1.070   1.247   1.409   1.549   1.669   1.767   1.847   1.913   1.972   2.030   2.094   2.168   2.254   2.357   2.476
   6.450  -0.449  -0.448  -0.447  -0.447  -0.447  -0.446  -0.445  -0.443  -0.440  -0.434  -0.423  -0.405  -0.373  -0.321  -0.248  -0.145  -0.018   0.134   0.303   0.486   0.674   0.859   1.036   1.198   1.344   1.469   1.576   1.665   1.740   1.805   1.866   1.930   1.999   2.079   2.171   2.276   2.395
   6.500  -0.449  -0.448  -0.448  -0.448  -0.447  -0.447  -0.446  -0.445  -0.442  -0.438  -0.431  -0.418  -0.394  -0.353  -0.289  -0.193  -0.069   0.086   0.260   0.448   0.637   0.818   0.986   1.134   1.264   1.376   1.473   1.555   1.627   1.694   1.759   1.829   1.905   1.992   2.088   2.194   2.309
   6.550  -0.450  -0.449  -0.448  -0.448  -0.448  -0.448  -0.447  -0.446  -0.444  -0.441  -0.435  -0.426  -0.407  -0.374  -0.320  -0.236  -0.123   0.025   0.194   0.380   0.568   0.745   0.908   1.048   1.169   1.273   1.363   1.441   1.513   1.582   1.652   1.728   1.811   1.905   2.007   2.117   2.234
   6.600  -0.450  -0.449  -0.449  -0.449  -0.449  -0.449  -0.448  -0.447  -0.446  -0.443  -0.438  -0.431  -0.415  -0.389  -0.345  -0.274  -0.175  -0.040   0.119   0.298   0.481   0.654   0.813   0.948   1.063   1.162   1.248   1.326   1.398   1.470   1.545   1.628   1.718   1.819   1.928   2.043   2.165
   6.650  -0.450  -0.450  -0.450  -0.450  -0.450  -0.450  -0.449  -0.448  -0.447  -0.445  -0.441  -0.435  -0.422  -0.401  -0.364  -0.304  -0.219  -0.099   0.046   0.212   0.384   0.550   0.704   0.835   0.949   1.046   1.132   1.210   1.285   1.362   1.442   1.530   1.627   1.733   1.846   1.967   2.091
   6.700  -0.451  -0.451  -0.451  -0.451  -0.451  -0.451  -0.450  -0.450  -0.448  -0.447  -0.443  -0.438  -0.428  -0.410  -0.379  -0.330  -0.257  -0.152  -0.025   0.125   0.285   0.441   0.589   0.717   0.831   0.928   1.016   1.097   1.175   1.256   1.342   1.437   1.539   1.650   1.768   1.890   2.017
   6.750  -0.451  -0.451  -0.451  -0.452  -0.452  -0.451  -0.451  -0.451  -0.449  -0.448  -0.445  -0.441  -0.433  -0.419  -0.393  -0.352  -0.290  -0.200  -0.088   0.046   0.191   0.335   0.475   0.600   0.712   0.811   0.901   0.986   1.069   1.156   1.248   1.351   1.461   1.578   1.698   1.817   1.939
   6.800  -0.452  -0.452  -0.452  -0.452  -0.452  -0.452  -0.452  -0.451  -0.450  -0.449  -0.447  -0.443  -0.437  -0.425  -0.405  -0.370  -0.318  -0.241  -0.144  -0.026   0.103   0.236   0.367   0.488   0.599   0.700   0.793   0.882   0.970   1.063   1.162   1.272   1.388   1.510   1.632   1.748   1.859
   6.850  -0.453  -0.453  -0.453  -0.453  -0.453  -0.453  -0.452  -0.452  -0.451  -0.450  -0.448  -0.445  -0.440  -0.430  -0.413  -0.385  -0.341  -0.277  -0.193  -0.089   0.027   0.150   0.273   0.389   0.499   0.600   0.696   0.788   0.882   0.981   1.085   1.199   1.318   1.443   1.565   1.678   1.784
   6.900  -0.454  -0.454  -0.454  -0.454  -0.453  -0.453  -0.453  -0.452  -0.452  -0.451  -0.449  -0.446  -0.441  -0.433  -0.419  -0.396  -0.360  -0.305  -0.234  -0.143  -0.039   0.074   0.189   0.301   0.409   0.511   0.609   0.706   0.805   0.908   1.017   1.134   1.254   1.379   1.500   1.611   1.713
   6.950  -0.455  -0.455  -0.455  -0.454  -0.454  -0.454  -0.454  -0.453  -0.452  -0.451  -0.448  -0.446  -0.441  -0.434  -0.422  -0.403  -0.373  -0.327  -0.267  -0.188  -0.097   0.005   0.112   0.219   0.327   0.433   0.537   0.640   0.744   0.850   0.960   1.078   1.198   1.319   1.436   1.544   1.645
   7.000  -0.456  -0.456  -0.456  -0.456  -0.455  -0.455  -0.455  -0.454  -0.453  -0.451  -0.448  -0.445  -0.440  -0.433  -0.422  -0.406  -0.380  -0.342  -0.290  -0.222  -0.141  -0.050   0.049   0.152   0.259   0.368   0.478   0.585   0.691   0.798   0.907   1.025   1.144   1.260   1.373   1.479   1.580
   7.050  -0.457  -0.457  -0.457  -0.457  -0.456  -0.456  -0.456  -0.455  -0.454  -0.452  -0.449  -0.445  -0.439  -0.432  -0.420  -0.404  -0.380  -0.345  -0.299  -0.239  -0.167  -0.083   0.009   0.110   0.215   0.324   0.434   0.539   0.643   0.746   0.852   0.968   1.086   1.201   1.309   1.407   1.497
   7.100  -0.458  -0.458  -0.458  -0.458  -0.458  -0.458  -0.457  -0.457  -0.456  -0.454  -0.451  -0.447  -0.440  -0.431  -0.418  -0.401  -0.377  -0.343  -0.300  -0.246  -0.180  -0.103  -0.015   0.082   0.185   0.290   0.396   0.497   0.596   0.694   0.796   0.909   1.025   1.139   1.244   1.331   1.403
   7.150  -0.459  -0.459  -0.459  -0.459  -0.459  -0.459  -0.459  -0.459  -0.458  -0.456  -0.454  -0.450  -0.443  -0.434  -0.420  -0.401  -0.375  -0.341  -0.298  -0.245  -0.183  -0.109  -0.026   0.066   0.164   0.262   0.359   0.452   0.544   0.639   0.739   0.847   0.958   1.075   1.181   1.254   1.310
   7.200  -0.461  -0.461  -0.461  -0.461  -0.461  -0.461  -0.461  -0.461  -0.460  -0.459  -0.457  -0.454  -0.448  -0.438  -0.424  -0.404  -0.376  -0.340  -0.296  -0.243  -0.182  -0.111  -0.033   0.054   0.144   0.233   0.320   0.402   0.487   0.580   0.679   0.783   0.891   1.005   1.107   1.174   1.215
   7.250  -0.463  -0.463  -0.463  -0.463  -0.463  -0.463  -0.463  -0.463  -0.462  -0.461  -0.460  -0.457  -0.452  -0.444  -0.431  -0.411  -0.384  -0.347  -0.302  -0.248  -0.186  -0.117  -0.042   0.038   0.118   0.195   0.270   0.345   0.424   0.514   0.612   0.723   0.831   0.922   0.996   1.060   1.089
   7.300  -0.465  -0.465  -0.465  -0.465  -0.465  -0.465  -0.465  -0.465  -0.464  -0.464  -0.463  -0.461  -0.457  -0.450  -0.439  -0.421  -0.395  -0.359  -0.314  -0.259  -0.197  -0.129  -0.057   0.015   0.085   0.150   0.215   0.283   0.358   0.446   0.544   0.663   0.772   0.840   0.886   0.922   0.943
   7.350  -0.467  -0.467  -0.467  -0.467  -0.467  -0.467  -0.467  -0.467  -0.467  -0.467  -0.466  -0.464  -0.461  -0.456  -0.447  -0.431  -0.409  -0.376  -0.334  -0.281  -0.220  -0.154  -0.087  -0.023   0.039   0.096   0.154   0.220   0.294   0.382   0.481   0.603   0.716   0.783   0.827   0.842   0.861
   7.400  -0.470  -0.470  -0.470  -0.470  -0.470  -0.470  -0.470  -0.470  -0.470  -0.470  -0.469  -0.468  -0.465  -0.461  -0.454  -0.442  -0.423  -0.395  -0.357  -0.307  -0.250  -0.188  -0.125  -0.068  -0.013   0.038   0.092   0.157   0.232   0.322   0.422   0.539   0.646   0.713   0.758   0.793   0.814
   7.450  -0.473  -0.473  -0.473  -0.473  -0.473  -0.473  -0.473  -0.473  -0.473  -0.473  -0.472  -0.471  -0.469  -0.466  -0.460  -0.451  -0.436  -0.412  -0.379  -0.335  -0.284  -0.228  -0.171  -0.119  -0.068  -0.020   0.032   0.096   0.172   0.268   0.367   0.456   0.529   0.578   0.610   0.659   0.676
   7.500  -0.476  -0.476  -0.476  -0.476  -0.476  -0.476  -0.476  -0.476  -0.476  -0.476  -0.476  -0.475  -0.473  -0.470  -0.466  -0.459  -0.447  -0.427  -0.400  -0.362  -0.318  -0.269  -0.218  -0.170  -0.123  -0.077  -0.025   0.038   0.114   0.216   0.314   0.373   0.414   0.444   0.464   0.480   0.489
   7.550  -0.480  -0.480  -0.480  -0.480  -0.480  -0.480  -0.480  -0.480  -0.480  -0.480  -0.480  -0.479  -0.477  -0.475  -0.471  -0.466  -0.457  -0.441  -0.419  -0.387  -0.349  -0.306  -0.261  -0.218  -0.173  -0.128  -0.077  -0.014   0.061   0.163   0.258   0.313   0.349   0.376   0.394   0.396   0.403
   7.600  -0.484  -0.484  -0.484  -0.484  -0.484  -0.484  -0.484  -0.484  -0.484  -0.484  -0.484  -0.483  -0.482  -0.480  -0.477  -0.473  -0.466  -0.453  -0.435  -0.409  -0.377  -0.340  -0.301  -0.262  -0.220  -0.176  -0.125  -0.063   0.011   0.109   0.202   0.259   0.297   0.326   0.345   0.360   0.369
   7.650  -0.488  -0.488  -0.488  -0.488  -0.488  -0.488  -0.488  -0.488  -0.488  -0.488  -0.488  -0.488  -0.487  -0.485  -0.483  -0.480  -0.474  -0.464  -0.448  -0.427  -0.401  -0.370  -0.336  -0.301  -0.262  -0.219  -0.169  -0.108  -0.037   0.058   0.147   0.202   0.239   0.266   0.285   0.298   0.307
   7.700  -0.493  -0.493  -0.493  -0.493  -0.493  -0.493  -0.493  -0.493  -0.493  -0.493  -0.493  -0.493  -0.492  -0.491  -0.489  -0.487  -0.482  -0.473  -0.460  -0.443  -0.421  -0.396  -0.367  -0.336  -0.300  -0.259  -0.210  -0.152  -0.083   0.006   0.091   0.143   0.178   0.204   0.221   0.235   0.243
   7.750  -0.499  -0.499  -0.499  -0.499  -0.499  -0.499  -0.499  -0.499  -0.499  -0.499  -0.499  -0.498  -0.498  -0.497  -0.496  -0.494  -0.490  -0.483  -0.472  -0.457  -0.439  -0.417  -0.393  -0.365  -0.333  -0.295  -0.249  -0.194  -0.129  -0.045   0.034   0.083   0.116   0.140   0.157   0.164   0.171
   7.800  -0.505  -0.505  -0.505  -0.505  -0.505  -0.505  -0.505  -0.505  -0.505  -0.505  -0.505  -0.505  -0.504  -0.504  -0.503  -0.501  -0.498  -0.492  -0.483  -0.471  -0.455  -0.436  -0.415  -0.391  -0.363  -0.329  -0.287  -0.235  -0.175  -0.101  -0.032   0.010   0.040   0.061   0.075   0.086   0.093
   7.850  -0.512  -0.512  -0.512  -0.512  -0.512  -0.512  -0.512  -0.512  -0.512  -0.512  -0.512  -0.512  -0.512  -0.512  -0.511  -0.509  -0.506  -0.501  -0.494  -0.483  -0.470  -0.455  -0.437  -0.416  -0.392  -0.362  -0.324  -0.274  -0.220  -0.170  -0.126  -0.099  -0.079  -0.066  -0.056  -0.032  -0.027
   7.900  -0.520  -0.520  -0.520  -0.520  -0.520  -0.520  -0.520  -0.520  -0.520  -0.520  -0.520  -0.520  -0.520  -0.520  -0.519  -0.517  -0.514  -0.510  -0.504  -0.496  -0.485  -0.472  -0.457  -0.440  -0.420  -0.394  -0.361  -0.313  -0.266  -0.238  -0.218  -0.204  -0.195  -0.188  -0.183  -0.179  -0.177
   7.950  -0.528  -0.528  -0.528  -0.528  -0.528  -0.528  -0.528  -0.528  -0.528  -0.528  -0.528  -0.528  -0.528  -0.528  -0.527  -0.525  -0.522  -0.519  -0.514  -0.507  -0.499  -0.488  -0.476  -0.463  -0.447  -0.425  -0.396  -0.353  -0.311  -0.289  -0.274  -0.263  -0.256  -0.250  -0.247  -0.254  -0.253
   8.000  -0.536  -0.536  -0.536  -0.536  -0.536  -0.536  -0.536  -0.536  -0.536  -0.536  -0.536  -0.536  -0.536  -0.536  -0.535  -0.533  -0.531  -0.528  -0.524  -0.519  -0.512  -0.504  -0.495  -0.486  -0.473  -0.455  -0.431  -0.394  -0.358  -0.336  -0.321  -0.311  -0.303  -0.298  -0.294  -0.291  -0.290
   8.100  -0.555  -0.555  -0.555  -0.555  -0.555  -0.555  -0.556  -0.556  -0.556  -0.556  -0.556  -0.556  -0.556  -0.556  -0.556  -0.554  -0.552  -0.550  -0.548  -0.545  -0.541  -0.538  -0.535  -0.532  -0.527  -0.518  -0.504  -0.482  -0.460  -0.447  -0.438  -0.431  -0.427  -0.424  -0.421  -0.420  -0.419
   8.200  -0.580  -0.580  -0.580  -0.580  -0.580  -0.580  -0.580  -0.580  -0.580  -0.581  -0.581  -0.581  -0.581  -0.581  -0.581  -0.579  -0.578  -0.577  -0.576  -0.575  -0.574  -0.576  -0.579  -0.583  -0.586  -0.584  -0.578  -0.565  -0.551  -0.543  -0.538  -0.534  -0.531  -0.529  -0.528  -0.561  -0.560
   8.300  -0.609  -0.609  -0.609  -0.609  -0.609  -0.609  -0.609  -0.609  -0.609  -0.610  -0.610  -0.610  -0.610  -0.610  -0.609  -0.608  -0.608  -0.608  -0.608  -0.609  -0.612  -0.618  -0.627  -0.637  -0.647  -0.655  -0.664  -0.677  -0.690  -0.698  -0.703  -0.707  -0.709  -0.711  -0.713  -0.714  -0.714
   8.400  -0.654  -0.648  -0.644  -0.643  -0.642  -0.642  -0.642  -0.642  -0.643  -0.643  -0.643  -0.643  -0.643  -0.642  -0.642  -0.642  -0.643  -0.643  -0.645  -0.648  -0.654  -0.665  -0.679  -0.689  -0.705  -0.732  -0.783  -0.892  -1.004  -1.070  -1.115  -1.148  -1.171  -1.187  -1.198  -1.084  -1.088
   8.500  -0.679  -0.679  -0.679  -0.679  -0.679  -0.679  -0.679  -0.680  -0.680  -0.680  -0.680  -0.680  -0.679  -0.679  -0.679  -0.680  -0.681  -0.682  -0.685  -0.691  -0.700  -0.716  -0.735  -0.747  -0.770  -0.813  -0.898  -1.079  -1.266  -1.375  -1.450  -1.505  -1.542  -1.569  -1.588  -1.602  -1.611
   8.600  -0.647  -0.683  -0.707  -0.719  -0.718  -0.720  -0.720  -0.720  -0.721  -0.721  -0.720  -0.720  -0.719  -0.720  -0.720  -0.721  -0.723  -0.725  -0.729  -0.737  -0.750  -0.769  -0.795  -0.821  -0.849  -0.903  -0.976  -1.100  -1.265  -1.356  -1.410  -1.455  -1.483  -1.505  -1.519  -1.530  -1.537
   8.700  -0.570  -0.667  -0.731  -0.762  -0.761  -0.766  -0.764  -0.765  -0.765  -0.765  -0.764  -0.764  -0.764  -0.764  -0.765  -0.766  -0.768  -0.771  -0.776  -0.787  -0.803  -0.827  -0.859  -0.896  -0.939  -0.982  -1.028  -1.056  -1.073  -1.086  -1.095  -1.102  -1.106  -1.109  -1.111  -1.113  -1.114

