low temperature opacities from Ferguson, Alexander, et al (2005) with gs98 metals
    form     version        X           Z          logRs    logR_min    logR_max       logTs    logT_min    logT_max
       1          38    0.500000    0.030000          46   -8.000000    1.000000         105    2.700000    4.500000

   logT                       logR = logRho - 3*logT + 18
          -8.000  -7.800  -7.600  -7.400  -7.200  -7.000  -6.800  -6.600  -6.400  -6.200  -6.000  -5.800  -5.600  -5.400  -5.200  -5.000  -4.800  -4.600  -4.400  -4.200  -4.000  -3.800  -3.600  -3.400  -3.200  -3.000  -2.800  -2.600  -2.400  -2.200  -2.000  -1.800  -1.600  -1.400  -1.200  -1.000  -0.800  -0.600  -0.400  -0.200   0.000   0.200   0.400   0.600   0.800   1.000

   2.700  -0.057  -0.057  -0.057  -0.057  -0.057  -0.057  -0.057  -0.057  -0.057  -0.057  -0.057  -0.057  -0.057  -0.058  -0.063  -0.067  -0.063  -0.058  -0.057  -0.057  -0.057  -0.059  -0.061  -0.061  -0.059  -0.057  -0.059  -0.061  -0.061  -0.059  -0.057  -0.063  -0.073  -0.078  -0.081  -0.081  -0.078  -0.073  -0.068  -0.065  -0.061  -0.058  -0.056  -0.054  -0.051  -0.049
   2.750  -0.097  -0.096  -0.096  -0.096  -0.096  -0.096  -0.096  -0.096  -0.096  -0.096  -0.096  -0.096  -0.096  -0.096  -0.096  -0.096  -0.096  -0.096  -0.096  -0.096  -0.096  -0.096  -0.096  -0.096  -0.096  -0.096  -0.096  -0.096  -0.096  -0.096  -0.096  -0.089  -0.078  -0.076  -0.077  -0.077  -0.074  -0.069  -0.065  -0.061  -0.058  -0.056  -0.053  -0.051  -0.049  -0.047
   2.800  -0.089  -0.086  -0.084  -0.082  -0.081  -0.080  -0.079  -0.079  -0.079  -0.078  -0.078  -0.078  -0.078  -0.078  -0.078  -0.078  -0.078  -0.077  -0.077  -0.077  -0.077  -0.077  -0.077  -0.077  -0.077  -0.077  -0.077  -0.077  -0.077  -0.077  -0.077  -0.077  -0.075  -0.073  -0.069  -0.065  -0.062  -0.059  -0.056  -0.054  -0.051  -0.049  -0.047  -0.045  -0.043  -0.041
   2.850  -0.111  -0.105  -0.098  -0.092  -0.086  -0.079  -0.070  -0.061  -0.054  -0.051  -0.049  -0.046  -0.044  -0.044  -0.045  -0.046  -0.048  -0.050  -0.050  -0.050  -0.050  -0.050  -0.050  -0.050  -0.049  -0.049  -0.049  -0.049  -0.049  -0.049  -0.049  -0.048  -0.047  -0.047  -0.047  -0.047  -0.047  -0.045  -0.043  -0.042  -0.040  -0.038  -0.036  -0.035  -0.033  -0.032
   2.900  -0.095  -0.093  -0.091  -0.091  -0.090  -0.090  -0.090  -0.089  -0.085  -0.063  -0.046  -0.042  -0.039  -0.036  -0.032  -0.028  -0.026  -0.024  -0.022  -0.021  -0.020  -0.019  -0.018  -0.018  -0.017  -0.017  -0.017  -0.016  -0.016  -0.015  -0.015  -0.018  -0.022  -0.025  -0.027  -0.027  -0.027  -0.027  -0.027  -0.026  -0.026  -0.025  -0.024  -0.023  -0.022  -0.021
   2.910  -0.099  -0.092  -0.086  -0.082  -0.080  -0.079  -0.078  -0.077  -0.077  -0.076  -0.076  -0.062  -0.039  -0.029  -0.026  -0.024  -0.021  -0.019  -0.017  -0.015  -0.014  -0.013  -0.011  -0.011  -0.010  -0.010  -0.010  -0.009  -0.009  -0.009  -0.009  -0.008  -0.007  -0.007  -0.008  -0.008  -0.009  -0.009  -0.010  -0.010  -0.010  -0.010  -0.010  -0.010  -0.009  -0.009
   2.920  -0.118  -0.106  -0.096  -0.087  -0.079  -0.073  -0.069  -0.067  -0.065  -0.064  -0.064  -0.064  -0.064  -0.060  -0.037  -0.019  -0.014  -0.011  -0.009  -0.007  -0.005  -0.004  -0.003  -0.002  -0.001   0.000   0.000   0.001   0.001   0.001   0.002   0.005   0.009   0.009   0.009   0.008   0.008   0.007   0.006   0.005   0.004   0.004   0.003   0.003   0.003   0.003
   2.930  -0.213  -0.173  -0.137  -0.104  -0.072  -0.057  -0.059  -0.061  -0.061  -0.057  -0.054  -0.053  -0.052  -0.052  -0.051  -0.051  -0.037  -0.013  -0.005  -0.002   0.000   0.001   0.003   0.008   0.025   0.035   0.035   0.035   0.035   0.035   0.034   0.031   0.026   0.024   0.023   0.022   0.021   0.019   0.018   0.017   0.016   0.015   0.014   0.014   0.014   0.013
   2.940  -0.416  -0.323  -0.247  -0.189  -0.150  -0.119  -0.089  -0.064  -0.046  -0.034  -0.025  -0.019  -0.016  -0.014  -0.012  -0.011  -0.013  -0.017  -0.013   0.013   0.031   0.033   0.034   0.036   0.037   0.037   0.037   0.037   0.037   0.037   0.037   0.037   0.037   0.037   0.034   0.031   0.029   0.028   0.027   0.025   0.024   0.023   0.022   0.022   0.021   0.021
   2.950  -0.410  -0.410  -0.410  -0.395  -0.306  -0.217  -0.168  -0.133  -0.100  -0.072  -0.049  -0.033  -0.023  -0.015  -0.011  -0.008  -0.006  -0.004  -0.004  -0.007  -0.008   0.007   0.032   0.038   0.038   0.039   0.040   0.040   0.040   0.040   0.040   0.040   0.040   0.040   0.037   0.034   0.033   0.032   0.031   0.030   0.029   0.028   0.028   0.027   0.027   0.027
   2.960  -0.405  -0.404  -0.403  -0.403  -0.403  -0.403  -0.348  -0.246  -0.181  -0.142  -0.110  -0.079  -0.053  -0.033  -0.021  -0.012  -0.006  -0.002   0.000   0.002   0.003   0.003   0.004   0.008   0.029   0.042   0.043   0.043   0.043   0.044   0.044   0.040   0.035   0.033   0.033   0.033   0.032   0.032   0.031   0.031   0.031   0.031   0.030   0.030   0.030   0.030
   2.970  -0.405  -0.402  -0.399  -0.397  -0.397  -0.396  -0.396  -0.395  -0.380  -0.294  -0.207  -0.156  -0.118  -0.083  -0.055  -0.033  -0.018  -0.008  -0.001   0.004   0.007   0.009   0.011   0.011   0.012   0.012   0.014   0.016   0.016   0.016   0.016   0.020   0.026   0.029   0.029   0.030   0.031   0.031   0.031   0.032   0.032   0.032   0.032   0.033   0.033   0.033
   2.980  -0.425  -0.413  -0.404  -0.397  -0.393  -0.391  -0.389  -0.388  -0.388  -0.387  -0.387  -0.332  -0.231  -0.164  -0.121  -0.087  -0.057  -0.033  -0.015  -0.003   0.006   0.012   0.015   0.017   0.018   0.019   0.019   0.020   0.021   0.023   0.024   0.024   0.024   0.025   0.027   0.030   0.031   0.032   0.033   0.033   0.034   0.035   0.035   0.035   0.036   0.036
   2.990  -0.545  -0.486  -0.441  -0.416  -0.403  -0.395  -0.389  -0.385  -0.383  -0.380  -0.379  -0.379  -0.378  -0.362  -0.269  -0.176  -0.126  -0.089  -0.057  -0.031  -0.011   0.003   0.011   0.018   0.022   0.025   0.027   0.028   0.028   0.029   0.029   0.030   0.031   0.032   0.033   0.034   0.035   0.036   0.037   0.037   0.038   0.039   0.039   0.040   0.040   0.040
   3.000  -1.065  -0.830  -0.650  -0.533  -0.472  -0.435  -0.409  -0.395  -0.385  -0.380  -0.376  -0.373  -0.371  -0.369  -0.369  -0.368  -0.308  -0.199  -0.129  -0.089  -0.057  -0.029  -0.007   0.009   0.019   0.026   0.031   0.034   0.036   0.036   0.037   0.038   0.039   0.040   0.040   0.041   0.042   0.042   0.043   0.044   0.044   0.045   0.045   0.046   0.046   0.046
   3.010  -1.359  -1.381  -1.393  -1.327  -0.955  -0.631  -0.518  -0.461  -0.421  -0.399  -0.385  -0.375  -0.369  -0.365  -0.364  -0.361  -0.326  -0.264  -0.215  -0.175  -0.136  -0.094  -0.054  -0.023  -0.001   0.016   0.027   0.034   0.040   0.043   0.045   0.046   0.046   0.047   0.048   0.049   0.050   0.050   0.051   0.051   0.052   0.052   0.053   0.053   0.053   0.053
   3.020  -1.447  -1.393  -1.355  -1.339  -1.334  -1.326  -1.133  -0.796  -0.597  -0.502  -0.445  -0.407  -0.387  -0.372  -0.363  -0.358  -0.354  -0.351  -0.349  -0.348  -0.347  -0.278  -0.155  -0.081  -0.045  -0.019   0.005   0.022   0.035   0.043   0.048   0.052   0.054   0.055   0.056   0.057   0.058   0.059   0.059   0.060   0.061   0.061   0.062   0.062   0.062   0.062
   3.030  -1.409  -1.412  -1.413  -1.406  -1.370  -1.338  -1.329  -1.324  -1.264  -0.983  -0.711  -0.572  -0.485  -0.424  -0.390  -0.371  -0.358  -0.351  -0.346  -0.343  -0.339  -0.295  -0.217  -0.160  -0.118  -0.080  -0.044  -0.012   0.014   0.032   0.045   0.053   0.057   0.060   0.062   0.064   0.065   0.067   0.068   0.069   0.070   0.070   0.071   0.071   0.072   0.072
   3.040  -1.463  -1.424  -1.396  -1.385  -1.380  -1.378  -1.384  -1.394  -1.392  -1.363  -1.305  -1.122  -0.850  -0.664  -0.539  -0.452  -0.400  -0.373  -0.354  -0.344  -0.337  -0.333  -0.330  -0.311  -0.233  -0.154  -0.106  -0.068  -0.032   0.000   0.025   0.041   0.052   0.060   0.064   0.068   0.071   0.074   0.076   0.077   0.079   0.080   0.081   0.081   0.082   0.082
   3.050  -1.428  -1.504  -1.542  -1.530  -1.438  -1.368  -1.353  -1.346  -1.348  -1.364  -1.374  -1.356  -1.300  -1.191  -0.974  -0.764  -0.614  -0.495  -0.417  -0.377  -0.353  -0.337  -0.329  -0.322  -0.320  -0.315  -0.259  -0.163  -0.098  -0.055  -0.020   0.009   0.031   0.047   0.057   0.065   0.072   0.077   0.081   0.084   0.086   0.088   0.090   0.091   0.092   0.092
   3.060  -1.312  -1.319  -1.340  -1.382  -1.465  -1.512  -1.458  -1.369  -1.336  -1.323  -1.319  -1.331  -1.350  -1.349  -1.312  -1.238  -1.076  -0.858  -0.689  -0.553  -0.448  -0.385  -0.352  -0.332  -0.320  -0.313  -0.308  -0.305  -0.282  -0.183  -0.088  -0.041  -0.010   0.016   0.036   0.052   0.064   0.073   0.081   0.087   0.091   0.095   0.097   0.100   0.101   0.103
   3.070  -1.310  -1.299  -1.294  -1.294  -1.300  -1.312  -1.365  -1.433  -1.438  -1.393  -1.347  -1.317  -1.296  -1.290  -1.288  -1.286  -1.272  -1.236  -1.159  -0.987  -0.803  -0.639  -0.491  -0.402  -0.358  -0.332  -0.313  -0.303  -0.296  -0.293  -0.288  -0.214  -0.091  -0.027   0.000   0.019   0.041   0.059   0.073   0.083   0.091   0.098   0.102   0.107   0.110   0.112
   3.080  -1.286  -1.286  -1.285  -1.283  -1.276  -1.271  -1.273  -1.277  -1.297  -1.366  -1.409  -1.383  -1.334  -1.300  -1.275  -1.262  -1.259  -1.258  -1.251  -1.224  -1.169  -1.043  -0.862  -0.700  -0.540  -0.420  -0.360  -0.330  -0.307  -0.299  -0.284  -0.237  -0.172  -0.119  -0.074  -0.034   0.001   0.030   0.054   0.070   0.084   0.094   0.103   0.110   0.116   0.120
   3.090  -1.266  -1.264  -1.263  -1.262  -1.261  -1.260  -1.256  -1.250  -1.249  -1.248  -1.248  -1.282  -1.335  -1.340  -1.312  -1.282  -1.259  -1.240  -1.229  -1.225  -1.219  -1.206  -1.182  -1.114  -0.913  -0.709  -0.563  -0.443  -0.365  -0.328  -0.299  -0.268  -0.238  -0.200  -0.155  -0.108  -0.061  -0.016   0.020   0.045   0.066   0.083   0.096   0.107   0.117   0.124
   3.100  -1.261  -1.253  -1.247  -1.242  -1.239  -1.237  -1.236  -1.236  -1.234  -1.229  -1.226  -1.227  -1.231  -1.243  -1.276  -1.297  -1.284  -1.258  -1.237  -1.215  -1.201  -1.197  -1.195  -1.188  -1.169  -1.130  -0.997  -0.790  -0.623  -0.473  -0.372  -0.332  -0.311  -0.277  -0.236  -0.190  -0.136  -0.080  -0.034   0.003   0.034   0.058   0.078   0.095   0.111   0.123
   3.110  -1.307  -1.281  -1.260  -1.243  -1.232  -1.224  -1.218  -1.214  -1.212  -1.211  -1.209  -1.205  -1.202  -1.201  -1.202  -1.204  -1.226  -1.258  -1.261  -1.241  -1.218  -1.196  -1.175  -1.164  -1.161  -1.155  -1.140  -1.111  -1.035  -0.838  -0.646  -0.523  -0.429  -0.362  -0.327  -0.291  -0.232  -0.167  -0.111  -0.059  -0.015   0.018   0.045   0.071   0.094   0.114
   3.120  -1.532  -1.441  -1.368  -1.312  -1.275  -1.248  -1.227  -1.213  -1.202  -1.195  -1.190  -1.187  -1.184  -1.181  -1.178  -1.175  -1.173  -1.171  -1.175  -1.198  -1.213  -1.206  -1.190  -1.173  -1.153  -1.134  -1.120  -1.108  -1.096  -1.086  -1.066  -0.937  -0.723  -0.583  -0.497  -0.423  -0.350  -0.283  -0.216  -0.147  -0.087  -0.042  -0.005   0.030   0.063   0.094
   3.130  -2.360  -2.080  -1.842  -1.648  -1.498  -1.385  -1.313  -1.272  -1.237  -1.211  -1.192  -1.179  -1.170  -1.164  -1.161  -1.158  -1.155  -1.151  -1.146  -1.140  -1.136  -1.152  -1.176  -1.179  -1.164  -1.145  -1.128  -1.109  -1.092  -1.079  -1.053  -0.996  -0.913  -0.818  -0.706  -0.600  -0.512  -0.433  -0.349  -0.261  -0.184  -0.126  -0.079  -0.031   0.015   0.059
   3.140  -2.597  -2.433  -2.306  -2.228  -2.201  -2.154  -1.921  -1.585  -1.402  -1.322  -1.269  -1.223  -1.193  -1.169  -1.155  -1.145  -1.138  -1.134  -1.130  -1.125  -1.123  -1.123  -1.124  -1.126  -1.135  -1.141  -1.127  -1.100  -1.084  -1.075  -1.065  -1.053  -1.037  -0.994  -0.888  -0.775  -0.685  -0.599  -0.504  -0.399  -0.305  -0.234  -0.175  -0.115  -0.055   0.004
   3.150  -3.007  -2.735  -2.515  -2.348  -2.238  -2.166  -2.122  -2.100  -2.086  -2.081  -2.072  -1.813  -1.399  -1.250  -1.203  -1.172  -1.146  -1.131  -1.118  -1.112  -1.107  -1.103  -1.101  -1.099  -1.096  -1.095  -1.101  -1.111  -1.108  -1.080  -1.052  -1.040  -1.029  -1.003  -0.961  -0.906  -0.836  -0.753  -0.657  -0.545  -0.442  -0.362  -0.292  -0.220  -0.146  -0.072
   3.160  -3.499  -3.174  -2.890  -2.645  -2.439  -2.279  -2.173  -2.110  -2.069  -2.047  -2.034  -2.027  -2.023  -1.957  -1.636  -1.350  -1.244  -1.189  -1.145  -1.120  -1.104  -1.091  -1.084  -1.078  -1.073  -1.069  -1.062  -1.056  -1.057  -1.069  -1.076  -1.058  -1.024  -1.001  -0.988  -0.963  -0.920  -0.862  -0.783  -0.679  -0.578  -0.497  -0.421  -0.340  -0.256  -0.170
   3.170  -3.992  -3.668  -3.361  -3.067  -2.782  -2.537  -2.349  -2.206  -2.105  -2.050  -2.018  -1.996  -1.985  -1.976  -1.973  -1.968  -1.810  -1.527  -1.345  -1.235  -1.161  -1.117  -1.095  -1.076  -1.064  -1.056  -1.048  -1.042  -1.042  -1.049  -1.053  -1.040  -1.015  -0.999  -0.990  -0.976  -0.954  -0.921  -0.865  -0.783  -0.698  -0.623  -0.547  -0.465  -0.377  -0.283
   3.180  -4.425  -4.136  -3.842  -3.539  -3.222  -2.926  -2.664  -2.434  -2.258  -2.134  -2.048  -1.994  -1.967  -1.947  -1.936  -1.929  -1.925  -1.923  -1.886  -1.698  -1.496  -1.340  -1.206  -1.128  -1.090  -1.066  -1.047  -1.037  -1.027  -1.020  -1.014  -1.007  -1.000  -0.991  -0.982  -0.970  -0.958  -0.941  -0.906  -0.851  -0.789  -0.726  -0.659  -0.582  -0.497  -0.404
   3.190  -4.753  -4.527  -4.277  -3.999  -3.689  -3.379  -3.076  -2.785  -2.538  -2.329  -2.165  -2.056  -1.990  -1.943  -1.918  -1.902  -1.890  -1.885  -1.880  -1.877  -1.875  -1.874  -1.873  -1.803  -1.437  -1.154  -1.093  -1.062  -1.035  -1.019  -1.007  -0.999  -0.994  -0.986  -0.978  -0.967  -0.957  -0.945  -0.921  -0.889  -0.848  -0.801  -0.746  -0.681  -0.606  -0.520
   3.200  -4.955  -4.810  -4.626  -4.398  -4.122  -3.829  -3.522  -3.208  -2.919  -2.645  -2.410  -2.228  -2.088  -1.987  -1.928  -1.892  -1.869  -1.857  -1.847  -1.842  -1.838  -1.835  -1.834  -1.832  -1.832  -1.830  -1.611  -1.247  -1.107  -1.059  -1.030  -1.009  -0.998  -0.988  -0.980  -0.972  -0.962  -0.950  -0.933  -0.913  -0.886  -0.851  -0.809  -0.757  -0.695  -0.623
   3.210  -5.047  -4.976  -4.860  -4.695  -4.481  -4.234  -3.952  -3.647  -3.345  -3.039  -2.755  -2.503  -2.284  -2.118  -2.005  -1.925  -1.873  -1.846  -1.825  -1.813  -1.806  -1.801  -1.798  -1.796  -1.794  -1.793  -1.792  -1.792  -1.729  -1.397  -1.139  -1.081  -1.051  -1.031  -1.021  -1.011  -0.995  -0.976  -0.958  -0.940  -0.917  -0.889  -0.855  -0.813  -0.764  -0.708
   3.220  -5.063  -5.041  -4.979  -4.878  -4.739  -4.557  -4.323  -4.052  -3.766  -3.457  -3.154  -2.864  -2.591  -2.363  -2.175  -2.027  -1.927  -1.865  -1.822  -1.799  -1.784  -1.773  -1.767  -1.763  -1.760  -1.758  -1.756  -1.755  -1.755  -1.754  -1.754  -1.620  -1.375  -1.229  -1.157  -1.107  -1.067  -1.039  -1.011  -0.986  -0.959  -0.929  -0.897  -0.862  -0.822  -0.779
   3.230  -5.044  -5.036  -5.010  -4.966  -4.891  -4.773  -4.604  -4.392  -4.146  -3.858  -3.561  -3.260  -2.960  -2.686  -2.432  -2.218  -2.059  -1.942  -1.857  -1.808  -1.777  -1.755  -1.744  -1.735  -1.729  -1.726  -1.723  -1.722  -1.720  -1.720  -1.719  -1.666  -1.560  -1.462  -1.358  -1.267  -1.201  -1.149  -1.102  -1.062  -1.024  -0.987  -0.950  -0.914  -0.879  -0.845
   3.240  -5.021  -5.017  -5.004  -4.984  -4.951  -4.886  -4.783  -4.641  -4.451  -4.209  -3.942  -3.653  -3.349  -3.057  -2.767  -2.506  -2.284  -2.098  -1.957  -1.863  -1.797  -1.754  -1.732  -1.715  -1.705  -1.699  -1.694  -1.691  -1.689  -1.687  -1.686  -1.686  -1.686  -1.666  -1.553  -1.434  -1.355  -1.287  -1.224  -1.169  -1.117  -1.068  -1.022  -0.982  -0.946  -0.916
   3.250  -5.014  -5.003  -4.989  -4.973  -4.957  -4.926  -4.873  -4.790  -4.659  -4.482  -4.268  -4.010  -3.722  -3.433  -3.133  -2.847  -2.579  -2.334  -2.137  -1.983  -1.866  -1.789  -1.744  -1.709  -1.690  -1.678  -1.669  -1.664  -1.660  -1.658  -1.656  -1.655  -1.654  -1.647  -1.610  -1.557  -1.493  -1.420  -1.353  -1.289  -1.228  -1.170  -1.115  -1.068  -1.030  -0.999
   3.260  -5.023  -5.004  -4.985  -4.968  -4.953  -4.930  -4.901  -4.857  -4.778  -4.667  -4.514  -4.306  -4.058  -3.791  -3.498  -3.204  -2.915  -2.636  -2.393  -2.180  -2.006  -1.880  -1.791  -1.726  -1.690  -1.667  -1.650  -1.642  -1.635  -1.630  -1.627  -1.626  -1.625  -1.622  -1.614  -1.599  -1.565  -1.513  -1.459  -1.399  -1.339  -1.277  -1.217  -1.168  -1.127  -1.093
   3.270  -5.035  -5.016  -4.996  -4.975  -4.953  -4.929  -4.907  -4.879  -4.831  -4.767  -4.667  -4.519  -4.331  -4.105  -3.834  -3.551  -3.262  -2.971  -2.699  -2.441  -2.215  -2.034  -1.889  -1.784  -1.719  -1.675  -1.644  -1.628  -1.615  -1.607  -1.602  -1.598  -1.597  -1.595  -1.594  -1.593  -1.581  -1.554  -1.520  -1.476  -1.427  -1.372  -1.315  -1.267  -1.227  -1.193
   3.280  -5.033  -5.024  -5.010  -4.991  -4.967  -4.941  -4.916  -4.889  -4.853  -4.813  -4.748  -4.653  -4.526  -4.350  -4.124  -3.872  -3.597  -3.305  -3.022  -2.740  -2.481  -2.254  -2.057  -1.903  -1.793  -1.711  -1.657  -1.626  -1.602  -1.589  -1.581  -1.575  -1.571  -1.569  -1.567  -1.565  -1.561  -1.554  -1.540  -1.514  -1.481  -1.439  -1.393  -1.353  -1.318  -1.286
   3.290  -5.006  -5.006  -5.006  -5.003  -4.986  -4.962  -4.936  -4.905  -4.871  -4.837  -4.789  -4.727  -4.644  -4.518  -4.350  -4.146  -3.899  -3.622  -3.344  -3.057  -2.781  -2.521  -2.280  -2.079  -1.915  -1.787  -1.701  -1.646  -1.605  -1.582  -1.567  -1.556  -1.550  -1.545  -1.542  -1.539  -1.537  -1.535  -1.529  -1.518  -1.500  -1.474  -1.442  -1.414  -1.388  -1.363
   3.300  -4.949  -4.972  -4.985  -4.986  -4.982  -4.973  -4.955  -4.928  -4.897  -4.862  -4.819  -4.771  -4.711  -4.621  -4.506  -4.353  -4.148  -3.907  -3.648  -3.366  -3.084  -2.808  -2.542  -2.306  -2.097  -1.923  -1.794  -1.700  -1.630  -1.588  -1.561  -1.543  -1.533  -1.525  -1.519  -1.514  -1.512  -1.510  -1.506  -1.502  -1.495  -1.482  -1.465  -1.450  -1.436  -1.422
   3.310  -4.868  -4.903  -4.929  -4.949  -4.960  -4.964  -4.958  -4.943  -4.921  -4.890  -4.852  -4.809  -4.757  -4.688  -4.606  -4.492  -4.336  -4.145  -3.919  -3.653  -3.378  -3.101  -2.825  -2.567  -2.323  -2.109  -1.934  -1.793  -1.687  -1.620  -1.572  -1.539  -1.521  -1.506  -1.497  -1.491  -1.486  -1.483  -1.481  -1.479  -1.477  -1.475  -1.473  -1.471  -1.469  -1.468
   3.320  -4.771  -4.814  -4.852  -4.884  -4.913  -4.928  -4.932  -4.934  -4.931  -4.912  -4.882  -4.846  -4.800  -4.742  -4.675  -4.585  -4.469  -4.324  -4.137  -3.906  -3.654  -3.386  -3.106  -2.837  -2.573  -2.331  -2.118  -1.933  -1.788  -1.684  -1.607  -1.554  -1.522  -1.497  -1.483  -1.473  -1.466  -1.461  -1.457  -1.454  -1.451  -1.449  -1.447  -1.445  -1.443  -1.441
   3.330  -4.667  -4.715  -4.759  -4.799  -4.836  -4.866  -4.890  -4.907  -4.908  -4.904  -4.895  -4.875  -4.838  -4.791  -4.733  -4.658  -4.567  -4.454  -4.303  -4.116  -3.899  -3.648  -3.375  -3.106  -2.834  -2.576  -2.336  -2.117  -1.935  -1.787  -1.671  -1.590  -1.538  -1.498  -1.475  -1.460  -1.448  -1.441  -1.435  -1.431  -1.427  -1.424  -1.422  -1.420  -1.417  -1.415
   3.340  -4.565  -4.613  -4.659  -4.703  -4.747  -4.786  -4.820  -4.848  -4.868  -4.879  -4.883  -4.877  -4.858  -4.827  -4.783  -4.723  -4.647  -4.552  -4.429  -4.280  -4.099  -3.876  -3.625  -3.366  -3.093  -2.826  -2.570  -2.327  -2.114  -1.926  -1.772  -1.659  -1.578  -1.517  -1.480  -1.454  -1.435  -1.424  -1.415  -1.409  -1.404  -1.400  -1.397  -1.394  -1.391  -1.389
   3.350  -4.470  -4.514  -4.559  -4.604  -4.651  -4.695  -4.736  -4.774  -4.805  -4.833  -4.846  -4.847  -4.847  -4.843  -4.817  -4.772  -4.713  -4.635  -4.534  -4.411  -4.258  -4.068  -3.849  -3.608  -3.340  -3.071  -2.808  -2.552  -2.317  -2.101  -1.914  -1.765  -1.648  -1.558  -1.500  -1.458  -1.429  -1.412  -1.398  -1.390  -1.383  -1.377  -1.373  -1.369  -1.366  -1.363
   3.360  -4.386  -4.424  -4.465  -4.508  -4.554  -4.599  -4.643  -4.686  -4.725  -4.760  -4.788  -4.809  -4.822  -4.823  -4.813  -4.794  -4.760  -4.703  -4.623  -4.520  -4.390  -4.229  -4.041  -3.822  -3.571  -3.310  -3.046  -2.781  -2.533  -2.296  -2.083  -1.900  -1.744  -1.624  -1.540  -1.478  -1.435  -1.408  -1.387  -1.373  -1.363  -1.355  -1.350  -1.345  -1.340  -1.337
   3.370  -4.313  -4.346  -4.382  -4.421  -4.462  -4.504  -4.548  -4.593  -4.636  -4.677  -4.714  -4.746  -4.771  -4.782  -4.787  -4.789  -4.777  -4.742  -4.685  -4.607  -4.502  -4.366  -4.202  -4.007  -3.780  -3.536  -3.276  -3.006  -2.749  -2.499  -2.268  -2.059  -1.874  -1.724  -1.608  -1.518  -1.455  -1.413  -1.381  -1.361  -1.347  -1.335  -1.328  -1.321  -1.315  -1.311
   3.380  -4.250  -4.279  -4.310  -4.343  -4.379  -4.417  -4.459  -4.502  -4.546  -4.589  -4.630  -4.668  -4.702  -4.729  -4.749  -4.758  -4.754  -4.742  -4.719  -4.670  -4.590  -4.481  -4.342  -4.171  -3.968  -3.742  -3.492  -3.226  -2.966  -2.706  -2.461  -2.234  -2.026  -1.848  -1.699  -1.579  -1.491  -1.430  -1.384  -1.355  -1.334  -1.318  -1.307  -1.297  -1.290  -1.284
   3.390  -4.193  -4.219  -4.247  -4.276  -4.307  -4.340  -4.377  -4.416  -4.457  -4.500  -4.542  -4.583  -4.623  -4.657  -4.688  -4.707  -4.715  -4.719  -4.717  -4.692  -4.642  -4.565  -4.457  -4.313  -4.133  -3.927  -3.693  -3.437  -3.179  -2.913  -2.656  -2.415  -2.189  -1.989  -1.811  -1.663  -1.550  -1.465  -1.400  -1.358  -1.327  -1.303  -1.288  -1.275  -1.264  -1.258
   3.400  -4.144  -4.166  -4.189  -4.215  -4.242  -4.272  -4.304  -4.338  -4.375  -4.414  -4.455  -4.496  -4.538  -4.576  -4.612  -4.642  -4.666  -4.681  -4.682  -4.673  -4.654  -4.613  -4.537  -4.424  -4.274  -4.093  -3.878  -3.636  -3.384  -3.117  -2.853  -2.601  -2.359  -2.141  -1.942  -1.771  -1.631  -1.518  -1.431  -1.371  -1.326  -1.293  -1.272  -1.254  -1.240  -1.231
   3.410  -4.106  -4.121  -4.140  -4.161  -4.186  -4.212  -4.240  -4.269  -4.301  -4.336  -4.373  -4.412  -4.453  -4.493  -4.532  -4.567  -4.599  -4.624  -4.631  -4.634  -4.635  -4.619  -4.572  -4.494  -4.381  -4.232  -4.042  -3.818  -3.578  -3.316  -3.051  -2.790  -2.534  -2.300  -2.083  -1.891  -1.726  -1.586  -1.476  -1.395  -1.334  -1.289  -1.260  -1.235  -1.216  -1.204
   3.420  -4.079  -4.088  -4.101  -4.116  -4.136  -4.158  -4.182  -4.209  -4.237  -4.267  -4.299  -4.335  -4.372  -4.410  -4.449  -4.486  -4.520  -4.550  -4.572  -4.587  -4.593  -4.585  -4.562  -4.520  -4.445  -4.331  -4.173  -3.978  -3.757  -3.504  -3.243  -2.978  -2.711  -2.463  -2.230  -2.018  -1.832  -1.670  -1.538  -1.435  -1.354  -1.294  -1.252  -1.217  -1.192  -1.176
   3.430  -4.062  -4.066  -4.072  -4.082  -4.095  -4.111  -4.131  -4.154  -4.179  -4.205  -4.234  -4.265  -4.297  -4.331  -4.368  -4.404  -4.439  -4.473  -4.500  -4.524  -4.534  -4.531  -4.523  -4.506  -4.461  -4.379  -4.259  -4.102  -3.909  -3.676  -3.425  -3.162  -2.891  -2.632  -2.382  -2.151  -1.947  -1.766  -1.613  -1.487  -1.384  -1.306  -1.249  -1.203  -1.169  -1.149
   3.440  -4.053  -4.053  -4.055  -4.058  -4.065  -4.075  -4.089  -4.106  -4.126  -4.150  -4.175  -4.202  -4.230  -4.260  -4.293  -4.326  -4.360  -4.392  -4.422  -4.450  -4.464  -4.465  -4.466  -4.462  -4.434  -4.378  -4.294  -4.178  -4.018  -3.815  -3.586  -3.334  -3.066  -2.803  -2.539  -2.292  -2.069  -1.868  -1.693  -1.544  -1.421  -1.326  -1.255  -1.196  -1.152  -1.123
   3.450  -4.049  -4.046  -4.044  -4.044  -4.046  -4.050  -4.057  -4.068  -4.083  -4.101  -4.122  -4.145  -4.169  -4.195  -4.224  -4.253  -4.283  -4.314  -4.342  -4.369  -4.387  -4.395  -4.399  -4.397  -4.378  -4.340  -4.284  -4.201  -4.076  -3.910  -3.713  -3.482  -3.226  -2.967  -2.698  -2.439  -2.198  -1.975  -1.781  -1.614  -1.472  -1.358  -1.267  -1.193  -1.136  -1.098
   3.460  -4.047  -4.043  -4.039  -4.037  -4.035  -4.034  -4.036  -4.040  -4.049  -4.061  -4.076  -4.095  -4.116  -4.138  -4.162  -4.187  -4.214  -4.240  -4.265  -4.289  -4.307  -4.317  -4.321  -4.320  -4.305  -4.276  -4.235  -4.174  -4.079  -3.952  -3.791  -3.590  -3.358  -3.113  -2.849  -2.587  -2.334  -2.091  -1.877  -1.689  -1.527  -1.393  -1.283  -1.193  -1.123  -1.074
   3.470  -4.044  -4.041  -4.038  -4.034  -4.029  -4.026  -4.025  -4.025  -4.026  -4.031  -4.040  -4.053  -4.068  -4.086  -4.107  -4.128  -4.150  -4.173  -4.193  -4.214  -4.228  -4.236  -4.240  -4.238  -4.224  -4.197  -4.162  -4.112  -4.037  -3.940  -3.812  -3.645  -3.448  -3.227  -2.979  -2.724  -2.467  -2.212  -1.982  -1.772  -1.587  -1.433  -1.305  -1.199  -1.115  -1.054
   3.480  -4.038  -4.037  -4.034  -4.031  -4.027  -4.023  -4.018  -4.015  -4.014  -4.014  -4.014  -4.019  -4.029  -4.042  -4.057  -4.074  -4.092  -4.111  -4.127  -4.144  -4.153  -4.156  -4.157  -4.155  -4.138  -4.110  -4.076  -4.031  -3.967  -3.887  -3.782  -3.647  -3.484  -3.294  -3.073  -2.837  -2.588  -2.332  -2.092  -1.862  -1.656  -1.482  -1.335  -1.211  -1.111  -1.036
   3.490  -4.027  -4.028  -4.029  -4.028  -4.025  -4.021  -4.016  -4.011  -4.007  -4.002  -4.000  -4.001  -4.003  -4.007  -4.016  -4.028  -4.041  -4.055  -4.067  -4.079  -4.084  -4.083  -4.079  -4.071  -4.051  -4.021  -3.984  -3.938  -3.878  -3.806  -3.715  -3.602  -3.468  -3.307  -3.119  -2.911  -2.681  -2.437  -2.198  -1.957  -1.735  -1.542  -1.372  -1.229  -1.111  -1.020
   3.500  -4.007  -4.014  -4.018  -4.019  -4.018  -4.017  -4.014  -4.009  -4.003  -3.997  -3.992  -3.987  -3.984  -3.983  -3.986  -3.990  -3.997  -4.005  -4.012  -4.018  -4.021  -4.017  -4.007  -3.989  -3.964  -3.931  -3.890  -3.839  -3.778  -3.708  -3.624  -3.524  -3.409  -3.272  -3.114  -2.936  -2.733  -2.511  -2.284  -2.045  -1.817  -1.608  -1.416  -1.253  -1.118  -1.009
   3.525  -3.891  -3.919  -3.942  -3.958  -3.969  -3.978  -3.983  -3.985  -3.984  -3.982  -3.978  -3.972  -3.969  -3.968  -3.965  -3.957  -3.948  -3.937  -3.923  -3.907  -3.891  -3.870  -3.842  -3.808  -3.770  -3.722  -3.664  -3.599  -3.527  -3.448  -3.362  -3.270  -3.170  -3.060  -2.947  -2.803  -2.637  -2.459  -2.260  -2.048  -1.879  -1.705  -1.517  -1.338  -1.172  -1.022
   3.550  -3.676  -3.727  -3.772  -3.813  -3.848  -3.879  -3.904  -3.925  -3.940  -3.952  -3.956  -3.956  -3.955  -3.953  -3.945  -3.933  -3.919  -3.901  -3.878  -3.851  -3.819  -3.780  -3.735  -3.683  -3.622  -3.554  -3.477  -3.392  -3.302  -3.205  -3.105  -3.002  -2.896  -2.788  -2.677  -2.562  -2.443  -2.320  -2.188  -2.049  -1.900  -1.738  -1.566  -1.392  -1.215  -1.034
   3.575  -3.340  -3.409  -3.474  -3.536  -3.598  -3.654  -3.705  -3.751  -3.791  -3.826  -3.853  -3.874  -3.892  -3.902  -3.901  -3.897  -3.888  -3.876  -3.859  -3.837  -3.803  -3.760  -3.706  -3.632  -3.546  -3.453  -3.351  -3.241  -3.129  -3.012  -2.895  -2.778  -2.661  -2.545  -2.429  -2.313  -2.197  -2.081  -1.973  -1.867  -1.731  -1.586  -1.436  -1.283  -1.127  -0.968
   3.600  -2.943  -3.026  -3.107  -3.185  -3.261  -3.334  -3.404  -3.471  -3.534  -3.594  -3.648  -3.697  -3.741  -3.778  -3.808  -3.828  -3.838  -3.842  -3.841  -3.822  -3.788  -3.740  -3.678  -3.598  -3.499  -3.389  -3.267  -3.134  -3.001  -2.865  -2.729  -2.595  -2.461  -2.329  -2.199  -2.070  -1.944  -1.819  -1.695  -1.573  -1.451  -1.328  -1.204  -1.078  -0.949  -0.819
   3.625  -2.531  -2.621  -2.709  -2.795  -2.881  -2.964  -3.045  -3.124  -3.200  -3.274  -3.345  -3.411  -3.473  -3.532  -3.589  -3.635  -3.671  -3.701  -3.722  -3.727  -3.712  -3.678  -3.624  -3.554  -3.460  -3.351  -3.227  -3.090  -2.947  -2.792  -2.636  -2.482  -2.328  -2.178  -2.032  -1.889  -1.750  -1.615  -1.483  -1.353  -1.225  -1.099  -0.974  -0.850  -0.726  -0.602
   3.650  -2.118  -2.210  -2.301  -2.391  -2.481  -2.569  -2.656  -2.742  -2.826  -2.909  -2.990  -3.068  -3.144  -3.217  -3.287  -3.351  -3.410  -3.461  -3.502  -3.535  -3.548  -3.540  -3.517  -3.474  -3.399  -3.301  -3.182  -3.044  -2.895  -2.733  -2.566  -2.398  -2.230  -2.066  -1.905  -1.748  -1.596  -1.447  -1.301  -1.159  -1.019  -0.882  -0.749  -0.618  -0.489  -0.363
   3.675  -1.730  -1.822  -1.914  -2.006  -2.097  -2.189  -2.279  -2.368  -2.457  -2.544  -2.630  -2.715  -2.797  -2.877  -2.955  -3.028  -3.097  -3.159  -3.212  -3.258  -3.283  -3.287  -3.284  -3.268  -3.214  -3.135  -3.036  -2.917  -2.785  -2.641  -2.489  -2.329  -2.164  -1.997  -1.827  -1.659  -1.493  -1.330  -1.170  -1.014  -0.862  -0.714  -0.570  -0.429  -0.292  -0.158
   3.700  -1.380  -1.467  -1.555  -1.644  -1.734  -1.824  -1.914  -2.003  -2.093  -2.181  -2.269  -2.355  -2.440  -2.522  -2.603  -2.680  -2.753  -2.820  -2.879  -2.932  -2.964  -2.976  -2.981  -2.976  -2.938  -2.879  -2.807  -2.718  -2.615  -2.497  -2.367  -2.225  -2.073  -1.913  -1.745  -1.574  -1.403  -1.231  -1.062  -0.897  -0.734  -0.575  -0.419  -0.268  -0.120   0.024
   3.725  -1.083  -1.157  -1.233  -1.314  -1.398  -1.484  -1.571  -1.659  -1.747  -1.836  -1.924  -2.010  -2.096  -2.180  -2.262  -2.340  -2.415  -2.483  -2.544  -2.599  -2.633  -2.648  -2.656  -2.654  -2.622  -2.572  -2.510  -2.433  -2.345  -2.245  -2.135  -2.015  -1.886  -1.749  -1.603  -1.452  -1.295  -1.133  -0.970  -0.803  -0.637  -0.471  -0.305  -0.144   0.015   0.170
   3.750  -0.858  -0.912  -0.972  -1.038  -1.109  -1.185  -1.264  -1.346  -1.429  -1.513  -1.597  -1.681  -1.764  -1.846  -1.926  -2.003  -2.075  -2.142  -2.200  -2.253  -2.286  -2.301  -2.308  -2.305  -2.275  -2.229  -2.172  -2.104  -2.026  -1.940  -1.847  -1.748  -1.642  -1.530  -1.411  -1.284  -1.148  -1.004  -0.854  -0.695  -0.532  -0.366  -0.197  -0.030   0.135   0.298
   3.775  -0.734  -0.761  -0.796  -0.838  -0.888  -0.945  -1.008  -1.073  -1.143  -1.216  -1.291  -1.368  -1.446  -1.522  -1.598  -1.670  -1.738  -1.801  -1.855  -1.904  -1.934  -1.946  -1.953  -1.950  -1.923  -1.880  -1.829  -1.766  -1.696  -1.618  -1.533  -1.445  -1.351  -1.251  -1.147  -1.036  -0.918  -0.793  -0.661  -0.522  -0.376  -0.225  -0.069   0.090   0.251   0.414
   3.800  -0.687  -0.693  -0.705  -0.722  -0.745  -0.775  -0.813  -0.858  -0.908  -0.965  -1.025  -1.089  -1.155  -1.221  -1.286  -1.349  -1.408  -1.463  -1.510  -1.552  -1.576  -1.584  -1.588  -1.585  -1.559  -1.520  -1.472  -1.414  -1.350  -1.278  -1.200  -1.118  -1.032  -0.941  -0.847  -0.749  -0.647  -0.540  -0.427  -0.308  -0.183  -0.051   0.088   0.233   0.385   0.542
   3.825  -0.674  -0.673  -0.673  -0.675  -0.679  -0.686  -0.700  -0.720  -0.744  -0.776  -0.814  -0.857  -0.900  -0.945  -0.993  -1.040  -1.084  -1.126  -1.162  -1.193  -1.210  -1.215  -1.215  -1.209  -1.184  -1.149  -1.107  -1.056  -0.998  -0.933  -0.863  -0.789  -0.710  -0.628  -0.542  -0.453  -0.360  -0.264  -0.162  -0.055   0.057   0.176   0.301   0.432   0.569   0.713
   3.850  -0.670  -0.666  -0.663  -0.659  -0.656  -0.654  -0.653  -0.653  -0.654  -0.658  -0.667  -0.680  -0.697  -0.716  -0.740  -0.764  -0.788  -0.810  -0.829  -0.844  -0.850  -0.848  -0.842  -0.830  -0.806  -0.774  -0.736  -0.691  -0.640  -0.582  -0.520  -0.453  -0.382  -0.307  -0.229  -0.147  -0.062   0.027   0.120   0.218   0.321   0.428   0.541   0.659   0.782   0.910
   3.875  -0.672  -0.668  -0.664  -0.659  -0.654  -0.647  -0.639  -0.630  -0.617  -0.604  -0.589  -0.575  -0.564  -0.555  -0.547  -0.542  -0.535  -0.528  -0.521  -0.513  -0.502  -0.488  -0.471  -0.452  -0.426  -0.395  -0.360  -0.320  -0.275  -0.225  -0.170  -0.112  -0.049   0.017   0.087   0.160   0.237   0.318   0.404   0.493   0.588   0.686   0.790   0.898   1.012   1.130
   3.900  -0.674  -0.670  -0.666  -0.660  -0.653  -0.645  -0.635  -0.622  -0.605  -0.585  -0.561  -0.532  -0.498  -0.461  -0.420  -0.378  -0.337  -0.297  -0.259  -0.223  -0.189  -0.156  -0.125  -0.093  -0.061  -0.027   0.008   0.046   0.087   0.131   0.179   0.230   0.284   0.342   0.404   0.469   0.538   0.612   0.689   0.771   0.858   0.949   1.045   1.146   1.251   1.361
   3.925  -0.674  -0.672  -0.668  -0.663  -0.657  -0.648  -0.638  -0.625  -0.607  -0.586  -0.558  -0.521  -0.475  -0.420  -0.356  -0.284  -0.212  -0.139  -0.069   0.000   0.065   0.125   0.181   0.232   0.277   0.319   0.360   0.400   0.441   0.482   0.525   0.570   0.618   0.668   0.722   0.779   0.840   0.905   0.974   1.048   1.127   1.210   1.298   1.391   1.489   1.591
   3.950  -0.674  -0.672  -0.669  -0.665  -0.660  -0.652  -0.642  -0.630  -0.611  -0.588  -0.557  -0.517  -0.468  -0.407  -0.335  -0.252  -0.158  -0.055   0.048   0.155   0.256   0.348   0.432   0.507   0.571   0.628   0.680   0.726   0.771   0.813   0.855   0.897   0.941   0.986   1.033   1.083   1.137   1.194   1.256   1.322   1.393   1.469   1.549   1.634   1.725   1.820
   3.975  -0.656  -0.659  -0.660  -0.659  -0.656  -0.650  -0.643  -0.632  -0.616  -0.594  -0.564  -0.525  -0.475  -0.412  -0.337  -0.251  -0.145  -0.026   0.101   0.239   0.374   0.498   0.612   0.713   0.799   0.879   0.949   1.010   1.065   1.113   1.159   1.203   1.245   1.288   1.332   1.377   1.425   1.476   1.531   1.590   1.653   1.722   1.795   1.873   1.957   2.045
   4.000  -0.626  -0.635  -0.641  -0.644  -0.646  -0.646  -0.643  -0.633  -0.618  -0.599  -0.571  -0.533  -0.485  -0.421  -0.344  -0.251  -0.141  -0.016   0.119   0.267   0.417   0.565   0.710   0.842   0.963   1.071   1.164   1.243   1.314   1.374   1.428   1.477   1.523   1.567   1.610   1.654   1.699   1.745   1.795   1.848   1.905   1.967   2.034   2.106   2.182   2.264
   4.025  -0.603  -0.608  -0.613  -0.616  -0.619  -0.623  -0.623  -0.618  -0.610  -0.595  -0.569  -0.535  -0.492  -0.433  -0.359  -0.265  -0.154  -0.028   0.110   0.262   0.415   0.576   0.744   0.904   1.059   1.198   1.315   1.416   1.503   1.581   1.650   1.711   1.764   1.814   1.860   1.905   1.950   1.995   2.042   2.091   2.144   2.201   2.262   2.328   2.399   2.475
   4.050  -0.584  -0.584  -0.585  -0.587  -0.589  -0.591  -0.592  -0.592  -0.591  -0.582  -0.563  -0.535  -0.496  -0.440  -0.369  -0.281  -0.173  -0.049   0.091   0.246   0.410   0.580   0.755   0.924   1.090   1.247   1.391   1.522   1.638   1.738   1.826   1.902   1.967   2.027   2.080   2.129   2.177   2.223   2.271   2.319   2.369   2.423   2.480   2.541   2.607   2.677
   4.075  -0.574  -0.573  -0.573  -0.572  -0.573  -0.572  -0.570  -0.568  -0.564  -0.555  -0.540  -0.516  -0.481  -0.431  -0.366  -0.283  -0.186  -0.070   0.063   0.216   0.384   0.556   0.733   0.908   1.082   1.246   1.411   1.571   1.718   1.845   1.952   2.044   2.127   2.201   2.265   2.323   2.377   2.427   2.477   2.526   2.576   2.629   2.684   2.743   2.806   2.871
   4.100  -0.568  -0.567  -0.565  -0.563  -0.560  -0.557  -0.553  -0.547  -0.538  -0.527  -0.510  -0.487  -0.456  -0.412  -0.357  -0.284  -0.192  -0.082   0.045   0.192   0.350   0.519   0.697   0.877   1.062   1.243   1.418   1.587   1.744   1.892   2.026   2.144   2.248   2.339   2.417   2.487   2.550   2.607   2.662   2.715   2.767   2.821   2.876   2.933   2.993   3.056
   4.125  -0.561  -0.559  -0.556  -0.553  -0.550  -0.545  -0.540  -0.534  -0.524  -0.512  -0.494  -0.469  -0.436  -0.391  -0.335  -0.266  -0.177  -0.073   0.048   0.185   0.331   0.491   0.662   0.839   1.029   1.217   1.396   1.570   1.737   1.898   2.061   2.208   2.331   2.440   2.536   2.622   2.697   2.764   2.826   2.884   2.941   2.996   3.052   3.109   3.169   3.230
   4.150  -0.558  -0.554  -0.550  -0.546  -0.542  -0.537  -0.531  -0.524  -0.513  -0.501  -0.481  -0.454  -0.418  -0.371  -0.312  -0.240  -0.155  -0.056   0.056   0.183   0.323   0.477   0.642   0.815   0.997   1.180   1.361   1.541   1.720   1.900   2.072   2.231   2.378   2.510   2.626   2.729   2.819   2.898   2.971   3.036   3.098   3.157   3.215   3.274   3.334   3.395
   4.175  -0.559  -0.555  -0.550  -0.543  -0.537  -0.530  -0.522  -0.513  -0.501  -0.488  -0.469  -0.442  -0.407  -0.360  -0.301  -0.229  -0.142  -0.040   0.074   0.200   0.338   0.488   0.648   0.816   0.981   1.154   1.330   1.506   1.689   1.881   2.061   2.230   2.400   2.553   2.688   2.810   2.917   3.011   3.096   3.171   3.240   3.305   3.366   3.427   3.489   3.551
   4.200  -0.561  -0.555  -0.549  -0.543  -0.535  -0.527  -0.518  -0.507  -0.494  -0.479  -0.459  -0.433  -0.399  -0.352  -0.295  -0.223  -0.134  -0.031   0.086   0.218   0.358   0.507   0.663   0.819   0.976   1.138   1.305   1.479   1.661   1.853   2.043   2.228   2.407   2.573   2.728   2.869   2.993   3.104   3.203   3.289   3.368   3.440   3.506   3.572   3.637   3.700
   4.225  -0.562  -0.557  -0.551  -0.545  -0.538  -0.529  -0.519  -0.508  -0.493  -0.476  -0.454  -0.426  -0.391  -0.344  -0.288  -0.217  -0.132  -0.031   0.086   0.220   0.367   0.526   0.691   0.841   0.984   1.132   1.295   1.468   1.647   1.836   2.026   2.217   2.403   2.581   2.752   2.910   3.051   3.178   3.293   3.393   3.483   3.564   3.638   3.710   3.779   3.845
   4.250  -0.562  -0.558  -0.553  -0.547  -0.540  -0.531  -0.521  -0.508  -0.493  -0.475  -0.452  -0.423  -0.387  -0.340  -0.284  -0.215  -0.131  -0.033   0.084   0.221   0.370   0.537   0.711   0.863   0.992   1.130   1.291   1.464   1.643   1.828   2.016   2.207   2.399   2.585   2.767   2.938   3.095   3.238   3.368   3.483   3.586   3.678   3.760   3.839   3.914   3.983
   4.275  -0.562  -0.558  -0.553  -0.547  -0.540  -0.531  -0.521  -0.509  -0.494  -0.477  -0.454  -0.426  -0.390  -0.342  -0.285  -0.216  -0.132  -0.035   0.081   0.215   0.364   0.535   0.712   0.866   0.994   1.130   1.296   1.475   1.655   1.837   2.023   2.212   2.403   2.591   2.779   2.959   3.128   3.287   3.430   3.559   3.676   3.780   3.872   3.959   4.039   4.112
   4.300  -0.561  -0.557  -0.552  -0.546  -0.539  -0.531  -0.521  -0.510  -0.496  -0.479  -0.457  -0.429  -0.393  -0.346  -0.288  -0.218  -0.135  -0.038   0.076   0.207   0.354   0.528   0.712   0.867   0.994   1.132   1.304   1.492   1.675   1.856   2.039   2.225   2.414   2.603   2.794   2.979   3.157   3.328   3.484   3.627   3.757   3.872   3.975   4.071   4.158   4.237
   4.325  -0.559  -0.555  -0.550  -0.545  -0.538  -0.530  -0.521  -0.509  -0.494  -0.478  -0.456  -0.428  -0.395  -0.350  -0.295  -0.226  -0.142  -0.045   0.069   0.200   0.346   0.513   0.691   0.848   0.984   1.134   1.312   1.503   1.691   1.877   2.064   2.251   2.438   2.628   2.818   3.006   3.189   3.368   3.533   3.688   3.830   3.958   4.074   4.180   4.277   4.364
   4.350  -0.552  -0.550  -0.547  -0.542  -0.536  -0.528  -0.518  -0.506  -0.491  -0.475  -0.453  -0.427  -0.395  -0.352  -0.299  -0.232  -0.150  -0.053   0.062   0.194   0.338   0.495   0.661   0.820   0.974   1.138   1.321   1.515   1.707   1.900   2.092   2.282   2.471   2.661   2.850   3.038   3.225   3.408   3.581   3.746   3.899   4.038   4.165   4.282   4.387   4.482
   4.375  -0.532  -0.534  -0.534  -0.532  -0.529  -0.523  -0.515  -0.503  -0.488  -0.471  -0.450  -0.424  -0.392  -0.349  -0.297  -0.231  -0.152  -0.059   0.054   0.186   0.329   0.481   0.642   0.807   0.975   1.147   1.334   1.527   1.722   1.919   2.117   2.312   2.506   2.698   2.890   3.080   3.269   3.455   3.633   3.805   3.966   4.113   4.249   4.371   4.480   4.576
   4.400  -0.509  -0.513  -0.516  -0.516  -0.515  -0.513  -0.507  -0.497  -0.483  -0.465  -0.443  -0.416  -0.384  -0.342  -0.293  -0.230  -0.153  -0.062   0.049   0.181   0.324   0.474   0.633   0.801   0.977   1.160   1.348   1.542   1.739   1.940   2.141   2.341   2.541   2.738   2.933   3.126   3.317   3.505   3.687   3.864   4.031   4.185   4.328   4.454   4.566   4.663
   4.425  -0.495  -0.496  -0.496  -0.496  -0.494  -0.491  -0.487  -0.479  -0.467  -0.452  -0.432  -0.406  -0.375  -0.334  -0.285  -0.223  -0.148  -0.058   0.053   0.183   0.325   0.475   0.636   0.805   0.986   1.175   1.366   1.561   1.760   1.963   2.167   2.371   2.575   2.777   2.977   3.175   3.370   3.561   3.746   3.926   4.097   4.257   4.407   4.540   4.657   4.759
   4.450  -0.485  -0.482  -0.480  -0.476  -0.473  -0.469  -0.464  -0.457  -0.446  -0.433  -0.415  -0.390  -0.359  -0.319  -0.269  -0.208  -0.133  -0.045   0.062   0.187   0.326   0.478   0.642   0.816   1.001   1.192   1.385   1.583   1.784   1.988   2.194   2.401   2.610   2.816   3.022   3.224   3.423   3.617   3.805   3.988   4.162   4.328   4.484   4.623   4.745   4.852
   4.475  -0.478  -0.474  -0.470  -0.465  -0.461  -0.455  -0.448  -0.439  -0.426  -0.411  -0.390  -0.365  -0.333  -0.292  -0.244  -0.183  -0.110  -0.024   0.080   0.201   0.338   0.490   0.656   0.832   1.019   1.212   1.408   1.608   1.810   2.016   2.224   2.433   2.644   2.854   3.064   3.270   3.473   3.672   3.864   4.050   4.228   4.399   4.559   4.701   4.827   4.936
   4.500  -0.475  -0.471  -0.466  -0.460  -0.454  -0.446  -0.435  -0.422  -0.405  -0.384  -0.359  -0.330  -0.297  -0.256  -0.209  -0.150  -0.078   0.006   0.108   0.227   0.361   0.512   0.678   0.853   1.040   1.234   1.432   1.635   1.839   2.046   2.255   2.467   2.680   2.892   3.105   3.315   3.522   3.726   3.922   4.112   4.294   4.468   4.631   4.776   4.903   5.013

