low temperature opacities from Ferguson, Alexander, et al (2005) with gs98 metals
    form     version        X           Z          logRs    logR_min    logR_max       logTs    logT_min    logT_max
       1          38    0.200000    0.030000          46   -8.000000    1.000000         105    2.700000    4.500000

   logT                       logR = logRho - 3*logT + 18
          -8.000  -7.800  -7.600  -7.400  -7.200  -7.000  -6.800  -6.600  -6.400  -6.200  -6.000  -5.800  -5.600  -5.400  -5.200  -5.000  -4.800  -4.600  -4.400  -4.200  -4.000  -3.800  -3.600  -3.400  -3.200  -3.000  -2.800  -2.600  -2.400  -2.200  -2.000  -1.800  -1.600  -1.400  -1.200  -1.000  -0.800  -0.600  -0.400  -0.200   0.000   0.200   0.400   0.600   0.800   1.000

   2.700  -0.093  -0.093  -0.093  -0.093  -0.093  -0.093  -0.093  -0.093  -0.093  -0.093  -0.093  -0.093  -0.093  -0.093  -0.093  -0.093  -0.093  -0.093  -0.093  -0.093  -0.093  -0.093  -0.093  -0.093  -0.093  -0.093  -0.099  -0.108  -0.108  -0.099  -0.093  -0.098  -0.108  -0.115  -0.120  -0.124  -0.127  -0.129  -0.129  -0.127  -0.126  -0.127  -0.129  -0.129  -0.125  -0.119
   2.750  -0.133  -0.132  -0.132  -0.132  -0.132  -0.132  -0.132  -0.132  -0.132  -0.132  -0.132  -0.132  -0.132  -0.132  -0.132  -0.132  -0.132  -0.132  -0.132  -0.132  -0.132  -0.132  -0.132  -0.132  -0.132  -0.132  -0.132  -0.132  -0.132  -0.132  -0.132  -0.130  -0.127  -0.127  -0.127  -0.128  -0.129  -0.130  -0.130  -0.128  -0.127  -0.127  -0.128  -0.128  -0.125  -0.119
   2.800  -0.200  -0.190  -0.182  -0.175  -0.169  -0.165  -0.162  -0.160  -0.158  -0.158  -0.157  -0.156  -0.156  -0.156  -0.156  -0.156  -0.156  -0.155  -0.155  -0.155  -0.155  -0.155  -0.155  -0.155  -0.155  -0.155  -0.155  -0.155  -0.155  -0.155  -0.155  -0.153  -0.147  -0.143  -0.137  -0.133  -0.132  -0.131  -0.130  -0.128  -0.127  -0.127  -0.127  -0.127  -0.124  -0.119
   2.850  -0.313  -0.277  -0.249  -0.230  -0.221  -0.213  -0.202  -0.192  -0.182  -0.173  -0.166  -0.163  -0.162  -0.160  -0.156  -0.153  -0.151  -0.150  -0.150  -0.149  -0.149  -0.149  -0.149  -0.149  -0.149  -0.149  -0.149  -0.148  -0.148  -0.148  -0.148  -0.145  -0.140  -0.136  -0.134  -0.132  -0.130  -0.129  -0.128  -0.126  -0.125  -0.124  -0.124  -0.124  -0.122  -0.118
   2.900  -0.250  -0.253  -0.255  -0.255  -0.255  -0.254  -0.251  -0.247  -0.246  -0.248  -0.249  -0.227  -0.188  -0.168  -0.159  -0.153  -0.145  -0.138  -0.132  -0.127  -0.123  -0.120  -0.117  -0.115  -0.114  -0.113  -0.112  -0.112  -0.112  -0.111  -0.111  -0.115  -0.122  -0.124  -0.124  -0.124  -0.124  -0.123  -0.122  -0.121  -0.120  -0.120  -0.119  -0.119  -0.117  -0.116
   2.910  -0.255  -0.250  -0.247  -0.244  -0.242  -0.241  -0.240  -0.240  -0.240  -0.240  -0.240  -0.240  -0.240  -0.233  -0.197  -0.164  -0.153  -0.147  -0.141  -0.134  -0.129  -0.125  -0.121  -0.119  -0.117  -0.115  -0.114  -0.113  -0.113  -0.112  -0.112  -0.111  -0.110  -0.110  -0.112  -0.113  -0.114  -0.114  -0.114  -0.113  -0.113  -0.113  -0.113  -0.112  -0.112  -0.111
   2.920  -0.268  -0.257  -0.248  -0.241  -0.236  -0.232  -0.230  -0.229  -0.227  -0.226  -0.226  -0.226  -0.226  -0.226  -0.227  -0.228  -0.202  -0.158  -0.139  -0.133  -0.128  -0.123  -0.118  -0.114  -0.112  -0.110  -0.108  -0.107  -0.107  -0.106  -0.106  -0.106  -0.105  -0.105  -0.105  -0.104  -0.104  -0.105  -0.105  -0.105  -0.105  -0.105  -0.105  -0.105  -0.104  -0.104
   2.930  -0.315  -0.293  -0.274  -0.257  -0.244  -0.233  -0.225  -0.220  -0.216  -0.214  -0.213  -0.212  -0.211  -0.211  -0.211  -0.211  -0.191  -0.156  -0.139  -0.133  -0.128  -0.122  -0.116  -0.111  -0.108  -0.105  -0.102  -0.101  -0.100  -0.099  -0.099  -0.098  -0.098  -0.097  -0.097  -0.097  -0.096  -0.096  -0.096  -0.096  -0.096  -0.096  -0.096  -0.096  -0.096  -0.096
   2.940  -0.416  -0.370  -0.331  -0.299  -0.275  -0.256  -0.239  -0.226  -0.216  -0.210  -0.205  -0.202  -0.200  -0.198  -0.197  -0.196  -0.196  -0.196  -0.190  -0.155  -0.126  -0.118  -0.113  -0.108  -0.104  -0.100  -0.097  -0.095  -0.093  -0.092  -0.091  -0.090  -0.090  -0.090  -0.089  -0.089  -0.089  -0.088  -0.088  -0.088  -0.088  -0.088  -0.088  -0.088  -0.088  -0.088
   2.950  -0.410  -0.410  -0.410  -0.406  -0.383  -0.351  -0.311  -0.267  -0.237  -0.220  -0.208  -0.199  -0.193  -0.188  -0.185  -0.183  -0.182  -0.181  -0.181  -0.180  -0.180  -0.156  -0.118  -0.103  -0.098  -0.095  -0.092  -0.089  -0.087  -0.085  -0.084  -0.083  -0.082  -0.082  -0.081  -0.081  -0.080  -0.080  -0.080  -0.079  -0.079  -0.079  -0.079  -0.079  -0.079  -0.079
   2.960  -0.403  -0.403  -0.403  -0.403  -0.403  -0.402  -0.389  -0.360  -0.325  -0.279  -0.240  -0.217  -0.202  -0.190  -0.182  -0.176  -0.172  -0.170  -0.168  -0.167  -0.166  -0.168  -0.171  -0.164  -0.120  -0.089  -0.085  -0.083  -0.081  -0.079  -0.077  -0.076  -0.075  -0.074  -0.073  -0.072  -0.072  -0.071  -0.071  -0.071  -0.070  -0.070  -0.070  -0.070  -0.070  -0.070
   2.970  -0.399  -0.398  -0.396  -0.396  -0.395  -0.395  -0.395  -0.395  -0.387  -0.341  -0.293  -0.264  -0.241  -0.219  -0.199  -0.182  -0.171  -0.164  -0.158  -0.155  -0.153  -0.152  -0.151  -0.144  -0.113  -0.087  -0.079  -0.074  -0.072  -0.071  -0.070  -0.068  -0.066  -0.064  -0.063  -0.063  -0.062  -0.062  -0.062  -0.062  -0.062  -0.062  -0.062  -0.062  -0.062  -0.062
   2.980  -0.402  -0.397  -0.394  -0.391  -0.389  -0.388  -0.387  -0.387  -0.387  -0.387  -0.386  -0.358  -0.304  -0.263  -0.229  -0.202  -0.184  -0.172  -0.161  -0.152  -0.145  -0.140  -0.138  -0.136  -0.136  -0.135  -0.114  -0.079  -0.066  -0.062  -0.059  -0.057  -0.056  -0.055  -0.054  -0.054  -0.054  -0.054  -0.054  -0.053  -0.053  -0.053  -0.053  -0.054  -0.054  -0.054
   2.990  -0.434  -0.416  -0.402  -0.393  -0.387  -0.384  -0.381  -0.379  -0.379  -0.378  -0.378  -0.378  -0.377  -0.368  -0.319  -0.266  -0.230  -0.200  -0.177  -0.162  -0.151  -0.141  -0.132  -0.126  -0.122  -0.121  -0.121  -0.121  -0.114  -0.079  -0.054  -0.050  -0.048  -0.047  -0.047  -0.047  -0.047  -0.047  -0.047  -0.046  -0.046  -0.046  -0.046  -0.046  -0.046  -0.046
   3.000  -0.615  -0.532  -0.469  -0.427  -0.405  -0.392  -0.383  -0.378  -0.374  -0.372  -0.370  -0.369  -0.368  -0.368  -0.367  -0.367  -0.335  -0.276  -0.232  -0.197  -0.170  -0.152  -0.140  -0.129  -0.120  -0.113  -0.108  -0.106  -0.104  -0.104  -0.103  -0.090  -0.067  -0.053  -0.046  -0.043  -0.043  -0.043  -0.043  -0.041  -0.040  -0.040  -0.040  -0.040  -0.040  -0.040
   3.010  -1.383  -1.037  -0.771  -0.595  -0.503  -0.450  -0.414  -0.396  -0.381  -0.372  -0.367  -0.363  -0.361  -0.359  -0.359  -0.358  -0.357  -0.357  -0.345  -0.287  -0.228  -0.193  -0.165  -0.138  -0.111  -0.098  -0.098  -0.097  -0.096  -0.094  -0.089  -0.082  -0.072  -0.062  -0.051  -0.044  -0.042  -0.042  -0.040  -0.036  -0.035  -0.035  -0.035  -0.035  -0.034  -0.034
   3.020  -1.402  -1.395  -1.373  -1.294  -1.002  -0.723  -0.581  -0.492  -0.432  -0.399  -0.380  -0.367  -0.361  -0.355  -0.352  -0.350  -0.348  -0.346  -0.346  -0.345  -0.345  -0.308  -0.239  -0.192  -0.159  -0.132  -0.108  -0.088  -0.073  -0.061  -0.057  -0.061  -0.067  -0.066  -0.054  -0.044  -0.041  -0.040  -0.037  -0.033  -0.030  -0.030  -0.029  -0.029  -0.029  -0.028
   3.030  -1.424  -1.412  -1.397  -1.380  -1.365  -1.335  -1.160  -0.875  -0.684  -0.558  -0.468  -0.412  -0.383  -0.365  -0.355  -0.349  -0.344  -0.340  -0.338  -0.336  -0.335  -0.334  -0.334  -0.321  -0.255  -0.189  -0.151  -0.123  -0.098  -0.077  -0.064  -0.059  -0.057  -0.053  -0.047  -0.042  -0.038  -0.036  -0.033  -0.029  -0.026  -0.025  -0.024  -0.023  -0.023  -0.022
   3.040  -1.394  -1.387  -1.383  -1.386  -1.402  -1.412  -1.396  -1.350  -1.255  -1.056  -0.850  -0.675  -0.523  -0.437  -0.397  -0.371  -0.351  -0.341  -0.334  -0.330  -0.327  -0.324  -0.323  -0.322  -0.321  -0.321  -0.275  -0.192  -0.139  -0.109  -0.087  -0.069  -0.056  -0.047  -0.042  -0.039  -0.035  -0.031  -0.028  -0.024  -0.020  -0.018  -0.017  -0.016  -0.016  -0.015
   3.050  -1.484  -1.433  -1.393  -1.366  -1.350  -1.345  -1.346  -1.349  -1.347  -1.328  -1.292  -1.165  -0.958  -0.778  -0.600  -0.469  -0.407  -0.375  -0.349  -0.334  -0.325  -0.319  -0.315  -0.313  -0.311  -0.309  -0.281  -0.231  -0.193  -0.161  -0.132  -0.105  -0.080  -0.062  -0.051  -0.042  -0.035  -0.029  -0.023  -0.019  -0.015  -0.012  -0.011  -0.009  -0.008  -0.007
   3.060  -1.476  -1.564  -1.608  -1.589  -1.460  -1.360  -1.337  -1.325  -1.321  -1.319  -1.317  -1.309  -1.289  -1.228  -1.031  -0.824  -0.664  -0.524  -0.428  -0.378  -0.348  -0.328  -0.317  -0.309  -0.304  -0.301  -0.299  -0.298  -0.286  -0.235  -0.182  -0.147  -0.117  -0.092  -0.072  -0.055  -0.042  -0.033  -0.024  -0.017  -0.012  -0.007  -0.004  -0.002   0.001   0.002
   3.070  -1.430  -1.430  -1.431  -1.447  -1.525  -1.575  -1.513  -1.399  -1.332  -1.297  -1.285  -1.286  -1.288  -1.286  -1.273  -1.245  -1.135  -0.948  -0.776  -0.598  -0.459  -0.387  -0.349  -0.323  -0.308  -0.299  -0.292  -0.288  -0.285  -0.283  -0.281  -0.241  -0.171  -0.127  -0.102  -0.082  -0.063  -0.047  -0.033  -0.021  -0.012  -0.005   0.000   0.004   0.008   0.011
   3.080  -1.415  -1.410  -1.407  -1.404  -1.402  -1.401  -1.450  -1.525  -1.522  -1.424  -1.331  -1.285  -1.261  -1.258  -1.259  -1.259  -1.251  -1.226  -1.169  -1.013  -0.836  -0.661  -0.494  -0.396  -0.349  -0.320  -0.299  -0.288  -0.279  -0.276  -0.271  -0.249  -0.213  -0.181  -0.149  -0.119  -0.094  -0.072  -0.052  -0.034  -0.019  -0.009   0.000   0.007   0.013   0.018
   3.090  -1.389  -1.389  -1.388  -1.386  -1.383  -1.379  -1.375  -1.371  -1.378  -1.419  -1.446  -1.405  -1.329  -1.279  -1.245  -1.230  -1.228  -1.227  -1.223  -1.210  -1.183  -1.069  -0.878  -0.710  -0.544  -0.416  -0.350  -0.316  -0.291  -0.278  -0.267  -0.254  -0.240  -0.219  -0.191  -0.162  -0.134  -0.106  -0.080  -0.056  -0.034  -0.019  -0.007   0.004   0.014   0.023
   3.100  -1.370  -1.366  -1.362  -1.360  -1.359  -1.358  -1.355  -1.353  -1.352  -1.351  -1.351  -1.367  -1.391  -1.386  -1.326  -1.266  -1.230  -1.206  -1.198  -1.196  -1.193  -1.186  -1.171  -1.120  -0.944  -0.752  -0.590  -0.442  -0.352  -0.305  -0.281  -0.269  -0.263  -0.247  -0.225  -0.200  -0.174  -0.145  -0.116  -0.085  -0.058  -0.037  -0.021  -0.005   0.009   0.022
   3.110  -1.374  -1.360  -1.348  -1.340  -1.336  -1.333  -1.331  -1.330  -1.328  -1.326  -1.324  -1.322  -1.320  -1.324  -1.345  -1.359  -1.326  -1.263  -1.219  -1.185  -1.168  -1.165  -1.164  -1.159  -1.145  -1.117  -0.992  -0.785  -0.616  -0.459  -0.354  -0.311  -0.289  -0.268  -0.253  -0.237  -0.213  -0.186  -0.156  -0.121  -0.089  -0.064  -0.043  -0.023  -0.003   0.016
   3.120  -1.470  -1.415  -1.372  -1.344  -1.329  -1.320  -1.312  -1.308  -1.304  -1.302  -1.300  -1.299  -1.299  -1.296  -1.290  -1.287  -1.294  -1.305  -1.299  -1.255  -1.207  -1.172  -1.143  -1.133  -1.130  -1.125  -1.115  -1.096  -1.030  -0.806  -0.591  -0.475  -0.398  -0.344  -0.318  -0.296  -0.265  -0.233  -0.199  -0.163  -0.128  -0.100  -0.075  -0.049  -0.023   0.002
   3.130  -2.130  -1.792  -1.547  -1.431  -1.379  -1.346  -1.320  -1.306  -1.294  -1.286  -1.280  -1.275  -1.272  -1.270  -1.269  -1.268  -1.261  -1.252  -1.252  -1.266  -1.274  -1.244  -1.186  -1.148  -1.122  -1.102  -1.089  -1.081  -1.073  -1.066  -1.052  -0.923  -0.703  -0.560  -0.474  -0.407  -0.348  -0.300  -0.256  -0.216  -0.179  -0.146  -0.116  -0.084  -0.053  -0.021
   3.140  -3.109  -2.915  -2.656  -2.303  -1.811  -1.491  -1.408  -1.365  -1.327  -1.301  -1.282  -1.267  -1.258  -1.251  -1.246  -1.243  -1.241  -1.239  -1.237  -1.233  -1.231  -1.231  -1.230  -1.222  -1.174  -1.126  -1.096  -1.073  -1.062  -1.059  -1.053  -0.999  -0.896  -0.794  -0.683  -0.577  -0.485  -0.403  -0.337  -0.289  -0.246  -0.206  -0.169  -0.131  -0.093  -0.055
   3.150  -3.622  -3.291  -2.999  -2.751  -2.558  -2.352  -2.077  -1.793  -1.586  -1.445  -1.354  -1.306  -1.280  -1.258  -1.242  -1.230  -1.221  -1.216  -1.212  -1.210  -1.208  -1.205  -1.201  -1.199  -1.199  -1.198  -1.167  -1.112  -1.074  -1.049  -1.030  -1.021  -1.016  -0.987  -0.880  -0.757  -0.645  -0.535  -0.450  -0.388  -0.335  -0.283  -0.237  -0.190  -0.146  -0.102
   3.160  -4.138  -3.808  -3.493  -3.192  -2.900  -2.645  -2.460  -2.306  -2.116  -1.891  -1.690  -1.537  -1.417  -1.333  -1.289  -1.259  -1.232  -1.214  -1.201  -1.192  -1.186  -1.183  -1.181  -1.175  -1.165  -1.159  -1.159  -1.160  -1.150  -1.094  -1.042  -1.026  -1.017  -0.992  -0.955  -0.894  -0.793  -0.674  -0.581  -0.509  -0.444  -0.380  -0.322  -0.266  -0.214  -0.165
   3.170  -4.593  -4.297  -3.996  -3.686  -3.363  -3.060  -2.786  -2.543  -2.352  -2.212  -2.111  -2.063  -2.035  -1.925  -1.651  -1.417  -1.321  -1.271  -1.230  -1.204  -1.186  -1.172  -1.163  -1.156  -1.151  -1.149  -1.148  -1.148  -1.140  -1.103  -1.065  -1.043  -1.025  -1.006  -0.990  -0.958  -0.887  -0.791  -0.709  -0.635  -0.563  -0.491  -0.422  -0.358  -0.299  -0.244
   3.180  -4.941  -4.708  -4.451  -4.166  -3.850  -3.533  -3.224  -2.926  -2.666  -2.438  -2.256  -2.132  -2.052  -1.999  -1.980  -1.946  -1.790  -1.558  -1.405  -1.312  -1.245  -1.200  -1.175  -1.154  -1.141  -1.132  -1.126  -1.122  -1.116  -1.109  -1.097  -1.073  -1.044  -1.021  -1.006  -0.979  -0.932  -0.872  -0.810  -0.745  -0.676  -0.603  -0.530  -0.461  -0.398  -0.339
   3.190  -5.157  -5.007  -4.816  -4.583  -4.303  -4.004  -3.691  -3.372  -3.073  -2.788  -2.539  -2.338  -2.178  -2.061  -1.989  -1.944  -1.915  -1.900  -1.889  -1.884  -1.876  -1.665  -1.328  -1.207  -1.169  -1.144  -1.123  -1.110  -1.101  -1.097  -1.090  -1.077  -1.059  -1.039  -1.016  -0.989  -0.958  -0.922  -0.879  -0.828  -0.770  -0.704  -0.633  -0.566  -0.503  -0.442
   3.200  -5.251  -5.180  -5.062  -4.895  -4.677  -4.425  -4.139  -3.828  -3.520  -3.207  -2.913  -2.647  -2.410  -2.225  -2.092  -1.994  -1.930  -1.895  -1.869  -1.854  -1.845  -1.840  -1.837  -1.780  -1.503  -1.265  -1.183  -1.141  -1.109  -1.091  -1.079  -1.071  -1.065  -1.050  -1.029  -1.005  -0.981  -0.956  -0.923  -0.886  -0.840  -0.785  -0.723  -0.663  -0.604  -0.545
   3.210  -5.257  -5.238  -5.180  -5.084  -4.944  -4.760  -4.524  -4.249  -3.958  -3.645  -3.335  -3.035  -2.749  -2.504  -2.295  -2.127  -2.008  -1.929  -1.874  -1.845  -1.826  -1.812  -1.804  -1.798  -1.796  -1.792  -1.628  -1.346  -1.200  -1.137  -1.102  -1.082  -1.071  -1.059  -1.047  -1.033  -1.011  -0.986  -0.958  -0.928  -0.892  -0.847  -0.796  -0.745  -0.693  -0.639
   3.220  -5.218  -5.213  -5.198  -5.168  -5.096  -4.979  -4.811  -4.599  -4.352  -4.063  -3.761  -3.453  -3.144  -2.859  -2.590  -2.358  -2.176  -2.034  -1.930  -1.868  -1.826  -1.798  -1.783  -1.771  -1.765  -1.760  -1.757  -1.755  -1.701  -1.426  -1.207  -1.147  -1.116  -1.102  -1.098  -1.090  -1.065  -1.029  -0.998  -0.969  -0.937  -0.899  -0.858  -0.815  -0.768  -0.719
   3.230  -5.171  -5.172  -5.172  -5.168  -5.140  -5.084  -4.991  -4.851  -4.663  -4.422  -4.154  -3.863  -3.554  -3.253  -2.952  -2.676  -2.435  -2.227  -2.064  -1.947  -1.862  -1.808  -1.778  -1.755  -1.742  -1.733  -1.726  -1.723  -1.720  -1.718  -1.716  -1.597  -1.389  -1.277  -1.233  -1.196  -1.146  -1.096  -1.055  -1.022  -0.989  -0.954  -0.918  -0.879  -0.835  -0.789
   3.240  -5.137  -5.137  -5.135  -5.132  -5.124  -5.107  -5.069  -4.992  -4.868  -4.697  -4.487  -4.231  -3.942  -3.648  -3.341  -3.044  -2.763  -2.500  -2.281  -2.101  -1.959  -1.863  -1.802  -1.756  -1.731  -1.715  -1.703  -1.696  -1.691  -1.689  -1.685  -1.637  -1.547  -1.473  -1.406  -1.340  -1.267  -1.196  -1.139  -1.097  -1.058  -1.022  -0.987  -0.947  -0.903  -0.855
   3.250  -5.129  -5.115  -5.105  -5.097  -5.093  -5.087  -5.071  -5.037  -4.975  -4.875  -4.729  -4.528  -4.284  -4.018  -3.722  -3.422  -3.124  -2.831  -2.570  -2.335  -2.137  -1.986  -1.873  -1.790  -1.742  -1.710  -1.688  -1.676  -1.666  -1.660  -1.656  -1.654  -1.652  -1.637  -1.562  -1.474  -1.394  -1.314  -1.247  -1.194  -1.147  -1.106  -1.070  -1.027  -0.979  -0.926
   3.260  -5.144  -5.119  -5.098  -5.081  -5.070  -5.058  -5.047  -5.033  -5.005  -4.956  -4.868  -4.733  -4.556  -4.336  -4.068  -3.784  -3.490  -3.190  -2.905  -2.630  -2.384  -2.177  -2.005  -1.875  -1.790  -1.730  -1.689  -1.666  -1.649  -1.638  -1.631  -1.627  -1.625  -1.617  -1.595  -1.557  -1.496  -1.423  -1.359  -1.300  -1.247  -1.203  -1.164  -1.117  -1.065  -1.007
   3.270  -5.163  -5.140  -5.116  -5.092  -5.067  -5.044  -5.029  -5.015  -4.994  -4.970  -4.924  -4.847  -4.736  -4.573  -4.358  -4.112  -3.838  -3.543  -3.252  -2.958  -2.683  -2.434  -2.211  -2.031  -1.893  -1.788  -1.717  -1.675  -1.642  -1.624  -1.612  -1.604  -1.599  -1.593  -1.588  -1.578  -1.547  -1.498  -1.448  -1.394  -1.342  -1.300  -1.260  -1.212  -1.158  -1.099
   3.280  -5.164  -5.153  -5.137  -5.115  -5.086  -5.057  -5.031  -5.005  -4.982  -4.964  -4.933  -4.890  -4.828  -4.720  -4.571  -4.382  -4.142  -3.868  -3.588  -3.294  -3.007  -2.731  -2.470  -2.245  -2.052  -1.896  -1.787  -1.712  -1.656  -1.623  -1.601  -1.586  -1.578  -1.572  -1.569  -1.564  -1.551  -1.529  -1.498  -1.458  -1.417  -1.381  -1.344  -1.300  -1.250  -1.195
   3.290  -5.132  -5.134  -5.135  -5.132  -5.111  -5.083  -5.052  -5.018  -4.987  -4.960  -4.930  -4.900  -4.861  -4.793  -4.701  -4.569  -4.382  -4.153  -3.901  -3.618  -3.330  -3.044  -2.764  -2.508  -2.273  -2.071  -1.914  -1.792  -1.700  -1.642  -1.603  -1.578  -1.564  -1.553  -1.547  -1.541  -1.535  -1.527  -1.511  -1.487  -1.461  -1.435  -1.406  -1.372  -1.334  -1.290
   3.300  -5.067  -5.095  -5.112  -5.113  -5.109  -5.100  -5.079  -5.048  -5.014  -4.978  -4.940  -4.906  -4.870  -4.821  -4.765  -4.677  -4.546  -4.378  -4.167  -3.909  -3.636  -3.355  -3.068  -2.795  -2.532  -2.294  -2.090  -1.918  -1.786  -1.695  -1.629  -1.586  -1.561  -1.542  -1.529  -1.520  -1.514  -1.509  -1.500  -1.489  -1.476  -1.462  -1.445  -1.426  -1.404  -1.380
   3.310  -4.976  -5.016  -5.048  -5.070  -5.085  -5.090  -5.084  -5.067  -5.042  -5.008  -4.969  -4.929  -4.885  -4.839  -4.794  -4.730  -4.643  -4.529  -4.367  -4.155  -3.916  -3.650  -3.365  -3.087  -2.810  -2.550  -2.311  -2.096  -1.923  -1.790  -1.687  -1.615  -1.569  -1.534  -1.514  -1.501  -1.491  -1.485  -1.480  -1.476  -1.474  -1.472  -1.470  -1.468  -1.466  -1.465
   3.320  -4.868  -4.917  -4.960  -4.997  -5.030  -5.049  -5.055  -5.059  -5.056  -5.034  -5.002  -4.964  -4.918  -4.870  -4.820  -4.761  -4.696  -4.617  -4.497  -4.340  -4.148  -3.911  -3.643  -3.372  -3.092  -2.820  -2.561  -2.317  -2.107  -1.928  -1.782  -1.676  -1.602  -1.547  -1.515  -1.493  -1.476  -1.466  -1.458  -1.454  -1.450  -1.447  -1.444  -1.442  -1.440  -1.438
   3.330  -4.756  -4.809  -4.858  -4.903  -4.945  -4.980  -5.008  -5.027  -5.030  -5.026  -5.018  -4.996  -4.957  -4.912  -4.859  -4.800  -4.740  -4.670  -4.577  -4.466  -4.319  -4.123  -3.891  -3.641  -3.364  -3.088  -2.819  -2.559  -2.322  -2.104  -1.919  -1.776  -1.668  -1.585  -1.532  -1.495  -1.469  -1.453  -1.441  -1.434  -1.428  -1.423  -1.420  -1.417  -1.414  -1.413
   3.340  -4.647  -4.699  -4.749  -4.799  -4.848  -4.892  -4.930  -4.962  -4.985  -4.999  -5.004  -4.997  -4.978  -4.947  -4.903  -4.850  -4.789  -4.718  -4.637  -4.549  -4.433  -4.280  -4.095  -3.876  -3.617  -3.348  -3.078  -2.808  -2.555  -2.314  -2.099  -1.919  -1.769  -1.652  -1.571  -1.511  -1.471  -1.448  -1.429  -1.417  -1.408  -1.401  -1.397  -1.393  -1.390  -1.387
   3.350  -4.548  -4.596  -4.644  -4.693  -4.744  -4.792  -4.838  -4.880  -4.915  -4.946  -4.962  -4.965  -4.966  -4.962  -4.936  -4.894  -4.841  -4.775  -4.700  -4.617  -4.515  -4.393  -4.248  -4.062  -3.836  -3.591  -3.328  -3.054  -2.793  -2.538  -2.302  -2.089  -1.901  -1.751  -1.638  -1.552  -1.492  -1.453  -1.423  -1.405  -1.392  -1.382  -1.376  -1.370  -1.366  -1.363
   3.360  -4.464  -4.504  -4.547  -4.592  -4.641  -4.690  -4.739  -4.786  -4.829  -4.867  -4.899  -4.923  -4.938  -4.939  -4.931  -4.914  -4.882  -4.830  -4.765  -4.685  -4.590  -4.485  -4.361  -4.206  -4.019  -3.805  -3.558  -3.290  -3.028  -2.765  -2.515  -2.281  -2.067  -1.886  -1.738  -1.619  -1.533  -1.473  -1.427  -1.400  -1.381  -1.366  -1.357  -1.349  -1.343  -1.339
   3.370  -4.392  -4.426  -4.462  -4.502  -4.546  -4.591  -4.639  -4.688  -4.734  -4.779  -4.819  -4.854  -4.882  -4.895  -4.903  -4.905  -4.894  -4.863  -4.815  -4.750  -4.668  -4.571  -4.457  -4.320  -4.163  -3.979  -3.757  -3.511  -3.257  -2.990  -2.730  -2.484  -2.252  -2.047  -1.865  -1.713  -1.597  -1.511  -1.446  -1.406  -1.377  -1.355  -1.341  -1.329  -1.321  -1.316
   3.380  -4.329  -4.359  -4.391  -4.426  -4.462  -4.502  -4.546  -4.592  -4.638  -4.685  -4.730  -4.771  -4.808  -4.837  -4.860  -4.870  -4.867  -4.858  -4.841  -4.800  -4.736  -4.652  -4.547  -4.425  -4.284  -4.120  -3.926  -3.708  -3.469  -3.206  -2.943  -2.690  -2.446  -2.221  -2.012  -1.832  -1.688  -1.574  -1.485  -1.425  -1.381  -1.349  -1.329  -1.313  -1.301  -1.295
   3.390  -4.272  -4.299  -4.328  -4.358  -4.390  -4.425  -4.463  -4.504  -4.547  -4.593  -4.638  -4.683  -4.725  -4.762  -4.794  -4.816  -4.828  -4.834  -4.833  -4.813  -4.773  -4.713  -4.630  -4.524  -4.395  -4.243  -4.070  -3.875  -3.655  -3.407  -3.152  -2.895  -2.639  -2.401  -2.177  -1.976  -1.804  -1.659  -1.544  -1.459  -1.396  -1.352  -1.324  -1.301  -1.284  -1.274
   3.400  -4.223  -4.246  -4.271  -4.298  -4.327  -4.358  -4.391  -4.426  -4.465  -4.506  -4.549  -4.593  -4.637  -4.678  -4.717  -4.749  -4.775  -4.792  -4.794  -4.789  -4.777  -4.748  -4.690  -4.606  -4.494  -4.359  -4.200  -4.019  -3.815  -3.589  -3.349  -3.093  -2.830  -2.583  -2.347  -2.130  -1.934  -1.762  -1.621  -1.513  -1.429  -1.368  -1.327  -1.293  -1.269  -1.256
   3.410  -4.184  -4.201  -4.221  -4.244  -4.270  -4.298  -4.327  -4.359  -4.392  -4.428  -4.466  -4.508  -4.551  -4.593  -4.635  -4.672  -4.706  -4.732  -4.745  -4.751  -4.753  -4.742  -4.709  -4.653  -4.571  -4.461  -4.319  -4.150  -3.961  -3.752  -3.526  -3.278  -3.019  -2.767  -2.519  -2.287  -2.075  -1.882  -1.720  -1.586  -1.477  -1.395  -1.337  -1.290  -1.258  -1.240
   3.420  -4.159  -4.169  -4.182  -4.199  -4.220  -4.243  -4.269  -4.298  -4.328  -4.359  -4.393  -4.430  -4.469  -4.509  -4.551  -4.590  -4.627  -4.660  -4.685  -4.703  -4.710  -4.705  -4.691  -4.665  -4.613  -4.531  -4.414  -4.267  -4.096  -3.898  -3.682  -3.448  -3.199  -2.949  -2.691  -2.446  -2.221  -2.013  -1.831  -1.672  -1.539  -1.436  -1.359  -1.297  -1.253  -1.228
   3.430  -4.143  -4.147  -4.155  -4.166  -4.180  -4.197  -4.218  -4.243  -4.269  -4.298  -4.328  -4.361  -4.395  -4.431  -4.470  -4.508  -4.546  -4.582  -4.613  -4.641  -4.653  -4.653  -4.651  -4.645  -4.616  -4.558  -4.473  -4.358  -4.210  -4.028  -3.824  -3.603  -3.366  -3.120  -2.860  -2.608  -2.371  -2.147  -1.947  -1.767  -1.613  -1.490  -1.392  -1.314  -1.256  -1.219
   3.440  -4.136  -4.137  -4.139  -4.142  -4.150  -4.162  -4.177  -4.196  -4.218  -4.243  -4.270  -4.298  -4.328  -4.361  -4.395  -4.431  -4.468  -4.504  -4.536  -4.566  -4.586  -4.596  -4.600  -4.599  -4.581  -4.545  -4.490  -4.408  -4.289  -4.132  -3.950  -3.743  -3.516  -3.277  -3.023  -2.771  -2.523  -2.282  -2.066  -1.871  -1.700  -1.556  -1.436  -1.339  -1.265  -1.214
   3.450  -4.132  -4.130  -4.129  -4.129  -4.132  -4.138  -4.147  -4.159  -4.174  -4.194  -4.217  -4.242  -4.269  -4.298  -4.328  -4.360  -4.393  -4.427  -4.459  -4.489  -4.513  -4.529  -4.539  -4.539  -4.527  -4.504  -4.468  -4.411  -4.320  -4.198  -4.045  -3.858  -3.644  -3.417  -3.174  -2.926  -2.672  -2.420  -2.190  -1.979  -1.790  -1.627  -1.487  -1.373  -1.283  -1.217
   3.460  -4.131  -4.128  -4.126  -4.124  -4.123  -4.123  -4.126  -4.132  -4.142  -4.155  -4.172  -4.192  -4.216  -4.241  -4.268  -4.296  -4.325  -4.355  -4.385  -4.414  -4.438  -4.456  -4.468  -4.469  -4.461  -4.445  -4.419  -4.375  -4.307  -4.216  -4.095  -3.935  -3.746  -3.537  -3.306  -3.065  -2.815  -2.560  -2.321  -2.091  -1.883  -1.702  -1.545  -1.413  -1.307  -1.225
   3.470  -4.128  -4.126  -4.124  -4.122  -4.118  -4.116  -4.116  -4.117  -4.119  -4.126  -4.136  -4.151  -4.169  -4.190  -4.213  -4.237  -4.263  -4.289  -4.315  -4.341  -4.363  -4.381  -4.393  -4.394  -4.387  -4.373  -4.350  -4.313  -4.259  -4.190  -4.094  -3.964  -3.806  -3.622  -3.409  -3.182  -2.942  -2.693  -2.449  -2.206  -1.981  -1.783  -1.608  -1.459  -1.335  -1.236
   3.480  -4.123  -4.122  -4.121  -4.119  -4.116  -4.113  -4.110  -4.107  -4.107  -4.109  -4.112  -4.119  -4.131  -4.146  -4.164  -4.184  -4.206  -4.229  -4.251  -4.273  -4.292  -4.307  -4.317  -4.318  -4.311  -4.296  -4.272  -4.236  -4.188  -4.129  -4.050  -3.946  -3.817  -3.661  -3.475  -3.270  -3.046  -2.808  -2.568  -2.320  -2.085  -1.871  -1.676  -1.508  -1.366  -1.249
   3.490  -4.112  -4.115  -4.116  -4.116  -4.114  -4.111  -4.108  -4.104  -4.102  -4.099  -4.098  -4.099  -4.104  -4.111  -4.124  -4.139  -4.156  -4.175  -4.193  -4.211  -4.226  -4.237  -4.244  -4.244  -4.234  -4.215  -4.187  -4.150  -4.104  -4.048  -3.977  -3.889  -3.782  -3.650  -3.493  -3.315  -3.114  -2.895  -2.666  -2.424  -2.188  -1.962  -1.748  -1.562  -1.403  -1.268
   3.500  -4.094  -4.101  -4.106  -4.107  -4.107  -4.107  -4.105  -4.102  -4.098  -4.094  -4.091  -4.089  -4.087  -4.088  -4.093  -4.102  -4.113  -4.126  -4.140  -4.154  -4.165  -4.170  -4.173  -4.171  -4.157  -4.134  -4.102  -4.062  -4.012  -3.955  -3.886  -3.805  -3.710  -3.595  -3.463  -3.311  -3.136  -2.943  -2.734  -2.508  -2.279  -2.048  -1.822  -1.623  -1.447  -1.292
   3.525  -4.004  -4.027  -4.046  -4.056  -4.065  -4.073  -4.079  -4.081  -4.081  -4.080  -4.078  -4.075  -4.073  -4.073  -4.073  -4.068  -4.064  -4.058  -4.052  -4.046  -4.038  -4.027  -4.015  -4.001  -3.977  -3.941  -3.896  -3.842  -3.781  -3.712  -3.636  -3.554  -3.465  -3.367  -3.262  -3.150  -3.008  -2.848  -2.676  -2.482  -2.276  -2.100  -1.925  -1.742  -1.557  -1.375
   3.550  -3.825  -3.867  -3.904  -3.937  -3.966  -3.991  -4.012  -4.029  -4.042  -4.052  -4.057  -4.058  -4.059  -4.058  -4.053  -4.045  -4.035  -4.022  -4.007  -3.989  -3.968  -3.943  -3.914  -3.878  -3.835  -3.783  -3.721  -3.649  -3.571  -3.484  -3.393  -3.298  -3.199  -3.098  -2.994  -2.885  -2.772  -2.655  -2.532  -2.403  -2.265  -2.117  -1.959  -1.791  -1.614  -1.428
   3.575  -3.520  -3.583  -3.643  -3.701  -3.755  -3.804  -3.849  -3.889  -3.924  -3.954  -3.977  -3.995  -4.008  -4.015  -4.015  -4.014  -4.009  -4.000  -3.989  -3.975  -3.953  -3.924  -3.884  -3.827  -3.760  -3.686  -3.598  -3.501  -3.402  -3.297  -3.188  -3.079  -2.968  -2.857  -2.746  -2.635  -2.524  -2.412  -2.297  -2.192  -2.086  -1.955  -1.813  -1.664  -1.509  -1.346
   3.600  -3.146  -3.228  -3.307  -3.382  -3.455  -3.524  -3.589  -3.650  -3.707  -3.759  -3.806  -3.848  -3.884  -3.915  -3.941  -3.958  -3.968  -3.972  -3.972  -3.960  -3.938  -3.905  -3.859  -3.796  -3.717  -3.625  -3.518  -3.400  -3.279  -3.153  -3.025  -2.898  -2.771  -2.645  -2.520  -2.397  -2.276  -2.157  -2.039  -1.921  -1.803  -1.683  -1.561  -1.436  -1.308  -1.177
   3.625  -2.739  -2.829  -2.917  -3.002  -3.086  -3.167  -3.246  -3.322  -3.394  -3.464  -3.530  -3.591  -3.648  -3.704  -3.754  -3.797  -3.831  -3.859  -3.879  -3.889  -3.881  -3.856  -3.817  -3.765  -3.689  -3.596  -3.487  -3.364  -3.229  -3.081  -2.932  -2.784  -2.636  -2.492  -2.351  -2.214  -2.081  -1.951  -1.824  -1.699  -1.576  -1.453  -1.331  -1.209  -1.085  -0.962
   3.650  -2.327  -2.418  -2.509  -2.599  -2.688  -2.776  -2.863  -2.949  -3.033  -3.115  -3.195  -3.272  -3.346  -3.417  -3.485  -3.547  -3.604  -3.655  -3.698  -3.734  -3.750  -3.746  -3.735  -3.712  -3.651  -3.564  -3.457  -3.329  -3.188  -3.030  -2.868  -2.704  -2.539  -2.379  -2.223  -2.071  -1.924  -1.780  -1.640  -1.504  -1.370  -1.238  -1.109  -0.981  -0.855  -0.730
   3.675  -1.944  -2.034  -2.124  -2.215  -2.307  -2.398  -2.488  -2.578  -2.666  -2.754  -2.841  -2.925  -3.008  -3.088  -3.165  -3.239  -3.309  -3.373  -3.430  -3.481  -3.516  -3.535  -3.548  -3.545  -3.507  -3.442  -3.354  -3.241  -3.115  -2.971  -2.815  -2.653  -2.486  -2.318  -2.148  -1.981  -1.818  -1.659  -1.505  -1.355  -1.209  -1.066  -0.927  -0.791  -0.657  -0.525
   3.700  -1.608  -1.690  -1.774  -1.860  -1.948  -2.037  -2.126  -2.215  -2.303  -2.392  -2.480  -2.567  -2.653  -2.737  -2.820  -2.899  -2.975  -3.047  -3.113  -3.174  -3.224  -3.262  -3.286  -3.288  -3.270  -3.234  -3.174  -3.090  -2.988  -2.866  -2.730  -2.581  -2.419  -2.253  -2.080  -1.906  -1.734  -1.564  -1.398  -1.237  -1.079  -0.925  -0.775  -0.628  -0.483  -0.342
   3.725  -1.342  -1.407  -1.479  -1.551  -1.628  -1.708  -1.791  -1.877  -1.963  -2.050  -2.138  -2.225  -2.312  -2.397  -2.482  -2.564  -2.643  -2.718  -2.788  -2.852  -2.907  -2.952  -2.982  -2.986  -2.976  -2.954  -2.908  -2.838  -2.754  -2.654  -2.542  -2.416  -2.277  -2.132  -1.978  -1.820  -1.656  -1.489  -1.322  -1.153  -0.986  -0.822  -0.659  -0.501  -0.346  -0.194
   3.750  -1.172  -1.209  -1.254  -1.306  -1.366  -1.432  -1.503  -1.579  -1.657  -1.738  -1.820  -1.903  -1.987  -2.069  -2.152  -2.232  -2.310  -2.384  -2.453  -2.516  -2.570  -2.615  -2.645  -2.649  -2.642  -2.627  -2.591  -2.532  -2.462  -2.381  -2.289  -2.188  -2.077  -1.958  -1.831  -1.694  -1.548  -1.393  -1.233  -1.065  -0.896  -0.727  -0.557  -0.392  -0.228  -0.068
   3.775  -1.101  -1.113  -1.129  -1.156  -1.191  -1.232  -1.282  -1.339  -1.401  -1.466  -1.535  -1.607  -1.683  -1.758  -1.835  -1.911  -1.984  -2.055  -2.119  -2.180  -2.230  -2.272  -2.300  -2.304  -2.298  -2.286  -2.255  -2.202  -2.142  -2.071  -1.991  -1.903  -1.808  -1.706  -1.596  -1.479  -1.353  -1.220  -1.080  -0.932  -0.778  -0.620  -0.458  -0.295  -0.130   0.036
   3.800  -1.076  -1.077  -1.082  -1.089  -1.100  -1.116  -1.139  -1.169  -1.205  -1.250  -1.300  -1.356  -1.417  -1.480  -1.545  -1.610  -1.674  -1.735  -1.792  -1.844  -1.887  -1.922  -1.945  -1.947  -1.941  -1.928  -1.899  -1.852  -1.798  -1.734  -1.662  -1.584  -1.500  -1.411  -1.316  -1.216  -1.111  -1.000  -0.882  -0.757  -0.625  -0.484  -0.335  -0.181  -0.022   0.144
   3.825  -1.072  -1.070  -1.068  -1.067  -1.067  -1.069  -1.073  -1.079  -1.092  -1.113  -1.137  -1.168  -1.206  -1.247  -1.291  -1.336  -1.382  -1.427  -1.469  -1.509  -1.541  -1.565  -1.581  -1.584  -1.576  -1.560  -1.533  -1.493  -1.445  -1.388  -1.325  -1.256  -1.181  -1.102  -1.018  -0.929  -0.836  -0.738  -0.634  -0.524  -0.408  -0.284  -0.152  -0.014   0.131   0.283
   3.850  -1.071  -1.067  -1.064  -1.060  -1.056  -1.053  -1.049  -1.046  -1.046  -1.046  -1.046  -1.049  -1.057  -1.070  -1.087  -1.107  -1.129  -1.152  -1.174  -1.194  -1.210  -1.219  -1.223  -1.222  -1.210  -1.190  -1.162  -1.126  -1.084  -1.034  -0.978  -0.917  -0.850  -0.779  -0.704  -0.624  -0.540  -0.451  -0.358  -0.261  -0.158  -0.049   0.065   0.186   0.314   0.448
   3.875  -1.073  -1.070  -1.066  -1.062  -1.058  -1.053  -1.047  -1.040  -1.031  -1.021  -1.008  -0.994  -0.979  -0.965  -0.954  -0.944  -0.936  -0.930  -0.921  -0.913  -0.903  -0.892  -0.879  -0.865  -0.845  -0.820  -0.790  -0.756  -0.717  -0.673  -0.624  -0.571  -0.513  -0.450  -0.384  -0.314  -0.239  -0.159  -0.076   0.012   0.105   0.203   0.306   0.415   0.531   0.652
   3.900  -1.075  -1.073  -1.069  -1.065  -1.059  -1.053  -1.046  -1.037  -1.026  -1.013  -0.996  -0.975  -0.951  -0.922  -0.887  -0.849  -0.808  -0.765  -0.723  -0.682  -0.642  -0.605  -0.569  -0.535  -0.501  -0.467  -0.432  -0.396  -0.357  -0.316  -0.272  -0.225  -0.174  -0.119  -0.061   0.001   0.067   0.138   0.213   0.293   0.377   0.466   0.561   0.661   0.766   0.876
   3.925  -1.066  -1.067  -1.066  -1.063  -1.058  -1.053  -1.048  -1.040  -1.029  -1.016  -0.998  -0.976  -0.947  -0.909  -0.863  -0.808  -0.742  -0.669  -0.599  -0.524  -0.451  -0.383  -0.316  -0.254  -0.197  -0.146  -0.098  -0.054  -0.010   0.032   0.074   0.118   0.164   0.212   0.263   0.318   0.376   0.437   0.504   0.575   0.651   0.731   0.817   0.908   1.004   1.105
   3.950  -1.039  -1.049  -1.055  -1.056  -1.055  -1.054  -1.050  -1.043  -1.033  -1.019  -1.001  -0.977  -0.946  -0.905  -0.855  -0.794  -0.720  -0.636  -0.543  -0.439  -0.333  -0.228  -0.124  -0.031   0.053   0.128   0.194   0.252   0.306   0.354   0.400   0.445   0.489   0.534   0.580   0.628   0.679   0.733   0.792   0.855   0.923   0.996   1.073   1.156   1.244   1.337
   3.975  -0.957  -0.978  -0.996  -1.010  -1.022  -1.032  -1.037  -1.034  -1.027  -1.016  -1.000  -0.980  -0.951  -0.912  -0.862  -0.800  -0.723  -0.634  -0.528  -0.407  -0.278  -0.142  -0.004   0.119   0.233   0.334   0.421   0.502   0.574   0.636   0.692   0.743   0.790   0.836   0.880   0.926   0.973   1.022   1.074   1.130   1.190   1.255   1.325   1.401   1.481   1.567
   4.000  -0.862  -0.887  -0.911  -0.935  -0.959  -0.980  -0.996  -1.007  -1.009  -1.005  -0.998  -0.983  -0.956  -0.918  -0.869  -0.806  -0.727  -0.633  -0.523  -0.396  -0.260  -0.113   0.041   0.188   0.333   0.467   0.587   0.694   0.788   0.869   0.940   1.003   1.058   1.109   1.156   1.202   1.248   1.295   1.344   1.394   1.448   1.507   1.570   1.639   1.713   1.792
   4.025  -0.812  -0.826  -0.841  -0.858  -0.877  -0.896  -0.914  -0.934  -0.946  -0.956  -0.960  -0.952  -0.937  -0.909  -0.865  -0.805  -0.732  -0.642  -0.535  -0.409  -0.271  -0.118   0.040   0.202   0.370   0.531   0.685   0.824   0.940   1.041   1.129   1.209   1.279   1.341   1.396   1.447   1.497   1.544   1.592   1.640   1.692   1.746   1.805   1.868   1.936   2.009
   4.050  -0.784  -0.786  -0.790  -0.796  -0.804  -0.815  -0.829  -0.846  -0.863  -0.882  -0.892  -0.892  -0.890  -0.884  -0.852  -0.801  -0.735  -0.650  -0.546  -0.422  -0.283  -0.129   0.038   0.207   0.382   0.553   0.718   0.875   1.019   1.149   1.265   1.366   1.454   1.532   1.599   1.660   1.716   1.767   1.817   1.867   1.918   1.971   2.026   2.085   2.149   2.216
   4.075  -0.771  -0.771  -0.772  -0.773  -0.775  -0.778  -0.785  -0.792  -0.800  -0.810  -0.816  -0.814  -0.812  -0.809  -0.789  -0.752  -0.698  -0.627  -0.534  -0.416  -0.284  -0.142   0.019   0.185   0.360   0.538   0.710   0.876   1.041   1.200   1.348   1.473   1.579   1.674   1.758   1.833   1.899   1.958   2.015   2.069   2.122   2.175   2.229   2.287   2.348   2.412
   4.100  -0.765  -0.764  -0.763  -0.761  -0.760  -0.759  -0.757  -0.755  -0.753  -0.750  -0.746  -0.741  -0.732  -0.718  -0.700  -0.670  -0.628  -0.572  -0.495  -0.399  -0.285  -0.150   0.002   0.163   0.338   0.516   0.696   0.876   1.049   1.218   1.376   1.522   1.656   1.774   1.878   1.970   2.051   2.121   2.187   2.247   2.305   2.361   2.416   2.474   2.534   2.596
   4.125  -0.759  -0.756  -0.753  -0.750  -0.747  -0.744  -0.741  -0.736  -0.731  -0.724  -0.713  -0.701  -0.684  -0.660  -0.629  -0.590  -0.542  -0.483  -0.411  -0.329  -0.231  -0.110   0.024   0.175   0.341   0.507   0.676   0.853   1.026   1.203   1.371   1.533   1.694   1.837   1.960   2.071   2.169   2.255   2.333   2.402   2.466   2.528   2.586   2.647   2.708   2.769
   4.150  -0.757  -0.753  -0.749  -0.745  -0.741  -0.736  -0.732  -0.727  -0.719  -0.710  -0.696  -0.677  -0.653  -0.619  -0.576  -0.524  -0.463  -0.394  -0.317  -0.232  -0.138  -0.034   0.081   0.209   0.352   0.504   0.663   0.831   1.003   1.183   1.362   1.537   1.707   1.864   2.010   2.142   2.258   2.361   2.454   2.534   2.608   2.677   2.741   2.805   2.869   2.931
   4.175  -0.759  -0.754  -0.749  -0.744  -0.738  -0.731  -0.724  -0.716  -0.706  -0.696  -0.681  -0.661  -0.635  -0.599  -0.553  -0.495  -0.424  -0.342  -0.252  -0.153  -0.050   0.057   0.173   0.294   0.422   0.558   0.696   0.842   1.006   1.176   1.350   1.528   1.703   1.869   2.035   2.186   2.321   2.442   2.550   2.645   2.731   2.809   2.881   2.951   3.017   3.081
   4.200  -0.760  -0.755  -0.750  -0.744  -0.737  -0.730  -0.721  -0.712  -0.700  -0.688  -0.672  -0.652  -0.625  -0.588  -0.541  -0.481  -0.405  -0.316  -0.215  -0.100   0.020   0.143   0.269   0.395   0.523   0.648   0.761   0.875   1.013   1.174   1.343   1.519   1.699   1.875   2.049   2.213   2.364   2.503   2.627   2.737   2.837   2.927   3.007   3.084   3.155   3.221
   4.225  -0.760  -0.756  -0.751  -0.745  -0.739  -0.732  -0.723  -0.713  -0.701  -0.687  -0.668  -0.645  -0.616  -0.578  -0.530  -0.469  -0.395  -0.306  -0.202  -0.082   0.049   0.191   0.335   0.473   0.610   0.737   0.843   0.948   1.070   1.216   1.373   1.537   1.709   1.885   2.060   2.230   2.393   2.547   2.687   2.813   2.927   3.029   3.120   3.205   3.283   3.354
   4.250  -0.759  -0.756  -0.751  -0.746  -0.740  -0.733  -0.724  -0.714  -0.701  -0.686  -0.667  -0.643  -0.613  -0.573  -0.525  -0.465  -0.391  -0.303  -0.198  -0.076   0.059   0.210   0.370   0.520   0.664   0.800   0.919   1.032   1.157   1.292   1.434   1.583   1.740   1.904   2.078   2.250   2.419   2.583   2.735   2.876   3.005   3.119   3.221   3.315   3.402   3.480
   4.275  -0.758  -0.755  -0.751  -0.746  -0.740  -0.733  -0.725  -0.715  -0.703  -0.688  -0.669  -0.645  -0.615  -0.575  -0.527  -0.466  -0.391  -0.303  -0.198  -0.077   0.058   0.212   0.378   0.531   0.673   0.814   0.958   1.094   1.232   1.372   1.514   1.657   1.803   1.956   2.120   2.286   2.453   2.620   2.778   2.931   3.072   3.198   3.312   3.417   3.512   3.598
   4.300  -0.756  -0.753  -0.749  -0.745  -0.739  -0.733  -0.725  -0.716  -0.704  -0.690  -0.671  -0.648  -0.619  -0.579  -0.530  -0.468  -0.392  -0.303  -0.199  -0.080   0.055   0.212   0.380   0.534   0.676   0.821   0.979   1.141   1.297   1.449   1.597   1.740   1.882   2.029   2.181   2.337   2.499   2.663   2.824   2.984   3.134   3.271   3.397   3.512   3.617   3.710
   4.325  -0.748  -0.747  -0.745  -0.742  -0.737  -0.732  -0.724  -0.715  -0.703  -0.689  -0.671  -0.648  -0.620  -0.582  -0.535  -0.475  -0.399  -0.309  -0.205  -0.085   0.051   0.208   0.376   0.531   0.674   0.824   0.992   1.167   1.336   1.502   1.663   1.816   1.965   2.114   2.262   2.412   2.568   2.726   2.884   3.044   3.197   3.342   3.478   3.602   3.716   3.820
   4.350  -0.727  -0.732  -0.735  -0.735  -0.732  -0.727  -0.720  -0.711  -0.700  -0.687  -0.669  -0.647  -0.620  -0.583  -0.538  -0.480  -0.406  -0.318  -0.213  -0.092   0.045   0.201   0.367   0.524   0.672   0.827   1.001   1.183   1.362   1.542   1.716   1.883   2.044   2.200   2.349   2.498   2.649   2.800   2.955   3.112   3.266   3.415   3.557   3.690   3.812   3.925
   4.375  -0.679  -0.690  -0.699  -0.706  -0.711  -0.712  -0.709  -0.704  -0.695  -0.683  -0.666  -0.645  -0.618  -0.581  -0.537  -0.479  -0.409  -0.324  -0.221  -0.100   0.036   0.190   0.355   0.515   0.673   0.836   1.014   1.199   1.383   1.570   1.753   1.932   2.106   2.272   2.430   2.585   2.738   2.888   3.041   3.195   3.347   3.496   3.641   3.776   3.903   4.022
   4.400  -0.628  -0.640  -0.652  -0.663  -0.675  -0.682  -0.684  -0.685  -0.684  -0.674  -0.658  -0.638  -0.611  -0.575  -0.533  -0.478  -0.410  -0.327  -0.226  -0.105   0.030   0.181   0.344   0.508   0.675   0.848   1.028   1.214   1.401   1.592   1.782   1.970   2.156   2.334   2.504   2.669   2.827   2.981   3.133   3.285   3.435   3.583   3.728   3.864   3.994   4.117
   4.425  -0.601  -0.607  -0.613  -0.620  -0.629  -0.635  -0.638  -0.643  -0.645  -0.642  -0.633  -0.620  -0.597  -0.565  -0.524  -0.471  -0.404  -0.323  -0.223  -0.104   0.030   0.177   0.338   0.506   0.679   0.858   1.042   1.231   1.421   1.615   1.809   2.003   2.196   2.383   2.565   2.740   2.908   3.069   3.227   3.381   3.531   3.679   3.822   3.961   4.093   4.221
   4.450  -0.587  -0.586  -0.585  -0.585  -0.586  -0.588  -0.591  -0.594  -0.595  -0.594  -0.593  -0.586  -0.568  -0.540  -0.503  -0.453  -0.389  -0.310  -0.213  -0.100   0.030   0.176   0.337   0.506   0.685   0.869   1.057   1.249   1.442   1.637   1.834   2.032   2.230   2.425   2.616   2.802   2.980   3.152   3.317   3.474   3.627   3.775   3.919   4.058   4.191   4.320
   4.475  -0.579  -0.575  -0.572  -0.568  -0.564  -0.562  -0.561  -0.560  -0.555  -0.550  -0.545  -0.535  -0.516  -0.491  -0.458  -0.412  -0.353  -0.280  -0.189  -0.081   0.044   0.187   0.345   0.514   0.696   0.882   1.072   1.267   1.462   1.660   1.860   2.061   2.263   2.462   2.661   2.854   3.041   3.221   3.394   3.558   3.715   3.867   4.012   4.149   4.280   4.403
   4.500  -0.576  -0.572  -0.568  -0.562  -0.557  -0.550  -0.542  -0.532  -0.519  -0.504  -0.486  -0.467  -0.445  -0.418  -0.388  -0.348  -0.296  -0.231  -0.146  -0.044   0.075   0.212   0.366   0.531   0.711   0.897   1.088   1.285   1.483   1.683   1.885   2.088   2.292   2.495   2.698   2.897   3.091   3.281   3.461   3.634   3.798   3.955   4.103   4.238   4.361   4.473

