low temperature opacities from Ferguson, Alexander, et al (2005) with gs98 metals
    form     version        X           Z          logRs    logR_min    logR_max       logTs    logT_min    logT_max
       1          38    0.999700    0.000300          46   -8.000000    1.000000         105    2.700000    4.500000

   logT                       logR = logRho - 3*logT + 18
          -8.000  -7.800  -7.600  -7.400  -7.200  -7.000  -6.800  -6.600  -6.400  -6.200  -6.000  -5.800  -5.600  -5.400  -5.200  -5.000  -4.800  -4.600  -4.400  -4.200  -4.000  -3.800  -3.600  -3.400  -3.200  -3.000  -2.800  -2.600  -2.400  -2.200  -2.000  -1.800  -1.600  -1.400  -1.200  -1.000  -0.800  -0.600  -0.400  -0.200   0.000   0.200   0.400   0.600   0.800   1.000

   2.700  -1.974  -1.974  -1.974  -1.974  -1.974  -1.974  -1.974  -1.974  -1.974  -1.974  -1.974  -1.974  -1.974  -1.974  -1.974  -1.974  -1.985  -2.001  -2.001  -1.985  -1.974  -1.974  -1.974  -1.974  -1.973  -1.972  -1.969  -1.965  -1.964  -1.966  -1.967  -1.966  -1.966  -1.966  -1.970  -1.974  -1.975  -1.976  -1.976  -1.972  -1.968  -1.966  -1.964  -1.961  -1.959  -1.956
   2.750  -2.018  -2.019  -2.019  -2.019  -2.019  -2.019  -2.019  -2.019  -2.019  -2.018  -2.018  -2.018  -2.018  -2.018  -2.018  -2.018  -2.022  -2.028  -2.028  -2.022  -2.018  -2.018  -2.018  -2.018  -2.018  -2.018  -2.018  -2.017  -2.017  -2.016  -2.015  -2.007  -1.994  -1.989  -1.987  -1.986  -1.985  -1.984  -1.982  -1.978  -1.974  -1.971  -1.968  -1.965  -1.962  -1.958
   2.800  -2.038  -2.038  -2.038  -2.038  -2.039  -2.039  -2.039  -2.039  -2.039  -2.039  -2.039  -2.039  -2.040  -2.040  -2.040  -2.040  -2.040  -2.041  -2.041  -2.041  -2.041  -2.041  -2.041  -2.041  -2.041  -2.041  -2.041  -2.042  -2.042  -2.042  -2.042  -2.039  -2.033  -2.025  -2.015  -2.007  -2.002  -1.999  -1.995  -1.989  -1.985  -1.980  -1.976  -1.972  -1.968  -1.963
   2.850  -2.046  -2.046  -2.046  -2.046  -2.046  -2.046  -2.046  -2.045  -2.044  -2.042  -2.041  -2.041  -2.041  -2.041  -2.040  -2.040  -2.040  -2.040  -2.040  -2.040  -2.040  -2.040  -2.041  -2.041  -2.041  -2.041  -2.041  -2.041  -2.041  -2.042  -2.042  -2.041  -2.038  -2.034  -2.028  -2.023  -2.018  -2.013  -2.008  -2.002  -1.997  -1.992  -1.987  -1.982  -1.976  -1.970
   2.900  -2.307  -2.260  -2.216  -2.176  -2.139  -2.108  -2.085  -2.068  -2.055  -2.047  -2.041  -2.038  -2.036  -2.034  -2.034  -2.033  -2.032  -2.032  -2.032  -2.032  -2.032  -2.032  -2.032  -2.032  -2.032  -2.032  -2.031  -2.029  -2.028  -2.027  -2.027  -2.028  -2.030  -2.030  -2.029  -2.027  -2.024  -2.020  -2.016  -2.012  -2.007  -2.002  -1.997  -1.991  -1.984  -1.977
   2.910  -2.442  -2.441  -2.438  -2.414  -2.308  -2.205  -2.157  -2.128  -2.101  -2.079  -2.061  -2.049  -2.042  -2.036  -2.033  -2.031  -2.029  -2.028  -2.028  -2.028  -2.028  -2.028  -2.027  -2.027  -2.027  -2.027  -2.027  -2.027  -2.027  -2.025  -2.024  -2.023  -2.023  -2.023  -2.024  -2.024  -2.023  -2.021  -2.019  -2.016  -2.012  -2.008  -2.004  -1.998  -1.991  -1.984
   2.920  -2.485  -2.466  -2.451  -2.442  -2.439  -2.434  -2.367  -2.253  -2.183  -2.147  -2.120  -2.092  -2.069  -2.053  -2.042  -2.035  -2.030  -2.027  -2.025  -2.023  -2.023  -2.023  -2.023  -2.023  -2.022  -2.022  -2.022  -2.022  -2.022  -2.022  -2.022  -2.021  -2.020  -2.020  -2.019  -2.019  -2.019  -2.018  -2.017  -2.016  -2.013  -2.010  -2.007  -2.002  -1.996  -1.988
   2.930  -2.762  -2.644  -2.555  -2.500  -2.472  -2.455  -2.445  -2.440  -2.411  -2.316  -2.225  -2.174  -2.138  -2.106  -2.079  -2.058  -2.044  -2.035  -2.028  -2.024  -2.021  -2.019  -2.018  -2.018  -2.017  -2.017  -2.017  -2.017  -2.017  -2.017  -2.017  -2.017  -2.016  -2.015  -2.015  -2.015  -2.014  -2.014  -2.013  -2.012  -2.011  -2.009  -2.006  -2.003  -1.997  -1.991
   2.940  -3.460  -3.236  -3.037  -2.862  -2.707  -2.588  -2.518  -2.482  -2.458  -2.449  -2.434  -2.365  -2.264  -2.196  -2.155  -2.122  -2.091  -2.065  -2.046  -2.034  -2.026  -2.020  -2.016  -2.014  -2.013  -2.012  -2.011  -2.011  -2.011  -2.011  -2.011  -2.011  -2.011  -2.010  -2.010  -2.009  -2.009  -2.008  -2.008  -2.007  -2.007  -2.005  -2.003  -2.000  -1.996  -1.991
   2.950  -3.557  -3.490  -3.449  -3.447  -3.466  -3.479  -3.237  -2.819  -2.619  -2.536  -2.490  -2.467  -2.453  -2.407  -2.310  -2.220  -2.170  -2.135  -2.103  -2.073  -2.050  -2.034  -2.024  -2.016  -2.012  -2.009  -2.007  -2.005  -2.005  -2.004  -2.004  -2.004  -2.004  -2.004  -2.003  -2.003  -2.003  -2.002  -2.002  -2.002  -2.001  -2.000  -1.999  -1.996  -1.993  -1.989
   2.960  -3.575  -3.592  -3.601  -3.586  -3.501  -3.444  -3.442  -3.440  -3.387  -3.098  -2.813  -2.665  -2.567  -2.503  -2.478  -2.442  -2.360  -2.265  -2.196  -2.150  -2.113  -2.080  -2.055  -2.035  -2.022  -2.013  -2.007  -2.003  -2.001  -1.999  -1.998  -1.997  -1.997  -1.997  -1.997  -1.997  -1.996  -1.996  -1.995  -1.995  -1.995  -1.994  -1.993  -1.991  -1.989  -1.986
   2.970  -3.594  -3.575  -3.564  -3.565  -3.573  -3.579  -3.574  -3.557  -3.525  -3.466  -3.433  -3.437  -3.444  -3.364  -2.924  -2.584  -2.519  -2.484  -2.413  -2.309  -2.218  -2.161  -2.122  -2.087  -2.058  -2.035  -2.019  -2.009  -2.001  -1.997  -1.994  -1.992  -1.991  -1.990  -1.990  -1.990  -1.989  -1.989  -1.989  -1.988  -1.988  -1.987  -1.986  -1.985  -1.983  -1.981
   2.980  -3.766  -3.688  -3.627  -3.587  -3.567  -3.552  -3.530  -3.513  -3.511  -3.517  -3.521  -3.480  -3.417  -3.409  -3.431  -3.445  -3.198  -2.776  -2.590  -2.530  -2.469  -2.361  -2.246  -2.169  -2.126  -2.094  -2.062  -2.036  -2.016  -2.004  -1.996  -1.991  -1.988  -1.986  -1.985  -1.984  -1.983  -1.983  -1.982  -1.981  -1.981  -1.980  -1.979  -1.978  -1.977  -1.975
   2.990  -3.482  -3.550  -3.612  -3.670  -3.730  -3.758  -3.689  -3.575  -3.535  -3.521  -3.516  -3.533  -3.558  -3.548  -3.466  -3.414  -3.414  -3.415  -3.358  -3.035  -2.725  -2.599  -2.530  -2.429  -2.304  -2.199  -2.137  -2.099  -2.064  -2.035  -2.014  -2.001  -1.994  -1.988  -1.985  -1.983  -1.981  -1.979  -1.977  -1.976  -1.975  -1.974  -1.972  -1.971  -1.970  -1.968
   3.000  -3.443  -3.435  -3.431  -3.437  -3.475  -3.530  -3.613  -3.695  -3.694  -3.609  -3.538  -3.518  -3.508  -3.494  -3.477  -3.467  -3.465  -3.463  -3.457  -3.432  -3.380  -3.198  -2.921  -2.733  -2.616  -2.505  -2.369  -2.237  -2.148  -2.098  -2.064  -2.037  -2.019  -2.006  -1.998  -1.991  -1.986  -1.981  -1.977  -1.974  -1.972  -1.969  -1.967  -1.965  -1.964  -1.962
   3.010  -3.440  -3.438  -3.434  -3.427  -3.417  -3.412  -3.417  -3.433  -3.477  -3.599  -3.673  -3.638  -3.571  -3.523  -3.487  -3.463  -3.451  -3.446  -3.447  -3.461  -3.469  -3.449  -3.390  -3.281  -3.092  -2.900  -2.747  -2.604  -2.453  -2.287  -2.165  -2.109  -2.079  -2.053  -2.035  -2.021  -2.009  -2.000  -1.991  -1.983  -1.976  -1.971  -1.967  -1.963  -1.960  -1.956
   3.020  -3.431  -3.429  -3.426  -3.423  -3.420  -3.416  -3.410  -3.404  -3.403  -3.406  -3.411  -3.446  -3.498  -3.519  -3.528  -3.531  -3.505  -3.460  -3.438  -3.428  -3.425  -3.432  -3.444  -3.434  -3.374  -3.335  -3.337  -3.340  -3.250  -2.757  -2.360  -2.257  -2.203  -2.159  -2.135  -2.113  -2.085  -2.058  -2.034  -2.013  -1.996  -1.984  -1.977  -1.969  -1.961  -1.955
   3.030  -3.457  -3.438  -3.424  -3.415  -3.411  -3.408  -3.404  -3.401  -3.397  -3.393  -3.389  -3.382  -3.375  -3.377  -3.400  -3.441  -3.522  -3.606  -3.603  -3.508  -3.433  -3.414  -3.404  -3.406  -3.420  -3.430  -3.391  -3.331  -3.320  -3.324  -3.327  -3.121  -2.742  -2.511  -2.390  -2.301  -2.229  -2.179  -2.128  -2.081  -2.043  -2.019  -2.004  -1.989  -1.974  -1.961
   3.040  -3.887  -3.684  -3.537  -3.468  -3.437  -3.417  -3.403  -3.395  -3.389  -3.387  -3.384  -3.380  -3.375  -3.368  -3.356  -3.350  -3.356  -3.374  -3.412  -3.489  -3.534  -3.508  -3.459  -3.423  -3.393  -3.380  -3.384  -3.389  -3.389  -3.381  -3.366  -3.267  -3.085  -2.918  -2.748  -2.595  -2.479  -2.383  -2.290  -2.203  -2.132  -2.089  -2.062  -2.033  -2.006  -1.981
   3.050  -4.622  -4.623  -4.624  -4.524  -3.985  -3.575  -3.493  -3.450  -3.415  -3.394  -3.381  -3.372  -3.367  -3.363  -3.358  -3.354  -3.348  -3.342  -3.341  -3.341  -3.342  -3.389  -3.462  -3.472  -3.446  -3.416  -3.389  -3.364  -3.354  -3.350  -3.346  -3.340  -3.331  -3.285  -3.100  -2.904  -2.767  -2.643  -2.515  -2.382  -2.271  -2.204  -2.159  -2.112  -2.066  -2.022
   3.060  -4.539  -4.540  -4.541  -4.543  -4.544  -4.544  -4.366  -4.028  -3.786  -3.596  -3.473  -3.419  -3.392  -3.370  -3.357  -3.349  -3.342  -3.337  -3.332  -3.326  -3.323  -3.323  -3.323  -3.333  -3.386  -3.420  -3.416  -3.406  -3.386  -3.354  -3.332  -3.327  -3.324  -3.308  -3.242  -3.148  -3.036  -2.905  -2.762  -2.598  -2.456  -2.366  -2.301  -2.231  -2.161  -2.093
   3.070  -4.459  -4.460  -4.461  -4.463  -4.464  -4.465  -4.466  -4.467  -4.467  -4.468  -4.468  -4.194  -3.727  -3.521  -3.441  -3.394  -3.361  -3.344  -3.330  -3.322  -3.316  -3.310  -3.305  -3.301  -3.298  -3.297  -3.309  -3.333  -3.352  -3.370  -3.378  -3.366  -3.340  -3.317  -3.299  -3.264  -3.199  -3.105  -2.980  -2.815  -2.664  -2.562  -2.479  -2.388  -2.293  -2.197
   3.080  -4.384  -4.385  -4.386  -4.386  -4.387  -4.388  -4.389  -4.390  -4.390  -4.391  -4.392  -4.393  -4.393  -4.351  -4.103  -3.839  -3.643  -3.479  -3.396  -3.358  -3.334  -3.316  -3.307  -3.297  -3.290  -3.284  -3.277  -3.272  -3.274  -3.292  -3.306  -3.310  -3.312  -3.311  -3.307  -3.297  -3.273  -3.221  -3.129  -2.993  -2.861  -2.762  -2.672  -2.568  -2.455  -2.333
   3.090  -4.313  -4.313  -4.314  -4.314  -4.315  -4.315  -4.316  -4.317  -4.317  -4.318  -4.318  -4.319  -4.320  -4.320  -4.321  -4.321  -4.321  -4.322  -4.251  -3.858  -3.524  -3.417  -3.362  -3.323  -3.301  -3.287  -3.275  -3.268  -3.260  -3.251  -3.247  -3.260  -3.281  -3.285  -3.284  -3.282  -3.274  -3.255  -3.213  -3.120  -3.018  -2.937  -2.853  -2.750  -2.629  -2.493
   3.100  -4.242  -4.243  -4.245  -4.245  -4.246  -4.246  -4.246  -4.247  -4.247  -4.248  -4.248  -4.248  -4.249  -4.249  -4.250  -4.251  -4.251  -4.251  -4.251  -4.252  -4.252  -4.114  -3.849  -3.647  -3.474  -3.360  -3.313  -3.289  -3.267  -3.252  -3.245  -3.244  -3.243  -3.245  -3.256  -3.262  -3.261  -3.257  -3.242  -3.189  -3.123  -3.067  -3.002  -2.911  -2.797  -2.661
   3.110  -4.177  -4.176  -4.175  -4.175  -4.176  -4.178  -4.180  -4.182  -4.182  -4.182  -4.182  -4.182  -4.183  -4.183  -4.184  -4.184  -4.184  -4.184  -4.184  -4.184  -4.184  -4.184  -4.185  -4.159  -4.000  -3.812  -3.633  -3.460  -3.356  -3.303  -3.275  -3.256  -3.247  -3.248  -3.263  -3.273  -3.271  -3.265  -3.253  -3.224  -3.187  -3.153  -3.111  -3.039  -2.942  -2.821
   3.120  -4.126  -4.119  -4.114  -4.113  -4.112  -4.112  -4.113  -4.114  -4.116  -4.117  -4.118  -4.119  -4.120  -4.120  -4.121  -4.121  -4.121  -4.120  -4.120  -4.120  -4.120  -4.120  -4.120  -4.120  -4.119  -4.119  -4.119  -4.119  -4.060  -3.738  -3.479  -3.406  -3.368  -3.359  -3.356  -3.352  -3.335  -3.309  -3.284  -3.260  -3.234  -3.214  -3.189  -3.136  -3.059  -2.961
   3.130  -4.112  -4.086  -4.067  -4.059  -4.055  -4.053  -4.052  -4.052  -4.052  -4.054  -4.055  -4.056  -4.057  -4.059  -4.060  -4.061  -4.061  -4.061  -4.061  -4.060  -4.060  -4.060  -4.059  -4.059  -4.058  -4.058  -4.058  -4.057  -4.057  -4.057  -4.056  -3.920  -3.688  -3.583  -3.548  -3.515  -3.460  -3.403  -3.358  -3.323  -3.293  -3.274  -3.255  -3.214  -3.154  -3.077
   3.140  -4.185  -4.111  -4.056  -4.026  -4.011  -4.003  -3.999  -3.996  -3.996  -3.996  -3.996  -3.997  -3.998  -3.998  -3.999  -4.000  -4.001  -4.003  -4.003  -4.002  -4.002  -4.002  -4.002  -4.002  -4.001  -4.000  -4.000  -3.999  -3.999  -3.999  -3.998  -3.956  -3.873  -3.808  -3.754  -3.694  -3.618  -3.537  -3.472  -3.419  -3.376  -3.349  -3.327  -3.288  -3.237  -3.175
   3.150  -4.417  -4.254  -4.127  -4.042  -3.995  -3.971  -3.957  -3.949  -3.945  -3.943  -3.942  -3.942  -3.943  -3.943  -3.944  -3.944  -3.945  -3.946  -3.946  -3.947  -3.947  -3.947  -3.948  -3.948  -3.947  -3.946  -3.946  -3.945  -3.945  -3.944  -3.943  -3.943  -3.943  -3.936  -3.890  -3.827  -3.753  -3.671  -3.599  -3.535  -3.480  -3.442  -3.411  -3.370  -3.321  -3.265
   3.160  -4.760  -4.521  -4.325  -4.171  -4.060  -3.986  -3.942  -3.919  -3.906  -3.899  -3.895  -3.893  -3.892  -3.892  -3.892  -3.892  -3.892  -3.893  -3.893  -3.894  -3.894  -3.894  -3.895  -3.895  -3.895  -3.895  -3.895  -3.894  -3.894  -3.893  -3.893  -3.893  -3.893  -3.892  -3.883  -3.865  -3.825  -3.764  -3.705  -3.642  -3.584  -3.540  -3.502  -3.457  -3.406  -3.353
   3.170  -5.116  -4.872  -4.648  -4.441  -4.250  -4.096  -3.992  -3.928  -3.890  -3.870  -3.859  -3.852  -3.848  -3.846  -3.845  -3.845  -3.845  -3.845  -3.845  -3.846  -3.846  -3.846  -3.846  -3.846  -3.847  -3.847  -3.847  -3.847  -3.847  -3.846  -3.846  -3.846  -3.846  -3.846  -3.846  -3.847  -3.833  -3.801  -3.763  -3.714  -3.666  -3.625  -3.584  -3.539  -3.490  -3.437
   3.180  -5.424  -5.214  -5.000  -4.777  -4.541  -4.329  -4.160  -4.025  -3.929  -3.874  -3.843  -3.823  -3.813  -3.807  -3.804  -3.802  -3.801  -3.801  -3.801  -3.801  -3.801  -3.801  -3.802  -3.802  -3.802  -3.802  -3.802  -3.802  -3.802  -3.802  -3.802  -3.802  -3.802  -3.802  -3.803  -3.803  -3.800  -3.791  -3.775  -3.746  -3.713  -3.680  -3.645  -3.604  -3.560  -3.511
   3.190  -5.664  -5.497  -5.313  -5.108  -4.880  -4.655  -4.435  -4.229  -4.069  -3.951  -3.869  -3.821  -3.796  -3.780  -3.771  -3.766  -3.763  -3.761  -3.761  -3.760  -3.760  -3.760  -3.760  -3.760  -3.761  -3.761  -3.761  -3.761  -3.761  -3.761  -3.761  -3.761  -3.762  -3.762  -3.762  -3.762  -3.762  -3.760  -3.756  -3.743  -3.724  -3.702  -3.676  -3.645  -3.609  -3.568
   3.200  -5.839  -5.712  -5.564  -5.392  -5.195  -4.984  -4.755  -4.522  -4.317  -4.132  -3.982  -3.881  -3.817  -3.774  -3.751  -3.739  -3.731  -3.727  -3.725  -3.724  -3.723  -3.722  -3.722  -3.722  -3.722  -3.722  -3.722  -3.723  -3.723  -3.723  -3.723  -3.723  -3.723  -3.724  -3.724  -3.725  -3.725  -3.724  -3.723  -3.719  -3.710  -3.698  -3.681  -3.659  -3.633  -3.601
   3.210  -5.959  -5.868  -5.754  -5.616  -5.454  -5.272  -5.066  -4.845  -4.625  -4.398  -4.196  -4.034  -3.904  -3.812  -3.760  -3.730  -3.711  -3.702  -3.695  -3.691  -3.689  -3.688  -3.687  -3.687  -3.687  -3.687  -3.687  -3.687  -3.687  -3.687  -3.687  -3.687  -3.688  -3.689  -3.689  -3.689  -3.689  -3.689  -3.689  -3.687  -3.684  -3.678  -3.668  -3.653  -3.635  -3.612
   3.220  -6.036  -5.974  -5.889  -5.783  -5.655  -5.506  -5.333  -5.140  -4.931  -4.702  -4.480  -4.272  -4.081  -3.936  -3.832  -3.759  -3.713  -3.689  -3.674  -3.666  -3.661  -3.658  -3.657  -3.655  -3.654  -3.654  -3.654  -3.654  -3.654  -3.655  -3.655  -3.655  -3.655  -3.655  -3.656  -3.656  -3.656  -3.656  -3.656  -3.655  -3.653  -3.650  -3.644  -3.635  -3.622  -3.606
   3.230  -6.077  -6.038  -5.979  -5.902  -5.806  -5.689  -5.548  -5.385  -5.202  -4.996  -4.783  -4.559  -4.336  -4.144  -3.979  -3.847  -3.760  -3.706  -3.670  -3.651  -3.640  -3.633  -3.629  -3.627  -3.626  -3.625  -3.624  -3.624  -3.624  -3.624  -3.624  -3.624  -3.625  -3.625  -3.625  -3.625  -3.625  -3.625  -3.625  -3.624  -3.623  -3.620  -3.616  -3.610  -3.600  -3.589
   3.240  -6.084  -6.065  -6.030  -5.978  -5.911  -5.823  -5.713  -5.581  -5.427  -5.251  -5.059  -4.846  -4.622  -4.409  -4.198  -4.016  -3.879  -3.775  -3.701  -3.659  -3.634  -3.617  -3.608  -3.603  -3.600  -3.598  -3.597  -3.596  -3.596  -3.595  -3.595  -3.595  -3.596  -3.596  -3.596  -3.596  -3.596  -3.596  -3.596  -3.595  -3.594  -3.592  -3.589  -3.583  -3.576  -3.566
   3.250  -6.058  -6.054  -6.040  -6.016  -5.975  -5.913  -5.832  -5.731  -5.607  -5.460  -5.293  -5.105  -4.901  -4.689  -4.464  -4.254  -4.069  -3.907  -3.786  -3.704  -3.649  -3.615  -3.597  -3.586  -3.579  -3.575  -3.572  -3.570  -3.570  -3.569  -3.569  -3.569  -3.569  -3.569  -3.569  -3.569  -3.569  -3.569  -3.569  -3.568  -3.567  -3.565  -3.562  -3.557  -3.551  -3.542
   3.260  -6.004  -6.012  -6.016  -6.015  -5.996  -5.960  -5.907  -5.836  -5.742  -5.624  -5.486  -5.326  -5.147  -4.952  -4.736  -4.521  -4.307  -4.103  -3.938  -3.809  -3.710  -3.645  -3.606  -3.580  -3.565  -3.557  -3.551  -3.548  -3.546  -3.545  -3.544  -3.544  -3.544  -3.544  -3.544  -3.544  -3.544  -3.544  -3.543  -3.542  -3.541  -3.539  -3.537  -3.532  -3.526  -3.519
   3.270  -5.933  -5.956  -5.970  -5.972  -5.970  -5.966  -5.946  -5.899  -5.833  -5.746  -5.637  -5.504  -5.350  -5.178  -4.987  -4.784  -4.567  -4.348  -4.152  -3.974  -3.827  -3.721  -3.646  -3.593  -3.565  -3.548  -3.536  -3.530  -3.526  -3.523  -3.522  -3.521  -3.521  -3.521  -3.520  -3.520  -3.520  -3.520  -3.519  -3.518  -3.517  -3.515  -3.513  -3.508  -3.503  -3.496
   3.280  -5.856  -5.880  -5.900  -5.916  -5.930  -5.936  -5.930  -5.912  -5.881  -5.824  -5.744  -5.641  -5.515  -5.370  -5.203  -5.020  -4.818  -4.603  -4.395  -4.184  -3.998  -3.850  -3.731  -3.644  -3.590  -3.555  -3.532  -3.520  -3.511  -3.506  -3.503  -3.501  -3.500  -3.499  -3.499  -3.498  -3.498  -3.497  -3.497  -3.496  -3.494  -3.492  -3.490  -3.486  -3.480  -3.473
   3.290  -5.781  -5.804  -5.826  -5.847  -5.868  -5.881  -5.886  -5.889  -5.885  -5.857  -5.806  -5.734  -5.640  -5.522  -5.380  -5.220  -5.040  -4.845  -4.641  -4.423  -4.218  -4.034  -3.871  -3.744  -3.653  -3.586  -3.543  -3.519  -3.502  -3.493  -3.487  -3.483  -3.482  -3.480  -3.479  -3.478  -3.477  -3.476  -3.475  -3.474  -3.472  -3.470  -3.468  -3.464  -3.458  -3.452
   3.300  -5.711  -5.732  -5.754  -5.775  -5.796  -5.815  -5.833  -5.847  -5.848  -5.840  -5.824  -5.787  -5.721  -5.633  -5.519  -5.385  -5.231  -5.058  -4.869  -4.661  -4.454  -4.249  -4.053  -3.890  -3.756  -3.651  -3.581  -3.539  -3.506  -3.488  -3.477  -3.470  -3.466  -3.463  -3.461  -3.459  -3.458  -3.456  -3.455  -3.453  -3.451  -3.449  -3.446  -3.442  -3.437  -3.431
   3.310  -5.649  -5.667  -5.685  -5.705  -5.726  -5.746  -5.766  -5.784  -5.796  -5.803  -5.805  -5.793  -5.758  -5.700  -5.618  -5.514  -5.385  -5.234  -5.067  -4.881  -4.685  -4.477  -4.267  -4.079  -3.909  -3.766  -3.661  -3.584  -3.528  -3.496  -3.476  -3.462  -3.454  -3.448  -3.444  -3.441  -3.439  -3.437  -3.435  -3.433  -3.431  -3.428  -3.425  -3.421  -3.416  -3.410
   3.320  -5.594  -5.609  -5.625  -5.642  -5.660  -5.679  -5.699  -5.718  -5.736  -5.753  -5.761  -5.758  -5.749  -5.730  -5.679  -5.602  -5.501  -5.376  -5.233  -5.070  -4.892  -4.696  -4.490  -4.291  -4.095  -3.921  -3.778  -3.662  -3.577  -3.524  -3.487  -3.462  -3.450  -3.439  -3.433  -3.428  -3.424  -3.421  -3.417  -3.415  -3.412  -3.409  -3.406  -3.402  -3.396  -3.390
   3.330  -5.544  -5.557  -5.571  -5.585  -5.601  -5.617  -5.635  -5.654  -5.672  -5.690  -5.705  -5.714  -5.719  -5.717  -5.694  -5.648  -5.577  -5.483  -5.366  -5.225  -5.067  -4.891  -4.700  -4.505  -4.299  -4.106  -3.935  -3.785  -3.668  -3.583  -3.520  -3.478  -3.454  -3.435  -3.424  -3.417  -3.411  -3.407  -3.403  -3.399  -3.395  -3.391  -3.387  -3.382  -3.376  -3.369
   3.340  -5.496  -5.509  -5.521  -5.535  -5.548  -5.562  -5.577  -5.594  -5.611  -5.628  -5.645  -5.662  -5.675  -5.676  -5.669  -5.656  -5.620  -5.553  -5.463  -5.347  -5.211  -5.058  -4.888  -4.705  -4.505  -4.309  -4.121  -3.944  -3.796  -3.674  -3.578  -3.513  -3.472  -3.441  -3.423  -3.411  -3.401  -3.395  -3.389  -3.384  -3.379  -3.374  -3.368  -3.362  -3.355  -3.348
   3.350  -5.452  -5.463  -5.474  -5.486  -5.499  -5.512  -5.525  -5.539  -5.553  -5.569  -5.585  -5.602  -5.617  -5.627  -5.632  -5.634  -5.621  -5.584  -5.522  -5.435  -5.326  -5.195  -5.045  -4.879  -4.695  -4.506  -4.313  -4.122  -3.952  -3.798  -3.671  -3.578  -3.511  -3.461  -3.432  -3.411  -3.395  -3.386  -3.377  -3.370  -3.363  -3.356  -3.350  -3.342  -3.333  -3.324
   3.360  -5.415  -5.423  -5.431  -5.441  -5.452  -5.464  -5.476  -5.489  -5.503  -5.516  -5.530  -5.545  -5.560  -5.574  -5.587  -5.593  -5.589  -5.575  -5.549  -5.491  -5.408  -5.301  -5.172  -5.026  -4.862  -4.687  -4.500  -4.307  -4.126  -3.952  -3.800  -3.676  -3.576  -3.501  -3.453  -3.419  -3.395  -3.380  -3.367  -3.357  -3.348  -3.339  -3.330  -3.320  -3.310  -3.299
   3.370  -5.384  -5.388  -5.394  -5.401  -5.409  -5.419  -5.430  -5.442  -5.454  -5.466  -5.479  -5.493  -5.506  -5.520  -5.536  -5.544  -5.545  -5.546  -5.542  -5.511  -5.455  -5.374  -5.270  -5.147  -5.002  -4.843  -4.668  -4.483  -4.301  -4.118  -3.949  -3.798  -3.665  -3.564  -3.493  -3.441  -3.404  -3.380  -3.359  -3.345  -3.332  -3.320  -3.309  -3.297  -3.285  -3.272
   3.380  -5.360  -5.361  -5.363  -5.367  -5.373  -5.380  -5.389  -5.399  -5.409  -5.420  -5.432  -5.444  -5.457  -5.469  -5.482  -5.493  -5.502  -5.508  -5.507  -5.494  -5.467  -5.417  -5.339  -5.239  -5.115  -4.974  -4.815  -4.642  -4.465  -4.281  -4.104  -3.939  -3.787  -3.661  -3.560  -3.480  -3.424  -3.386  -3.355  -3.334  -3.316  -3.300  -3.286  -3.271  -3.256  -3.240
   3.390  -5.339  -5.339  -5.339  -5.339  -5.342  -5.346  -5.352  -5.359  -5.367  -5.377  -5.388  -5.399  -5.410  -5.421  -5.432  -5.443  -5.454  -5.463  -5.463  -5.459  -5.451  -5.426  -5.375  -5.299  -5.199  -5.079  -4.939  -4.782  -4.615  -4.434  -4.256  -4.083  -3.918  -3.773  -3.644  -3.537  -3.459  -3.402  -3.357  -3.326  -3.301  -3.279  -3.260  -3.241  -3.223  -3.205
   3.400  -5.322  -5.320  -5.318  -5.318  -5.318  -5.319  -5.321  -5.325  -5.330  -5.337  -5.346  -5.356  -5.366  -5.376  -5.386  -5.396  -5.406  -5.415  -5.418  -5.419  -5.419  -5.409  -5.377  -5.325  -5.251  -5.156  -5.038  -4.900  -4.745  -4.572  -4.396  -4.221  -4.049  -3.890  -3.742  -3.614  -3.513  -3.433  -3.369  -3.324  -3.288  -3.257  -3.232  -3.208  -3.185  -3.164
   3.410  -5.308  -5.304  -5.301  -5.299  -5.297  -5.296  -5.296  -5.298  -5.300  -5.304  -5.309  -5.316  -5.325  -5.333  -5.343  -5.352  -5.361  -5.369  -5.374  -5.377  -5.378  -5.372  -5.355  -5.325  -5.274  -5.201  -5.106  -4.989  -4.852  -4.693  -4.524  -4.349  -4.172  -4.005  -3.846  -3.703  -3.580  -3.476  -3.392  -3.329  -3.278  -3.236  -3.204  -3.173  -3.144  -3.119
   3.420  -5.293  -5.290  -5.287  -5.283  -5.280  -5.278  -5.276  -5.275  -5.275  -5.276  -5.278  -5.282  -5.287  -5.294  -5.302  -5.310  -5.318  -5.325  -5.330  -5.333  -5.334  -5.330  -5.320  -5.301  -5.268  -5.215  -5.142  -5.049  -4.933  -4.793  -4.638  -4.465  -4.283  -4.110  -3.943  -3.789  -3.649  -3.525  -3.422  -3.340  -3.273  -3.219  -3.176  -3.136  -3.100  -3.069
   3.430  -5.272  -5.272  -5.271  -5.269  -5.266  -5.263  -5.259  -5.256  -5.254  -5.253  -5.253  -5.254  -5.256  -5.259  -5.264  -5.270  -5.276  -5.282  -5.287  -5.291  -5.292  -5.289  -5.280  -5.266  -5.242  -5.203  -5.148  -5.076  -4.982  -4.867  -4.730  -4.566  -4.386  -4.209  -4.032  -3.865  -3.714  -3.578  -3.459  -3.360  -3.275  -3.206  -3.150  -3.099  -3.055  -3.018
   3.440  -5.238  -5.244  -5.248  -5.249  -5.248  -5.247  -5.244  -5.241  -5.237  -5.234  -5.232  -5.231  -5.230  -5.230  -5.232  -5.235  -5.239  -5.243  -5.246  -5.249  -5.250  -5.247  -5.239  -5.226  -5.205  -5.174  -5.131  -5.074  -4.999  -4.907  -4.791  -4.644  -4.476  -4.301  -4.114  -3.935  -3.774  -3.625  -3.493  -3.377  -3.277  -3.194  -3.125  -3.063  -3.010  -2.966
   3.450  -5.181  -5.197  -5.209  -5.218  -5.223  -5.225  -5.225  -5.224  -5.222  -5.219  -5.215  -5.212  -5.209  -5.207  -5.206  -5.206  -5.207  -5.209  -5.209  -5.209  -5.209  -5.206  -5.197  -5.183  -5.164  -5.136  -5.099  -5.052  -4.989  -4.915  -4.818  -4.693  -4.546  -4.380  -4.190  -4.003  -3.829  -3.665  -3.520  -3.392  -3.279  -3.183  -3.102  -3.030  -2.967  -2.915
   3.460  -5.094  -5.122  -5.146  -5.165  -5.179  -5.190  -5.197  -5.201  -5.201  -5.200  -5.198  -5.195  -5.192  -5.188  -5.185  -5.182  -5.180  -5.178  -5.176  -5.174  -5.171  -5.165  -5.156  -5.141  -5.121  -5.094  -5.059  -5.016  -4.962  -4.897  -4.815  -4.711  -4.585  -4.434  -4.254  -4.069  -3.885  -3.703  -3.543  -3.403  -3.279  -3.172  -3.079  -2.997  -2.925  -2.865
   3.470  -4.983  -5.021  -5.055  -5.084  -5.110  -5.132  -5.149  -5.161  -5.170  -5.174  -5.176  -5.175  -5.173  -5.170  -5.166  -5.162  -5.157  -5.153  -5.148  -5.143  -5.136  -5.128  -5.118  -5.101  -5.079  -5.051  -5.016  -4.973  -4.921  -4.862  -4.788  -4.698  -4.591  -4.457  -4.296  -4.122  -3.935  -3.743  -3.571  -3.414  -3.275  -3.156  -3.053  -2.961  -2.882  -2.814
   3.480  -4.852  -4.898  -4.941  -4.980  -5.016  -5.048  -5.075  -5.098  -5.117  -5.131  -5.141  -5.147  -5.150  -5.150  -5.147  -5.143  -5.138  -5.132  -5.125  -5.117  -5.107  -5.095  -5.081  -5.062  -5.039  -5.009  -4.972  -4.928  -4.876  -4.817  -4.746  -4.663  -4.566  -4.448  -4.307  -4.150  -3.970  -3.779  -3.600  -3.427  -3.271  -3.139  -3.025  -2.924  -2.836  -2.762
   3.490  -4.708  -4.761  -4.810  -4.857  -4.901  -4.941  -4.978  -5.011  -5.040  -5.065  -5.085  -5.101  -5.113  -5.118  -5.120  -5.121  -5.119  -5.113  -5.105  -5.095  -5.083  -5.068  -5.050  -5.027  -5.001  -4.969  -4.930  -4.883  -4.829  -4.767  -4.695  -4.614  -4.521  -4.411  -4.286  -4.144  -3.980  -3.802  -3.624  -3.441  -3.272  -3.127  -2.998  -2.886  -2.789  -2.708
   3.500  -4.555  -4.613  -4.667  -4.720  -4.770  -4.817  -4.862  -4.904  -4.941  -4.975  -5.005  -5.031  -5.053  -5.070  -5.083  -5.088  -5.088  -5.087  -5.085  -5.075  -5.061  -5.044  -5.023  -4.998  -4.968  -4.932  -4.889  -4.839  -4.781  -4.716  -4.642  -4.558  -4.463  -4.356  -4.239  -4.107  -3.958  -3.797  -3.628  -3.448  -3.275  -3.118  -2.973  -2.848  -2.741  -2.651
   3.525  -4.146  -4.214  -4.280  -4.344  -4.405  -4.465  -4.523  -4.579  -4.632  -4.682  -4.729  -4.773  -4.814  -4.852  -4.886  -4.912  -4.931  -4.950  -4.966  -4.974  -4.972  -4.964  -4.952  -4.934  -4.905  -4.867  -4.820  -4.763  -4.695  -4.618  -4.529  -4.430  -4.320  -4.204  -4.081  -3.951  -3.814  -3.673  -3.521  -3.358  -3.199  -3.039  -2.889  -2.752  -2.627  -2.515
   3.550  -3.714  -3.791  -3.865  -3.938  -4.009  -4.078  -4.145  -4.209  -4.272  -4.333  -4.392  -4.449  -4.503  -4.555  -4.604  -4.650  -4.692  -4.731  -4.764  -4.794  -4.812  -4.819  -4.823  -4.820  -4.799  -4.763  -4.717  -4.657  -4.583  -4.496  -4.396  -4.284  -4.161  -4.033  -3.897  -3.758  -3.617  -3.474  -3.331  -3.187  -3.045  -2.903  -2.762  -2.625  -2.492  -2.362
   3.575  -3.267  -3.351  -3.434  -3.514  -3.594  -3.671  -3.747  -3.821  -3.893  -3.963  -4.031  -4.097  -4.160  -4.221  -4.280  -4.336  -4.388  -4.437  -4.480  -4.519  -4.549  -4.569  -4.582  -4.584  -4.571  -4.546  -4.507  -4.452  -4.385  -4.304  -4.211  -4.106  -3.990  -3.867  -3.734  -3.596  -3.454  -3.308  -3.162  -3.015  -2.869  -2.722  -2.576  -2.435  -2.296  -2.161
   3.600  -2.820  -2.909  -2.997  -3.084  -3.170  -3.254  -3.337  -3.418  -3.497  -3.574  -3.649  -3.722  -3.792  -3.859  -3.924  -3.986  -4.044  -4.099  -4.148  -4.192  -4.228  -4.257  -4.275  -4.277  -4.269  -4.252  -4.220  -4.170  -4.110  -4.037  -3.954  -3.860  -3.756  -3.643  -3.519  -3.388  -3.249  -3.103  -2.956  -2.805  -2.655  -2.506  -2.358  -2.215  -2.076  -1.941
   3.625  -2.388  -2.480  -2.571  -2.661  -2.750  -2.838  -2.925  -3.011  -3.096  -3.178  -3.259  -3.338  -3.415  -3.490  -3.561  -3.629  -3.693  -3.752  -3.803  -3.849  -3.884  -3.907  -3.921  -3.922  -3.907  -3.881  -3.841  -3.786  -3.722  -3.648  -3.566  -3.476  -3.380  -3.277  -3.168  -3.053  -2.932  -2.807  -2.678  -2.546  -2.412  -2.277  -2.140  -2.004  -1.868  -1.734
   3.650  -1.975  -2.068  -2.160  -2.252  -2.342  -2.432  -2.521  -2.610  -2.698  -2.785  -2.870  -2.954  -3.036  -3.115  -3.193  -3.265  -3.332  -3.394  -3.447  -3.492  -3.522  -3.536  -3.543  -3.540  -3.515  -3.476  -3.426  -3.364  -3.294  -3.216  -3.133  -3.046  -2.955  -2.861  -2.765  -2.666  -2.565  -2.460  -2.353  -2.242  -2.127  -2.008  -1.885  -1.759  -1.630  -1.499
   3.675  -1.585  -1.678  -1.771  -1.863  -1.956  -2.047  -2.138  -2.229  -2.318  -2.407  -2.495  -2.581  -2.665  -2.747  -2.827  -2.902  -2.971  -3.035  -3.089  -3.136  -3.161  -3.167  -3.170  -3.164  -3.132  -3.084  -3.028  -2.962  -2.890  -2.811  -2.727  -2.641  -2.552  -2.461  -2.369  -2.275  -2.179  -2.082  -1.981  -1.878  -1.772  -1.662  -1.550  -1.434  -1.316  -1.195
   3.700  -1.229  -1.319  -1.410  -1.501  -1.592  -1.684  -1.775  -1.865  -1.955  -2.044  -2.132  -2.219  -2.304  -2.387  -2.468  -2.543  -2.613  -2.677  -2.731  -2.780  -2.801  -2.801  -2.799  -2.791  -2.753  -2.700  -2.641  -2.571  -2.498  -2.418  -2.335  -2.249  -2.161  -2.071  -1.979  -1.886  -1.792  -1.696  -1.598  -1.498  -1.396  -1.293  -1.187  -1.080  -0.972  -0.861
   3.725  -0.914  -0.995  -1.078  -1.163  -1.251  -1.340  -1.430  -1.519  -1.609  -1.698  -1.786  -1.873  -1.958  -2.041  -2.122  -2.197  -2.267  -2.331  -2.384  -2.430  -2.449  -2.447  -2.443  -2.432  -2.392  -2.338  -2.277  -2.207  -2.133  -2.054  -1.971  -1.886  -1.798  -1.708  -1.617  -1.525  -1.431  -1.336  -1.239  -1.141  -1.041  -0.940  -0.837  -0.732  -0.626  -0.519
   3.750  -0.662  -0.728  -0.798  -0.872  -0.951  -1.032  -1.115  -1.200  -1.286  -1.372  -1.457  -1.541  -1.625  -1.705  -1.784  -1.857  -1.925  -1.986  -2.036  -2.079  -2.097  -2.095  -2.089  -2.075  -2.035  -1.982  -1.922  -1.854  -1.781  -1.703  -1.621  -1.536  -1.449  -1.361  -1.271  -1.179  -1.086  -0.991  -0.895  -0.797  -0.698  -0.597  -0.495  -0.391  -0.286  -0.179
   3.775  -0.502  -0.540  -0.587  -0.641  -0.703  -0.769  -0.837  -0.910  -0.985  -1.063  -1.141  -1.220  -1.298  -1.374  -1.447  -1.516  -1.580  -1.636  -1.683  -1.721  -1.737  -1.735  -1.729  -1.714  -1.675  -1.624  -1.567  -1.500  -1.430  -1.354  -1.274  -1.192  -1.107  -1.021  -0.933  -0.844  -0.753  -0.660  -0.566  -0.470  -0.372  -0.273  -0.172  -0.070   0.034   0.140
   3.800  -0.426  -0.440  -0.461  -0.489  -0.524  -0.565  -0.614  -0.668  -0.727  -0.790  -0.856  -0.923  -0.991  -1.057  -1.121  -1.181  -1.236  -1.285  -1.325  -1.357  -1.371  -1.368  -1.361  -1.345  -1.309  -1.262  -1.208  -1.145  -1.078  -1.006  -0.930  -0.851  -0.770  -0.688  -0.604  -0.518  -0.430  -0.341  -0.249  -0.155  -0.060   0.037   0.136   0.237   0.339   0.444
   3.825  -0.403  -0.406  -0.411  -0.418  -0.428  -0.443  -0.466  -0.495  -0.529  -0.570  -0.613  -0.658  -0.707  -0.754  -0.803  -0.849  -0.891  -0.928  -0.958  -0.980  -0.990  -0.988  -0.978  -0.960  -0.928  -0.887  -0.838  -0.781  -0.720  -0.653  -0.584  -0.511  -0.435  -0.358  -0.278  -0.197  -0.114  -0.028   0.059   0.149   0.240   0.334   0.431   0.529   0.630   0.732
   3.850  -0.395  -0.394  -0.393  -0.393  -0.392  -0.392  -0.393  -0.396  -0.402  -0.412  -0.425  -0.444  -0.466  -0.490  -0.516  -0.541  -0.564  -0.584  -0.598  -0.608  -0.611  -0.606  -0.593  -0.571  -0.542  -0.506  -0.463  -0.413  -0.358  -0.299  -0.236  -0.170  -0.101  -0.030   0.044   0.120   0.198   0.278   0.360   0.445   0.532   0.622   0.715   0.810   0.908   1.008
   3.875  -0.395  -0.393  -0.391  -0.387  -0.383  -0.377  -0.369  -0.358  -0.343  -0.326  -0.311  -0.299  -0.289  -0.283  -0.280  -0.273  -0.268  -0.263  -0.256  -0.248  -0.238  -0.224  -0.205  -0.181  -0.153  -0.120  -0.081  -0.038   0.009   0.061   0.116   0.174   0.235   0.299   0.366   0.436   0.507   0.581   0.657   0.736   0.818   0.904   0.992   1.083   1.176   1.273
   3.900  -0.395  -0.393  -0.390  -0.386  -0.380  -0.372  -0.360  -0.345  -0.324  -0.297  -0.265  -0.228  -0.187  -0.145  -0.102  -0.061  -0.023   0.013   0.046   0.077   0.107   0.136   0.164   0.194   0.225   0.258   0.294   0.332   0.373   0.418   0.465   0.516   0.569   0.626   0.686   0.748   0.812   0.879   0.949   1.023   1.099   1.179   1.261   1.347   1.437   1.529
   3.925  -0.395  -0.394  -0.391  -0.387  -0.382  -0.373  -0.362  -0.346  -0.324  -0.295  -0.256  -0.206  -0.147  -0.079   0.001   0.076   0.149   0.222   0.286   0.345   0.403   0.454   0.499   0.541   0.580   0.617   0.654   0.691   0.729   0.769   0.811   0.855   0.902   0.951   1.003   1.058   1.115   1.175   1.239   1.305   1.375   1.448   1.525   1.606   1.690   1.778
   3.950  -0.396  -0.395  -0.393  -0.389  -0.384  -0.376  -0.365  -0.349  -0.325  -0.294  -0.253  -0.199  -0.134  -0.056   0.035   0.133   0.239   0.348   0.450   0.549   0.638   0.716   0.784   0.844   0.896   0.943   0.986   1.026   1.066   1.104   1.143   1.183   1.224   1.267   1.313   1.361   1.412   1.465   1.522   1.581   1.644   1.711   1.783   1.858   1.937   2.020
   3.975  -0.397  -0.396  -0.394  -0.390  -0.386  -0.379  -0.368  -0.354  -0.330  -0.301  -0.260  -0.207  -0.141  -0.060   0.033   0.140   0.264   0.399   0.535   0.673   0.800   0.907   1.002   1.082   1.155   1.220   1.276   1.325   1.370   1.412   1.452   1.491   1.529   1.569   1.610   1.653   1.699   1.746   1.797   1.850   1.908   1.969   2.034   2.104   2.177   2.254
   4.000  -0.397  -0.396  -0.394  -0.391  -0.388  -0.381  -0.372  -0.359  -0.338  -0.311  -0.272  -0.220  -0.154  -0.071   0.028   0.142   0.273   0.416   0.563   0.718   0.867   1.007   1.137   1.253   1.353   1.441   1.516   1.579   1.636   1.685   1.730   1.772   1.811   1.851   1.890   1.930   1.971   2.014   2.060   2.110   2.162   2.218   2.278   2.342   2.410   2.482
   4.025  -0.397  -0.396  -0.394  -0.392  -0.388  -0.382  -0.374  -0.362  -0.343  -0.318  -0.282  -0.232  -0.170  -0.090   0.009   0.124   0.255   0.400   0.551   0.712   0.867   1.033   1.197   1.349   1.485   1.601   1.695   1.775   1.850   1.913   1.968   2.018   2.062   2.104   2.145   2.185   2.225   2.266   2.310   2.356   2.405   2.456   2.511   2.571   2.635   2.703
   4.050  -0.396  -0.396  -0.394  -0.392  -0.389  -0.383  -0.376  -0.365  -0.348  -0.325  -0.291  -0.245  -0.187  -0.111  -0.017   0.093   0.222   0.368   0.524   0.693   0.866   1.041   1.216   1.381   1.537   1.680   1.806   1.917   2.013   2.095   2.166   2.227   2.280   2.329   2.374   2.417   2.459   2.500   2.543   2.587   2.634   2.683   2.734   2.791   2.852   2.917
   4.075  -0.395  -0.394  -0.393  -0.391  -0.388  -0.383  -0.377  -0.367  -0.352  -0.331  -0.300  -0.257  -0.202  -0.130  -0.042   0.064   0.188   0.329   0.483   0.653   0.833   1.012   1.193   1.367   1.533   1.696   1.857   2.005   2.128   2.228   2.317   2.395   2.462   2.522   2.574   2.622   2.668   2.712   2.757   2.802   2.848   2.896   2.947   3.001   3.059   3.121
   4.100  -0.393  -0.392  -0.391  -0.389  -0.387  -0.383  -0.377  -0.369  -0.354  -0.335  -0.307  -0.268  -0.217  -0.149  -0.066   0.034   0.152   0.287   0.437   0.602   0.776   0.958   1.147   1.333   1.521   1.702   1.874   2.036   2.182   2.311   2.426   2.524   2.608   2.683   2.746   2.803   2.856   2.905   2.953   3.000   3.048   3.097   3.148   3.201   3.258   3.317
   4.125  -0.391  -0.390  -0.389  -0.387  -0.385  -0.382  -0.376  -0.368  -0.355  -0.339  -0.313  -0.276  -0.229  -0.166  -0.088   0.006   0.118   0.247   0.391   0.552   0.724   0.905   1.094   1.285   1.483   1.674   1.856   2.030   2.191   2.354   2.499   2.616   2.719   2.811   2.889   2.959   3.021   3.077   3.131   3.183   3.233   3.284   3.335   3.389   3.446   3.506
   4.150  -0.390  -0.389  -0.387  -0.385  -0.383  -0.379  -0.374  -0.367  -0.356  -0.340  -0.316  -0.283  -0.239  -0.181  -0.109  -0.020   0.086   0.209   0.348   0.503   0.671   0.850   1.039   1.231   1.428   1.625   1.821   2.013   2.195   2.368   2.528   2.671   2.799   2.911   3.006   3.091   3.165   3.231   3.293   3.350   3.405   3.459   3.511   3.567   3.626   3.687
   4.175  -0.390  -0.388  -0.386  -0.384  -0.381  -0.377  -0.372  -0.366  -0.354  -0.340  -0.317  -0.288  -0.247  -0.193  -0.125  -0.042   0.058   0.175   0.308   0.459   0.623   0.799   0.986   1.179   1.377   1.578   1.778   1.979   2.174   2.359   2.530   2.700   2.852   2.982   3.097   3.200   3.288   3.366   3.438   3.502   3.564   3.622   3.680   3.739   3.800   3.862
   4.200  -0.390  -0.388  -0.385  -0.383  -0.379  -0.375  -0.370  -0.363  -0.352  -0.339  -0.318  -0.290  -0.253  -0.202  -0.138  -0.060   0.035   0.145   0.273   0.419   0.579   0.753   0.938   1.129   1.328   1.530   1.734   1.938   2.139   2.339   2.530   2.710   2.879   3.031   3.166   3.287   3.392   3.484   3.568   3.641   3.710   3.776   3.838   3.902   3.966   4.029
   4.225  -0.391  -0.388  -0.385  -0.382  -0.378  -0.373  -0.368  -0.361  -0.350  -0.337  -0.317  -0.290  -0.256  -0.209  -0.149  -0.075   0.015   0.121   0.244   0.385   0.541   0.712   0.896   1.086   1.285   1.488   1.694   1.902   2.108   2.314   2.517   2.706   2.890   3.060   3.215   3.354   3.477   3.585   3.682   3.767   3.846   3.919   3.988   4.056   4.124   4.190
   4.250  -0.391  -0.388  -0.385  -0.381  -0.376  -0.371  -0.365  -0.358  -0.347  -0.334  -0.315  -0.290  -0.257  -0.212  -0.156  -0.086   0.000   0.101   0.220   0.357   0.510   0.678   0.860   1.050   1.249   1.452   1.659   1.868   2.078   2.288   2.495   2.697   2.894   3.077   3.249   3.406   3.546   3.670   3.782   3.880   3.970   4.052   4.128   4.202   4.274   4.343
   4.275  -0.391  -0.389  -0.385  -0.381  -0.375  -0.369  -0.362  -0.354  -0.344  -0.331  -0.313  -0.289  -0.256  -0.213  -0.160  -0.094  -0.012   0.086   0.202   0.336   0.486   0.652   0.832   1.021   1.219   1.423   1.631   1.842   2.053   2.266   2.477   2.687   2.892   3.087   3.273   3.445   3.601   3.743   3.870   3.981   4.083   4.175   4.259   4.340   4.417   4.490
   4.300  -0.391  -0.389  -0.385  -0.380  -0.374  -0.367  -0.359  -0.350  -0.339  -0.327  -0.309  -0.285  -0.255  -0.213  -0.162  -0.097  -0.018   0.077   0.190   0.321   0.468   0.632   0.811   0.999   1.198   1.402   1.610   1.822   2.035   2.250   2.464   2.678   2.890   3.094   3.291   3.476   3.647   3.804   3.946   4.071   4.185   4.288   4.381   4.468   4.550   4.626
   4.325  -0.391  -0.389  -0.385  -0.380  -0.374  -0.366  -0.357  -0.347  -0.334  -0.321  -0.303  -0.279  -0.250  -0.210  -0.160  -0.097  -0.019   0.072   0.183   0.312   0.457   0.620   0.797   0.985   1.183   1.388   1.596   1.809   2.024   2.241   2.458   2.676   2.891   3.101   3.307   3.503   3.686   3.857   4.012   4.151   4.277   4.390   4.492   4.585   4.670   4.746
   4.350  -0.391  -0.389  -0.385  -0.380  -0.373  -0.365  -0.355  -0.344  -0.330  -0.315  -0.295  -0.271  -0.242  -0.203  -0.156  -0.095  -0.020   0.071   0.180   0.308   0.453   0.615   0.792   0.979   1.177   1.382   1.591   1.805   2.020   2.238   2.456   2.676   2.895   3.110   3.324   3.528   3.722   3.904   4.071   4.223   4.361   4.485   4.596   4.695   4.783   4.859
   4.375  -0.391  -0.389  -0.386  -0.381  -0.374  -0.366  -0.355  -0.342  -0.326  -0.309  -0.288  -0.263  -0.233  -0.193  -0.147  -0.088  -0.014   0.075   0.184   0.311   0.456   0.617   0.794   0.981   1.180   1.385   1.594   1.808   2.023   2.242   2.461   2.682   2.904   3.124   3.343   3.554   3.756   3.949   4.127   4.290   4.441   4.577   4.699   4.807   4.900   4.978
   4.400  -0.392  -0.390  -0.386  -0.381  -0.375  -0.367  -0.355  -0.341  -0.324  -0.305  -0.281  -0.254  -0.222  -0.182  -0.135  -0.075  -0.002   0.086   0.193   0.320   0.463   0.624   0.801   0.988   1.187   1.392   1.602   1.817   2.034   2.253   2.474   2.697   2.920   3.142   3.365   3.581   3.790   3.991   4.178   4.352   4.513   4.659   4.791   4.907   5.007   5.092
   4.425  -0.393  -0.391  -0.388  -0.383  -0.377  -0.369  -0.357  -0.342  -0.324  -0.302  -0.276  -0.246  -0.212  -0.170  -0.121  -0.061   0.013   0.101   0.208   0.334   0.477   0.638   0.815   1.002   1.201   1.407   1.618   1.833   2.050   2.270   2.492   2.716   2.940   3.165   3.390   3.610   3.825   4.033   4.227   4.409   4.576   4.724   4.857   4.981   5.095   5.198
   4.450  -0.394  -0.392  -0.389  -0.385  -0.379  -0.371  -0.359  -0.344  -0.325  -0.301  -0.273  -0.241  -0.204  -0.159  -0.108  -0.045   0.030   0.119   0.227   0.354   0.497   0.658   0.836   1.023   1.223   1.429   1.639   1.855   2.072   2.293   2.515   2.739   2.965   3.191   3.418   3.641   3.860   4.073   4.272   4.460   4.632   4.781   4.914   5.044   5.168   5.286
   4.475  -0.394  -0.393  -0.390  -0.386  -0.381  -0.373  -0.362  -0.347  -0.327  -0.303  -0.274  -0.239  -0.198  -0.150  -0.096  -0.030   0.048   0.139   0.248   0.376   0.521   0.683   0.861   1.049   1.248   1.455   1.665   1.881   2.098   2.319   2.542   2.767   2.993   3.220   3.448   3.673   3.894   4.110   4.313   4.507   4.684   4.837   4.974   5.105   5.229   5.345
   4.500  -0.394  -0.393  -0.391  -0.387  -0.383  -0.376  -0.365  -0.351  -0.332  -0.307  -0.276  -0.238  -0.194  -0.142  -0.084  -0.015   0.066   0.159   0.272   0.402   0.549   0.713   0.891   1.079   1.279   1.485   1.696   1.911   2.129   2.350   2.573   2.798   3.024   3.251   3.479   3.705   3.927   4.144   4.350   4.549   4.731   4.891   5.034   5.163   5.278   5.378

