low temperature opacities from Ferguson, Alexander, et al (2005) with gs98 metals
    form     version        X           Z          logRs    logR_min    logR_max       logTs    logT_min    logT_max
       1          38    0.900000    0.040000          46   -8.000000    1.000000         105    2.700000    4.500000

   logT                       logR = logRho - 3*logT + 18
          -8.000  -7.800  -7.600  -7.400  -7.200  -7.000  -6.800  -6.600  -6.400  -6.200  -6.000  -5.800  -5.600  -5.400  -5.200  -5.000  -4.800  -4.600  -4.400  -4.200  -4.000  -3.800  -3.600  -3.400  -3.200  -3.000  -2.800  -2.600  -2.400  -2.200  -2.000  -1.800  -1.600  -1.400  -1.200  -1.000  -0.800  -0.600  -0.400  -0.200   0.000   0.200   0.400   0.600   0.800   1.000

   2.700   0.059   0.059   0.059   0.059   0.059   0.059   0.057   0.055   0.054   0.054   0.054   0.054   0.054   0.043  -0.013  -0.049  -0.013   0.043   0.054   0.054   0.054   0.054   0.054   0.054   0.054   0.054   0.054   0.054   0.054   0.055   0.056   0.059   0.065   0.069   0.073   0.078   0.084   0.091   0.096   0.100   0.103   0.107   0.110   0.114   0.117   0.121
   2.750   0.071   0.071   0.071   0.071   0.071   0.071   0.071   0.071   0.071   0.071   0.071   0.071   0.071   0.071   0.071   0.071   0.071   0.071   0.071   0.071   0.071   0.071   0.071   0.071   0.071   0.071   0.071   0.071   0.071   0.071   0.071   0.073   0.078   0.081   0.084   0.087   0.092   0.098   0.103   0.105   0.108   0.111   0.115   0.118   0.121   0.124
   2.800   0.096   0.098   0.099   0.101   0.102   0.103   0.104   0.104   0.104   0.105   0.105   0.105   0.105   0.105   0.105   0.105   0.105   0.105   0.105   0.105   0.105   0.105   0.106   0.106   0.106   0.106   0.106   0.106   0.106   0.106   0.106   0.105   0.103   0.103   0.105   0.108   0.111   0.114   0.117   0.118   0.120   0.122   0.125   0.127   0.130   0.133
   2.850   0.101   0.105   0.108   0.112   0.114   0.117   0.120   0.122   0.124   0.126   0.127   0.128   0.129   0.130   0.131   0.132   0.133   0.133   0.133   0.133   0.133   0.133   0.133   0.133   0.131   0.130   0.130   0.130   0.130   0.130   0.130   0.132   0.136   0.137   0.135   0.133   0.134   0.134   0.135   0.135   0.136   0.137   0.138   0.140   0.142   0.144
   2.900   0.139   0.141   0.143   0.143   0.144   0.144   0.144   0.144   0.147   0.161   0.172   0.175   0.177   0.177   0.177   0.177   0.177   0.178   0.178   0.178   0.178   0.178   0.177   0.177   0.176   0.176   0.176   0.176   0.176   0.176   0.176   0.172   0.165   0.161   0.158   0.157   0.155   0.154   0.153   0.153   0.152   0.152   0.153   0.153   0.154   0.156
   2.910   0.128   0.135   0.140   0.144   0.146   0.147   0.148   0.149   0.149   0.150   0.151   0.160   0.173   0.178   0.180   0.181   0.182   0.183   0.183   0.184   0.184   0.184   0.184   0.184   0.183   0.183   0.183   0.182   0.182   0.182   0.182   0.182   0.181   0.180   0.177   0.173   0.171   0.170   0.168   0.167   0.166   0.165   0.165   0.165   0.166   0.167
   2.920   0.085   0.106   0.123   0.135   0.143   0.147   0.150   0.151   0.153   0.153   0.154   0.155   0.157   0.161   0.173   0.182   0.184   0.185   0.185   0.186   0.186   0.186   0.186   0.186   0.186   0.186   0.186   0.186   0.186   0.185   0.185   0.185   0.185   0.185   0.184   0.182   0.181   0.179   0.178   0.177   0.176   0.175   0.174   0.174   0.175   0.175
   2.930  -0.015   0.032   0.070   0.099   0.119   0.133   0.143   0.150   0.154   0.156   0.158   0.159   0.160   0.161   0.162   0.164   0.173   0.184   0.188   0.188   0.189   0.190   0.190   0.190   0.190   0.190   0.190   0.189   0.189   0.189   0.189   0.189   0.189   0.189   0.187   0.186   0.185   0.184   0.183   0.183   0.182   0.181   0.181   0.181   0.181   0.181
   2.940  -0.228  -0.130  -0.050   0.012   0.055   0.087   0.113   0.131   0.144   0.153   0.158   0.161   0.163   0.165   0.165   0.166   0.168   0.171   0.170   0.168   0.166   0.175   0.190   0.193   0.194   0.194   0.194   0.194   0.194   0.194   0.193   0.191   0.188   0.187   0.187   0.187   0.186   0.186   0.186   0.186   0.186   0.186   0.185   0.185   0.186   0.186
   2.950  -0.352  -0.263  -0.185  -0.118  -0.063  -0.014   0.033   0.074   0.105   0.128   0.144   0.155   0.161   0.166   0.169   0.171   0.172   0.173   0.173   0.174   0.174   0.176   0.179   0.179   0.179   0.179   0.179   0.179   0.179   0.179   0.179   0.181   0.185   0.186   0.187   0.187   0.188   0.188   0.188   0.189   0.189   0.189   0.189   0.189   0.189   0.190
   2.960  -0.348  -0.348  -0.347  -0.330  -0.238  -0.143  -0.083  -0.032   0.016   0.061   0.098   0.125   0.143   0.158   0.166   0.172   0.175   0.177   0.179   0.180   0.181   0.183   0.184   0.185   0.186   0.186   0.186   0.186   0.186   0.186   0.186   0.186   0.186   0.187   0.188   0.190   0.191   0.191   0.191   0.192   0.192   0.193   0.193   0.193   0.194   0.194
   2.970  -0.353  -0.348  -0.343  -0.341  -0.340  -0.339  -0.310  -0.247  -0.173  -0.080   0.002   0.054   0.091   0.121   0.143   0.159   0.170   0.177   0.182   0.185   0.187   0.188   0.189   0.190   0.192   0.193   0.194   0.194   0.194   0.194   0.194   0.194   0.194   0.194   0.195   0.195   0.196   0.196   0.197   0.197   0.198   0.198   0.198   0.199   0.199   0.199
   2.980  -0.389  -0.370  -0.356  -0.345  -0.340  -0.336  -0.334  -0.332  -0.313  -0.217  -0.118  -0.057  -0.007   0.040   0.083   0.119   0.145   0.163   0.176   0.183   0.188   0.192   0.194   0.196   0.196   0.197   0.199   0.200   0.201   0.202   0.202   0.202   0.203   0.203   0.203   0.203   0.203   0.203   0.204   0.204   0.204   0.205   0.205   0.205   0.205   0.205
   2.990  -0.594  -0.500  -0.429  -0.384  -0.362  -0.348  -0.338  -0.332  -0.328  -0.326  -0.323  -0.260  -0.146  -0.068  -0.013   0.034   0.079   0.117   0.146   0.166   0.180   0.190   0.196   0.200   0.202   0.204   0.205   0.206   0.206   0.207   0.207   0.209   0.211   0.211   0.211   0.211   0.211   0.211   0.212   0.212   0.212   0.212   0.213   0.213   0.213   0.213
   3.000  -1.268  -0.982  -0.753  -0.586  -0.483  -0.417  -0.375  -0.354  -0.338  -0.329  -0.323  -0.320  -0.317  -0.294  -0.185  -0.075  -0.014   0.032   0.076   0.116   0.149   0.171   0.186   0.197   0.204   0.208   0.211   0.213   0.215   0.215   0.216   0.217   0.218   0.219   0.219   0.220   0.220   0.220   0.220   0.220   0.221   0.221   0.221   0.221   0.221   0.221
   3.010  -1.260  -1.261  -1.261  -1.218  -0.971  -0.722  -0.580  -0.477  -0.403  -0.363  -0.341  -0.327  -0.319  -0.313  -0.311  -0.306  -0.234  -0.106  -0.021   0.034   0.079   0.119   0.152   0.176   0.193   0.205   0.213   0.217   0.221   0.223   0.224   0.225   0.226   0.226   0.227   0.228   0.228   0.228   0.229   0.229   0.230   0.230   0.230   0.230   0.230   0.231
   3.020  -1.390  -1.384  -1.365  -1.336  -1.298  -1.224  -1.092  -0.927  -0.763  -0.586  -0.453  -0.388  -0.355  -0.330  -0.317  -0.308  -0.303  -0.300  -0.272  -0.151  -0.032   0.034   0.081   0.122   0.155   0.181   0.200   0.212   0.221   0.226   0.229   0.231   0.232   0.234   0.235   0.236   0.236   0.237   0.238   0.238   0.239   0.239   0.239   0.240   0.240   0.240
   3.030  -1.370  -1.370  -1.369  -1.367  -1.356  -1.334  -1.299  -1.243  -1.155  -1.035  -0.894  -0.714  -0.530  -0.422  -0.370  -0.338  -0.316  -0.304  -0.295  -0.292  -0.286  -0.201  -0.054   0.039   0.090   0.129   0.164   0.190   0.210   0.222   0.230   0.235   0.238   0.241   0.242   0.243   0.245   0.246   0.246   0.247   0.248   0.248   0.249   0.249   0.250   0.250
   3.040  -1.341  -1.341  -1.340  -1.336  -1.316  -1.303  -1.306  -1.310  -1.305  -1.260  -1.189  -1.101  -0.989  -0.840  -0.645  -0.482  -0.395  -0.349  -0.317  -0.300  -0.289  -0.283  -0.279  -0.246  -0.100   0.039   0.103   0.141   0.175   0.200   0.219   0.231   0.238   0.244   0.247   0.249   0.252   0.253   0.255   0.256   0.257   0.258   0.258   0.259   0.260   0.260
   3.050  -1.166  -1.221  -1.266  -1.303  -1.332  -1.345  -1.321  -1.284  -1.278  -1.286  -1.291  -1.248  -1.181  -1.167  -1.167  -1.166  -0.960  -0.604  -0.434  -0.364  -0.324  -0.298  -0.285  -0.274  -0.270  -0.263  -0.158   0.019   0.117   0.159   0.187   0.211   0.226   0.238   0.245   0.250   0.255   0.259   0.262   0.264   0.265   0.267   0.268   0.269   0.270   0.270
   3.060  -1.123  -1.125  -1.131  -1.148  -1.198  -1.248  -1.287  -1.317  -1.315  -1.275  -1.250  -1.258  -1.270  -1.258  -1.188  -1.142  -1.145  -1.150  -1.093  -0.772  -0.489  -0.388  -0.336  -0.301  -0.288  -0.266  -0.182  -0.064   0.020   0.076   0.122   0.161   0.192   0.215   0.231   0.242   0.252   0.259   0.264   0.269   0.272   0.274   0.277   0.278   0.280   0.281
   3.070  -1.115  -1.109  -1.106  -1.105  -1.106  -1.108  -1.128  -1.164  -1.192  -1.219  -1.231  -1.230  -1.225  -1.218  -1.207  -1.193  -1.170  -1.148  -1.145  -1.152  -1.157  -0.951  -0.592  -0.418  -0.345  -0.303  -0.281  -0.268  -0.217  -0.090   0.028   0.092   0.133   0.169   0.197   0.219   0.236   0.249   0.259   0.268   0.274   0.279   0.283   0.286   0.289   0.291
   3.080  -1.094  -1.094  -1.093  -1.092  -1.089  -1.086  -1.082  -1.078  -1.082  -1.111  -1.141  -1.158  -1.170  -1.180  -1.186  -1.189  -1.180  -1.162  -1.148  -1.139  -1.121  -1.066  -0.964  -0.823  -0.629  -0.462  -0.365  -0.306  -0.272  -0.260  -0.239  -0.131   0.025   0.108   0.144   0.169   0.197   0.221   0.241   0.256   0.269   0.279   0.285   0.291   0.296   0.299
   3.090  -1.080  -1.077  -1.075  -1.073  -1.072  -1.071  -1.070  -1.068  -1.063  -1.057  -1.053  -1.064  -1.089  -1.120  -1.161  -1.183  -1.175  -1.161  -1.151  -1.146  -1.137  -1.120  -1.101  -1.088  -1.084  -1.075  -0.876  -0.542  -0.382  -0.324  -0.271  -0.187  -0.099  -0.026   0.035   0.087   0.130   0.167   0.199   0.228   0.251   0.268   0.280   0.291   0.299   0.305
   3.100  -1.090  -1.078  -1.068  -1.061  -1.056  -1.053  -1.051  -1.050  -1.048  -1.046  -1.044  -1.042  -1.040  -1.041  -1.050  -1.067  -1.104  -1.144  -1.148  -1.129  -1.110  -1.099  -1.090  -1.081  -1.070  -1.065  -1.069  -1.074  -1.017  -0.693  -0.401  -0.296  -0.240  -0.174  -0.104  -0.039   0.021   0.076   0.127   0.174   0.213   0.242   0.263   0.281   0.296   0.306
   3.110  -1.185  -1.142  -1.107  -1.080  -1.063  -1.050  -1.041  -1.035  -1.031  -1.029  -1.027  -1.025  -1.023  -1.020  -1.015  -1.013  -1.017  -1.031  -1.058  -1.108  -1.136  -1.119  -1.087  -1.069  -1.061  -1.055  -1.050  -1.044  -1.015  -0.900  -0.763  -0.630  -0.494  -0.381  -0.289  -0.205  -0.125  -0.052   0.019   0.087   0.147   0.192   0.227   0.257   0.281   0.299
   3.120  -1.641  -1.454  -1.307  -1.203  -1.146  -1.106  -1.072  -1.048  -1.031  -1.021  -1.014  -1.009  -1.006  -1.004  -1.002  -1.000  -0.995  -0.989  -0.989  -0.997  -1.012  -1.042  -1.073  -1.075  -1.059  -1.042  -1.032  -1.025  -1.018  -1.013  -1.004  -0.909  -0.738  -0.607  -0.503  -0.405  -0.308  -0.215  -0.124  -0.035   0.044   0.109   0.163   0.210   0.248   0.278
   3.130  -2.256  -2.244  -2.209  -2.093  -1.697  -1.355  -1.227  -1.161  -1.103  -1.062  -1.034  -1.013  -1.001  -0.992  -0.987  -0.983  -0.980  -0.978  -0.974  -0.968  -0.965  -0.968  -0.976  -0.994  -1.032  -1.054  -1.039  -1.014  -1.003  -1.000  -0.995  -0.964  -0.901  -0.820  -0.715  -0.605  -0.500  -0.395  -0.292  -0.190  -0.095  -0.010   0.067   0.134   0.191   0.238
   3.140  -2.366  -2.270  -2.198  -2.157  -2.137  -2.124  -2.116  -2.112  -2.013  -1.530  -1.164  -1.089  -1.050  -1.017  -0.995  -0.980  -0.969  -0.963  -0.959  -0.956  -0.954  -0.950  -0.947  -0.947  -0.952  -0.959  -0.971  -0.983  -0.984  -0.980  -0.973  -0.967  -0.958  -0.932  -0.859  -0.768  -0.673  -0.568  -0.465  -0.362  -0.260  -0.160  -0.063   0.024   0.103   0.173
   3.150  -2.659  -2.461  -2.306  -2.197  -2.137  -2.103  -2.081  -2.070  -2.061  -2.058  -2.052  -1.806  -1.384  -1.175  -1.088  -1.034  -0.994  -0.974  -0.957  -0.946  -0.939  -0.935  -0.933  -0.928  -0.921  -0.917  -0.921  -0.930  -0.942  -0.962  -0.972  -0.964  -0.946  -0.924  -0.901  -0.861  -0.793  -0.707  -0.619  -0.527  -0.429  -0.324  -0.216  -0.114  -0.017   0.077
   3.160  -3.093  -2.800  -2.558  -2.368  -2.232  -2.137  -2.079  -2.049  -2.028  -2.017  -2.010  -2.006  -2.004  -1.945  -1.639  -1.338  -1.182  -1.081  -1.011  -0.974  -0.951  -0.933  -0.922  -0.914  -0.911  -0.907  -0.900  -0.893  -0.893  -0.901  -0.907  -0.908  -0.908  -0.908  -0.901  -0.888  -0.853  -0.796  -0.732  -0.660  -0.578  -0.481  -0.376  -0.269  -0.159  -0.046
   3.170  -3.576  -3.252  -2.961  -2.702  -2.471  -2.286  -2.160  -2.078  -2.024  -1.995  -1.978  -1.967  -1.961  -1.957  -1.953  -1.951  -1.949  -1.948  -1.860  -1.398  -1.051  -0.986  -0.952  -0.925  -0.909  -0.898  -0.890  -0.885  -0.881  -0.878  -0.876  -0.876  -0.876  -0.876  -0.876  -0.877  -0.865  -0.834  -0.796  -0.748  -0.687  -0.610  -0.520  -0.420  -0.310  -0.189
   3.180  -4.032  -3.725  -3.426  -3.132  -2.837  -2.577  -2.368  -2.202  -2.083  -2.015  -1.972  -1.944  -1.930  -1.919  -1.914  -1.910  -1.907  -1.905  -1.903  -1.902  -1.901  -1.628  -1.178  -1.013  -0.961  -0.927  -0.900  -0.884  -0.871  -0.864  -0.859  -0.856  -0.854  -0.854  -0.855  -0.856  -0.852  -0.839  -0.819  -0.793  -0.754  -0.700  -0.632  -0.548  -0.450  -0.336
   3.190  -4.408  -4.150  -3.878  -3.589  -3.277  -2.979  -2.706  -2.458  -2.265  -2.123  -2.019  -1.953  -1.919  -1.895  -1.882  -1.874  -1.868  -1.865  -1.863  -1.861  -1.860  -1.859  -1.858  -1.790  -1.423  -1.104  -0.994  -0.936  -0.894  -0.870  -0.856  -0.845  -0.839  -0.839  -0.840  -0.841  -0.838  -0.831  -0.820  -0.808  -0.786  -0.752  -0.706  -0.643  -0.564  -0.470
   3.200  -4.671  -4.484  -4.266  -4.013  -3.720  -3.420  -3.118  -2.822  -2.565  -2.340  -2.159  -2.036  -1.956  -1.900  -1.869  -1.851  -1.838  -1.831  -1.825  -1.822  -1.820  -1.818  -1.817  -1.817  -1.816  -1.815  -1.602  -1.227  -1.032  -0.946  -0.900  -0.871  -0.856  -0.852  -0.850  -0.848  -0.840  -0.830  -0.821  -0.815  -0.804  -0.783  -0.750  -0.705  -0.648  -0.578
   3.210  -4.819  -4.710  -4.557  -4.359  -4.112  -3.841  -3.547  -3.240  -2.950  -2.670  -2.424  -2.228  -2.072  -1.958  -1.891  -1.848  -1.821  -1.807  -1.796  -1.789  -1.785  -1.782  -1.781  -1.779  -1.778  -1.777  -1.777  -1.776  -1.711  -1.360  -1.091  -1.037  -1.009  -0.975  -0.940  -0.909  -0.881  -0.857  -0.844  -0.840  -0.832  -0.811  -0.781  -0.746  -0.705  -0.658
   3.220  -4.876  -4.828  -4.737  -4.602  -4.422  -4.205  -3.945  -3.654  -3.362  -3.059  -2.774  -2.515  -2.283  -2.106  -1.981  -1.890  -1.832  -1.800  -1.777  -1.764  -1.756  -1.750  -1.746  -1.744  -1.742  -1.741  -1.740  -1.739  -1.739  -1.738  -1.738  -1.610  -1.374  -1.220  -1.123  -1.047  -0.981  -0.932  -0.910  -0.903  -0.891  -0.859  -0.818  -0.782  -0.749  -0.718
   3.230  -4.878  -4.863  -4.817  -4.740  -4.630  -4.477  -4.271  -4.025  -3.757  -3.459  -3.163  -2.874  -2.597  -2.362  -2.163  -2.005  -1.897  -1.827  -1.778  -1.752  -1.736  -1.724  -1.718  -1.712  -1.709  -1.707  -1.705  -1.704  -1.704  -1.703  -1.703  -1.668  -1.588  -1.490  -1.364  -1.244  -1.144  -1.063  -1.023  -1.011  -0.990  -0.938  -0.877  -0.831  -0.797  -0.772
   3.240  -4.863  -4.856  -4.834  -4.798  -4.741  -4.646  -4.505  -4.323  -4.100  -3.832  -3.548  -3.256  -2.959  -2.686  -2.427  -2.206  -2.038  -1.912  -1.820  -1.766  -1.732  -1.708  -1.696  -1.686  -1.681  -1.677  -1.674  -1.673  -1.671  -1.670  -1.669  -1.669  -1.669  -1.652  -1.549  -1.432  -1.326  -1.227  -1.171  -1.152  -1.122  -1.050  -0.965  -0.904  -0.862  -0.834
   3.250  -4.852  -4.846  -4.830  -4.808  -4.781  -4.729  -4.646  -4.529  -4.363  -4.146  -3.900  -3.625  -3.330  -3.043  -2.756  -2.495  -2.269  -2.076  -1.929  -1.829  -1.757  -1.711  -1.687  -1.668  -1.658  -1.651  -1.646  -1.643  -1.641  -1.639  -1.638  -1.637  -1.637  -1.632  -1.602  -1.551  -1.471  -1.379  -1.322  -1.299  -1.262  -1.177  -1.076  -1.003  -0.951  -0.915
   3.260  -4.854  -4.841  -4.824  -4.806  -4.789  -4.758  -4.712  -4.646  -4.535  -4.383  -4.192  -3.953  -3.680  -3.402  -3.109  -2.826  -2.559  -2.312  -2.111  -1.952  -1.830  -1.749  -1.701  -1.664  -1.644  -1.631  -1.621  -1.616  -1.612  -1.610  -1.608  -1.607  -1.606  -1.604  -1.598  -1.587  -1.546  -1.483  -1.442  -1.421  -1.381  -1.296  -1.195  -1.118  -1.059  -1.015
   3.270  -4.861  -4.846  -4.829  -4.811  -4.792  -4.767  -4.738  -4.698  -4.629  -4.535  -4.401  -4.214  -3.987  -3.735  -3.452  -3.166  -2.883  -2.607  -2.365  -2.150  -1.972  -1.843  -1.751  -1.684  -1.646  -1.622  -1.605  -1.596  -1.588  -1.583  -1.580  -1.578  -1.577  -1.576  -1.575  -1.574  -1.559  -1.529  -1.507  -1.491  -1.460  -1.391  -1.302  -1.231  -1.173  -1.124
   3.280  -4.860  -4.850  -4.837  -4.820  -4.801  -4.777  -4.753  -4.723  -4.676  -4.619  -4.529  -4.398  -4.231  -4.022  -3.766  -3.494  -3.214  -2.928  -2.660  -2.403  -2.178  -1.996  -1.849  -1.742  -1.675  -1.630  -1.599  -1.582  -1.569  -1.561  -1.556  -1.552  -1.549  -1.548  -1.547  -1.545  -1.540  -1.532  -1.523  -1.514  -1.495  -1.449  -1.382  -1.326  -1.276  -1.230
   3.290  -4.841  -4.840  -4.836  -4.828  -4.812  -4.791  -4.769  -4.741  -4.706  -4.664  -4.602  -4.515  -4.401  -4.239  -4.030  -3.793  -3.528  -3.245  -2.968  -2.691  -2.436  -2.211  -2.014  -1.860  -1.749  -1.667  -1.613  -1.582  -1.558  -1.544  -1.535  -1.528  -1.525  -1.522  -1.520  -1.518  -1.516  -1.513  -1.510  -1.505  -1.497  -1.470  -1.429  -1.392  -1.355  -1.319
   3.300  -4.798  -4.813  -4.820  -4.820  -4.814  -4.801  -4.783  -4.759  -4.730  -4.696  -4.648  -4.587  -4.507  -4.389  -4.234  -4.044  -3.808  -3.542  -3.273  -2.992  -2.722  -2.467  -2.229  -2.031  -1.869  -1.742  -1.655  -1.600  -1.559  -1.536  -1.521  -1.510  -1.503  -1.498  -1.494  -1.491  -1.489  -1.487  -1.485  -1.483  -1.479  -1.467  -1.448  -1.429  -1.409  -1.388
   3.310  -4.731  -4.760  -4.780  -4.790  -4.794  -4.796  -4.789  -4.772  -4.749  -4.722  -4.684  -4.637  -4.576  -4.488  -4.379  -4.233  -4.038  -3.808  -3.560  -3.285  -3.010  -2.740  -2.479  -2.248  -2.043  -1.872  -1.745  -1.653  -1.584  -1.543  -1.515  -1.495  -1.485  -1.476  -1.470  -1.466  -1.463  -1.460  -1.458  -1.456  -1.454  -1.452  -1.450  -1.448  -1.446  -1.444
   3.320  -4.646  -4.684  -4.715  -4.740  -4.761  -4.770  -4.769  -4.767  -4.761  -4.741  -4.711  -4.675  -4.627  -4.561  -4.478  -4.366  -4.215  -4.032  -3.813  -3.556  -3.288  -3.018  -2.747  -2.495  -2.257  -2.048  -1.877  -1.740  -1.636  -1.570  -1.523  -1.491  -1.474  -1.459  -1.450  -1.444  -1.439  -1.435  -1.431  -1.429  -1.427  -1.425  -1.423  -1.421  -1.419  -1.416
   3.330  -4.551  -4.594  -4.633  -4.668  -4.698  -4.722  -4.739  -4.748  -4.748  -4.740  -4.725  -4.702  -4.667  -4.616  -4.552  -4.464  -4.349  -4.205  -4.021  -3.796  -3.550  -3.287  -3.013  -2.750  -2.492  -2.257  -2.050  -1.871  -1.730  -1.630  -1.555  -1.504  -1.473  -1.449  -1.435  -1.425  -1.417  -1.412  -1.408  -1.404  -1.401  -1.398  -1.395  -1.393  -1.390  -1.388
   3.340  -4.452  -4.498  -4.541  -4.581  -4.619  -4.653  -4.682  -4.705  -4.715  -4.719  -4.721  -4.712  -4.689  -4.653  -4.607  -4.540  -4.451  -4.337  -4.186  -3.999  -3.784  -3.537  -3.268  -3.004  -2.739  -2.487  -2.254  -2.042  -1.866  -1.725  -1.614  -1.536  -1.486  -1.447  -1.425  -1.410  -1.398  -1.391  -1.385  -1.380  -1.376  -1.373  -1.370  -1.366  -1.363  -1.360
   3.350  -4.357  -4.401  -4.445  -4.487  -4.530  -4.570  -4.606  -4.639  -4.664  -4.685  -4.694  -4.692  -4.686  -4.673  -4.644  -4.595  -4.528  -4.439  -4.318  -4.166  -3.983  -3.760  -3.510  -3.254  -2.984  -2.722  -2.473  -2.238  -2.032  -1.851  -1.703  -1.596  -1.520  -1.463  -1.427  -1.402  -1.384  -1.373  -1.363  -1.356  -1.351  -1.346  -1.343  -1.339  -1.335  -1.332
   3.360  -4.270  -4.310  -4.351  -4.393  -4.437  -4.480  -4.521  -4.560  -4.593  -4.623  -4.646  -4.660  -4.667  -4.666  -4.652  -4.624  -4.581  -4.517  -4.423  -4.301  -4.147  -3.954  -3.730  -3.488  -3.221  -2.955  -2.697  -2.446  -2.219  -2.011  -1.833  -1.692  -1.581  -1.497  -1.442  -1.403  -1.375  -1.357  -1.343  -1.334  -1.327  -1.321  -1.316  -1.312  -1.307  -1.303
   3.370  -4.193  -4.228  -4.265  -4.304  -4.345  -4.387  -4.430  -4.472  -4.511  -4.549  -4.581  -4.609  -4.629  -4.632  -4.630  -4.627  -4.610  -4.566  -4.498  -4.407  -4.283  -4.120  -3.925  -3.702  -3.447  -3.185  -2.923  -2.662  -2.419  -2.190  -1.986  -1.812  -1.666  -1.553  -1.474  -1.415  -1.374  -1.349  -1.328  -1.315  -1.305  -1.296  -1.289  -1.283  -1.277  -1.273
   3.380  -4.126  -4.156  -4.188  -4.223  -4.260  -4.299  -4.340  -4.382  -4.424  -4.465  -4.503  -4.537  -4.565  -4.587  -4.601  -4.606  -4.599  -4.578  -4.543  -4.481  -4.386  -4.255  -4.091  -3.893  -3.658  -3.408  -3.146  -2.876  -2.622  -2.378  -2.154  -1.954  -1.778  -1.637  -1.530  -1.447  -1.388  -1.349  -1.318  -1.298  -1.283  -1.271  -1.263  -1.255  -1.248  -1.242
   3.390  -4.067  -4.092  -4.120  -4.150  -4.183  -4.218  -4.256  -4.296  -4.336  -4.378  -4.418  -4.456  -4.492  -4.523  -4.551  -4.564  -4.563  -4.561  -4.554  -4.520  -4.453  -4.356  -4.227  -4.058  -3.849  -3.616  -3.360  -3.090  -2.829  -2.572  -2.331  -2.111  -1.913  -1.745  -1.607  -1.496  -1.415  -1.358  -1.314  -1.286  -1.265  -1.248  -1.236  -1.226  -1.217  -1.210
   3.400  -4.016  -4.038  -4.061  -4.087  -4.115  -4.146  -4.179  -4.215  -4.252  -4.292  -4.332  -4.372  -4.411  -4.446  -4.478  -4.504  -4.521  -4.531  -4.530  -4.513  -4.479  -4.420  -4.324  -4.189  -4.011  -3.803  -3.563  -3.299  -3.037  -2.769  -2.513  -2.277  -2.059  -1.868  -1.701  -1.562  -1.458  -1.380  -1.320  -1.280  -1.250  -1.227  -1.210  -1.196  -1.184  -1.176
   3.410  -3.975  -3.991  -4.010  -4.031  -4.055  -4.082  -4.110  -4.141  -4.174  -4.210  -4.248  -4.287  -4.326  -4.364  -4.400  -4.432  -4.460  -4.481  -4.483  -4.479  -4.471  -4.442  -4.377  -4.275  -4.137  -3.962  -3.745  -3.497  -3.240  -2.967  -2.701  -2.449  -2.211  -2.000  -1.812  -1.651  -1.521  -1.418  -1.338  -1.282  -1.240  -1.208  -1.185  -1.166  -1.150  -1.140
   3.420  -3.945  -3.955  -3.967  -3.983  -4.003  -4.025  -4.049  -4.076  -4.105  -4.136  -4.170  -4.206  -4.243  -4.281  -4.318  -4.353  -4.386  -4.413  -4.426  -4.434  -4.436  -4.423  -4.384  -4.318  -4.218  -4.079  -3.894  -3.672  -3.430  -3.161  -2.891  -2.628  -2.372  -2.142  -1.934  -1.751  -1.597  -1.469  -1.366  -1.292  -1.234  -1.191  -1.162  -1.137  -1.116  -1.102
   3.430  -3.925  -3.928  -3.935  -3.946  -3.959  -3.976  -3.996  -4.018  -4.043  -4.070  -4.099  -4.131  -4.165  -4.199  -4.235  -4.270  -4.303  -4.334  -4.357  -4.373  -4.380  -4.373  -4.353  -4.317  -4.251  -4.147  -3.999  -3.813  -3.595  -3.341  -3.076  -2.808  -2.539  -2.292  -2.063  -1.858  -1.681  -1.530  -1.407  -1.313  -1.239  -1.183  -1.143  -1.108  -1.082  -1.063
   3.440  -3.915  -3.915  -3.916  -3.919  -3.926  -3.937  -3.951  -3.968  -3.988  -4.011  -4.036  -4.063  -4.093  -4.124  -4.157  -4.189  -4.221  -4.252  -4.277  -4.300  -4.310  -4.307  -4.299  -4.283  -4.240  -4.163  -4.052  -3.906  -3.720  -3.492  -3.245  -2.982  -2.709  -2.450  -2.200  -1.973  -1.776  -1.605  -1.461  -1.345  -1.251  -1.179  -1.125  -1.081  -1.046  -1.023
   3.450  -3.911  -3.906  -3.903  -3.903  -3.905  -3.909  -3.916  -3.927  -3.942  -3.960  -3.980  -4.003  -4.028  -4.055  -4.083  -4.112  -4.142  -4.170  -4.196  -4.220  -4.231  -4.230  -4.228  -4.222  -4.192  -4.136  -4.056  -3.947  -3.796  -3.603  -3.383  -3.136  -2.869  -2.608  -2.345  -2.100  -1.882  -1.687  -1.521  -1.383  -1.269  -1.180  -1.112  -1.056  -1.013  -0.983
   3.460  -3.909  -3.903  -3.899  -3.895  -3.892  -3.891  -3.892  -3.897  -3.904  -3.917  -3.932  -3.950  -3.970  -3.992  -4.016  -4.041  -4.066  -4.091  -4.113  -4.136  -4.147  -4.147  -4.147  -4.144  -4.121  -4.077  -4.018  -3.936  -3.816  -3.661  -3.475  -3.254  -3.006  -2.753  -2.488  -2.233  -1.996  -1.776  -1.588  -1.429  -1.296  -1.190  -1.106  -1.037  -0.982  -0.943
   3.470  -3.908  -3.903  -3.898  -3.892  -3.887  -3.883  -3.880  -3.878  -3.879  -3.883  -3.892  -3.904  -3.920  -3.937  -3.956  -3.976  -3.997  -4.018  -4.036  -4.055  -4.063  -4.063  -4.062  -4.057  -4.036  -3.998  -3.950  -3.884  -3.789  -3.666  -3.513  -3.324  -3.107  -2.873  -2.617  -2.362  -2.115  -1.877  -1.669  -1.487  -1.332  -1.206  -1.104  -1.020  -0.952  -0.904
   3.480  -3.903  -3.900  -3.896  -3.891  -3.885  -3.879  -3.873  -3.867  -3.865  -3.864  -3.864  -3.868  -3.878  -3.889  -3.903  -3.918  -3.934  -3.950  -3.964  -3.976  -3.981  -3.979  -3.975  -3.965  -3.942  -3.907  -3.863  -3.804  -3.724  -3.625  -3.499  -3.342  -3.159  -2.952  -2.717  -2.475  -2.228  -1.981  -1.759  -1.555  -1.376  -1.229  -1.108  -1.007  -0.927  -0.868
   3.490  -3.893  -3.893  -3.891  -3.888  -3.884  -3.878  -3.871  -3.864  -3.858  -3.851  -3.848  -3.848  -3.849  -3.851  -3.859  -3.869  -3.879  -3.890  -3.897  -3.903  -3.905  -3.901  -3.891  -3.873  -3.848  -3.812  -3.767  -3.711  -3.638  -3.550  -3.442  -3.311  -3.158  -2.980  -2.776  -2.557  -2.322  -2.079  -1.850  -1.628  -1.429  -1.263  -1.122  -1.004  -0.908  -0.836
   3.500  -3.874  -3.880  -3.883  -3.883  -3.880  -3.876  -3.870  -3.864  -3.856  -3.848  -3.840  -3.833  -3.828  -3.827  -3.827  -3.828  -3.832  -3.837  -3.838  -3.837  -3.836  -3.828  -3.810  -3.785  -3.754  -3.714  -3.666  -3.608  -3.537  -3.455  -3.357  -3.243  -3.113  -2.961  -2.788  -2.596  -2.383  -2.155  -1.931  -1.703  -1.492  -1.307  -1.144  -1.007  -0.895  -0.808
   3.525  -3.752  -3.780  -3.804  -3.822  -3.833  -3.839  -3.843  -3.843  -3.840  -3.836  -3.829  -3.822  -3.818  -3.813  -3.808  -3.795  -3.780  -3.763  -3.738  -3.714  -3.691  -3.662  -3.626  -3.586  -3.540  -3.483  -3.420  -3.350  -3.272  -3.186  -3.093  -2.994  -2.887  -2.769  -2.643  -2.484  -2.310  -2.121  -1.918  -1.727  -1.558  -1.386  -1.206  -1.043  -0.901  -0.777
   3.550  -3.530  -3.582  -3.629  -3.671  -3.708  -3.740  -3.766  -3.786  -3.801  -3.810  -3.813  -3.812  -3.807  -3.800  -3.788  -3.771  -3.750  -3.725  -3.694  -3.658  -3.615  -3.565  -3.509  -3.445  -3.374  -3.297  -3.213  -3.123  -3.028  -2.928  -2.824  -2.718  -2.610  -2.499  -2.386  -2.268  -2.146  -2.017  -1.880  -1.734  -1.580  -1.414  -1.241  -1.073  -0.908  -0.745
   3.575  -3.196  -3.265  -3.331  -3.392  -3.455  -3.512  -3.564  -3.610  -3.650  -3.684  -3.711  -3.731  -3.746  -3.750  -3.746  -3.737  -3.722  -3.702  -3.682  -3.648  -3.602  -3.546  -3.476  -3.388  -3.289  -3.185  -3.075  -2.959  -2.842  -2.722  -2.603  -2.485  -2.367  -2.250  -2.134  -2.018  -1.901  -1.788  -1.680  -1.558  -1.419  -1.271  -1.120  -0.970  -0.822  -0.658
   3.600  -2.802  -2.884  -2.964  -3.041  -3.117  -3.189  -3.259  -3.325  -3.388  -3.447  -3.501  -3.550  -3.593  -3.630  -3.661  -3.675  -3.675  -3.674  -3.669  -3.639  -3.590  -3.527  -3.447  -3.351  -3.237  -3.114  -2.982  -2.843  -2.705  -2.565  -2.427  -2.291  -2.156  -2.024  -1.895  -1.767  -1.641  -1.517  -1.393  -1.271  -1.148  -1.024  -0.899  -0.773  -0.645  -0.516
   3.625  -2.394  -2.483  -2.570  -2.655  -2.739  -2.822  -2.902  -2.980  -3.056  -3.129  -3.199  -3.265  -3.326  -3.385  -3.442  -3.483  -3.511  -3.537  -3.552  -3.543  -3.515  -3.469  -3.394  -3.305  -3.196  -3.074  -2.940  -2.795  -2.646  -2.487  -2.329  -2.173  -2.018  -1.868  -1.723  -1.581  -1.442  -1.307  -1.175  -1.046  -0.919  -0.793  -0.669  -0.544  -0.421  -0.297
   3.650  -1.984  -2.075  -2.165  -2.254  -2.343  -2.430  -2.516  -2.601  -2.684  -2.766  -2.846  -2.923  -2.997  -3.068  -3.135  -3.196  -3.250  -3.296  -3.326  -3.343  -3.349  -3.333  -3.290  -3.224  -3.134  -3.024  -2.893  -2.746  -2.590  -2.423  -2.254  -2.085  -1.916  -1.751  -1.591  -1.434  -1.281  -1.132  -0.987  -0.845  -0.707  -0.571  -0.438  -0.308  -0.181  -0.057
   3.675  -1.595  -1.687  -1.779  -1.870  -1.961  -2.052  -2.142  -2.230  -2.318  -2.404  -2.489  -2.572  -2.652  -2.730  -2.804  -2.874  -2.938  -2.993  -3.034  -3.066  -3.080  -3.073  -3.052  -3.010  -2.941  -2.851  -2.741  -2.611  -2.474  -2.326  -2.172  -2.011  -1.845  -1.678  -1.509  -1.341  -1.175  -1.011  -0.851  -0.696  -0.544  -0.397  -0.253  -0.113   0.022   0.153
   3.700  -1.238  -1.327  -1.416  -1.506  -1.597  -1.687  -1.777  -1.867  -1.955  -2.043  -2.129  -2.214  -2.297  -2.377  -2.454  -2.526  -2.593  -2.652  -2.700  -2.739  -2.756  -2.751  -2.737  -2.711  -2.657  -2.586  -2.503  -2.406  -2.297  -2.177  -2.045  -1.902  -1.749  -1.589  -1.421  -1.251  -1.080  -0.908  -0.739  -0.573  -0.410  -0.251  -0.096   0.055   0.201   0.342
   3.725  -0.924  -1.003  -1.084  -1.168  -1.255  -1.343  -1.431  -1.520  -1.609  -1.697  -1.784  -1.869  -1.953  -2.034  -2.113  -2.186  -2.254  -2.314  -2.363  -2.404  -2.422  -2.418  -2.407  -2.385  -2.337  -2.274  -2.202  -2.117  -2.023  -1.919  -1.807  -1.685  -1.555  -1.417  -1.272  -1.120  -0.964  -0.803  -0.640  -0.473  -0.307  -0.141   0.024   0.185   0.341   0.495
   3.750  -0.674  -0.737  -0.805  -0.877  -0.954  -1.034  -1.116  -1.200  -1.284  -1.369  -1.453  -1.536  -1.618  -1.697  -1.774  -1.846  -1.911  -1.970  -2.016  -2.055  -2.071  -2.067  -2.056  -2.033  -1.988  -1.929  -1.862  -1.785  -1.701  -1.611  -1.514  -1.413  -1.306  -1.192  -1.072  -0.945  -0.810  -0.667  -0.517  -0.358  -0.195  -0.029   0.139   0.304   0.468   0.630
   3.775  -0.517  -0.554  -0.598  -0.650  -0.709  -0.772  -0.839  -0.910  -0.984  -1.061  -1.138  -1.216  -1.293  -1.367  -1.440  -1.507  -1.568  -1.622  -1.665  -1.700  -1.714  -1.711  -1.699  -1.678  -1.635  -1.581  -1.519  -1.448  -1.371  -1.288  -1.200  -1.109  -1.013  -0.912  -0.806  -0.694  -0.576  -0.451  -0.318  -0.178  -0.032   0.120   0.276   0.434   0.593   0.755
   3.800  -0.444  -0.456  -0.475  -0.500  -0.532  -0.571  -0.618  -0.671  -0.728  -0.791  -0.855  -0.921  -0.988  -1.052  -1.115  -1.174  -1.227  -1.274  -1.310  -1.338  -1.350  -1.346  -1.334  -1.312  -1.272  -1.222  -1.165  -1.099  -1.028  -0.951  -0.869  -0.784  -0.695  -0.602  -0.507  -0.407  -0.303  -0.194  -0.079   0.041   0.168   0.302   0.441   0.586   0.736   0.891
   3.825  -0.421  -0.421  -0.423  -0.429  -0.437  -0.452  -0.474  -0.501  -0.533  -0.574  -0.616  -0.660  -0.707  -0.754  -0.802  -0.846  -0.887  -0.922  -0.948  -0.967  -0.975  -0.972  -0.958  -0.935  -0.900  -0.855  -0.804  -0.745  -0.681  -0.611  -0.536  -0.459  -0.377  -0.292  -0.205  -0.113  -0.018   0.081   0.186   0.295   0.410   0.531   0.657   0.789   0.926   1.069
   3.850  -0.413  -0.409  -0.406  -0.404  -0.402  -0.401  -0.402  -0.404  -0.408  -0.418  -0.432  -0.450  -0.472  -0.495  -0.520  -0.544  -0.566  -0.585  -0.595  -0.601  -0.603  -0.596  -0.579  -0.555  -0.523  -0.484  -0.438  -0.386  -0.329  -0.266  -0.199  -0.129  -0.054   0.023   0.104   0.189   0.277   0.369   0.466   0.567   0.672   0.782   0.898   1.017   1.142   1.271
   3.875  -0.414  -0.410  -0.406  -0.400  -0.393  -0.384  -0.374  -0.362  -0.347  -0.332  -0.320  -0.310  -0.301  -0.295  -0.290  -0.283  -0.276  -0.270  -0.260  -0.249  -0.237  -0.221  -0.200  -0.173  -0.142  -0.107  -0.066  -0.020   0.030   0.085   0.143   0.205   0.271   0.341   0.414   0.491   0.572   0.656   0.745   0.838   0.935   1.038   1.145   1.256   1.371   1.491
   3.900  -0.417  -0.413  -0.407  -0.399  -0.390  -0.379  -0.365  -0.348  -0.327  -0.302  -0.272  -0.237  -0.199  -0.159  -0.117  -0.076  -0.037   0.000   0.035   0.068   0.100   0.131   0.162   0.194   0.228   0.263   0.301   0.342   0.387   0.434   0.485   0.540   0.598   0.659   0.724   0.793   0.866   0.944   1.025   1.111   1.201   1.296   1.397   1.500   1.608   1.720
   3.925  -0.420  -0.416  -0.410  -0.402  -0.394  -0.382  -0.368  -0.350  -0.327  -0.297  -0.259  -0.210  -0.153  -0.087  -0.014   0.057   0.129   0.201   0.266   0.330   0.390   0.443   0.491   0.536   0.577   0.617   0.657   0.697   0.738   0.781   0.825   0.873   0.923   0.977   1.034   1.095   1.160   1.229   1.303   1.381   1.463   1.551   1.644   1.741   1.842   1.947
   3.950  -0.422  -0.419  -0.413  -0.406  -0.398  -0.387  -0.373  -0.354  -0.328  -0.296  -0.254  -0.201  -0.138  -0.063   0.024   0.118   0.221   0.328   0.430   0.530   0.621   0.701   0.772   0.836   0.890   0.940   0.986   1.029   1.071   1.112   1.153   1.196   1.241   1.288   1.338   1.392   1.449   1.511   1.577   1.647   1.722   1.802   1.888   1.977   2.072   2.171
   3.975  -0.421  -0.418  -0.413  -0.408  -0.401  -0.391  -0.378  -0.360  -0.334  -0.302  -0.260  -0.207  -0.142  -0.065   0.027   0.135   0.257   0.389   0.523   0.658   0.779   0.888   0.986   1.070   1.147   1.214   1.273   1.325   1.373   1.417   1.459   1.501   1.543   1.587   1.632   1.680   1.731   1.785   1.844   1.908   1.976   2.049   2.127   2.209   2.296   2.388
   4.000  -0.419  -0.417  -0.413  -0.409  -0.403  -0.394  -0.382  -0.366  -0.342  -0.312  -0.271  -0.218  -0.152  -0.070   0.029   0.141   0.269   0.410   0.554   0.706   0.854   0.994   1.126   1.242   1.344   1.434   1.511   1.576   1.636   1.688   1.736   1.781   1.823   1.866   1.908   1.953   2.000   2.049   2.102   2.159   2.221   2.288   2.359   2.434   2.515   2.600
   4.025  -0.415  -0.413  -0.410  -0.406  -0.401  -0.393  -0.382  -0.368  -0.347  -0.320  -0.281  -0.229  -0.166  -0.084   0.015   0.128   0.258   0.401   0.550   0.706   0.870   1.034   1.196   1.345   1.479   1.592   1.688   1.771   1.848   1.913   1.972   2.024   2.071   2.117   2.160   2.204   2.250   2.296   2.346   2.399   2.455   2.517   2.582   2.652   2.727   2.806
   4.050  -0.409  -0.407  -0.405  -0.401  -0.397  -0.390  -0.381  -0.369  -0.349  -0.324  -0.288  -0.240  -0.180  -0.102  -0.007   0.105   0.235   0.381   0.536   0.705   0.876   1.048   1.219   1.381   1.535   1.676   1.801   1.912   2.010   2.093   2.166   2.230   2.286   2.339   2.387   2.433   2.479   2.525   2.573   2.624   2.677   2.735   2.796   2.861   2.931   3.004
   4.075  -0.403  -0.401  -0.399  -0.395  -0.391  -0.385  -0.377  -0.366  -0.348  -0.324  -0.291  -0.248  -0.191  -0.116  -0.026   0.082   0.209   0.352   0.508   0.680   0.853   1.028   1.205   1.375   1.537   1.703   1.858   2.002   2.123   2.224   2.314   2.395   2.464   2.527   2.583   2.635   2.684   2.732   2.781   2.831   2.884   2.939   2.997   3.058   3.123   3.192
   4.100  -0.396  -0.394  -0.392  -0.388  -0.384  -0.378  -0.370  -0.360  -0.343  -0.322  -0.292  -0.251  -0.198  -0.128  -0.043   0.060   0.182   0.320   0.472   0.638   0.812   0.991   1.175   1.357   1.538   1.712   1.878   2.034   2.176   2.306   2.421   2.520   2.606   2.683   2.750   2.811   2.867   2.919   2.971   3.023   3.076   3.130   3.186   3.245   3.307   3.372
   4.125  -0.388  -0.385  -0.382  -0.379  -0.375  -0.369  -0.362  -0.352  -0.337  -0.318  -0.290  -0.250  -0.200  -0.135  -0.054   0.043   0.160   0.292   0.439   0.601   0.772   0.951   1.136   1.321   1.511   1.690   1.864   2.030   2.189   2.348   2.492   2.609   2.713   2.808   2.888   2.961   3.027   3.086   3.143   3.198   3.253   3.307   3.363   3.421   3.482   3.544
   4.150  -0.384  -0.380  -0.375  -0.371  -0.366  -0.360  -0.353  -0.343  -0.328  -0.311  -0.284  -0.247  -0.200  -0.138  -0.062   0.031   0.141   0.268   0.410   0.567   0.735   0.912   1.097   1.280   1.464   1.648   1.833   2.017   2.193   2.362   2.519   2.661   2.789   2.903   3.000   3.087   3.164   3.233   3.298   3.357   3.415   3.472   3.529   3.588   3.648   3.710
   4.175  -0.385  -0.380  -0.374  -0.367  -0.360  -0.352  -0.343  -0.332  -0.317  -0.300  -0.275  -0.241  -0.197  -0.137  -0.065   0.022   0.129   0.252   0.390   0.544   0.709   0.883   1.065   1.246   1.422   1.602   1.792   1.987   2.175   2.353   2.520   2.687   2.839   2.969   3.086   3.190   3.281   3.362   3.436   3.502   3.565   3.626   3.685   3.746   3.808   3.870
   4.200  -0.386  -0.380  -0.374  -0.366  -0.358  -0.348  -0.337  -0.325  -0.309  -0.290  -0.265  -0.232  -0.190  -0.134  -0.066   0.019   0.122   0.241   0.376   0.528   0.691   0.866   1.048   1.220   1.384   1.556   1.748   1.948   2.143   2.335   2.520   2.696   2.863   3.013   3.149   3.271   3.378   3.472   3.557   3.632   3.702   3.769   3.833   3.897   3.961   4.025
   4.225  -0.388  -0.382  -0.376  -0.368  -0.360  -0.349  -0.338  -0.325  -0.307  -0.286  -0.259  -0.225  -0.183  -0.128  -0.063   0.019   0.117   0.232   0.366   0.518   0.682   0.862   1.047   1.213   1.359   1.517   1.708   1.912   2.112   2.311   2.506   2.691   2.871   3.040   3.193   3.333   3.456   3.565   3.664   3.750   3.829   3.903   3.972   4.041   4.109   4.175
   4.250  -0.389  -0.384  -0.378  -0.370  -0.361  -0.351  -0.339  -0.325  -0.306  -0.284  -0.256  -0.221  -0.178  -0.124  -0.060   0.019   0.114   0.226   0.358   0.511   0.676   0.858   1.045   1.206   1.338   1.485   1.673   1.880   2.083   2.285   2.485   2.682   2.874   3.053   3.223   3.379   3.519   3.644   3.756   3.855   3.945   4.028   4.104   4.178   4.250   4.319
   4.275  -0.389  -0.383  -0.377  -0.370  -0.362  -0.352  -0.340  -0.326  -0.308  -0.287  -0.259  -0.224  -0.180  -0.125  -0.061   0.018   0.111   0.221   0.351   0.503   0.666   0.843   1.026   1.182   1.313   1.460   1.647   1.855   2.059   2.264   2.468   2.670   2.871   3.061   3.243   3.413   3.568   3.709   3.836   3.948   4.050   4.143   4.227   4.308   4.385   4.457
   4.300  -0.388  -0.383  -0.376  -0.369  -0.362  -0.352  -0.341  -0.327  -0.310  -0.289  -0.262  -0.227  -0.184  -0.129  -0.064   0.015   0.107   0.215   0.343   0.494   0.654   0.821   0.992   1.148   1.289   1.445   1.634   1.839   2.044   2.250   2.457   2.663   2.867   3.065   3.258   3.440   3.608   3.764   3.906   4.032   4.146   4.249   4.342   4.429   4.511   4.587
   4.325  -0.388  -0.382  -0.376  -0.369  -0.361  -0.351  -0.339  -0.325  -0.308  -0.288  -0.262  -0.228  -0.188  -0.135  -0.072   0.006   0.099   0.207   0.335   0.485   0.641   0.794   0.946   1.104   1.265   1.438   1.631   1.833   2.038   2.245   2.454   2.663   2.869   3.072   3.272   3.464   3.644   3.813   3.967   4.106   4.232   4.346   4.447   4.541   4.626   4.702
   4.350  -0.387  -0.382  -0.376  -0.368  -0.360  -0.349  -0.336  -0.321  -0.304  -0.285  -0.260  -0.229  -0.190  -0.139  -0.077  -0.001   0.091   0.198   0.326   0.476   0.629   0.771   0.915   1.076   1.251   1.436   1.630   1.831   2.035   2.244   2.453   2.663   2.874   3.082   3.287   3.486   3.676   3.856   4.022   4.173   4.311   4.435   4.547   4.647   4.735   4.811
   4.375  -0.384  -0.380  -0.374  -0.367  -0.358  -0.348  -0.335  -0.319  -0.301  -0.281  -0.255  -0.224  -0.186  -0.137  -0.076  -0.002   0.086   0.191   0.316   0.465   0.618   0.762   0.914   1.077   1.256   1.443   1.637   1.838   2.042   2.250   2.460   2.672   2.886   3.097   3.307   3.511   3.708   3.898   4.074   4.236   4.386   4.522   4.645   4.753   4.847   4.926
   4.400  -0.381  -0.378  -0.372  -0.365  -0.357  -0.346  -0.333  -0.317  -0.298  -0.275  -0.248  -0.216  -0.179  -0.131  -0.073  -0.002   0.084   0.187   0.310   0.457   0.610   0.759   0.914   1.083   1.266   1.457   1.652   1.853   2.058   2.266   2.477   2.690   2.904   3.117   3.330   3.538   3.741   3.938   4.123   4.295   4.455   4.601   4.733   4.849   4.951   5.037
   4.425  -0.379  -0.375  -0.370  -0.363  -0.354  -0.343  -0.330  -0.314  -0.294  -0.271  -0.242  -0.209  -0.170  -0.122  -0.065   0.005   0.090   0.191   0.312   0.454   0.604   0.759   0.918   1.093   1.281   1.474   1.671   1.873   2.078   2.287   2.499   2.713   2.928   3.143   3.358   3.570   3.778   3.980   4.170   4.350   4.515   4.663   4.797   4.922   5.037   5.141
   4.450  -0.377  -0.372  -0.367  -0.359  -0.351  -0.340  -0.326  -0.310  -0.289  -0.265  -0.236  -0.201  -0.160  -0.110  -0.052   0.018   0.102   0.201   0.318   0.453   0.601   0.760   0.930   1.109   1.299   1.495   1.694   1.896   2.103   2.313   2.526   2.740   2.956   3.172   3.390   3.605   3.816   4.022   4.217   4.401   4.571   4.720   4.854   4.985   5.110   5.229
   4.475  -0.372  -0.368  -0.362  -0.355  -0.347  -0.337  -0.323  -0.306  -0.285  -0.259  -0.228  -0.192  -0.148  -0.097  -0.038   0.034   0.118   0.217   0.331   0.463   0.610   0.770   0.946   1.128   1.321   1.518   1.719   1.923   2.131   2.342   2.556   2.771   2.988   3.206   3.425   3.641   3.855   4.064   4.263   4.452   4.626   4.779   4.917   5.049   5.172   5.287
   4.500  -0.366  -0.362  -0.356  -0.350  -0.343  -0.333  -0.320  -0.303  -0.280  -0.253  -0.220  -0.181  -0.135  -0.081  -0.020   0.053   0.139   0.237   0.353   0.485   0.632   0.793   0.968   1.151   1.345   1.544   1.747   1.954   2.163   2.375   2.589   2.806   3.024   3.243   3.462   3.680   3.895   4.106   4.307   4.501   4.679   4.839   4.982   5.110   5.223   5.320

