low temperature opacities from Ferguson, Alexander, et al (2005) with gs98 metals
    form     version        X           Z          logRs    logR_min    logR_max       logTs    logT_min    logT_max
       1          38    0.500000    0.080000          46   -8.000000    1.000000         105    2.700000    4.500000

   logT                       logR = logRho - 3*logT + 18
          -8.000  -7.800  -7.600  -7.400  -7.200  -7.000  -6.800  -6.600  -6.400  -6.200  -6.000  -5.800  -5.600  -5.400  -5.200  -5.000  -4.800  -4.600  -4.400  -4.200  -4.000  -3.800  -3.600  -3.400  -3.200  -3.000  -2.800  -2.600  -2.400  -2.200  -2.000  -1.800  -1.600  -1.400  -1.200  -1.000  -0.800  -0.600  -0.400  -0.200   0.000   0.200   0.400   0.600   0.800   1.000

   2.700   0.520   0.520   0.520   0.520   0.521   0.521   0.515   0.505   0.503   0.506   0.510   0.515   0.520   0.519   0.511   0.505   0.504   0.503   0.503   0.504   0.504   0.504   0.503   0.505   0.514   0.520   0.514   0.504   0.502   0.502   0.503   0.555   0.633   0.635   0.562   0.514   0.556   0.620   0.621   0.564   0.527   0.562   0.617   0.623   0.593   0.533
   2.750   0.512   0.512   0.512   0.512   0.512   0.512   0.512   0.512   0.512   0.512   0.512   0.512   0.512   0.512   0.512   0.512   0.512   0.512   0.512   0.512   0.512   0.512   0.512   0.512   0.512   0.512   0.512   0.511   0.511   0.511   0.512   0.547   0.600   0.601   0.552   0.521   0.556   0.609   0.611   0.562   0.531   0.564   0.614   0.620   0.593   0.537
   2.800   0.540   0.540   0.539   0.538   0.536   0.535   0.536   0.537   0.537   0.535   0.534   0.533   0.533   0.533   0.534   0.534   0.533   0.531   0.531   0.533   0.534   0.534   0.534   0.534   0.534   0.534   0.533   0.530   0.530   0.532   0.533   0.534   0.535   0.536   0.536   0.536   0.558   0.592   0.592   0.561   0.541   0.568   0.609   0.614   0.592   0.547
   2.850   0.559   0.560   0.561   0.563   0.564   0.565   0.566   0.566   0.566   0.566   0.566   0.566   0.566   0.566   0.565   0.564   0.564   0.563   0.563   0.562   0.561   0.561   0.560   0.560   0.559   0.559   0.559   0.559   0.559   0.559   0.559   0.559   0.559   0.559   0.557   0.555   0.565   0.579   0.579   0.564   0.554   0.573   0.603   0.607   0.591   0.559
   2.900   0.566   0.566   0.567   0.568   0.570   0.574   0.579   0.584   0.585   0.585   0.585   0.586   0.587   0.589   0.590   0.591   0.592   0.592   0.592   0.591   0.591   0.591   0.591   0.591   0.590   0.590   0.590   0.589   0.589   0.588   0.586   0.584   0.581   0.578   0.575   0.573   0.575   0.579   0.578   0.572   0.569   0.581   0.599   0.602   0.592   0.572
   2.910   0.567   0.570   0.571   0.572   0.573   0.573   0.574   0.577   0.581   0.587   0.592   0.595   0.597   0.597   0.596   0.595   0.596   0.597   0.597   0.597   0.597   0.597   0.597   0.597   0.596   0.596   0.596   0.595   0.595   0.594   0.594   0.594   0.593   0.592   0.590   0.588   0.587   0.587   0.585   0.583   0.582   0.589   0.598   0.600   0.595   0.584
   2.920   0.555   0.563   0.569   0.574   0.577   0.578   0.578   0.579   0.579   0.581   0.583   0.589   0.596   0.601   0.603   0.604   0.603   0.602   0.602   0.603   0.603   0.603   0.603   0.603   0.602   0.602   0.602   0.601   0.601   0.601   0.601   0.601   0.600   0.600   0.599   0.598   0.597   0.596   0.596   0.594   0.594   0.597   0.601   0.601   0.599   0.595
   2.930   0.508   0.532   0.551   0.565   0.573   0.578   0.581   0.583   0.585   0.585   0.586   0.587   0.589   0.594   0.601   0.607   0.610   0.611   0.611   0.610   0.609   0.609   0.609   0.609   0.609   0.609   0.609   0.608   0.608   0.607   0.607   0.607   0.607   0.607   0.607   0.607   0.606   0.606   0.605   0.604   0.604   0.605   0.606   0.606   0.606   0.604
   2.940   0.389   0.445   0.490   0.525   0.548   0.564   0.575   0.581   0.586   0.589   0.591   0.592   0.592   0.595   0.602   0.609   0.612   0.614   0.616   0.618   0.619   0.620   0.620   0.619   0.617   0.615   0.615   0.615   0.615   0.614   0.614   0.614   0.615   0.615   0.615   0.615   0.615   0.614   0.614   0.613   0.613   0.613   0.613   0.613   0.613   0.612
   2.950   0.204   0.287   0.359   0.421   0.472   0.513   0.542   0.562   0.577   0.585   0.591   0.595   0.597   0.599   0.599   0.600   0.601   0.603   0.608   0.617   0.623   0.625   0.626   0.626   0.627   0.627   0.627   0.627   0.627   0.627   0.626   0.625   0.624   0.624   0.623   0.623   0.623   0.623   0.622   0.622   0.621   0.621   0.621   0.621   0.621   0.621
   2.960  -0.220  -0.019   0.144   0.264   0.338   0.396   0.454   0.501   0.537   0.560   0.577   0.589   0.596   0.601   0.603   0.605   0.606   0.607   0.610   0.619   0.626   0.629   0.630   0.632   0.632   0.633   0.634   0.634   0.634   0.633   0.633   0.633   0.633   0.633   0.632   0.632   0.631   0.631   0.631   0.630   0.630   0.629   0.629   0.629   0.629   0.629
   2.970  -0.237  -0.234  -0.225  -0.177   0.025   0.221   0.316   0.377   0.436   0.488   0.530   0.559   0.578   0.593   0.601   0.607   0.611   0.613   0.615   0.615   0.616   0.622   0.632   0.636   0.638   0.639   0.640   0.641   0.641   0.641   0.641   0.641   0.640   0.640   0.640   0.640   0.640   0.639   0.639   0.638   0.638   0.637   0.637   0.637   0.637   0.637
   2.980  -0.303  -0.274  -0.251  -0.234  -0.227  -0.215  -0.079   0.152   0.293   0.367   0.423   0.478   0.523   0.557   0.580   0.596   0.607   0.614   0.618   0.620   0.622   0.624   0.627   0.632   0.639   0.644   0.646   0.648   0.648   0.649   0.649   0.649   0.648   0.648   0.648   0.648   0.648   0.647   0.647   0.646   0.646   0.645   0.645   0.645   0.645   0.644
   2.990  -0.535  -0.438  -0.359  -0.300  -0.262  -0.238  -0.227  -0.220  -0.168   0.051   0.259   0.355   0.413   0.468   0.517   0.556   0.583   0.600   0.613   0.620   0.625   0.628   0.630   0.632   0.635   0.638   0.644   0.651   0.654   0.655   0.656   0.656   0.657   0.657   0.656   0.655   0.655   0.655   0.654   0.654   0.653   0.653   0.653   0.653   0.652   0.652
   3.000  -1.040  -0.840  -0.672  -0.535  -0.430  -0.351  -0.296  -0.262  -0.238  -0.228  -0.211  -0.062   0.184   0.333   0.408   0.463   0.515   0.555   0.586   0.605   0.618   0.627   0.633   0.637   0.639   0.641   0.644   0.647   0.649   0.650   0.651   0.656   0.661   0.662   0.661   0.661   0.661   0.661   0.661   0.661   0.661   0.661   0.660   0.660   0.660   0.660
   3.010  -0.905  -0.984  -1.024  -1.002  -0.841  -0.666  -0.535  -0.419  -0.335  -0.286  -0.251  -0.232  -0.220  -0.153   0.088   0.313   0.412   0.465   0.516   0.557   0.589   0.611   0.625   0.636   0.642   0.646   0.649   0.650   0.652   0.656   0.659   0.662   0.665   0.666   0.666   0.667   0.667   0.668   0.668   0.668   0.668   0.668   0.668   0.668   0.668   0.668
   3.020  -0.867  -0.872  -0.884  -0.905  -0.940  -0.959  -0.914  -0.811  -0.689  -0.532  -0.397  -0.320  -0.273  -0.240  -0.227  -0.204  -0.032   0.241   0.398   0.467   0.514   0.559   0.592   0.616   0.632   0.642   0.649   0.653   0.656   0.658   0.660   0.663   0.666   0.668   0.670   0.672   0.673   0.674   0.675   0.675   0.676   0.676   0.676   0.677   0.677   0.677
   3.030  -0.850  -0.850  -0.851  -0.854  -0.862  -0.877  -0.899  -0.927  -0.965  -1.019  -1.047  -0.856  -0.524  -0.362  -0.297  -0.255  -0.230  -0.215  -0.134   0.141   0.381   0.473   0.521   0.565   0.599   0.624   0.641   0.652   0.660   0.664   0.667   0.669   0.671   0.673   0.675   0.677   0.679   0.680   0.682   0.683   0.683   0.684   0.685   0.685   0.685   0.685
   3.040  -0.817  -0.825  -0.831  -0.834  -0.835  -0.837  -0.846  -0.863  -0.880  -0.898  -0.923  -0.973  -1.024  -0.982  -0.696  -0.434  -0.352  -0.306  -0.176   0.035   0.221   0.325   0.392   0.460   0.523   0.574   0.609   0.633   0.651   0.662   0.669   0.673   0.676   0.678   0.681   0.683   0.685   0.687   0.688   0.690   0.691   0.692   0.693   0.694   0.694   0.695
   3.050  -0.750  -0.771  -0.788  -0.801  -0.810  -0.816  -0.818  -0.820  -0.825  -0.840  -0.863  -0.893  -0.928  -0.963  -1.003  -1.022  -0.852  -0.546  -0.383  -0.335  -0.254  -0.049   0.191   0.344   0.420   0.476   0.535   0.584   0.621   0.644   0.661   0.672   0.678   0.683   0.686   0.688   0.691   0.693   0.695   0.697   0.699   0.701   0.702   0.703   0.704   0.704
   3.060  -0.712  -0.714  -0.721  -0.733  -0.753  -0.771  -0.784  -0.795  -0.800  -0.802  -0.805  -0.820  -0.844  -0.860  -0.869  -0.886  -0.938  -0.996  -0.960  -0.694  -0.440  -0.354  -0.303  -0.149   0.111   0.333   0.441   0.497   0.552   0.598   0.632   0.655   0.669   0.679   0.685   0.690   0.694   0.698   0.701   0.704   0.706   0.708   0.710   0.712   0.713   0.713
   3.070  -0.704  -0.701  -0.699  -0.700  -0.708  -0.719  -0.730  -0.742  -0.754  -0.768  -0.779  -0.783  -0.785  -0.793  -0.807  -0.821  -0.831  -0.843  -0.867  -0.907  -0.929  -0.786  -0.526  -0.378  -0.328  -0.239   0.003   0.290   0.449   0.521   0.568   0.610   0.639   0.660   0.674   0.684   0.692   0.698   0.704   0.708   0.712   0.715   0.718   0.720   0.721   0.722
   3.080  -0.691  -0.691  -0.690  -0.689  -0.687  -0.686  -0.687  -0.692  -0.700  -0.712  -0.726  -0.740  -0.754  -0.762  -0.765  -0.770  -0.783  -0.799  -0.812  -0.822  -0.838  -0.875  -0.914  -0.879  -0.641  -0.412  -0.332  -0.282  -0.117   0.210   0.455   0.535   0.577   0.615   0.642   0.662   0.678   0.690   0.700   0.708   0.714   0.719   0.723   0.726   0.729   0.730
   3.090  -0.680  -0.679  -0.678  -0.677  -0.676  -0.675  -0.674  -0.672  -0.672  -0.672  -0.672  -0.680  -0.697  -0.712  -0.728  -0.740  -0.745  -0.748  -0.758  -0.775  -0.793  -0.809  -0.826  -0.851  -0.887  -0.906  -0.784  -0.525  -0.255   0.064   0.309   0.418   0.474   0.530   0.578   0.615   0.644   0.664   0.683   0.697   0.709   0.719   0.725   0.731   0.735   0.738
   3.100  -0.681  -0.675  -0.670  -0.666  -0.664  -0.663  -0.662  -0.661  -0.660  -0.659  -0.658  -0.655  -0.652  -0.654  -0.668  -0.685  -0.699  -0.714  -0.725  -0.733  -0.742  -0.756  -0.772  -0.782  -0.785  -0.792  -0.814  -0.838  -0.812  -0.620  -0.365  -0.051   0.268   0.412   0.470   0.512   0.560   0.601   0.637   0.667   0.692   0.709   0.720   0.730   0.738   0.743
   3.110  -0.723  -0.703  -0.686  -0.673  -0.664  -0.658  -0.653  -0.650  -0.648  -0.646  -0.645  -0.644  -0.644  -0.642  -0.639  -0.637  -0.643  -0.657  -0.671  -0.687  -0.700  -0.706  -0.711  -0.723  -0.743  -0.760  -0.767  -0.771  -0.787  -0.832  -0.858  -0.620  -0.184   0.082   0.222   0.325   0.413   0.478   0.542   0.602   0.650   0.682   0.703   0.721   0.735   0.744
   3.120  -0.892  -0.829  -0.777  -0.736  -0.706  -0.683  -0.666  -0.654  -0.645  -0.639  -0.635  -0.632  -0.630  -0.630  -0.629  -0.629  -0.626  -0.623  -0.624  -0.634  -0.647  -0.660  -0.674  -0.688  -0.701  -0.714  -0.728  -0.741  -0.752  -0.762  -0.766  -0.674  -0.486  -0.310  -0.125   0.042   0.170   0.276   0.381   0.484   0.569   0.626   0.665   0.698   0.722   0.737
   3.130  -2.686  -1.813  -1.197  -0.962  -0.869  -0.807  -0.751  -0.712  -0.680  -0.659  -0.643  -0.632  -0.626  -0.621  -0.617  -0.615  -0.614  -0.613  -0.611  -0.608  -0.606  -0.612  -0.624  -0.636  -0.649  -0.662  -0.674  -0.685  -0.701  -0.723  -0.734  -0.728  -0.712  -0.658  -0.467  -0.263  -0.118   0.015   0.157   0.308   0.437   0.529   0.596   0.651   0.692   0.718
   3.140  -2.929  -2.874  -2.708  -2.399  -1.871  -1.396  -1.122  -0.946  -0.823  -0.758  -0.715  -0.677  -0.651  -0.631  -0.618  -0.610  -0.604  -0.601  -0.599  -0.597  -0.595  -0.593  -0.590  -0.591  -0.600  -0.612  -0.623  -0.636  -0.650  -0.665  -0.680  -0.695  -0.708  -0.697  -0.617  -0.508  -0.390  -0.252  -0.095   0.087   0.253   0.382   0.487   0.572   0.636   0.679
   3.150  -3.328  -3.061  -2.844  -2.679  -2.570  -2.495  -2.457  -2.436  -2.262  -1.571  -1.017  -0.859  -0.776  -0.708  -0.667  -0.639  -0.617  -0.604  -0.594  -0.589  -0.585  -0.582  -0.581  -0.579  -0.575  -0.573  -0.579  -0.590  -0.601  -0.612  -0.624  -0.643  -0.660  -0.661  -0.649  -0.624  -0.565  -0.461  -0.323  -0.143   0.035   0.192   0.336   0.453   0.545   0.613
   3.160  -3.782  -3.476  -3.205  -2.968  -2.763  -2.602  -2.499  -2.437  -2.394  -2.378  -2.351  -2.040  -1.508  -1.155  -0.926  -0.777  -0.698  -0.658  -0.624  -0.602  -0.588  -0.577  -0.571  -0.567  -0.565  -0.563  -0.560  -0.557  -0.559  -0.568  -0.580  -0.592  -0.605  -0.618  -0.632  -0.639  -0.622  -0.572  -0.482  -0.339  -0.180  -0.015   0.153   0.295   0.415   0.515
   3.170  -4.182  -3.914  -3.648  -3.378  -3.099  -2.855  -2.668  -2.524  -2.423  -2.371  -2.338  -2.319  -2.308  -2.212  -1.799  -1.378  -1.107  -0.895  -0.758  -0.688  -0.643  -0.607  -0.586  -0.569  -0.560  -0.554  -0.550  -0.547  -0.544  -0.540  -0.538  -0.545  -0.561  -0.576  -0.593  -0.602  -0.600  -0.591  -0.567  -0.478  -0.356  -0.207  -0.039   0.112   0.251   0.382
   3.180  -4.474  -4.280  -4.059  -3.806  -3.516  -3.235  -2.979  -2.747  -2.571  -2.448  -2.362  -2.309  -2.281  -2.260  -2.249  -2.241  -2.236  -2.232  -2.094  -1.391  -0.850  -0.734  -0.674  -0.623  -0.589  -0.566  -0.550  -0.542  -0.535  -0.530  -0.528  -0.529  -0.533  -0.539  -0.550  -0.560  -0.570  -0.579  -0.576  -0.539  -0.467  -0.354  -0.213  -0.072   0.072   0.221
   3.190  -4.657  -4.536  -4.376  -4.173  -3.924  -3.658  -3.376  -3.092  -2.849  -2.638  -2.471  -2.363  -2.297  -2.251  -2.226  -2.211  -2.200  -2.195  -2.189  -2.186  -2.179  -1.843  -1.244  -0.898  -0.738  -0.650  -0.596  -0.568  -0.545  -0.529  -0.522  -0.519  -0.517  -0.517  -0.521  -0.527  -0.539  -0.551  -0.552  -0.540  -0.518  -0.455  -0.349  -0.233  -0.101   0.049
   3.200  -4.751  -4.687  -4.584  -4.441  -4.256  -4.038  -3.778  -3.493  -3.221  -2.950  -2.714  -2.532  -2.390  -2.289  -2.230  -2.195  -2.173  -2.161  -2.152  -2.147  -2.143  -2.140  -2.136  -2.040  -1.528  -1.038  -0.815  -0.695  -0.615  -0.570  -0.545  -0.527  -0.518  -0.515  -0.514  -0.513  -0.520  -0.531  -0.532  -0.531  -0.529  -0.502  -0.438  -0.353  -0.246  -0.115
   3.210  -4.778  -4.754  -4.698  -4.609  -4.490  -4.332  -4.123  -3.878  -3.616  -3.328  -3.054  -2.805  -2.582  -2.414  -2.301  -2.221  -2.169  -2.142  -2.123  -2.112  -2.105  -2.100  -2.097  -2.094  -2.092  -2.088  -1.753  -1.165  -0.859  -0.727  -0.650  -0.596  -0.569  -0.553  -0.544  -0.541  -0.543  -0.547  -0.547  -0.543  -0.536  -0.521  -0.488  -0.432  -0.355  -0.257
   3.220  -4.760  -4.753  -4.732  -4.696  -4.629  -4.525  -4.379  -4.195  -3.973  -3.707  -3.433  -3.156  -2.886  -2.658  -2.468  -2.318  -2.218  -2.156  -2.113  -2.089  -2.075  -2.065  -2.059  -2.055  -2.052  -2.050  -2.047  -2.045  -2.044  -2.043  -2.043  -1.626  -0.952  -0.742  -0.684  -0.656  -0.645  -0.638  -0.623  -0.599  -0.574  -0.551  -0.525  -0.485  -0.433  -0.370
   3.230  -4.720  -4.720  -4.720  -4.716  -4.688  -4.630  -4.543  -4.421  -4.252  -4.037  -3.795  -3.526  -3.241  -2.977  -2.723  -2.507  -2.346  -2.227  -2.141  -2.092  -2.061  -2.040  -2.029  -2.020  -2.015  -2.012  -2.010  -2.008  -2.006  -2.004  -2.001  -1.793  -1.411  -1.159  -0.993  -0.892  -0.849  -0.826  -0.784  -0.727  -0.671  -0.622  -0.577  -0.536  -0.498  -0.464
   3.240  -4.681  -4.689  -4.693  -4.692  -4.683  -4.664  -4.626  -4.553  -4.441  -4.289  -4.100  -3.864  -3.597  -3.329  -3.049  -2.791  -2.569  -2.379  -2.236  -2.141  -2.075  -2.032  -2.010  -1.993  -1.983  -1.977  -1.972  -1.969  -1.967  -1.966  -1.964  -1.902  -1.766  -1.604  -1.394  -1.220  -1.141  -1.099  -1.026  -0.931  -0.836  -0.748  -0.667  -0.610  -0.576  -0.561
   3.250  -4.650  -4.655  -4.659  -4.659  -4.658  -4.656  -4.643  -4.607  -4.546  -4.454  -4.321  -4.138  -3.916  -3.670  -3.394  -3.120  -2.859  -2.613  -2.414  -2.257  -2.137  -2.059  -2.014  -1.980  -1.962  -1.950  -1.941  -1.935  -1.931  -1.929  -1.927  -1.926  -1.924  -1.891  -1.712  -1.535  -1.452  -1.391  -1.298  -1.179  -1.056  -0.925  -0.802  -0.732  -0.693  -0.680
   3.260  -4.628  -4.630  -4.632  -4.632  -4.632  -4.632  -4.627  -4.612  -4.586  -4.538  -4.455  -4.331  -4.169  -3.966  -3.716  -3.452  -3.180  -2.907  -2.667  -2.452  -2.274  -2.146  -2.056  -1.991  -1.954  -1.931  -1.915  -1.907  -1.899  -1.894  -1.891  -1.889  -1.888  -1.876  -1.815  -1.744  -1.688  -1.625  -1.535  -1.419  -1.290  -1.134  -0.980  -0.894  -0.849  -0.834
   3.270  -4.615  -4.613  -4.612  -4.610  -4.610  -4.608  -4.605  -4.598  -4.586  -4.563  -4.517  -4.445  -4.340  -4.188  -3.988  -3.760  -3.502  -3.225  -2.964  -2.708  -2.482  -2.298  -2.150  -2.042  -1.976  -1.932  -1.901  -1.885  -1.872  -1.864  -1.859  -1.856  -1.854  -1.848  -1.837  -1.818  -1.791  -1.752  -1.688  -1.602  -1.492  -1.338  -1.176  -1.083  -1.032  -1.016
   3.280  -4.608  -4.603  -4.599  -4.595  -4.592  -4.589  -4.586  -4.581  -4.572  -4.559  -4.534  -4.495  -4.434  -4.332  -4.192  -4.014  -3.788  -3.530  -3.270  -2.997  -2.742  -2.515  -2.314  -2.158  -2.046  -1.963  -1.908  -1.877  -1.853  -1.840  -1.831  -1.824  -1.820  -1.817  -1.815  -1.812  -1.804  -1.787  -1.756  -1.706  -1.629  -1.502  -1.360  -1.272  -1.223  -1.207
   3.290  -4.602  -4.597  -4.592  -4.587  -4.582  -4.577  -4.572  -4.567  -4.559  -4.550  -4.534  -4.511  -4.475  -4.411  -4.322  -4.196  -4.018  -3.802  -3.563  -3.294  -3.028  -2.774  -2.535  -2.333  -2.166  -2.034  -1.946  -1.890  -1.848  -1.824  -1.809  -1.798  -1.791  -1.786  -1.782  -1.779  -1.775  -1.771  -1.761  -1.739  -1.696  -1.611  -1.507  -1.440  -1.402  -1.386
   3.300  -4.588  -4.588  -4.586  -4.583  -4.576  -4.569  -4.563  -4.556  -4.548  -4.541  -4.529  -4.513  -4.488  -4.447  -4.393  -4.308  -4.181  -4.019  -3.817  -3.571  -3.313  -3.051  -2.789  -2.556  -2.343  -2.166  -2.034  -1.938  -1.867  -1.824  -1.796  -1.777  -1.767  -1.758  -1.751  -1.746  -1.743  -1.741  -1.735  -1.726  -1.710  -1.668  -1.613  -1.576  -1.554  -1.543
   3.310  -4.554  -4.567  -4.574  -4.574  -4.571  -4.565  -4.558  -4.549  -4.541  -4.533  -4.522  -4.509  -4.492  -4.464  -4.428  -4.370  -4.285  -4.172  -4.013  -3.808  -3.579  -3.325  -3.057  -2.805  -2.563  -2.349  -2.172  -2.027  -1.918  -1.848  -1.799  -1.765  -1.747  -1.732  -1.722  -1.715  -1.710  -1.706  -1.702  -1.699  -1.696  -1.693  -1.690  -1.688  -1.685  -1.683
   3.320  -4.495  -4.522  -4.542  -4.552  -4.556  -4.558  -4.554  -4.545  -4.537  -4.527  -4.516  -4.505  -4.492  -4.471  -4.446  -4.405  -4.348  -4.269  -4.151  -3.995  -3.806  -3.575  -3.318  -3.064  -2.806  -2.565  -2.351  -2.162  -2.014  -1.908  -1.828  -1.774  -1.741  -1.715  -1.700  -1.689  -1.680  -1.675  -1.670  -1.666  -1.662  -1.659  -1.656  -1.653  -1.650  -1.647
   3.330  -4.411  -4.451  -4.483  -4.510  -4.530  -4.539  -4.539  -4.538  -4.535  -4.525  -4.513  -4.502  -4.489  -4.473  -4.454  -4.425  -4.385  -4.328  -4.242  -4.129  -3.981  -3.786  -3.558  -3.316  -3.053  -2.797  -2.560  -2.341  -2.157  -2.006  -1.887  -1.804  -1.749  -1.707  -1.683  -1.667  -1.654  -1.646  -1.638  -1.633  -1.628  -1.624  -1.620  -1.616  -1.613  -1.610
   3.340  -4.310  -4.359  -4.402  -4.439  -4.471  -4.496  -4.513  -4.522  -4.522  -4.518  -4.510  -4.500  -4.486  -4.472  -4.456  -4.434  -4.405  -4.366  -4.303  -4.221  -4.107  -3.952  -3.763  -3.545  -3.292  -3.036  -2.786  -2.544  -2.329  -2.138  -1.980  -1.864  -1.781  -1.718  -1.679  -1.652  -1.632  -1.619  -1.609  -1.601  -1.595  -1.590  -1.585  -1.581  -1.576  -1.572
   3.350  -4.203  -4.255  -4.303  -4.349  -4.392  -4.429  -4.461  -4.484  -4.495  -4.500  -4.502  -4.496  -4.484  -4.470  -4.456  -4.437  -4.415  -4.386  -4.340  -4.282  -4.196  -4.077  -3.926  -3.739  -3.511  -3.269  -3.016  -2.758  -2.524  -2.306  -2.117  -1.965  -1.843  -1.751  -1.691  -1.647  -1.616  -1.597  -1.582  -1.571  -1.563  -1.556  -1.550  -1.544  -1.539  -1.534
   3.360  -4.096  -4.147  -4.197  -4.247  -4.296  -4.341  -4.382  -4.418  -4.446  -4.469  -4.478  -4.477  -4.474  -4.468  -4.455  -4.437  -4.419  -4.396  -4.362  -4.321  -4.257  -4.167  -4.049  -3.894  -3.700  -3.482  -3.237  -2.977  -2.731  -2.492  -2.276  -2.090  -1.933  -1.809  -1.721  -1.655  -1.609  -1.581  -1.558  -1.543  -1.531  -1.521  -1.514  -1.506  -1.500  -1.494
   3.370  -3.994  -4.042  -4.090  -4.140  -4.191  -4.240  -4.288  -4.333  -4.372  -4.406  -4.431  -4.447  -4.455  -4.455  -4.447  -4.434  -4.418  -4.398  -4.371  -4.341  -4.293  -4.227  -4.139  -4.013  -3.853  -3.663  -3.438  -3.189  -2.942  -2.688  -2.451  -2.239  -2.051  -1.897  -1.778  -1.685  -1.619  -1.575  -1.540  -1.518  -1.501  -1.487  -1.478  -1.468  -1.460  -1.453
   3.380  -3.902  -3.944  -3.989  -4.036  -4.085  -4.135  -4.185  -4.235  -4.281  -4.324  -4.361  -4.393  -4.417  -4.422  -4.424  -4.424  -4.415  -4.395  -4.373  -4.348  -4.311  -4.263  -4.198  -4.100  -3.972  -3.812  -3.614  -3.387  -3.147  -2.887  -2.637  -2.406  -2.192  -2.010  -1.858  -1.734  -1.643  -1.578  -1.528  -1.497  -1.474  -1.455  -1.441  -1.429  -1.418  -1.410
   3.390  -3.822  -3.857  -3.896  -3.937  -3.983  -4.030  -4.080  -4.130  -4.179  -4.228  -4.272  -4.312  -4.347  -4.373  -4.391  -4.398  -4.395  -4.384  -4.368  -4.346  -4.315  -4.278  -4.229  -4.154  -4.056  -3.927  -3.758  -3.557  -3.334  -3.083  -2.831  -2.585  -2.348  -2.140  -1.956  -1.803  -1.686  -1.598  -1.529  -1.483  -1.449  -1.423  -1.405  -1.389  -1.375  -1.365
   3.400  -3.756  -3.783  -3.814  -3.849  -3.889  -3.932  -3.977  -4.025  -4.074  -4.124  -4.173  -4.220  -4.263  -4.300  -4.332  -4.350  -4.356  -4.359  -4.356  -4.338  -4.311  -4.281  -4.240  -4.182  -4.109  -4.007  -3.867  -3.696  -3.495  -3.262  -3.018  -2.766  -2.513  -2.285  -2.077  -1.897  -1.751  -1.634  -1.543  -1.478  -1.430  -1.394  -1.369  -1.347  -1.330  -1.318
   3.410  -3.705  -3.724  -3.747  -3.774  -3.806  -3.842  -3.882  -3.925  -3.971  -4.020  -4.069  -4.118  -4.165  -4.208  -4.248  -4.281  -4.305  -4.319  -4.320  -4.312  -4.295  -4.270  -4.235  -4.188  -4.132  -4.051  -3.939  -3.799  -3.625  -3.416  -3.188  -2.942  -2.685  -2.444  -2.213  -2.006  -1.832  -1.685  -1.569  -1.484  -1.418  -1.369  -1.336  -1.307  -1.284  -1.269
   3.420  -3.669  -3.679  -3.694  -3.713  -3.737  -3.765  -3.798  -3.834  -3.875  -3.919  -3.965  -4.013  -4.062  -4.108  -4.154  -4.194  -4.231  -4.258  -4.264  -4.265  -4.265  -4.252  -4.220  -4.180  -4.132  -4.065  -3.976  -3.864  -3.718  -3.536  -3.331  -3.100  -2.851  -2.607  -2.359  -2.130  -1.930  -1.755  -1.612  -1.503  -1.417  -1.353  -1.307  -1.268  -1.239  -1.219
   3.430  -3.649  -3.652  -3.658  -3.669  -3.683  -3.702  -3.726  -3.755  -3.788  -3.825  -3.866  -3.911  -3.958  -4.004  -4.051  -4.095  -4.135  -4.170  -4.195  -4.210  -4.215  -4.207  -4.186  -4.154  -4.114  -4.057  -3.985  -3.893  -3.770  -3.617  -3.438  -3.229  -2.997  -2.758  -2.506  -2.265  -2.044  -1.843  -1.674  -1.538  -1.427  -1.343  -1.281  -1.231  -1.193  -1.168
   3.440  -3.640  -3.638  -3.637  -3.638  -3.644  -3.655  -3.670  -3.690  -3.715  -3.744  -3.778  -3.816  -3.858  -3.901  -3.947  -3.991  -4.034  -4.074  -4.106  -4.133  -4.145  -4.142  -4.132  -4.114  -4.079  -4.029  -3.968  -3.891  -3.788  -3.660  -3.506  -3.321  -3.112  -2.887  -2.644  -2.402  -2.168  -1.944  -1.752  -1.586  -1.449  -1.344  -1.265  -1.200  -1.151  -1.119
   3.450  -3.640  -3.631  -3.625  -3.624  -3.624  -3.624  -3.629  -3.641  -3.656  -3.676  -3.701  -3.731  -3.765  -3.802  -3.844  -3.887  -3.930  -3.971  -4.007  -4.041  -4.058  -4.059  -4.060  -4.056  -4.028  -3.984  -3.931  -3.864  -3.775  -3.666  -3.533  -3.372  -3.188  -2.984  -2.758  -2.526  -2.288  -2.053  -1.842  -1.652  -1.490  -1.362  -1.261  -1.178  -1.115  -1.072
   3.460  -3.645  -3.635  -3.626  -3.618  -3.610  -3.607  -3.607  -3.609  -3.613  -3.624  -3.641  -3.661  -3.686  -3.715  -3.750  -3.787  -3.826  -3.865  -3.901  -3.935  -3.959  -3.971  -3.976  -3.974  -3.954  -3.919  -3.874  -3.815  -3.737  -3.641  -3.525  -3.385  -3.224  -3.042  -2.839  -2.623  -2.394  -2.158  -1.939  -1.731  -1.546  -1.394  -1.267  -1.164  -1.085  -1.029
   3.470  -3.651  -3.641  -3.631  -3.621  -3.610  -3.601  -3.593  -3.588  -3.587  -3.590  -3.595  -3.605  -3.621  -3.642  -3.667  -3.695  -3.728  -3.763  -3.795  -3.827  -3.853  -3.870  -3.880  -3.879  -3.865  -3.838  -3.799  -3.747  -3.677  -3.592  -3.488  -3.364  -3.221  -3.060  -2.879  -2.683  -2.471  -2.248  -2.030  -1.811  -1.610  -1.436  -1.284  -1.161  -1.065  -0.995
   3.480  -3.656  -3.648  -3.638  -3.627  -3.615  -3.603  -3.592  -3.581  -3.573  -3.567  -3.565  -3.567  -3.573  -3.584  -3.599  -3.618  -3.641  -3.668  -3.694  -3.722  -3.745  -3.762  -3.773  -3.774  -3.763  -3.742  -3.709  -3.661  -3.598  -3.520  -3.426  -3.314  -3.186  -3.042  -2.881  -2.705  -2.513  -2.308  -2.099  -1.881  -1.675  -1.487  -1.317  -1.174  -1.059  -0.968
   3.490  -3.657  -3.651  -3.643  -3.634  -3.622  -3.610  -3.597  -3.583  -3.571  -3.559  -3.550  -3.544  -3.541  -3.542  -3.547  -3.556  -3.569  -3.585  -3.602  -3.622  -3.640  -3.654  -3.664  -3.664  -3.654  -3.635  -3.605  -3.561  -3.503  -3.432  -3.345  -3.243  -3.126  -2.995  -2.849  -2.690  -2.518  -2.333  -2.139  -1.933  -1.731  -1.537  -1.353  -1.196  -1.061  -0.949
   3.500  -3.650  -3.649  -3.645  -3.638  -3.629  -3.618  -3.605  -3.590  -3.576  -3.560  -3.546  -3.532  -3.521  -3.514  -3.511  -3.510  -3.512  -3.517  -3.524  -3.535  -3.544  -3.550  -3.553  -3.552  -3.541  -3.521  -3.491  -3.450  -3.396  -3.330  -3.249  -3.154  -3.045  -2.924  -2.791  -2.647  -2.491  -2.324  -2.147  -1.957  -1.766  -1.573  -1.385  -1.217  -1.069  -0.937
   3.525  -3.555  -3.580  -3.598  -3.604  -3.605  -3.603  -3.597  -3.589  -3.583  -3.573  -3.562  -3.550  -3.535  -3.521  -3.507  -3.483  -3.459  -3.432  -3.405  -3.379  -3.355  -3.328  -3.308  -3.289  -3.267  -3.235  -3.193  -3.145  -3.089  -3.025  -2.953  -2.871  -2.779  -2.679  -2.570  -2.452  -2.324  -2.189  -2.045  -1.879  -1.710  -1.537  -1.359  -1.197  -1.048  -0.904
   3.550  -3.374  -3.422  -3.465  -3.502  -3.533  -3.557  -3.575  -3.585  -3.586  -3.583  -3.578  -3.567  -3.549  -3.528  -3.503  -3.474  -3.441  -3.404  -3.365  -3.323  -3.278  -3.229  -3.177  -3.122  -3.062  -3.000  -2.935  -2.867  -2.797  -2.725  -2.649  -2.569  -2.485  -2.394  -2.297  -2.193  -2.082  -1.963  -1.839  -1.707  -1.571  -1.429  -1.283  -1.136  -0.988  -0.838
   3.575  -3.128  -3.186  -3.240  -3.295  -3.347  -3.393  -3.435  -3.470  -3.493  -3.512  -3.527  -3.531  -3.525  -3.514  -3.495  -3.479  -3.458  -3.428  -3.391  -3.346  -3.294  -3.231  -3.152  -3.062  -2.961  -2.859  -2.760  -2.664  -2.571  -2.480  -2.388  -2.294  -2.199  -2.103  -2.006  -1.907  -1.804  -1.698  -1.588  -1.473  -1.353  -1.228  -1.104  -0.972  -0.833  -0.687
   3.600  -2.826  -2.889  -2.951  -3.012  -3.072  -3.130  -3.187  -3.243  -3.295  -3.344  -3.387  -3.424  -3.454  -3.471  -3.480  -3.483  -3.474  -3.451  -3.416  -3.369  -3.309  -3.233  -3.144  -3.043  -2.928  -2.807  -2.682  -2.554  -2.428  -2.304  -2.182  -2.065  -1.952  -1.841  -1.735  -1.630  -1.527  -1.424  -1.318  -1.210  -1.098  -0.982  -0.861  -0.738  -0.612  -0.483
   3.625  -2.472  -2.548  -2.623  -2.697  -2.769  -2.839  -2.908  -2.975  -3.039  -3.100  -3.158  -3.215  -3.270  -3.313  -3.351  -3.379  -3.393  -3.394  -3.374  -3.339  -3.293  -3.229  -3.145  -3.051  -2.938  -2.813  -2.678  -2.534  -2.382  -2.226  -2.074  -1.932  -1.795  -1.664  -1.538  -1.417  -1.300  -1.185  -1.072  -0.960  -0.847  -0.733  -0.617  -0.499  -0.378  -0.256
   3.650  -2.095  -2.182  -2.268  -2.352  -2.434  -2.513  -2.590  -2.664  -2.736  -2.805  -2.872  -2.937  -2.999  -3.058  -3.115  -3.164  -3.210  -3.245  -3.250  -3.249  -3.246  -3.216  -3.147  -3.059  -2.947  -2.819  -2.674  -2.515  -2.352  -2.184  -2.017  -1.854  -1.694  -1.541  -1.395  -1.253  -1.117  -0.985  -0.858  -0.735  -0.614  -0.495  -0.377  -0.258  -0.139  -0.019
   3.675  -1.718  -1.809  -1.898  -1.987  -2.074  -2.160  -2.244  -2.326  -2.406  -2.484  -2.560  -2.634  -2.706  -2.775  -2.842  -2.902  -2.959  -3.007  -3.035  -3.061  -3.081  -3.073  -3.032  -2.969  -2.878  -2.766  -2.633  -2.476  -2.320  -2.154  -1.986  -1.819  -1.650  -1.481  -1.315  -1.153  -0.998  -0.849  -0.704  -0.565  -0.430  -0.299  -0.171  -0.044   0.081   0.204
   3.700  -1.368  -1.455  -1.541  -1.629  -1.716  -1.804  -1.892  -1.979  -2.064  -2.148  -2.230  -2.310  -2.388  -2.463  -2.534  -2.600  -2.662  -2.717  -2.763  -2.801  -2.818  -2.813  -2.799  -2.770  -2.708  -2.622  -2.519  -2.398  -2.263  -2.112  -1.952  -1.784  -1.608  -1.433  -1.257  -1.083  -0.914  -0.749  -0.588  -0.433  -0.282  -0.136   0.006   0.145   0.279   0.409
   3.725  -1.073  -1.145  -1.221  -1.301  -1.384  -1.468  -1.554  -1.641  -1.727  -1.813  -1.898  -1.981  -2.062  -2.140  -2.216  -2.286  -2.352  -2.411  -2.463  -2.507  -2.527  -2.526  -2.520  -2.504  -2.454  -2.383  -2.302  -2.206  -2.095  -1.969  -1.830  -1.680  -1.521  -1.360  -1.194  -1.024  -0.853  -0.680  -0.510  -0.341  -0.175  -0.014   0.143   0.294   0.441   0.583
   3.750  -0.846  -0.899  -0.958  -1.023  -1.094  -1.169  -1.247  -1.327  -1.409  -1.492  -1.574  -1.656  -1.737  -1.815  -1.891  -1.962  -2.028  -2.088  -2.139  -2.183  -2.203  -2.202  -2.199  -2.188  -2.145  -2.085  -2.016  -1.934  -1.842  -1.740  -1.629  -1.509  -1.381  -1.243  -1.095  -0.939  -0.775  -0.605  -0.433  -0.258  -0.084   0.087   0.256   0.419   0.578   0.733
   3.775  -0.719  -0.747  -0.781  -0.823  -0.872  -0.928  -0.990  -1.055  -1.123  -1.196  -1.270  -1.346  -1.422  -1.495  -1.568  -1.636  -1.699  -1.756  -1.804  -1.845  -1.864  -1.863  -1.860  -1.850  -1.812  -1.760  -1.699  -1.628  -1.548  -1.460  -1.365  -1.263  -1.153  -1.034  -0.908  -0.774  -0.630  -0.480  -0.323  -0.159   0.008   0.178   0.350   0.520   0.688   0.854
   3.800  -0.670  -0.676  -0.687  -0.704  -0.726  -0.755  -0.792  -0.837  -0.887  -0.943  -1.003  -1.066  -1.130  -1.194  -1.257  -1.317  -1.372  -1.422  -1.463  -1.497  -1.512  -1.510  -1.506  -1.494  -1.459  -1.411  -1.356  -1.292  -1.222  -1.144  -1.060  -0.971  -0.876  -0.776  -0.671  -0.558  -0.438  -0.311  -0.175  -0.029   0.124   0.286   0.454   0.624   0.794   0.967
   3.825  -0.655  -0.653  -0.652  -0.653  -0.657  -0.664  -0.677  -0.697  -0.722  -0.754  -0.791  -0.832  -0.874  -0.919  -0.965  -1.009  -1.050  -1.088  -1.117  -1.141  -1.152  -1.151  -1.142  -1.126  -1.094  -1.053  -1.004  -0.947  -0.885  -0.816  -0.742  -0.663  -0.579  -0.491  -0.397  -0.298  -0.193  -0.082   0.038   0.166   0.302   0.447   0.601   0.758   0.919   1.086
   3.850  -0.650  -0.645  -0.640  -0.636  -0.632  -0.629  -0.627  -0.626  -0.627  -0.631  -0.639  -0.652  -0.669  -0.688  -0.711  -0.733  -0.754  -0.773  -0.786  -0.794  -0.797  -0.792  -0.777  -0.755  -0.725  -0.688  -0.644  -0.593  -0.537  -0.476  -0.410  -0.339  -0.264  -0.185  -0.101  -0.012   0.081   0.180   0.285   0.397   0.516   0.643   0.778   0.919   1.067   1.222
   3.875  -0.653  -0.647  -0.641  -0.636  -0.628  -0.618  -0.609  -0.598  -0.585  -0.570  -0.555  -0.543  -0.534  -0.525  -0.517  -0.510  -0.500  -0.491  -0.480  -0.467  -0.454  -0.437  -0.414  -0.387  -0.356  -0.321  -0.280  -0.235  -0.185  -0.131  -0.072  -0.010   0.056   0.127   0.202   0.281   0.365   0.454   0.549   0.649   0.757   0.871   0.993   1.121   1.256   1.397
   3.900  -0.657  -0.651  -0.644  -0.636  -0.626  -0.615  -0.603  -0.589  -0.571  -0.549  -0.524  -0.495  -0.462  -0.425  -0.384  -0.342  -0.300  -0.258  -0.218  -0.181  -0.144  -0.108  -0.073  -0.037  -0.001   0.037   0.077   0.120   0.165   0.214   0.266   0.321   0.380   0.443   0.510   0.581   0.657   0.738   0.824   0.915   1.013   1.117   1.228   1.344   1.466   1.594
   3.925  -0.658  -0.654  -0.648  -0.640  -0.631  -0.620  -0.607  -0.591  -0.571  -0.548  -0.516  -0.478  -0.432  -0.376  -0.312  -0.244  -0.173  -0.098  -0.028   0.041   0.110   0.172   0.230   0.283   0.331   0.377   0.421   0.464   0.509   0.554   0.602   0.651   0.703   0.759   0.818   0.882   0.949   1.022   1.100   1.183   1.272   1.367   1.468   1.574   1.687   1.805
   3.950  -0.658  -0.655  -0.650  -0.644  -0.636  -0.625  -0.612  -0.595  -0.574  -0.548  -0.514  -0.472  -0.421  -0.360  -0.287  -0.204  -0.109  -0.006   0.097   0.203   0.304   0.396   0.481   0.556   0.622   0.682   0.736   0.785   0.833   0.878   0.924   0.971   1.018   1.069   1.121   1.178   1.239   1.303   1.374   1.450   1.531   1.618   1.711   1.809   1.913   2.022
   3.975  -0.642  -0.643  -0.642  -0.639  -0.632  -0.624  -0.613  -0.599  -0.579  -0.554  -0.521  -0.478  -0.426  -0.361  -0.285  -0.193  -0.085   0.036   0.163   0.300   0.428   0.549   0.662   0.762   0.852   0.934   1.005   1.067   1.124   1.175   1.224   1.271   1.317   1.365   1.414   1.466   1.521   1.579   1.642   1.711   1.785   1.864   1.949   2.040   2.135   2.236
   4.000  -0.614  -0.620  -0.624  -0.624  -0.623  -0.620  -0.614  -0.601  -0.583  -0.560  -0.528  -0.486  -0.433  -0.366  -0.285  -0.189  -0.077   0.050   0.185   0.333   0.482   0.629   0.773   0.904   1.023   1.130   1.223   1.303   1.375   1.436   1.492   1.544   1.593   1.641   1.689   1.738   1.789   1.842   1.901   1.963   2.031   2.104   2.182   2.265   2.354   2.447
   4.025  -0.590  -0.593  -0.595  -0.596  -0.597  -0.598  -0.595  -0.587  -0.575  -0.556  -0.526  -0.488  -0.440  -0.375  -0.295  -0.200  -0.086   0.042   0.182   0.333   0.495   0.659   0.825   0.983   1.132   1.262   1.377   1.479   1.568   1.646   1.716   1.778   1.833   1.887   1.937   1.987   2.037   2.089   2.144   2.202   2.265   2.332   2.404   2.481   2.563   2.649
   4.050  -0.569  -0.568  -0.567  -0.567  -0.566  -0.566  -0.565  -0.561  -0.556  -0.543  -0.521  -0.488  -0.443  -0.382  -0.306  -0.212  -0.099   0.030   0.174   0.333   0.499   0.669   0.843   1.010   1.174   1.328   1.468   1.596   1.710   1.808   1.895   1.971   2.038   2.101   2.157   2.211   2.264   2.315   2.369   2.426   2.485   2.548   2.616   2.687   2.763   2.843
   4.075  -0.555  -0.553  -0.552  -0.549  -0.547  -0.545  -0.541  -0.536  -0.528  -0.516  -0.497  -0.469  -0.429  -0.373  -0.302  -0.211  -0.106   0.017   0.156   0.315   0.480   0.654   0.832   1.005   1.178   1.350   1.510   1.662   1.801   1.920   2.025   2.118   2.201   2.277   2.343   2.405   2.463   2.517   2.573   2.630   2.688   2.750   2.814   2.882   2.953   3.027
   4.100  -0.545  -0.543  -0.540  -0.536  -0.532  -0.526  -0.520  -0.511  -0.500  -0.486  -0.465  -0.438  -0.402  -0.352  -0.289  -0.209  -0.109   0.009   0.144   0.297   0.461   0.634   0.815   0.996   1.179   1.357   1.524   1.684   1.835   1.978   2.109   2.224   2.327   2.418   2.498   2.570   2.636   2.697   2.757   2.816   2.875   2.936   2.999   3.064   3.132   3.202
   4.125  -0.535  -0.530  -0.525  -0.520  -0.515  -0.509  -0.502  -0.493  -0.480  -0.465  -0.443  -0.414  -0.377  -0.326  -0.263  -0.186  -0.089   0.024   0.153   0.301   0.461   0.626   0.802   0.981   1.168   1.350   1.517   1.677   1.833   1.998   2.157   2.296   2.415   2.524   2.620   2.706   2.783   2.853   2.919   2.982   3.044   3.106   3.168   3.232   3.298   3.365
   4.150  -0.530  -0.523  -0.516  -0.510  -0.503  -0.495  -0.487  -0.477  -0.464  -0.448  -0.424  -0.392  -0.352  -0.299  -0.233  -0.153  -0.058   0.051   0.175   0.312   0.462   0.623   0.795   0.972   1.158   1.338   1.502   1.660   1.828   2.004   2.173   2.328   2.471   2.599   2.713   2.815   2.906   2.987   3.062   3.131   3.197   3.261   3.324   3.388   3.453   3.518
   4.175  -0.532  -0.525  -0.517  -0.508  -0.497  -0.486  -0.474  -0.461  -0.445  -0.428  -0.404  -0.373  -0.333  -0.279  -0.213  -0.132  -0.034   0.080   0.207   0.346   0.493   0.652   0.820   0.990   1.164   1.332   1.485   1.635   1.804   1.989   2.167   2.335   2.502   2.648   2.779   2.899   3.005   3.099   3.186   3.263   3.335   3.403   3.468   3.533   3.598   3.663
   4.200  -0.536  -0.528  -0.518  -0.507  -0.495  -0.482  -0.468  -0.453  -0.435  -0.415  -0.389  -0.357  -0.317  -0.263  -0.197  -0.115  -0.013   0.106   0.238   0.384   0.539   0.701   0.868   1.025   1.175   1.323   1.466   1.610   1.777   1.967   2.157   2.338   2.512   2.674   2.824   2.961   3.083   3.192   3.291   3.379   3.459   3.533   3.601   3.669   3.735   3.800
   4.225  -0.537  -0.530  -0.521  -0.511  -0.499  -0.486  -0.471  -0.455  -0.435  -0.412  -0.382  -0.347  -0.304  -0.249  -0.182  -0.100   0.002   0.120   0.255   0.410   0.574   0.748   0.923   1.069   1.183   1.302   1.440   1.596   1.767   1.954   2.143   2.330   2.512   2.685   2.852   3.004   3.142   3.267   3.379   3.479   3.569   3.650   3.725   3.797   3.867   3.933
   4.250  -0.538  -0.532  -0.524  -0.514  -0.503  -0.490  -0.475  -0.457  -0.436  -0.411  -0.380  -0.343  -0.298  -0.241  -0.174  -0.092   0.008   0.124   0.262   0.421   0.592   0.783   0.974   1.110   1.189   1.282   1.425   1.590   1.763   1.947   2.134   2.322   2.511   2.692   2.868   3.034   3.186   3.326   3.452   3.564   3.666   3.757   3.839   3.917   3.991   4.060
   4.275  -0.536  -0.529  -0.522  -0.513  -0.503  -0.490  -0.476  -0.460  -0.439  -0.415  -0.385  -0.348  -0.302  -0.244  -0.176  -0.093   0.007   0.124   0.261   0.420   0.591   0.795   1.001   1.134   1.193   1.272   1.424   1.598   1.774   1.955   2.139   2.326   2.514   2.698   2.881   3.055   3.219   3.372   3.512   3.637   3.751   3.852   3.943   4.028   4.107   4.179
   4.300  -0.532  -0.526  -0.518  -0.510  -0.501  -0.490  -0.477  -0.461  -0.442  -0.419  -0.390  -0.353  -0.308  -0.249  -0.180  -0.095   0.005   0.122   0.259   0.416   0.590   0.799   1.010   1.143   1.195   1.269   1.424   1.613   1.794   1.972   2.153   2.337   2.523   2.708   2.894   3.074   3.246   3.411   3.562   3.701   3.827   3.939   4.040   4.133   4.218   4.295
   4.325  -0.529  -0.523  -0.516  -0.508  -0.499  -0.488  -0.474  -0.458  -0.439  -0.417  -0.389  -0.353  -0.311  -0.256  -0.189  -0.106  -0.005   0.112   0.249   0.407   0.580   0.778   0.976   1.113   1.186   1.277   1.437   1.628   1.811   1.993   2.175   2.359   2.544   2.729   2.916   3.098   3.275   3.446   3.607   3.757   3.894   4.018   4.131   4.234   4.328   4.413
   4.350  -0.525  -0.520  -0.513  -0.505  -0.495  -0.483  -0.469  -0.453  -0.434  -0.413  -0.386  -0.353  -0.313  -0.260  -0.196  -0.116  -0.018   0.097   0.234   0.394   0.562   0.740   0.918   1.063   1.170   1.292   1.459   1.645   1.830   2.016   2.202   2.388   2.573   2.759   2.944   3.126   3.306   3.482   3.649   3.809   3.957   4.092   4.215   4.328   4.431   4.523
   4.375  -0.508  -0.506  -0.502  -0.496  -0.488  -0.478  -0.465  -0.449  -0.430  -0.408  -0.381  -0.349  -0.309  -0.257  -0.195  -0.117  -0.025   0.085   0.218   0.378   0.542   0.702   0.859   1.009   1.153   1.305   1.478   1.664   1.850   2.039   2.228   2.417   2.606   2.793   2.979   3.163   3.345   3.524   3.695   3.862   4.018   4.161   4.292   4.411   4.517   4.611
   4.400  -0.487  -0.487  -0.485  -0.482  -0.477  -0.469  -0.457  -0.442  -0.423  -0.401  -0.373  -0.340  -0.300  -0.250  -0.191  -0.117  -0.028   0.078   0.208   0.364   0.523   0.669   0.815   0.973   1.142   1.317   1.498   1.683   1.871   2.063   2.255   2.448   2.641   2.831   3.019   3.205   3.389   3.569   3.744   3.916   4.078   4.228   4.365   4.489   4.598   4.694
   4.425  -0.473  -0.471  -0.468  -0.464  -0.458  -0.450  -0.440  -0.426  -0.409  -0.389  -0.363  -0.330  -0.291  -0.242  -0.183  -0.112  -0.024   0.081   0.208   0.356   0.509   0.652   0.801   0.966   1.143   1.328   1.514   1.703   1.894   2.088   2.283   2.479   2.675   2.869   3.061   3.250   3.437   3.620   3.798   3.973   4.139   4.295   4.440   4.570   4.685   4.785
   4.450  -0.462  -0.457  -0.451  -0.445  -0.438  -0.429  -0.419  -0.407  -0.392  -0.372  -0.347  -0.315  -0.276  -0.227  -0.169  -0.097  -0.012   0.088   0.209   0.352   0.502   0.647   0.796   0.963   1.148   1.338   1.528   1.722   1.917   2.113   2.311   2.510   2.709   2.907   3.103   3.297   3.487   3.673   3.854   4.031   4.200   4.361   4.513   4.649   4.769   4.874
   4.475  -0.451  -0.445  -0.439  -0.432  -0.424  -0.414  -0.403  -0.390  -0.372  -0.350  -0.323  -0.290  -0.251  -0.202  -0.144  -0.074   0.009   0.105   0.220   0.358   0.504   0.649   0.802   0.971   1.158   1.350   1.544   1.741   1.939   2.139   2.340   2.542   2.744   2.945   3.145   3.342   3.536   3.726   3.910   4.089   4.261   4.427   4.583   4.722   4.846   4.954
   4.500  -0.440  -0.435  -0.430  -0.422  -0.414  -0.403  -0.389  -0.371  -0.349  -0.323  -0.292  -0.257  -0.216  -0.166  -0.110  -0.042   0.039   0.134   0.244   0.371   0.510   0.658   0.817   0.988   1.172   1.363   1.559   1.759   1.961   2.165   2.369   2.574   2.779   2.983   3.186   3.387   3.585   3.778   3.966   4.148   4.323   4.492   4.651   4.792   4.918   5.027

