low temperature opacities from Ferguson, Alexander, et al (2005) with gs98 metals
    form     version        X           Z          logRs    logR_min    logR_max       logTs    logT_min    logT_max
       1          38    0.350000    0.000300          46   -8.000000    1.000000         105    2.700000    4.500000

   logT                       logR = logRho - 3*logT + 18
          -8.000  -7.800  -7.600  -7.400  -7.200  -7.000  -6.800  -6.600  -6.400  -6.200  -6.000  -5.800  -5.600  -5.400  -5.200  -5.000  -4.800  -4.600  -4.400  -4.200  -4.000  -3.800  -3.600  -3.400  -3.200  -3.000  -2.800  -2.600  -2.400  -2.200  -2.000  -1.800  -1.600  -1.400  -1.200  -1.000  -0.800  -0.600  -0.400  -0.200   0.000   0.200   0.400   0.600   0.800   1.000

   2.700  -1.947  -1.947  -1.947  -1.947  -1.947  -1.947  -1.947  -1.947  -1.947  -1.947  -1.947  -1.947  -1.947  -1.947  -1.948  -1.948  -1.948  -1.948  -1.949  -1.956  -1.960  -1.956  -1.950  -1.948  -1.947  -1.947  -1.952  -1.960  -1.960  -1.946  -1.938  -1.941  -1.945  -1.947  -1.947  -1.948  -1.946  -1.944  -1.942  -1.940  -1.937  -1.935  -1.931  -1.927  -1.922  -1.916
   2.750  -1.976  -1.977  -1.977  -1.977  -1.977  -1.977  -1.977  -1.978  -1.978  -1.978  -1.978  -1.978  -1.978  -1.978  -1.978  -1.978  -1.978  -1.978  -1.978  -1.978  -1.978  -1.978  -1.978  -1.978  -1.978  -1.978  -1.978  -1.978  -1.978  -1.978  -1.978  -1.973  -1.965  -1.960  -1.958  -1.956  -1.953  -1.950  -1.947  -1.944  -1.941  -1.938  -1.934  -1.930  -1.925  -1.919
   2.800  -1.989  -1.989  -1.989  -1.989  -1.990  -1.990  -1.990  -1.990  -1.990  -1.991  -1.991  -1.991  -1.991  -1.991  -1.991  -1.992  -1.993  -1.994  -1.994  -1.994  -1.994  -1.994  -1.994  -1.994  -1.995  -1.995  -1.995  -1.995  -1.995  -1.995  -1.995  -1.993  -1.988  -1.982  -1.975  -1.969  -1.964  -1.960  -1.956  -1.952  -1.949  -1.945  -1.941  -1.936  -1.931  -1.925
   2.850  -1.993  -1.992  -1.992  -1.992  -1.992  -1.992  -1.990  -1.988  -1.987  -1.986  -1.986  -1.986  -1.986  -1.986  -1.986  -1.986  -1.986  -1.986  -1.986  -1.987  -1.987  -1.987  -1.987  -1.987  -1.986  -1.986  -1.986  -1.986  -1.986  -1.987  -1.987  -1.986  -1.984  -1.982  -1.979  -1.975  -1.972  -1.968  -1.964  -1.960  -1.956  -1.952  -1.948  -1.943  -1.938  -1.933
   2.900  -2.265  -2.209  -2.159  -2.114  -2.075  -2.043  -2.021  -2.005  -1.994  -1.987  -1.983  -1.980  -1.979  -1.977  -1.977  -1.976  -1.975  -1.975  -1.975  -1.975  -1.975  -1.975  -1.975  -1.975  -1.973  -1.971  -1.970  -1.970  -1.970  -1.970  -1.970  -1.971  -1.974  -1.974  -1.974  -1.973  -1.972  -1.970  -1.967  -1.964  -1.961  -1.958  -1.954  -1.950  -1.945  -1.940
   2.910  -2.497  -2.451  -2.393  -2.321  -2.230  -2.150  -2.099  -2.063  -2.034  -2.014  -1.999  -1.989  -1.983  -1.978  -1.975  -1.973  -1.972  -1.971  -1.971  -1.971  -1.971  -1.971  -1.970  -1.970  -1.970  -1.970  -1.969  -1.967  -1.966  -1.965  -1.965  -1.965  -1.965  -1.965  -1.966  -1.967  -1.967  -1.966  -1.965  -1.964  -1.962  -1.959  -1.956  -1.953  -1.949  -1.945
   2.920  -2.520  -2.516  -2.506  -2.484  -2.434  -2.368  -2.286  -2.196  -2.131  -2.087  -2.053  -2.025  -2.005  -1.990  -1.982  -1.976  -1.971  -1.969  -1.967  -1.967  -1.966  -1.965  -1.965  -1.965  -1.965  -1.965  -1.965  -1.965  -1.965  -1.963  -1.961  -1.961  -1.960  -1.960  -1.960  -1.960  -1.960  -1.961  -1.961  -1.960  -1.959  -1.957  -1.956  -1.953  -1.951  -1.948
   2.930  -2.662  -2.599  -2.551  -2.525  -2.516  -2.501  -2.462  -2.405  -2.334  -2.245  -2.165  -2.111  -2.071  -2.038  -2.013  -1.994  -1.981  -1.974  -1.968  -1.965  -1.963  -1.961  -1.960  -1.960  -1.959  -1.959  -1.959  -1.959  -1.959  -1.959  -1.959  -1.958  -1.957  -1.956  -1.955  -1.955  -1.955  -1.955  -1.955  -1.954  -1.954  -1.953  -1.952  -1.951  -1.949  -1.947
   2.940  -3.525  -3.155  -2.874  -2.703  -2.614  -2.564  -2.537  -2.522  -2.486  -2.436  -2.373  -2.290  -2.201  -2.135  -2.088  -2.052  -2.022  -2.000  -1.983  -1.972  -1.965  -1.960  -1.958  -1.956  -1.955  -1.954  -1.953  -1.953  -1.953  -1.953  -1.953  -1.953  -1.952  -1.951  -1.950  -1.950  -1.949  -1.949  -1.949  -1.948  -1.948  -1.948  -1.947  -1.946  -1.945  -1.943
   2.950  -3.444  -3.461  -3.469  -3.427  -3.176  -2.922  -2.772  -2.660  -2.581  -2.539  -2.515  -2.502  -2.495  -2.454  -2.307  -2.169  -2.104  -2.067  -2.033  -2.006  -1.985  -1.971  -1.962  -1.956  -1.952  -1.950  -1.948  -1.947  -1.947  -1.946  -1.946  -1.946  -1.946  -1.946  -1.945  -1.944  -1.943  -1.943  -1.943  -1.942  -1.942  -1.942  -1.941  -1.940  -1.940  -1.939
   2.960  -3.613  -3.597  -3.573  -3.537  -3.484  -3.456  -3.470  -3.492  -3.422  -3.016  -2.687  -2.598  -2.552  -2.520  -2.508  -2.487  -2.381  -2.222  -2.125  -2.078  -2.044  -2.012  -1.988  -1.970  -1.959  -1.952  -1.946  -1.943  -1.941  -1.941  -1.940  -1.940  -1.939  -1.939  -1.938  -1.938  -1.937  -1.937  -1.936  -1.936  -1.935  -1.935  -1.935  -1.934  -1.933  -1.932
   2.970  -3.663  -3.645  -3.627  -3.611  -3.598  -3.575  -3.510  -3.438  -3.433  -3.472  -3.498  -3.285  -2.905  -2.703  -2.621  -2.558  -2.484  -2.412  -2.331  -2.238  -2.156  -2.098  -2.053  -2.017  -1.990  -1.970  -1.955  -1.946  -1.940  -1.937  -1.935  -1.933  -1.933  -1.932  -1.931  -1.931  -1.930  -1.930  -1.929  -1.929  -1.928  -1.928  -1.928  -1.927  -1.926  -1.926
   2.980  -3.690  -3.678  -3.665  -3.651  -3.635  -3.618  -3.604  -3.587  -3.551  -3.491  -3.451  -3.443  -3.439  -3.386  -3.134  -2.882  -2.736  -2.630  -2.559  -2.533  -2.489  -2.361  -2.203  -2.105  -2.056  -2.023  -1.992  -1.969  -1.952  -1.942  -1.935  -1.931  -1.929  -1.927  -1.926  -1.925  -1.924  -1.923  -1.923  -1.922  -1.921  -1.921  -1.920  -1.920  -1.919  -1.919
   2.990  -3.450  -3.514  -3.572  -3.628  -3.687  -3.715  -3.686  -3.633  -3.601  -3.587  -3.569  -3.535  -3.497  -3.470  -3.454  -3.426  -3.320  -3.146  -2.974  -2.789  -2.624  -2.509  -2.418  -2.319  -2.214  -2.126  -2.067  -2.027  -1.992  -1.966  -1.948  -1.937  -1.931  -1.927  -1.924  -1.922  -1.920  -1.919  -1.917  -1.916  -1.915  -1.914  -1.913  -1.913  -1.912  -1.911
   3.000  -3.346  -3.350  -3.363  -3.388  -3.437  -3.496  -3.576  -3.650  -3.650  -3.583  -3.540  -3.548  -3.562  -3.561  -3.540  -3.507  -3.465  -3.411  -3.346  -3.273  -3.162  -2.982  -2.770  -2.585  -2.414  -2.276  -2.190  -2.135  -2.081  -2.032  -1.993  -1.968  -1.952  -1.939  -1.933  -1.928  -1.923  -1.919  -1.915  -1.913  -1.911  -1.909  -1.907  -1.906  -1.905  -1.904
   3.010  -3.345  -3.339  -3.335  -3.335  -3.338  -3.343  -3.357  -3.390  -3.454  -3.560  -3.619  -3.617  -3.611  -3.600  -3.575  -3.552  -3.540  -3.529  -3.495  -3.419  -3.374  -3.373  -3.372  -3.319  -3.024  -2.723  -2.551  -2.419  -2.293  -2.177  -2.086  -2.033  -2.003  -1.978  -1.962  -1.950  -1.940  -1.932  -1.925  -1.918  -1.912  -1.908  -1.905  -1.902  -1.899  -1.897
   3.020  -3.334  -3.333  -3.331  -3.329  -3.326  -3.323  -3.317  -3.312  -3.313  -3.329  -3.362  -3.423  -3.497  -3.548  -3.581  -3.593  -3.554  -3.493  -3.483  -3.497  -3.505  -3.454  -3.375  -3.360  -3.361  -3.362  -3.205  -2.899  -2.650  -2.422  -2.246  -2.152  -2.103  -2.063  -2.039  -2.020  -1.997  -1.976  -1.957  -1.940  -1.926  -1.917  -1.910  -1.904  -1.898  -1.893
   3.030  -3.327  -3.322  -3.319  -3.317  -3.317  -3.316  -3.314  -3.310  -3.305  -3.299  -3.295  -3.299  -3.310  -3.332  -3.379  -3.433  -3.500  -3.561  -3.559  -3.498  -3.458  -3.468  -3.484  -3.477  -3.424  -3.379  -3.368  -3.361  -3.307  -3.067  -2.809  -2.615  -2.443  -2.316  -2.235  -2.172  -2.118  -2.077  -2.036  -1.996  -1.964  -1.944  -1.932  -1.919  -1.906  -1.895
   3.040  -3.379  -3.352  -3.331  -3.317  -3.309  -3.304  -3.301  -3.299  -3.297  -3.295  -3.292  -3.288  -3.284  -3.283  -3.283  -3.283  -3.301  -3.343  -3.398  -3.477  -3.519  -3.498  -3.465  -3.459  -3.460  -3.460  -3.434  -3.385  -3.357  -3.345  -3.324  -3.163  -2.891  -2.695  -2.551  -2.431  -2.334  -2.256  -2.179  -2.102  -2.041  -2.004  -1.981  -1.956  -1.931  -1.908
   3.050  -3.897  -3.669  -3.500  -3.406  -3.361  -3.332  -3.310  -3.299  -3.290  -3.284  -3.281  -3.278  -3.276  -3.274  -3.271  -3.267  -3.260  -3.254  -3.256  -3.279  -3.315  -3.374  -3.433  -3.442  -3.437  -3.428  -3.415  -3.400  -3.386  -3.374  -3.353  -3.309  -3.232  -3.105  -2.921  -2.747  -2.617  -2.505  -2.390  -2.269  -2.170  -2.109  -2.069  -2.026  -1.982  -1.940
   3.060  -4.675  -4.676  -4.676  -4.578  -4.041  -3.593  -3.458  -3.388  -3.337  -3.308  -3.290  -3.276  -3.269  -3.263  -3.260  -3.257  -3.254  -3.252  -3.248  -3.241  -3.238  -3.243  -3.259  -3.292  -3.355  -3.391  -3.386  -3.377  -3.373  -3.371  -3.369  -3.362  -3.346  -3.303  -3.177  -3.034  -2.908  -2.778  -2.639  -2.484  -2.352  -2.267  -2.206  -2.138  -2.069  -2.000
   3.070  -4.597  -4.598  -4.599  -4.599  -4.600  -4.601  -4.410  -4.045  -3.781  -3.572  -3.426  -3.352  -3.314  -3.283  -3.266  -3.255  -3.247  -3.243  -3.239  -3.235  -3.232  -3.227  -3.223  -3.223  -3.228  -3.240  -3.286  -3.345  -3.355  -3.349  -3.345  -3.345  -3.345  -3.336  -3.284  -3.208  -3.119  -3.010  -2.877  -2.715  -2.568  -2.467  -2.384  -2.292  -2.195  -2.095
   3.080  -4.524  -4.524  -4.525  -4.525  -4.526  -4.526  -4.527  -4.528  -4.528  -4.529  -4.529  -4.232  -3.719  -3.478  -3.382  -3.323  -3.280  -3.258  -3.241  -3.231  -3.225  -3.219  -3.215  -3.211  -3.206  -3.204  -3.205  -3.207  -3.219  -3.262  -3.291  -3.293  -3.294  -3.293  -3.284  -3.267  -3.228  -3.157  -3.055  -2.917  -2.783  -2.680  -2.585  -2.476  -2.356  -2.227
   3.090  -4.457  -4.456  -4.455  -4.455  -4.455  -4.455  -4.455  -4.456  -4.456  -4.457  -4.457  -4.457  -4.458  -4.409  -4.123  -3.821  -3.609  -3.435  -3.332  -3.282  -3.251  -3.228  -3.216  -3.206  -3.199  -3.194  -3.189  -3.185  -3.183  -3.182  -3.182  -3.205  -3.240  -3.249  -3.250  -3.250  -3.241  -3.211  -3.157  -3.062  -2.959  -2.871  -2.779  -2.666  -2.536  -2.389
   3.100  -4.395  -4.394  -4.393  -4.391  -4.390  -4.389  -4.389  -4.389  -4.389  -4.389  -4.389  -4.389  -4.390  -4.390  -4.391  -4.391  -4.391  -4.391  -4.309  -3.856  -3.473  -3.353  -3.291  -3.244  -3.217  -3.200  -3.188  -3.182  -3.175  -3.168  -3.164  -3.171  -3.184  -3.195  -3.206  -3.211  -3.209  -3.205  -3.192  -3.141  -3.076  -3.013  -2.938  -2.837  -2.712  -2.565
   3.110  -4.343  -4.334  -4.328  -4.327  -4.326  -4.326  -4.326  -4.325  -4.325  -4.325  -4.325  -4.325  -4.325  -4.325  -4.325  -4.325  -4.325  -4.326  -4.326  -4.326  -4.326  -4.168  -3.863  -3.631  -3.430  -3.295  -3.237  -3.208  -3.183  -3.168  -3.161  -3.157  -3.155  -3.156  -3.166  -3.176  -3.183  -3.187  -3.185  -3.167  -3.136  -3.099  -3.048  -2.969  -2.864  -2.735
   3.120  -4.339  -4.307  -4.284  -4.272  -4.266  -4.264  -4.263  -4.263  -4.263  -4.265  -4.266  -4.265  -4.264  -4.264  -4.264  -4.264  -4.264  -4.264  -4.264  -4.264  -4.264  -4.264  -4.264  -4.264  -4.264  -4.264  -3.963  -3.467  -3.287  -3.228  -3.197  -3.177  -3.166  -3.166  -3.171  -3.177  -3.181  -3.184  -3.184  -3.177  -3.164  -3.145  -3.115  -3.059  -2.981  -2.880
   3.130  -4.450  -4.353  -4.281  -4.242  -4.223  -4.213  -4.207  -4.204  -4.204  -4.204  -4.204  -4.205  -4.206  -4.206  -4.206  -4.206  -4.206  -4.205  -4.205  -4.205  -4.205  -4.205  -4.204  -4.204  -4.204  -4.204  -4.204  -4.204  -4.141  -3.794  -3.496  -3.400  -3.350  -3.304  -3.270  -3.248  -3.238  -3.232  -3.222  -3.208  -3.192  -3.178  -3.159  -3.121  -3.066  -2.996
   3.140  -4.731  -4.537  -4.386  -4.279  -4.220  -4.188  -4.167  -4.157  -4.152  -4.149  -4.148  -4.148  -4.148  -4.148  -4.149  -4.149  -4.149  -4.150  -4.150  -4.150  -4.150  -4.150  -4.149  -4.149  -4.148  -4.148  -4.148  -4.147  -4.147  -4.147  -4.146  -4.004  -3.742  -3.575  -3.475  -3.407  -3.368  -3.347  -3.318  -3.283  -3.250  -3.228  -3.206  -3.175  -3.135  -3.087
   3.150  -5.124  -4.864  -4.644  -4.463  -4.321  -4.220  -4.162  -4.132  -4.114  -4.104  -4.099  -4.096  -4.095  -4.095  -4.095  -4.095  -4.095  -4.096  -4.096  -4.097  -4.097  -4.097  -4.096  -4.096  -4.095  -4.095  -4.095  -4.094  -4.094  -4.094  -4.093  -4.055  -3.969  -3.866  -3.733  -3.619  -3.557  -3.518  -3.466  -3.405  -3.350  -3.310  -3.278  -3.242  -3.206  -3.169
   3.160  -5.508  -5.255  -5.016  -4.787  -4.563  -4.378  -4.250  -4.165  -4.110  -4.080  -4.064  -4.054  -4.049  -4.047  -4.045  -4.045  -4.045  -4.045  -4.045  -4.045  -4.045  -4.045  -4.046  -4.046  -4.045  -4.045  -4.045  -4.044  -4.044  -4.043  -4.043  -4.043  -4.043  -4.025  -3.918  -3.808  -3.747  -3.696  -3.631  -3.554  -3.482  -3.426  -3.377  -3.333  -3.293  -3.258
   3.170  -5.822  -5.615  -5.398  -5.166  -4.913  -4.679  -4.476  -4.301  -4.177  -4.102  -4.057  -4.030  -4.016  -4.007  -4.002  -4.000  -3.999  -3.998  -3.998  -3.997  -3.997  -3.997  -3.998  -3.998  -3.998  -3.998  -3.998  -3.998  -3.998  -3.997  -3.997  -3.997  -3.997  -3.991  -3.959  -3.917  -3.877  -3.831  -3.771  -3.694  -3.620  -3.555  -3.496  -3.443  -3.398  -3.359
   3.180  -6.050  -5.898  -5.721  -5.518  -5.285  -5.047  -4.803  -4.566  -4.376  -4.227  -4.115  -4.045  -4.007  -3.983  -3.970  -3.963  -3.958  -3.956  -3.954  -3.953  -3.953  -3.953  -3.953  -3.953  -3.953  -3.953  -3.953  -3.953  -3.953  -3.953  -3.953  -3.953  -3.953  -3.953  -3.948  -3.938  -3.922  -3.895  -3.853  -3.795  -3.734  -3.673  -3.612  -3.558  -3.510  -3.468
   3.190  -6.195  -6.093  -5.962  -5.802  -5.610  -5.399  -5.164  -4.917  -4.686  -4.464  -4.277  -4.143  -4.050  -3.990  -3.957  -3.939  -3.927  -3.921  -3.917  -3.914  -3.913  -3.912  -3.912  -3.912  -3.912  -3.912  -3.912  -3.912  -3.912  -3.912  -3.912  -3.912  -3.912  -3.913  -3.913  -3.913  -3.910  -3.900  -3.881  -3.846  -3.805  -3.757  -3.705  -3.657  -3.613  -3.571
   3.200  -6.281  -6.217  -6.126  -6.009  -5.864  -5.693  -5.492  -5.267  -5.034  -4.783  -4.552  -4.356  -4.189  -4.068  -3.991  -3.942  -3.912  -3.896  -3.887  -3.881  -3.878  -3.876  -3.874  -3.874  -3.873  -3.873  -3.873  -3.873  -3.873  -3.873  -3.873  -3.873  -3.874  -3.874  -3.875  -3.875  -3.875  -3.873  -3.869  -3.854  -3.831  -3.800  -3.763  -3.727  -3.691  -3.655
   3.210  -6.329  -6.290  -6.229  -6.146  -6.044  -5.915  -5.755  -5.569  -5.361  -5.127  -4.890  -4.654  -4.428  -4.246  -4.103  -3.995  -3.929  -3.895  -3.871  -3.857  -3.849  -3.844  -3.841  -3.839  -3.839  -3.838  -3.837  -3.837  -3.837  -3.837  -3.837  -3.837  -3.837  -3.838  -3.839  -3.839  -3.839  -3.839  -3.839  -3.834  -3.825  -3.809  -3.787  -3.763  -3.738  -3.710
   3.220  -6.351  -6.328  -6.288  -6.233  -6.163  -6.071  -5.951  -5.807  -5.635  -5.435  -5.218  -4.980  -4.734  -4.513  -4.309  -4.140  -4.020  -3.937  -3.880  -3.848  -3.831  -3.820  -3.814  -3.810  -3.808  -3.806  -3.805  -3.804  -3.804  -3.804  -3.804  -3.804  -3.804  -3.804  -3.805  -3.805  -3.805  -3.805  -3.805  -3.804  -3.802  -3.795  -3.784  -3.770  -3.754  -3.735
   3.230  -6.354  -6.341  -6.317  -6.281  -6.237  -6.174  -6.089  -5.982  -5.848  -5.687  -5.502  -5.290  -5.059  -4.828  -4.589  -4.373  -4.193  -4.044  -3.937  -3.875  -3.835  -3.809  -3.795  -3.786  -3.780  -3.777  -3.775  -3.773  -3.773  -3.772  -3.772  -3.772  -3.772  -3.772  -3.773  -3.773  -3.773  -3.773  -3.773  -3.773  -3.772  -3.770  -3.765  -3.758  -3.748  -3.737
   3.240  -6.338  -6.334  -6.322  -6.303  -6.276  -6.235  -6.178  -6.104  -6.004  -5.879  -5.730  -5.553  -5.353  -5.135  -4.895  -4.661  -4.441  -4.239  -4.080  -3.963  -3.877  -3.822  -3.792  -3.772  -3.761  -3.754  -3.749  -3.747  -3.745  -3.744  -3.743  -3.743  -3.743  -3.743  -3.743  -3.743  -3.743  -3.743  -3.743  -3.743  -3.742  -3.741  -3.739  -3.735  -3.729  -3.722
   3.250  -6.300  -6.302  -6.303  -6.301  -6.288  -6.263  -6.228  -6.180  -6.109  -6.019  -5.904  -5.762  -5.596  -5.406  -5.189  -4.963  -4.729  -4.497  -4.295  -4.118  -3.976  -3.880  -3.819  -3.776  -3.752  -3.738  -3.728  -3.723  -3.719  -3.717  -3.716  -3.715  -3.715  -3.715  -3.714  -3.714  -3.714  -3.714  -3.714  -3.714  -3.713  -3.712  -3.711  -3.708  -3.704  -3.700
   3.260  -6.241  -6.259  -6.269  -6.271  -6.268  -6.264  -6.250  -6.219  -6.173  -6.113  -6.030  -5.921  -5.789  -5.631  -5.447  -5.244  -5.019  -4.782  -4.558  -4.341  -4.152  -4.007  -3.895  -3.814  -3.766  -3.736  -3.716  -3.706  -3.699  -3.695  -3.692  -3.690  -3.689  -3.688  -3.688  -3.688  -3.687  -3.687  -3.687  -3.686  -3.686  -3.685  -3.683  -3.681  -3.678  -3.674
   3.270  -6.169  -6.191  -6.209  -6.224  -6.235  -6.239  -6.235  -6.224  -6.203  -6.167  -6.110  -6.033  -5.933  -5.808  -5.656  -5.482  -5.281  -5.062  -4.838  -4.604  -4.386  -4.195  -4.029  -3.903  -3.818  -3.758  -3.720  -3.700  -3.685  -3.676  -3.671  -3.667  -3.665  -3.664  -3.663  -3.662  -3.662  -3.661  -3.661  -3.660  -3.659  -3.658  -3.657  -3.654  -3.652  -3.648
   3.280  -6.091  -6.116  -6.139  -6.159  -6.179  -6.192  -6.198  -6.202  -6.200  -6.183  -6.150  -6.101  -6.033  -5.939  -5.819  -5.676  -5.507  -5.316  -5.107  -4.875  -4.647  -4.427  -4.220  -4.053  -3.921  -3.820  -3.752  -3.711  -3.681  -3.665  -3.655  -3.648  -3.645  -3.642  -3.640  -3.639  -3.638  -3.637  -3.636  -3.635  -3.634  -3.632  -3.631  -3.628  -3.626  -3.622
   3.290  -6.011  -6.037  -6.062  -6.086  -6.109  -6.129  -6.148  -6.162  -6.164  -6.161  -6.155  -6.135  -6.090  -6.025  -5.938  -5.827  -5.689  -5.527  -5.342  -5.131  -4.912  -4.685  -4.457  -4.257  -4.079  -3.931  -3.824  -3.749  -3.695  -3.666  -3.648  -3.635  -3.629  -3.623  -3.620  -3.618  -3.615  -3.614  -3.612  -3.611  -3.609  -3.607  -3.606  -3.603  -3.600  -3.597
   3.300  -5.936  -5.961  -5.986  -6.010  -6.035  -6.058  -6.080  -6.099  -6.114  -6.125  -6.130  -6.124  -6.104  -6.071  -6.015  -5.934  -5.827  -5.696  -5.540  -5.359  -5.160  -4.940  -4.709  -4.491  -4.279  -4.093  -3.946  -3.830  -3.744  -3.690  -3.654  -3.631  -3.619  -3.609  -3.603  -3.598  -3.594  -3.591  -3.589  -3.587  -3.585  -3.583  -3.581  -3.578  -3.575  -3.572
   3.310  -5.868  -5.890  -5.912  -5.936  -5.960  -5.984  -6.008  -6.031  -6.051  -6.071  -6.082  -6.084  -6.085  -6.081  -6.051  -5.997  -5.921  -5.822  -5.697  -5.547  -5.374  -5.175  -4.958  -4.739  -4.511  -4.301  -4.117  -3.957  -3.833  -3.745  -3.680  -3.638  -3.616  -3.598  -3.587  -3.580  -3.574  -3.570  -3.566  -3.563  -3.561  -3.559  -3.556  -3.554  -3.550  -3.547
   3.320  -5.807  -5.826  -5.846  -5.867  -5.889  -5.912  -5.935  -5.959  -5.981  -6.003  -6.022  -6.038  -6.049  -6.050  -6.040  -6.020  -5.979  -5.908  -5.813  -5.693  -5.548  -5.377  -5.185  -4.978  -4.752  -4.531  -4.321  -4.125  -3.965  -3.837  -3.738  -3.671  -3.630  -3.598  -3.580  -3.568  -3.559  -3.553  -3.547  -3.543  -3.539  -3.536  -3.533  -3.529  -3.526  -3.522
   3.330  -5.752  -5.768  -5.786  -5.804  -5.824  -5.844  -5.866  -5.889  -5.911  -5.934  -5.956  -5.977  -5.995  -6.003  -6.007  -6.008  -5.993  -5.952  -5.886  -5.797  -5.683  -5.543  -5.380  -5.194  -4.982  -4.765  -4.545  -4.328  -4.139  -3.973  -3.837  -3.737  -3.666  -3.613  -3.583  -3.563  -3.547  -3.538  -3.530  -3.524  -3.519  -3.514  -3.510  -3.506  -3.501  -3.496
   3.340  -5.702  -5.717  -5.732  -5.748  -5.765  -5.783  -5.803  -5.823  -5.845  -5.866  -5.888  -5.910  -5.930  -5.948  -5.964  -5.971  -5.966  -5.952  -5.924  -5.865  -5.779  -5.668  -5.532  -5.373  -5.188  -4.988  -4.772  -4.549  -4.342  -4.145  -3.974  -3.838  -3.731  -3.651  -3.603  -3.569  -3.544  -3.530  -3.517  -3.508  -3.500  -3.493  -3.488  -3.482  -3.476  -3.470
   3.350  -5.658  -5.670  -5.683  -5.697  -5.712  -5.728  -5.745  -5.763  -5.782  -5.802  -5.823  -5.844  -5.865  -5.885  -5.906  -5.919  -5.924  -5.927  -5.923  -5.893  -5.836  -5.755  -5.648  -5.517  -5.361  -5.185  -4.984  -4.768  -4.556  -4.340  -4.143  -3.976  -3.834  -3.723  -3.646  -3.589  -3.550  -3.526  -3.507  -3.494  -3.484  -3.474  -3.466  -3.458  -3.450  -3.443
   3.360  -5.622  -5.630  -5.640  -5.651  -5.664  -5.678  -5.693  -5.709  -5.726  -5.743  -5.762  -5.781  -5.801  -5.821  -5.842  -5.860  -5.876  -5.887  -5.888  -5.876  -5.854  -5.807  -5.728  -5.626  -5.498  -5.347  -5.170  -4.972  -4.767  -4.549  -4.340  -4.147  -3.970  -3.827  -3.715  -3.629  -3.571  -3.534  -3.504  -3.484  -3.469  -3.455  -3.444  -3.434  -3.423  -3.414
   3.370  -5.594  -5.598  -5.603  -5.611  -5.621  -5.632  -5.645  -5.659  -5.674  -5.689  -5.706  -5.723  -5.742  -5.761  -5.780  -5.799  -5.819  -5.836  -5.840  -5.841  -5.841  -5.822  -5.771  -5.697  -5.596  -5.472  -5.322  -5.150  -4.961  -4.751  -4.540  -4.332  -4.131  -3.960  -3.815  -3.698  -3.614  -3.556  -3.511  -3.481  -3.458  -3.439  -3.425  -3.411  -3.397  -3.385
   3.380  -5.571  -5.572  -5.575  -5.579  -5.585  -5.593  -5.603  -5.614  -5.626  -5.640  -5.655  -5.670  -5.687  -5.704  -5.721  -5.739  -5.757  -5.775  -5.789  -5.800  -5.805  -5.797  -5.774  -5.733  -5.661  -5.563  -5.441  -5.295  -5.126  -4.932  -4.730  -4.521  -4.310  -4.120  -3.946  -3.797  -3.683  -3.595  -3.528  -3.485  -3.452  -3.426  -3.406  -3.387  -3.370  -3.354
   3.390  -5.554  -5.553  -5.553  -5.553  -5.556  -5.560  -5.566  -5.574  -5.584  -5.595  -5.607  -5.621  -5.635  -5.651  -5.667  -5.683  -5.700  -5.717  -5.733  -5.749  -5.757  -5.755  -5.750  -5.737  -5.692  -5.620  -5.525  -5.405  -5.260  -5.089  -4.902  -4.700  -4.489  -4.289  -4.093  -3.918  -3.774  -3.655  -3.563  -3.501  -3.454  -3.416  -3.389  -3.363  -3.341  -3.322
   3.400  -5.540  -5.537  -5.535  -5.535  -5.535  -5.535  -5.537  -5.541  -5.547  -5.555  -5.565  -5.576  -5.588  -5.602  -5.616  -5.631  -5.646  -5.662  -5.677  -5.692  -5.704  -5.710  -5.714  -5.711  -5.688  -5.643  -5.574  -5.481  -5.362  -5.216  -5.049  -4.859  -4.654  -4.451  -4.245  -4.054  -3.886  -3.739  -3.621  -3.533  -3.464  -3.412  -3.374  -3.340  -3.312  -3.289
   3.410  -5.528  -5.524  -5.521  -5.519  -5.517  -5.516  -5.516  -5.517  -5.518  -5.522  -5.529  -5.537  -5.547  -5.558  -5.570  -5.583  -5.596  -5.610  -5.624  -5.638  -5.650  -5.660  -5.667  -5.667  -5.656  -5.634  -5.592  -5.523  -5.429  -5.310  -5.166  -4.993  -4.800  -4.602  -4.394  -4.194  -4.008  -3.837  -3.694  -3.578  -3.484  -3.414  -3.364  -3.319  -3.282  -3.253
   3.420  -5.517  -5.513  -5.510  -5.506  -5.503  -5.500  -5.498  -5.496  -5.496  -5.497  -5.499  -5.503  -5.509  -5.517  -5.527  -5.538  -5.550  -5.562  -5.574  -5.587  -5.598  -5.609  -5.617  -5.617  -5.613  -5.603  -5.579  -5.531  -5.460  -5.368  -5.250  -5.099  -4.923  -4.735  -4.528  -4.324  -4.127  -3.940  -3.777  -3.637  -3.519  -3.429  -3.360  -3.300  -3.252  -3.217
   3.430  -5.501  -5.499  -5.497  -5.495  -5.491  -5.488  -5.485  -5.481  -5.479  -5.477  -5.476  -5.477  -5.479  -5.483  -5.490  -5.498  -5.507  -5.517  -5.527  -5.538  -5.548  -5.558  -5.565  -5.566  -5.563  -5.559  -5.545  -5.512  -5.460  -5.391  -5.297  -5.172  -5.021  -4.846  -4.644  -4.439  -4.237  -4.040  -3.863  -3.703  -3.565  -3.453  -3.362  -3.286  -3.225  -3.180
   3.440  -5.477  -5.480  -5.481  -5.481  -5.478  -5.475  -5.472  -5.468  -5.464  -5.461  -5.458  -5.457  -5.456  -5.456  -5.459  -5.463  -5.469  -5.476  -5.484  -5.493  -5.501  -5.509  -5.515  -5.516  -5.514  -5.510  -5.499  -5.473  -5.434  -5.383  -5.309  -5.209  -5.084  -4.929  -4.741  -4.543  -4.339  -4.134  -3.945  -3.769  -3.613  -3.481  -3.370  -3.277  -3.202  -3.146
   3.450  -5.435  -5.446  -5.454  -5.457  -5.459  -5.460  -5.459  -5.456  -5.452  -5.448  -5.444  -5.441  -5.438  -5.436  -5.435  -5.435  -5.437  -5.441  -5.446  -5.452  -5.458  -5.463  -5.467  -5.468  -5.464  -5.458  -5.446  -5.424  -5.392  -5.350  -5.290  -5.210  -5.109  -4.976  -4.811  -4.628  -4.428  -4.217  -4.020  -3.832  -3.661  -3.513  -3.385  -3.276  -3.186  -3.115
   3.460  -5.366  -5.388  -5.407  -5.420  -5.430  -5.435  -5.437  -5.438  -5.438  -5.435  -5.432  -5.428  -5.424  -5.420  -5.417  -5.414  -5.413  -5.412  -5.412  -5.415  -5.418  -5.421  -5.423  -5.422  -5.418  -5.408  -5.393  -5.372  -5.340  -5.301  -5.248  -5.181  -5.097  -4.985  -4.846  -4.685  -4.496  -4.289  -4.090  -3.892  -3.708  -3.546  -3.403  -3.278  -3.173  -3.087
   3.470  -5.268  -5.303  -5.333  -5.358  -5.378  -5.393  -5.405  -5.412  -5.415  -5.416  -5.416  -5.414  -5.410  -5.406  -5.401  -5.397  -5.393  -5.389  -5.387  -5.386  -5.385  -5.384  -5.382  -5.378  -5.372  -5.360  -5.342  -5.317  -5.285  -5.245  -5.194  -5.132  -5.057  -4.960  -4.844  -4.704  -4.534  -4.343  -4.149  -3.946  -3.753  -3.579  -3.420  -3.281  -3.162  -3.062
   3.480  -5.145  -5.190  -5.230  -5.267  -5.299  -5.326  -5.348  -5.366  -5.379  -5.388  -5.392  -5.393  -5.393  -5.392  -5.388  -5.383  -5.378  -5.373  -5.367  -5.362  -5.357  -5.352  -5.347  -5.339  -5.330  -5.315  -5.294  -5.266  -5.230  -5.186  -5.133  -5.071  -4.998  -4.909  -4.806  -4.683  -4.535  -4.367  -4.186  -3.988  -3.793  -3.610  -3.437  -3.285  -3.154  -3.042
   3.490  -5.004  -5.057  -5.106  -5.151  -5.194  -5.232  -5.265  -5.294  -5.319  -5.338  -5.353  -5.364  -5.369  -5.370  -5.369  -5.368  -5.364  -5.358  -5.352  -5.344  -5.336  -5.327  -5.318  -5.306  -5.292  -5.273  -5.248  -5.217  -5.177  -5.128  -5.071  -5.005  -4.928  -4.841  -4.743  -4.630  -4.500  -4.354  -4.190  -4.006  -3.820  -3.635  -3.453  -3.292  -3.149  -3.022
   3.500  -4.849  -4.909  -4.965  -5.018  -5.068  -5.115  -5.158  -5.198  -5.233  -5.263  -5.289  -5.310  -5.326  -5.337  -5.344  -5.346  -5.345  -5.341  -5.336  -5.328  -5.319  -5.308  -5.295  -5.279  -5.260  -5.236  -5.207  -5.171  -5.127  -5.073  -5.011  -4.939  -4.857  -4.767  -4.667  -4.557  -4.436  -4.304  -4.157  -3.994  -3.823  -3.644  -3.462  -3.296  -3.143  -3.001
   3.525  -4.429  -4.500  -4.570  -4.637  -4.701  -4.763  -4.823  -4.880  -4.934  -4.984  -5.031  -5.073  -5.112  -5.147  -5.177  -5.201  -5.220  -5.236  -5.249  -5.257  -5.260  -5.254  -5.245  -5.230  -5.210  -5.183  -5.148  -5.101  -5.043  -4.972  -4.891  -4.799  -4.698  -4.590  -4.475  -4.356  -4.234  -4.107  -3.973  -3.834  -3.694  -3.535  -3.374  -3.222  -3.070  -2.922
   3.550  -3.983  -4.063  -4.141  -4.217  -4.292  -4.364  -4.434  -4.502  -4.568  -4.632  -4.693  -4.752  -4.809  -4.863  -4.914  -4.962  -5.006  -5.045  -5.080  -5.110  -5.133  -5.147  -5.154  -5.153  -5.139  -5.112  -5.073  -5.021  -4.953  -4.871  -4.777  -4.670  -4.552  -4.428  -4.297  -4.162  -4.025  -3.886  -3.748  -3.610  -3.473  -3.337  -3.202  -3.066  -2.930  -2.793
   3.575  -3.524  -3.611  -3.696  -3.780  -3.862  -3.943  -4.022  -4.100  -4.176  -4.249  -4.321  -4.391  -4.459  -4.524  -4.587  -4.646  -4.703  -4.755  -4.803  -4.848  -4.885  -4.917  -4.942  -4.956  -4.956  -4.942  -4.914  -4.873  -4.817  -4.744  -4.656  -4.554  -4.438  -4.312  -4.175  -4.031  -3.884  -3.732  -3.582  -3.433  -3.286  -3.142  -3.001  -2.860  -2.720  -2.581
   3.600  -3.067  -3.158  -3.248  -3.337  -3.425  -3.512  -3.598  -3.682  -3.765  -3.845  -3.924  -4.001  -4.076  -4.149  -4.219  -4.286  -4.351  -4.413  -4.470  -4.525  -4.573  -4.616  -4.651  -4.674  -4.688  -4.692  -4.682  -4.653  -4.609  -4.549  -4.473  -4.381  -4.274  -4.154  -4.019  -3.876  -3.725  -3.568  -3.410  -3.251  -3.094  -2.939  -2.787  -2.638  -2.492  -2.350
   3.625  -2.630  -2.723  -2.816  -2.908  -2.998  -3.089  -3.178  -3.266  -3.353  -3.439  -3.523  -3.606  -3.688  -3.767  -3.844  -3.918  -3.990  -4.059  -4.123  -4.183  -4.236  -4.284  -4.321  -4.340  -4.351  -4.356  -4.345  -4.312  -4.267  -4.207  -4.134  -4.050  -3.954  -3.848  -3.731  -3.608  -3.478  -3.342  -3.203  -3.061  -2.916  -2.768  -2.618  -2.469  -2.320  -2.171
   3.650  -2.216  -2.309  -2.402  -2.494  -2.586  -2.678  -2.769  -2.859  -2.949  -3.037  -3.125  -3.212  -3.298  -3.382  -3.464  -3.544  -3.621  -3.694  -3.762  -3.825  -3.880  -3.928  -3.964  -3.975  -3.979  -3.980  -3.962  -3.921  -3.871  -3.808  -3.736  -3.657  -3.570  -3.479  -3.382  -3.281  -3.176  -3.065  -2.949  -2.828  -2.701  -2.566  -2.426  -2.282  -2.134  -1.982
   3.675  -1.827  -1.919  -2.012  -2.104  -2.197  -2.290  -2.382  -2.474  -2.565  -2.655  -2.745  -2.834  -2.922  -3.008  -3.093  -3.175  -3.255  -3.331  -3.401  -3.467  -3.523  -3.571  -3.606  -3.613  -3.612  -3.608  -3.584  -3.537  -3.482  -3.416  -3.343  -3.264  -3.180  -3.093  -3.003  -2.909  -2.812  -2.712  -2.608  -2.499  -2.385  -2.265  -2.140  -2.011  -1.878  -1.740
   3.700  -1.483  -1.570  -1.658  -1.747  -1.837  -1.928  -2.019  -2.110  -2.200  -2.291  -2.381  -2.470  -2.558  -2.645  -2.731  -2.814  -2.895  -2.972  -3.043  -3.109  -3.165  -3.213  -3.246  -3.250  -3.246  -3.236  -3.207  -3.155  -3.096  -3.028  -2.953  -2.874  -2.790  -2.704  -2.614  -2.523  -2.430  -2.335  -2.237  -2.136  -2.032  -1.925  -1.815  -1.702  -1.585  -1.464
   3.725  -1.196  -1.272  -1.346  -1.424  -1.507  -1.592  -1.679  -1.767  -1.856  -1.946  -2.035  -2.124  -2.212  -2.299  -2.385  -2.468  -2.549  -2.626  -2.697  -2.762  -2.817  -2.863  -2.894  -2.897  -2.891  -2.878  -2.846  -2.793  -2.734  -2.666  -2.591  -2.513  -2.430  -2.344  -2.256  -2.166  -2.075  -1.981  -1.886  -1.788  -1.688  -1.585  -1.480  -1.372  -1.261  -1.148
   3.750  -0.995  -1.044  -1.099  -1.161  -1.230  -1.303  -1.380  -1.461  -1.543  -1.628  -1.713  -1.798  -1.884  -1.968  -2.052  -2.133  -2.212  -2.287  -2.355  -2.418  -2.470  -2.512  -2.541  -2.544  -2.537  -2.522  -2.489  -2.438  -2.380  -2.313  -2.240  -2.163  -2.081  -1.997  -1.909  -1.820  -1.729  -1.637  -1.542  -1.446  -1.347  -1.246  -1.142  -1.037  -0.930  -0.820
   3.775  -0.897  -0.915  -0.945  -0.982  -1.026  -1.077  -1.137  -1.202  -1.269  -1.341  -1.415  -1.492  -1.570  -1.648  -1.727  -1.804  -1.877  -1.948  -2.012  -2.070  -2.118  -2.157  -2.182  -2.185  -2.177  -2.162  -2.131  -2.082  -2.026  -1.961  -1.890  -1.815  -1.736  -1.654  -1.569  -1.483  -1.394  -1.304  -1.212  -1.118  -1.022  -0.923  -0.823  -0.720  -0.615  -0.508
   3.800  -0.861  -0.865  -0.875  -0.889  -0.907  -0.932  -0.965  -1.005  -1.051  -1.104  -1.162  -1.224  -1.289  -1.355  -1.423  -1.490  -1.554  -1.616  -1.671  -1.722  -1.764  -1.796  -1.817  -1.819  -1.811  -1.796  -1.766  -1.720  -1.668  -1.607  -1.540  -1.469  -1.393  -1.315  -1.234  -1.151  -1.066  -0.979  -0.890  -0.799  -0.706  -0.611  -0.514  -0.414  -0.311  -0.206
   3.825  -0.853  -0.853  -0.854  -0.857  -0.861  -0.867  -0.876  -0.890  -0.911  -0.938  -0.970  -1.009  -1.053  -1.096  -1.144  -1.193  -1.241  -1.288  -1.330  -1.370  -1.401  -1.423  -1.438  -1.440  -1.431  -1.414  -1.385  -1.345  -1.298  -1.243  -1.183  -1.117  -1.047  -0.975  -0.899  -0.821  -0.741  -0.659  -0.575  -0.488  -0.399  -0.308  -0.215  -0.118  -0.019   0.083
   3.850  -0.850  -0.849  -0.848  -0.846  -0.845  -0.844  -0.843  -0.843  -0.843  -0.846  -0.851  -0.859  -0.872  -0.889  -0.911  -0.935  -0.960  -0.986  -1.009  -1.031  -1.047  -1.056  -1.060  -1.059  -1.047  -1.027  -1.000  -0.965  -0.923  -0.875  -0.821  -0.763  -0.700  -0.634  -0.565  -0.493  -0.419  -0.343  -0.264  -0.183  -0.099  -0.013   0.076   0.168   0.263   0.361
   3.875  -0.850  -0.849  -0.848  -0.846  -0.843  -0.840  -0.835  -0.830  -0.821  -0.811  -0.798  -0.781  -0.765  -0.754  -0.744  -0.736  -0.733  -0.727  -0.721  -0.717  -0.710  -0.702  -0.692  -0.680  -0.662  -0.639  -0.611  -0.579  -0.542  -0.499  -0.453  -0.402  -0.347  -0.289  -0.228  -0.164  -0.097  -0.028   0.044   0.119   0.197   0.278   0.361   0.448   0.537   0.630
   3.900  -0.851  -0.850  -0.848  -0.846  -0.842  -0.838  -0.833  -0.825  -0.814  -0.799  -0.780  -0.754  -0.724  -0.689  -0.649  -0.608  -0.566  -0.524  -0.485  -0.449  -0.415  -0.384  -0.354  -0.324  -0.296  -0.266  -0.235  -0.202  -0.167  -0.129  -0.088  -0.044   0.003   0.054   0.107   0.164   0.223   0.285   0.350   0.418   0.489   0.563   0.640   0.721   0.805   0.892
   3.925  -0.848  -0.848  -0.847  -0.845  -0.843  -0.839  -0.834  -0.827  -0.816  -0.801  -0.780  -0.753  -0.716  -0.670  -0.613  -0.548  -0.472  -0.395  -0.322  -0.250  -0.184  -0.124  -0.065  -0.012   0.035   0.078   0.118   0.156   0.193   0.230   0.268   0.308   0.350   0.394   0.441   0.490   0.541   0.596   0.654   0.714   0.778   0.845   0.915   0.990   1.068   1.150
   3.950  -0.839  -0.842  -0.844  -0.844  -0.843  -0.840  -0.836  -0.829  -0.818  -0.804  -0.782  -0.752  -0.714  -0.663  -0.601  -0.528  -0.441  -0.343  -0.241  -0.133  -0.028   0.070   0.162   0.243   0.313   0.376   0.431   0.479   0.524   0.565   0.604   0.643   0.682   0.722   0.763   0.806   0.852   0.900   0.951   1.004   1.061   1.121   1.185   1.253   1.325   1.401
   3.975  -0.798  -0.810  -0.819  -0.826  -0.833  -0.834  -0.831  -0.826  -0.818  -0.806  -0.786  -0.758  -0.722  -0.671  -0.608  -0.532  -0.442  -0.339  -0.220  -0.087   0.049   0.186   0.316   0.427   0.525   0.610   0.684   0.751   0.810   0.861   0.907   0.950   0.990   1.029   1.068   1.108   1.149   1.192   1.238   1.286   1.337   1.391   1.448   1.509   1.575   1.646
   4.000  -0.745  -0.762  -0.778  -0.792  -0.806  -0.814  -0.817  -0.818  -0.817  -0.807  -0.789  -0.764  -0.730  -0.681  -0.619  -0.542  -0.447  -0.337  -0.213  -0.072   0.075   0.226   0.378   0.519   0.652   0.772   0.876   0.966   1.045   1.111   1.169   1.221   1.266   1.309   1.350   1.389   1.428   1.468   1.510   1.554   1.601   1.650   1.701   1.758   1.818   1.883
   4.025  -0.710  -0.721  -0.731  -0.743  -0.756  -0.767  -0.775  -0.784  -0.790  -0.787  -0.778  -0.759  -0.728  -0.684  -0.629  -0.558  -0.466  -0.356  -0.230  -0.088   0.062   0.220   0.377   0.540   0.704   0.860   0.999   1.120   1.220   1.302   1.379   1.445   1.502   1.553   1.599   1.642   1.683   1.723   1.764   1.805   1.849   1.895   1.944   1.996   2.053   2.112
   4.050  -0.690  -0.692  -0.696  -0.701  -0.708  -0.716  -0.727  -0.738  -0.745  -0.750  -0.751  -0.744  -0.721  -0.685  -0.635  -0.568  -0.482  -0.377  -0.256  -0.115   0.037   0.201   0.374   0.546   0.721   0.889   1.046   1.193   1.323   1.438   1.538   1.623   1.696   1.760   1.815   1.865   1.911   1.954   1.996   2.038   2.081   2.126   2.173   2.223   2.276   2.332
   4.075  -0.684  -0.685  -0.685  -0.687  -0.688  -0.691  -0.696  -0.701  -0.704  -0.706  -0.705  -0.700  -0.685  -0.656  -0.614  -0.556  -0.477  -0.382  -0.274  -0.145  -0.001   0.160   0.341   0.516   0.696   0.872   1.041   1.204   1.366   1.517   1.648   1.751   1.841   1.924   1.993   2.055   2.110   2.158   2.205   2.250   2.294   2.340   2.386   2.435   2.487   2.540
   4.100  -0.681  -0.681  -0.680  -0.680  -0.679  -0.678  -0.677  -0.675  -0.672  -0.668  -0.661  -0.651  -0.635  -0.610  -0.577  -0.529  -0.464  -0.384  -0.283  -0.163  -0.026   0.127   0.295   0.469   0.653   0.839   1.024   1.207   1.380   1.544   1.694   1.827   1.944   2.048   2.135   2.212   2.279   2.337   2.392   2.441   2.489   2.537   2.585   2.634   2.685   2.737
   4.125  -0.679  -0.678  -0.676  -0.675  -0.674  -0.672  -0.670  -0.667  -0.661  -0.654  -0.642  -0.625  -0.604  -0.573  -0.533  -0.483  -0.423  -0.350  -0.256  -0.146  -0.021   0.122   0.270   0.433   0.609   0.791   0.983   1.178   1.359   1.535   1.698   1.861   2.012   2.134   2.240   2.336   2.418   2.489   2.554   2.611   2.665   2.717   2.767   2.819   2.871   2.925
   4.150  -0.678  -0.677  -0.675  -0.673  -0.671  -0.669  -0.666  -0.662  -0.655  -0.647  -0.633  -0.613  -0.586  -0.549  -0.503  -0.446  -0.379  -0.302  -0.214  -0.116  -0.005   0.120   0.259   0.413   0.582   0.759   0.944   1.135   1.325   1.516   1.699   1.873   2.036   2.183   2.314   2.430   2.530   2.616   2.694   2.762   2.824   2.882   2.937   2.992   3.048   3.103
   4.175  -0.679  -0.677  -0.675  -0.673  -0.670  -0.666  -0.662  -0.658  -0.651  -0.642  -0.628  -0.609  -0.583  -0.545  -0.498  -0.438  -0.363  -0.277  -0.182  -0.076   0.038   0.155   0.289   0.434   0.590   0.760   0.931   1.109   1.295   1.486   1.678   1.861   2.037   2.205   2.359   2.496   2.615   2.720   2.813   2.893   2.966   3.032   3.094   3.155   3.215   3.273
   4.200  -0.680  -0.678  -0.675  -0.672  -0.669  -0.665  -0.661  -0.655  -0.648  -0.640  -0.626  -0.607  -0.581  -0.544  -0.496  -0.435  -0.358  -0.267  -0.165  -0.050   0.072   0.199   0.332   0.470   0.613   0.764   0.926   1.098   1.277   1.466   1.657   1.848   2.037   2.215   2.384   2.540   2.679   2.803   2.913   3.007   3.092   3.169   3.239   3.307   3.372   3.434
   4.225  -0.681  -0.679  -0.677  -0.673  -0.670  -0.666  -0.661  -0.655  -0.647  -0.638  -0.624  -0.605  -0.581  -0.545  -0.498  -0.439  -0.363  -0.274  -0.171  -0.053   0.073   0.215   0.361   0.509   0.655   0.801   0.958   1.121   1.293   1.473   1.659   1.847   2.035   2.218   2.398   2.569   2.725   2.867   2.994   3.104   3.204   3.293   3.373   3.448   3.518   3.583
   4.250  -0.681  -0.680  -0.677  -0.674  -0.671  -0.666  -0.661  -0.654  -0.646  -0.636  -0.622  -0.604  -0.580  -0.545  -0.501  -0.444  -0.372  -0.285  -0.181  -0.060   0.074   0.220   0.376   0.532   0.691   0.850   1.006   1.164   1.326   1.492   1.665   1.847   2.034   2.221   2.409   2.590   2.760   2.918   3.061   3.188   3.302   3.404   3.495   3.579   3.656   3.724
   4.275  -0.681  -0.679  -0.677  -0.674  -0.670  -0.666  -0.660  -0.653  -0.644  -0.634  -0.620  -0.602  -0.579  -0.545  -0.503  -0.449  -0.379  -0.294  -0.192  -0.072   0.063   0.211   0.370   0.532   0.703   0.876   1.042   1.206   1.372   1.536   1.701   1.875   2.055   2.239   2.428   2.612   2.790   2.961   3.117   3.259   3.388   3.503   3.606   3.701   3.787   3.864
   4.300  -0.679  -0.677  -0.675  -0.673  -0.669  -0.665  -0.659  -0.652  -0.642  -0.631  -0.617  -0.599  -0.577  -0.545  -0.504  -0.451  -0.383  -0.301  -0.202  -0.085   0.047   0.197   0.360   0.530   0.707   0.887   1.066   1.245   1.419   1.588   1.757   1.927   2.098   2.274   2.457   2.640   2.822   3.001   3.167   3.323   3.465   3.592   3.707   3.813   3.910   3.997
   4.325  -0.675  -0.674  -0.673  -0.671  -0.668  -0.664  -0.658  -0.650  -0.640  -0.628  -0.613  -0.595  -0.573  -0.542  -0.503  -0.450  -0.384  -0.306  -0.209  -0.095   0.036   0.185   0.348   0.521   0.702   0.887   1.075   1.265   1.449   1.629   1.806   1.979   2.151   2.327   2.505   2.684   2.866   3.046   3.217   3.382   3.535   3.674   3.800   3.916   4.021   4.115
   4.350  -0.663  -0.666  -0.667  -0.667  -0.665  -0.661  -0.655  -0.647  -0.637  -0.625  -0.609  -0.590  -0.567  -0.536  -0.498  -0.448  -0.385  -0.307  -0.212  -0.099   0.030   0.178   0.341   0.514   0.698   0.887   1.080   1.277   1.470   1.662   1.850   2.032   2.209   2.387   2.563   2.739   2.918   3.097   3.271   3.442   3.603   3.751   3.888   4.013   4.126   4.227
   4.375  -0.632  -0.639  -0.645  -0.650  -0.653  -0.653  -0.649  -0.642  -0.633  -0.621  -0.605  -0.585  -0.561  -0.529  -0.491  -0.442  -0.380  -0.304  -0.210  -0.098   0.031   0.178   0.341   0.514   0.698   0.889   1.085   1.286   1.485   1.685   1.882   2.073   2.260   2.444   2.624   2.803   2.982   3.159   3.334   3.508   3.673   3.829   3.975   4.109   4.231   4.342
   4.400  -0.596  -0.607  -0.616  -0.624  -0.632  -0.636  -0.635  -0.632  -0.627  -0.614  -0.597  -0.577  -0.551  -0.519  -0.481  -0.431  -0.369  -0.295  -0.202  -0.093   0.034   0.180   0.342   0.515   0.700   0.893   1.091   1.294   1.498   1.704   1.908   2.109   2.306   2.498   2.685   2.869   3.050   3.228   3.404   3.578   3.746   3.907   4.059   4.200   4.329   4.448
   4.425  -0.576  -0.581  -0.587  -0.592  -0.598  -0.603  -0.604  -0.604  -0.603  -0.595  -0.581  -0.564  -0.540  -0.508  -0.469  -0.419  -0.358  -0.283  -0.191  -0.083   0.043   0.188   0.350   0.523   0.709   0.903   1.103   1.307   1.514   1.723   1.931   2.138   2.343   2.543   2.739   2.930   3.117   3.300   3.478   3.654   3.823   3.986   4.141   4.283   4.412   4.529
   4.450  -0.566  -0.566  -0.567  -0.568  -0.569  -0.570  -0.571  -0.571  -0.570  -0.566  -0.557  -0.542  -0.519  -0.488  -0.449  -0.400  -0.339  -0.265  -0.173  -0.065   0.061   0.206   0.367   0.540   0.726   0.919   1.119   1.324   1.532   1.743   1.954   2.165   2.375   2.582   2.787   2.987   3.181   3.370   3.553   3.730   3.901   4.066   4.222   4.364   4.491   4.604
   4.475  -0.563  -0.563  -0.562  -0.560  -0.558  -0.554  -0.552  -0.549  -0.544  -0.535  -0.523  -0.506  -0.482  -0.451  -0.414  -0.366  -0.306  -0.234  -0.144  -0.038   0.086   0.230   0.390   0.562   0.747   0.941   1.140   1.346   1.555   1.767   1.980   2.194   2.408   2.619   2.830   3.036   3.237   3.433   3.621   3.803   3.978   4.146   4.305   4.448   4.576   4.689
   4.500  -0.562  -0.562  -0.560  -0.558  -0.554  -0.549  -0.542  -0.532  -0.519  -0.501  -0.480  -0.458  -0.432  -0.401  -0.366  -0.320  -0.263  -0.193  -0.106  -0.003   0.119   0.261   0.420   0.591   0.775   0.968   1.167   1.372   1.581   1.794   2.008   2.223   2.439   2.653   2.868   3.079   3.287   3.490   3.686   3.874   4.054   4.226   4.388   4.534   4.663   4.778

