low temperature opacities from Ferguson, Alexander, et al (2005) with gs98 metals
    form     version        X           Z          logRs    logR_min    logR_max       logTs    logT_min    logT_max
       1          38    0.700000    0.020000          46   -8.000000    1.000000         105    2.700000    4.500000

   logT                       logR = logRho - 3*logT + 18
          -8.000  -7.800  -7.600  -7.400  -7.200  -7.000  -6.800  -6.600  -6.400  -6.200  -6.000  -5.800  -5.600  -5.400  -5.200  -5.000  -4.800  -4.600  -4.400  -4.200  -4.000  -3.800  -3.600  -3.400  -3.200  -3.000  -2.800  -2.600  -2.400  -2.200  -2.000  -1.800  -1.600  -1.400  -1.200  -1.000  -0.800  -0.600  -0.400  -0.200   0.000   0.200   0.400   0.600   0.800   1.000

   2.700  -0.089  -0.089  -0.089  -0.089  -0.086  -0.085  -0.085  -0.085  -0.084  -0.079  -0.076  -0.081  -0.089  -0.090  -0.082  -0.077  -0.082  -0.089  -0.091  -0.092  -0.092  -0.092  -0.091  -0.091  -0.092  -0.092  -0.092  -0.092  -0.092  -0.093  -0.093  -0.093  -0.093  -0.093  -0.090  -0.085  -0.074  -0.059  -0.049  -0.043  -0.037  -0.029  -0.020  -0.015  -0.013  -0.012
   2.750  -0.082  -0.079  -0.078  -0.078  -0.081  -0.083  -0.084  -0.084  -0.084  -0.083  -0.083  -0.083  -0.084  -0.084  -0.083  -0.083  -0.085  -0.087  -0.088  -0.087  -0.086  -0.086  -0.087  -0.088  -0.090  -0.091  -0.091  -0.090  -0.088  -0.084  -0.082  -0.084  -0.087  -0.087  -0.084  -0.079  -0.069  -0.056  -0.048  -0.042  -0.036  -0.029  -0.021  -0.016  -0.012  -0.011
   2.800  -0.057  -0.058  -0.059  -0.060  -0.061  -0.062  -0.063  -0.063  -0.065  -0.067  -0.068  -0.068  -0.068  -0.068  -0.068  -0.069  -0.070  -0.071  -0.071  -0.070  -0.069  -0.069  -0.069  -0.070  -0.074  -0.076  -0.074  -0.072  -0.071  -0.073  -0.074  -0.074  -0.074  -0.074  -0.071  -0.067  -0.059  -0.051  -0.044  -0.040  -0.035  -0.028  -0.021  -0.016  -0.012  -0.010
   2.850  -0.045  -0.045  -0.044  -0.044  -0.043  -0.043  -0.043  -0.043  -0.043  -0.043  -0.043  -0.043  -0.044  -0.044  -0.045  -0.045  -0.045  -0.045  -0.045  -0.046  -0.047  -0.048  -0.050  -0.050  -0.050  -0.050  -0.050  -0.051  -0.051  -0.052  -0.053  -0.052  -0.051  -0.051  -0.051  -0.051  -0.048  -0.043  -0.039  -0.036  -0.032  -0.027  -0.021  -0.016  -0.012  -0.009
   2.900  -0.040  -0.038  -0.036  -0.034  -0.034  -0.033  -0.032  -0.030  -0.028  -0.026  -0.025  -0.025  -0.024  -0.023  -0.019  -0.016  -0.016  -0.017  -0.017  -0.017  -0.017  -0.017  -0.018  -0.018  -0.019  -0.019  -0.019  -0.020  -0.020  -0.020  -0.021  -0.025  -0.031  -0.034  -0.035  -0.036  -0.035  -0.034  -0.032  -0.030  -0.028  -0.024  -0.020  -0.016  -0.012  -0.008
   2.910  -0.054  -0.045  -0.039  -0.034  -0.032  -0.030  -0.029  -0.029  -0.027  -0.025  -0.023  -0.021  -0.020  -0.019  -0.018  -0.018  -0.018  -0.017  -0.017  -0.017  -0.017  -0.017  -0.018  -0.018  -0.019  -0.019  -0.019  -0.020  -0.020  -0.021  -0.021  -0.020  -0.020  -0.020  -0.022  -0.024  -0.024  -0.024  -0.024  -0.024  -0.022  -0.020  -0.017  -0.014  -0.010  -0.006
   2.920  -0.108  -0.081  -0.060  -0.045  -0.037  -0.031  -0.027  -0.025  -0.023  -0.023  -0.022  -0.020  -0.018  -0.016  -0.014  -0.013  -0.012  -0.011  -0.011  -0.011  -0.011  -0.011  -0.011  -0.011  -0.012  -0.012  -0.012  -0.012  -0.012  -0.013  -0.014  -0.014  -0.014  -0.014  -0.015  -0.015  -0.016  -0.016  -0.016  -0.016  -0.016  -0.015  -0.013  -0.011  -0.008  -0.004
   2.930  -0.242  -0.181  -0.131  -0.093  -0.067  -0.049  -0.036  -0.028  -0.023  -0.020  -0.018  -0.017  -0.016  -0.014  -0.012  -0.010  -0.009  -0.008  -0.006  -0.005  -0.004  -0.004  -0.004  -0.004  -0.004  -0.004  -0.004  -0.005  -0.005  -0.006  -0.006  -0.006  -0.007  -0.007  -0.007  -0.007  -0.007  -0.008  -0.008  -0.008  -0.008  -0.008  -0.007  -0.006  -0.003  -0.001
   2.940  -0.562  -0.413  -0.294  -0.205  -0.150  -0.110  -0.077  -0.053  -0.036  -0.026  -0.019  -0.014  -0.012  -0.010  -0.009  -0.008  -0.006  -0.004  -0.002  -0.001   0.000   0.001   0.003   0.003   0.003   0.003   0.003   0.003   0.003   0.002   0.002   0.002   0.001   0.001   0.001   0.001   0.001   0.001   0.000   0.000   0.000   0.000   0.000   0.001   0.002   0.004
   2.950  -0.849  -0.663  -0.509  -0.391  -0.312  -0.247  -0.183  -0.129  -0.087  -0.059  -0.038  -0.024  -0.015  -0.009  -0.006  -0.004  -0.002  -0.001  -0.001   0.000   0.000   0.002   0.006   0.008   0.009   0.010   0.011   0.011   0.011   0.011   0.011   0.011   0.010   0.010   0.009   0.009   0.009   0.009   0.009   0.008   0.008   0.008   0.008   0.008   0.009   0.011
   2.960  -0.926  -0.889  -0.861  -0.844  -0.839  -0.829  -0.643  -0.338  -0.194  -0.137  -0.099  -0.064  -0.041  -0.023  -0.012  -0.005   0.000   0.003   0.005   0.006   0.007   0.007   0.008   0.009   0.012   0.015   0.017   0.018   0.018   0.019   0.019   0.019   0.018   0.018   0.018   0.018   0.018   0.017   0.017   0.017   0.017   0.017   0.016   0.017   0.017   0.018
   2.970  -1.200  -1.090  -1.001  -0.938  -0.910  -0.861  -0.757  -0.627  -0.495  -0.351  -0.231  -0.158  -0.111  -0.072  -0.043  -0.022  -0.008   0.000   0.006   0.010   0.012   0.014   0.014   0.016   0.017   0.019   0.021   0.022   0.024   0.025   0.026   0.026   0.026   0.026   0.026   0.026   0.026   0.026   0.026   0.026   0.026   0.025   0.025   0.025   0.026   0.026
   2.980  -1.662  -1.548  -1.426  -1.290  -1.134  -1.006  -0.950  -0.915  -0.806  -0.602  -0.418  -0.316  -0.248  -0.183  -0.125  -0.078  -0.044  -0.021  -0.004   0.005   0.012   0.017   0.020   0.022   0.022   0.023   0.023   0.024   0.025   0.029   0.032   0.033   0.034   0.034   0.034   0.034   0.035   0.035   0.035   0.035   0.035   0.035   0.034   0.034   0.035   0.035
   2.990  -1.525  -1.584  -1.634  -1.675  -1.711  -1.727  -1.518  -1.160  -1.003  -0.962  -0.892  -0.706  -0.483  -0.337  -0.259  -0.198  -0.135  -0.083  -0.045  -0.020  -0.002   0.011   0.019   0.025   0.028   0.030   0.031   0.032   0.032   0.033   0.033   0.036   0.039   0.041   0.041   0.042   0.042   0.043   0.043   0.043   0.043   0.043   0.044   0.044   0.044   0.044
   3.000  -1.497  -1.499  -1.505  -1.515  -1.528  -1.554  -1.622  -1.698  -1.661  -1.374  -1.103  -1.013  -0.962  -0.816  -0.577  -0.371  -0.264  -0.203  -0.143  -0.089  -0.047  -0.017   0.003   0.018   0.026   0.032   0.036   0.038   0.040   0.041   0.042   0.044   0.045   0.047   0.047   0.048   0.049   0.050   0.051   0.052   0.052   0.052   0.052   0.053   0.053   0.053
   3.010  -1.478  -1.478  -1.480  -1.483  -1.492  -1.501  -1.507  -1.514  -1.536  -1.587  -1.617  -1.486  -1.244  -1.096  -1.028  -0.923  -0.699  -0.443  -0.281  -0.202  -0.146  -0.090  -0.046  -0.013   0.009   0.024   0.035   0.041   0.045   0.047   0.049   0.050   0.051   0.052   0.053   0.054   0.056   0.057   0.058   0.059   0.060   0.061   0.061   0.062   0.062   0.062
   3.020  -1.441  -1.452  -1.459  -1.463  -1.465  -1.467  -1.479  -1.496  -1.507  -1.511  -1.519  -1.555  -1.600  -1.576  -1.391  -1.199  -1.102  -1.012  -0.832  -0.554  -0.321  -0.208  -0.149  -0.092  -0.045  -0.010   0.014   0.030   0.042   0.049   0.053   0.056   0.057   0.058   0.060   0.061   0.062   0.064   0.065   0.067   0.068   0.069   0.070   0.070   0.071   0.071
   3.030  -1.368  -1.389  -1.407  -1.422  -1.435  -1.444  -1.448  -1.450  -1.453  -1.457  -1.463  -1.473  -1.487  -1.506  -1.536  -1.551  -1.485  -1.349  -1.227  -1.113  -0.953  -0.678  -0.378  -0.213  -0.139  -0.088  -0.040  -0.004   0.022   0.039   0.050   0.057   0.061   0.064   0.066   0.067   0.069   0.071   0.072   0.074   0.075   0.077   0.078   0.079   0.079   0.080
   3.040  -1.337  -1.336  -1.336  -1.340  -1.364  -1.389  -1.406  -1.420  -1.428  -1.432  -1.435  -1.437  -1.440  -1.446  -1.461  -1.479  -1.502  -1.524  -1.519  -1.447  -1.304  -1.005  -0.632  -0.408  -0.308  -0.234  -0.152  -0.083  -0.030   0.005   0.030   0.047   0.056   0.063   0.067   0.070   0.073   0.076   0.078   0.081   0.082   0.084   0.085   0.087   0.088   0.089
   3.050  -1.331  -1.329  -1.327  -1.325  -1.323  -1.322  -1.332  -1.353  -1.372  -1.389  -1.404  -1.411  -1.416  -1.423  -1.433  -1.443  -1.450  -1.458  -1.470  -1.490  -1.500  -1.459  -1.364  -1.258  -1.144  -0.967  -0.639  -0.284  -0.127  -0.064  -0.023   0.012   0.033   0.050   0.059   0.066   0.072   0.077   0.082   0.085   0.088   0.090   0.092   0.094   0.096   0.098
   3.060  -1.320  -1.320  -1.319  -1.318  -1.316  -1.314  -1.312  -1.309  -1.311  -1.323  -1.338  -1.356  -1.375  -1.387  -1.395  -1.401  -1.408  -1.415  -1.423  -1.430  -1.438  -1.446  -1.458  -1.488  -1.553  -1.590  -1.211  -0.567  -0.293  -0.195  -0.128  -0.067  -0.024   0.009   0.030   0.046   0.060   0.070   0.079   0.085   0.090   0.094   0.098   0.101   0.103   0.106
   3.070  -1.315  -1.312  -1.309  -1.307  -1.307  -1.306  -1.305  -1.303  -1.301  -1.298  -1.296  -1.300  -1.311  -1.325  -1.343  -1.360  -1.371  -1.379  -1.386  -1.390  -1.396  -1.407  -1.419  -1.426  -1.430  -1.431  -1.412  -1.355  -1.191  -0.704  -0.315  -0.195  -0.132  -0.075  -0.034  -0.002   0.024   0.043   0.059   0.073   0.085   0.093   0.099   0.104   0.109   0.112
   3.080  -1.346  -1.328  -1.314  -1.305  -1.300  -1.297  -1.294  -1.293  -1.291  -1.290  -1.289  -1.286  -1.283  -1.284  -1.288  -1.297  -1.313  -1.331  -1.345  -1.354  -1.364  -1.376  -1.389  -1.398  -1.402  -1.407  -1.417  -1.427  -1.423  -1.377  -1.284  -0.910  -0.396  -0.215  -0.160  -0.119  -0.071  -0.029   0.008   0.040   0.064   0.081   0.092   0.102   0.110   0.116
   3.090  -1.568  -1.472  -1.398  -1.349  -1.325  -1.309  -1.296  -1.289  -1.284  -1.281  -1.279  -1.277  -1.276  -1.274  -1.271  -1.270  -1.271  -1.274  -1.281  -1.299  -1.317  -1.329  -1.340  -1.351  -1.362  -1.372  -1.380  -1.387  -1.397  -1.410  -1.417  -1.217  -0.846  -0.603  -0.450  -0.331  -0.238  -0.168  -0.099  -0.034   0.018   0.051   0.072   0.090   0.105   0.115
   3.100  -3.242  -2.436  -1.856  -1.599  -1.486  -1.414  -1.358  -1.328  -1.303  -1.288  -1.278  -1.271  -1.268  -1.265  -1.263  -1.262  -1.259  -1.256  -1.257  -1.262  -1.270  -1.279  -1.290  -1.302  -1.314  -1.325  -1.333  -1.340  -1.355  -1.378  -1.390  -1.317  -1.161  -1.000  -0.815  -0.643  -0.509  -0.393  -0.278  -0.163  -0.069  -0.009   0.028   0.062   0.087   0.104
   3.110  -3.196  -3.194  -3.187  -3.086  -2.557  -2.033  -1.747  -1.553  -1.431  -1.368  -1.328  -1.297  -1.280  -1.267  -1.259  -1.254  -1.250  -1.248  -1.246  -1.243  -1.242  -1.243  -1.246  -1.252  -1.264  -1.277  -1.288  -1.299  -1.314  -1.331  -1.346  -1.358  -1.365  -1.336  -1.155  -0.954  -0.810  -0.671  -0.519  -0.350  -0.207  -0.112  -0.047   0.009   0.052   0.080
   3.120  -3.173  -3.156  -3.142  -3.133  -3.127  -3.123  -3.121  -3.119  -2.976  -2.210  -1.607  -1.462  -1.388  -1.327  -1.293  -1.271  -1.255  -1.247  -1.240  -1.236  -1.233  -1.230  -1.228  -1.226  -1.224  -1.223  -1.232  -1.250  -1.264  -1.275  -1.287  -1.304  -1.320  -1.315  -1.263  -1.180  -1.073  -0.939  -0.776  -0.576  -0.394  -0.263  -0.161  -0.076  -0.010   0.035
   3.130  -3.206  -3.159  -3.122  -3.099  -3.088  -3.080  -3.073  -3.069  -3.066  -3.064  -3.062  -2.748  -2.169  -1.789  -1.542  -1.393  -1.325  -1.289  -1.260  -1.244  -1.233  -1.225  -1.221  -1.217  -1.213  -1.211  -1.213  -1.217  -1.223  -1.230  -1.239  -1.254  -1.268  -1.270  -1.268  -1.262  -1.224  -1.132  -0.995  -0.801  -0.611  -0.454  -0.314  -0.199  -0.106  -0.036
   3.140  -3.360  -3.237  -3.145  -3.092  -3.067  -3.050  -3.036  -3.028  -3.021  -3.016  -3.013  -3.010  -3.008  -3.007  -3.006  -3.006  -2.484  -1.641  -1.385  -1.322  -1.281  -1.249  -1.230  -1.217  -1.209  -1.204  -1.199  -1.195  -1.195  -1.198  -1.202  -1.208  -1.217  -1.230  -1.248  -1.257  -1.246  -1.211  -1.141  -0.990  -0.821  -0.658  -0.495  -0.356  -0.237  -0.137
   3.150  -3.686  -3.462  -3.285  -3.157  -3.081  -3.036  -3.008  -2.994  -2.982  -2.974  -2.969  -2.965  -2.961  -2.959  -2.956  -2.954  -2.953  -2.953  -2.822  -2.116  -1.548  -1.399  -1.322  -1.266  -1.236  -1.216  -1.201  -1.193  -1.186  -1.181  -1.179  -1.180  -1.185  -1.193  -1.208  -1.217  -1.218  -1.218  -1.204  -1.114  -0.989  -0.844  -0.681  -0.534  -0.398  -0.270
   3.160  -4.112  -3.827  -3.581  -3.376  -3.211  -3.088  -3.014  -2.975  -2.951  -2.938  -2.930  -2.923  -2.918  -2.914  -2.911  -2.908  -2.906  -2.904  -2.902  -2.902  -2.900  -2.500  -1.814  -1.502  -1.380  -1.305  -1.250  -1.222  -1.199  -1.184  -1.176  -1.171  -1.169  -1.170  -1.178  -1.187  -1.196  -1.204  -1.201  -1.165  -1.096  -0.986  -0.849  -0.712  -0.572  -0.427
   3.170  -4.513  -4.242  -3.983  -3.732  -3.484  -3.275  -3.127  -3.025  -2.956  -2.919  -2.898  -2.885  -2.878  -2.873  -2.870  -2.868  -2.864  -2.860  -2.857  -2.855  -2.853  -2.852  -2.851  -2.756  -2.226  -1.718  -1.492  -1.370  -1.282  -1.231  -1.204  -1.185  -1.176  -1.175  -1.176  -1.177  -1.183  -1.190  -1.190  -1.177  -1.151  -1.088  -0.985  -0.870  -0.742  -0.595
   3.180  -4.823  -4.615  -4.389  -4.140  -3.864  -3.604  -3.378  -3.182  -3.040  -2.952  -2.897  -2.863  -2.846  -2.833  -2.826  -2.822  -2.819  -2.818  -2.816  -2.813  -2.810  -2.808  -2.806  -2.804  -2.803  -2.802  -2.802  -2.802  -2.656  -1.883  -1.339  -1.274  -1.241  -1.238  -1.241  -1.243  -1.235  -1.220  -1.208  -1.201  -1.186  -1.149  -1.085  -0.999  -0.891  -0.760
   3.190  -5.026  -4.891  -4.720  -4.512  -4.259  -3.998  -3.732  -3.471  -3.261  -3.093  -2.966  -2.885  -2.840  -2.810  -2.794  -2.784  -2.777  -2.774  -2.771  -2.769  -2.768  -2.766  -2.764  -2.762  -2.761  -2.759  -2.757  -2.756  -2.755  -2.754  -2.754  -2.463  -1.938  -1.644  -1.514  -1.431  -1.365  -1.326  -1.292  -1.267  -1.241  -1.209  -1.170  -1.106  -1.019  -0.912
   3.200  -5.134  -5.061  -4.949  -4.796  -4.600  -4.376  -4.119  -3.844  -3.590  -3.347  -3.142  -2.994  -2.890  -2.819  -2.782  -2.760  -2.744  -2.736  -2.730  -2.727  -2.725  -2.723  -2.723  -2.721  -2.720  -2.718  -2.716  -2.715  -2.713  -2.712  -2.710  -2.589  -2.350  -2.143  -1.942  -1.767  -1.639  -1.541  -1.460  -1.400  -1.350  -1.308  -1.268  -1.211  -1.138  -1.052
   3.210  -5.170  -5.141  -5.077  -4.980  -4.850  -4.683  -4.468  -4.220  -3.964  -3.688  -3.434  -3.219  -3.038  -2.904  -2.819  -2.763  -2.728  -2.710  -2.697  -2.690  -2.685  -2.682  -2.680  -2.678  -2.678  -2.677  -2.677  -2.676  -2.675  -2.673  -2.670  -2.669  -2.668  -2.625  -2.384  -2.132  -1.968  -1.830  -1.710  -1.611  -1.527  -1.460  -1.404  -1.339  -1.268  -1.191
   3.220  -5.164  -5.155  -5.126  -5.079  -5.004  -4.893  -4.737  -4.544  -4.319  -4.055  -3.790  -3.531  -3.286  -3.088  -2.933  -2.817  -2.745  -2.706  -2.678  -2.663  -2.653  -2.646  -2.642  -2.639  -2.637  -2.636  -2.635  -2.634  -2.634  -2.633  -2.632  -2.631  -2.629  -2.614  -2.532  -2.417  -2.280  -2.126  -1.989  -1.865  -1.755  -1.664  -1.584  -1.504  -1.424  -1.346
   3.230  -5.144  -5.141  -5.131  -5.114  -5.079  -5.013  -4.915  -4.784  -4.609  -4.388  -4.145  -3.880  -3.607  -3.365  -3.145  -2.964  -2.836  -2.748  -2.685  -2.650  -2.630  -2.616  -2.609  -2.603  -2.600  -2.598  -2.596  -2.595  -2.593  -2.593  -2.592  -2.591  -2.590  -2.587  -2.570  -2.536  -2.460  -2.346  -2.233  -2.111  -1.994  -1.890  -1.794  -1.700  -1.610  -1.524
   3.240  -5.121  -5.120  -5.118  -5.114  -5.098  -5.065  -5.014  -4.934  -4.813  -4.652  -4.456  -4.218  -3.954  -3.696  -3.434  -3.200  -3.008  -2.852  -2.739  -2.672  -2.629  -2.600  -2.585  -2.574  -2.567  -2.563  -2.559  -2.557  -2.555  -2.554  -2.553  -2.552  -2.552  -2.551  -2.550  -2.548  -2.522  -2.462  -2.388  -2.295  -2.197  -2.100  -2.000  -1.904  -1.811  -1.719
   3.250  -5.100  -5.100  -5.100  -5.099  -5.092  -5.078  -5.055  -5.011  -4.936  -4.832  -4.691  -4.500  -4.274  -4.030  -3.759  -3.499  -3.261  -3.045  -2.877  -2.755  -2.666  -2.608  -2.577  -2.553  -2.540  -2.532  -2.526  -2.522  -2.520  -2.517  -2.516  -2.515  -2.514  -2.514  -2.513  -2.511  -2.505  -2.488  -2.456  -2.401  -2.333  -2.256  -2.172  -2.087  -2.000  -1.912
   3.260  -5.083  -5.083  -5.082  -5.081  -5.079  -5.074  -5.063  -5.040  -4.998  -4.939  -4.845  -4.709  -4.538  -4.329  -4.078  -3.820  -3.561  -3.307  -3.091  -2.905  -2.758  -2.658  -2.595  -2.550  -2.525  -2.510  -2.499  -2.493  -2.487  -2.484  -2.481  -2.479  -2.478  -2.478  -2.477  -2.475  -2.473  -2.469  -2.460  -2.435  -2.398  -2.348  -2.288  -2.223  -2.154  -2.078
   3.270  -5.067  -5.067  -5.066  -5.066  -5.064  -5.061  -5.056  -5.045  -5.025  -4.992  -4.933  -4.846  -4.728  -4.565  -4.358  -4.127  -3.872  -3.604  -3.358  -3.125  -2.926  -2.776  -2.663  -2.580  -2.532  -2.500  -2.478  -2.467  -2.458  -2.452  -2.449  -2.446  -2.444  -2.442  -2.441  -2.440  -2.438  -2.437  -2.434  -2.425  -2.409  -2.382  -2.346  -2.304  -2.255  -2.199
   3.280  -5.047  -5.049  -5.050  -5.050  -5.049  -5.046  -5.043  -5.037  -5.027  -5.011  -4.978  -4.927  -4.850  -4.734  -4.579  -4.391  -4.161  -3.903  -3.651  -3.393  -3.158  -2.957  -2.785  -2.657  -2.571  -2.511  -2.472  -2.452  -2.435  -2.426  -2.420  -2.415  -2.412  -2.409  -2.407  -2.405  -2.403  -2.402  -2.399  -2.396  -2.390  -2.379  -2.360  -2.336  -2.306  -2.270
   3.290  -5.018  -5.026  -5.031  -5.032  -5.032  -5.032  -5.031  -5.026  -5.020  -5.011  -4.994  -4.966  -4.920  -4.842  -4.737  -4.595  -4.405  -4.181  -3.942  -3.679  -3.424  -3.187  -2.968  -2.794  -2.662  -2.561  -2.494  -2.454  -2.423  -2.406  -2.395  -2.387  -2.382  -2.378  -2.374  -2.372  -2.369  -2.367  -2.365  -2.363  -2.359  -2.354  -2.346  -2.333  -2.317  -2.296
   3.300  -4.972  -4.989  -5.001  -5.010  -5.014  -5.016  -5.015  -5.013  -5.009  -5.004  -4.994  -4.979  -4.953  -4.906  -4.839  -4.738  -4.595  -4.416  -4.205  -3.955  -3.700  -3.448  -3.202  -2.990  -2.806  -2.657  -2.551  -2.479  -2.426  -2.396  -2.377  -2.363  -2.355  -2.348  -2.344  -2.340  -2.336  -2.333  -2.330  -2.328  -2.325  -2.321  -2.317  -2.311  -2.302  -2.292
   3.310  -4.906  -4.933  -4.956  -4.973  -4.986  -4.993  -4.996  -4.997  -4.997  -4.993  -4.986  -4.977  -4.963  -4.936  -4.898  -4.831  -4.731  -4.599  -4.425  -4.206  -3.969  -3.717  -3.458  -3.219  -2.995  -2.803  -2.655  -2.541  -2.457  -2.406  -2.371  -2.346  -2.332  -2.321  -2.313  -2.308  -2.303  -2.299  -2.295  -2.293  -2.290  -2.287  -2.284  -2.280  -2.277  -2.273
   3.320  -4.823  -4.860  -4.891  -4.918  -4.939  -4.956  -4.969  -4.976  -4.977  -4.976  -4.975  -4.971  -4.961  -4.945  -4.924  -4.883  -4.819  -4.729  -4.595  -4.420  -4.215  -3.976  -3.716  -3.467  -3.220  -2.998  -2.809  -2.649  -2.527  -2.443  -2.382  -2.341  -2.317  -2.298  -2.287  -2.279  -2.272  -2.267  -2.263  -2.259  -2.255  -2.251  -2.247  -2.243  -2.239  -2.235
   3.330  -4.729  -4.771  -4.809  -4.844  -4.875  -4.902  -4.924  -4.940  -4.950  -4.956  -4.958  -4.956  -4.951  -4.943  -4.930  -4.906  -4.869  -4.811  -4.716  -4.586  -4.421  -4.210  -3.967  -3.721  -3.463  -3.218  -2.996  -2.796  -2.635  -2.512  -2.418  -2.354  -2.315  -2.285  -2.266  -2.253  -2.242  -2.235  -2.229  -2.224  -2.219  -2.215  -2.210  -2.206  -2.201  -2.196
   3.340  -4.632  -4.675  -4.717  -4.757  -4.795  -4.830  -4.861  -4.887  -4.908  -4.924  -4.932  -4.934  -4.935  -4.934  -4.926  -4.910  -4.889  -4.854  -4.791  -4.703  -4.579  -4.406  -4.197  -3.966  -3.707  -3.451  -3.208  -2.980  -2.785  -2.622  -2.491  -2.397  -2.332  -2.282  -2.252  -2.231  -2.215  -2.206  -2.197  -2.189  -2.183  -2.177  -2.173  -2.167  -2.162  -2.156
   3.350  -4.537  -4.579  -4.621  -4.663  -4.704  -4.744  -4.782  -4.816  -4.846  -4.871  -4.891  -4.905  -4.913  -4.914  -4.910  -4.904  -4.893  -4.871  -4.832  -4.776  -4.688  -4.557  -4.391  -4.188  -3.942  -3.689  -3.436  -3.186  -2.965  -2.765  -2.597  -2.467  -2.368  -2.295  -2.249  -2.217  -2.192  -2.177  -2.164  -2.155  -2.147  -2.140  -2.133  -2.127  -2.120  -2.114
   3.360  -4.450  -4.488  -4.527  -4.568  -4.610  -4.652  -4.693  -4.733  -4.769  -4.802  -4.831  -4.855  -4.873  -4.883  -4.887  -4.889  -4.884  -4.870  -4.847  -4.814  -4.754  -4.662  -4.538  -4.370  -4.156  -3.921  -3.668  -3.405  -3.162  -2.933  -2.732  -2.569  -2.437  -2.335  -2.265  -2.214  -2.177  -2.153  -2.134  -2.120  -2.109  -2.100  -2.092  -2.084  -2.076  -2.068
   3.370  -4.372  -4.405  -4.440  -4.477  -4.517  -4.558  -4.600  -4.642  -4.682  -4.721  -4.757  -4.789  -4.817  -4.838  -4.855  -4.862  -4.861  -4.856  -4.848  -4.827  -4.785  -4.724  -4.638  -4.508  -4.334  -4.130  -3.889  -3.626  -3.374  -3.125  -2.898  -2.702  -2.534  -2.400  -2.300  -2.224  -2.170  -2.134  -2.105  -2.086  -2.071  -2.058  -2.048  -2.038  -2.029  -2.020
   3.380  -4.305  -4.332  -4.361  -4.394  -4.430  -4.468  -4.508  -4.549  -4.590  -4.631  -4.671  -4.709  -4.744  -4.773  -4.799  -4.817  -4.827  -4.832  -4.831  -4.819  -4.793  -4.756  -4.696  -4.599  -4.468  -4.300  -4.085  -3.839  -3.589  -3.327  -3.079  -2.856  -2.655  -2.489  -2.357  -2.252  -2.177  -2.125  -2.084  -2.056  -2.034  -2.016  -2.002  -1.990  -1.978  -1.968
   3.390  -4.250  -4.270  -4.294  -4.321  -4.351  -4.384  -4.420  -4.458  -4.498  -4.539  -4.580  -4.620  -4.660  -4.695  -4.728  -4.756  -4.779  -4.795  -4.796  -4.792  -4.784  -4.763  -4.719  -4.649  -4.554  -4.422  -4.243  -4.028  -3.793  -3.529  -3.270  -3.026  -2.797  -2.602  -2.439  -2.305  -2.203  -2.129  -2.069  -2.029  -1.998  -1.974  -1.956  -1.940  -1.925  -1.913
   3.400  -4.209  -4.222  -4.238  -4.258  -4.282  -4.309  -4.340  -4.374  -4.410  -4.449  -4.488  -4.529  -4.570  -4.609  -4.647  -4.680  -4.711  -4.736  -4.748  -4.754  -4.756  -4.746  -4.716  -4.668  -4.599  -4.498  -4.356  -4.178  -3.967  -3.718  -3.462  -3.207  -2.957  -2.737  -2.542  -2.377  -2.246  -2.144  -2.064  -2.010  -1.968  -1.935  -1.910  -1.888  -1.870  -1.855
   3.410  -4.182  -4.188  -4.197  -4.210  -4.227  -4.247  -4.271  -4.298  -4.329  -4.363  -4.400  -4.438  -4.478  -4.518  -4.558  -4.595  -4.630  -4.660  -4.684  -4.702  -4.710  -4.705  -4.690  -4.663  -4.613  -4.534  -4.424  -4.282  -4.101  -3.880  -3.641  -3.387  -3.125  -2.886  -2.663  -2.467  -2.309  -2.180  -2.077  -2.002  -1.944  -1.899  -1.866  -1.837  -1.813  -1.795
   3.420  -4.166  -4.167  -4.169  -4.174  -4.183  -4.197  -4.213  -4.233  -4.258  -4.286  -4.318  -4.352  -4.389  -4.427  -4.466  -4.504  -4.541  -4.576  -4.606  -4.633  -4.646  -4.645  -4.643  -4.635  -4.599  -4.537  -4.452  -4.340  -4.190  -4.001  -3.788  -3.547  -3.289  -3.042  -2.799  -2.579  -2.393  -2.234  -2.104  -2.006  -1.928  -1.868  -1.824  -1.787  -1.757  -1.735
   3.430  -4.158  -4.154  -4.151  -4.151  -4.154  -4.160  -4.169  -4.182  -4.199  -4.220  -4.245  -4.274  -4.305  -4.339  -4.376  -4.413  -4.450  -4.486  -4.518  -4.548  -4.568  -4.578  -4.582  -4.580  -4.557  -4.511  -4.446  -4.358  -4.235  -4.079  -3.894  -3.676  -3.434  -3.191  -2.939  -2.703  -2.492  -2.304  -2.147  -2.023  -1.923  -1.846  -1.790  -1.742  -1.703  -1.675
   3.440  -4.156  -4.149  -4.144  -4.140  -4.137  -4.136  -4.138  -4.145  -4.154  -4.168  -4.185  -4.206  -4.230  -4.259  -4.291  -4.324  -4.358  -4.393  -4.425  -4.455  -4.480  -4.497  -4.507  -4.506  -4.491  -4.460  -4.412  -4.341  -4.241  -4.112  -3.954  -3.763  -3.547  -3.318  -3.071  -2.829  -2.601  -2.388  -2.208  -2.058  -1.935  -1.838  -1.764  -1.702  -1.652  -1.617
   3.450  -4.156  -4.148  -4.141  -4.134  -4.127  -4.123  -4.122  -4.121  -4.122  -4.127  -4.137  -4.151  -4.168  -4.189  -4.214  -4.241  -4.271  -4.302  -4.332  -4.361  -4.386  -4.405  -4.418  -4.419  -4.409  -4.389  -4.353  -4.295  -4.212  -4.105  -3.972  -3.808  -3.618  -3.410  -3.177  -2.943  -2.711  -2.484  -2.285  -2.110  -1.960  -1.841  -1.747  -1.669  -1.607  -1.564
   3.460  -4.157  -4.150  -4.143  -4.135  -4.127  -4.119  -4.111  -4.105  -4.104  -4.104  -4.104  -4.108  -4.119  -4.132  -4.148  -4.168  -4.191  -4.217  -4.243  -4.269  -4.291  -4.309  -4.322  -4.323  -4.316  -4.301  -4.272  -4.223  -4.154  -4.064  -3.951  -3.811  -3.647  -3.461  -3.252  -3.033  -2.805  -2.576  -2.365  -2.169  -1.997  -1.857  -1.742  -1.646  -1.571  -1.516
   3.470  -4.155  -4.150  -4.143  -4.136  -4.128  -4.119  -4.110  -4.100  -4.092  -4.085  -4.082  -4.082  -4.084  -4.087  -4.096  -4.109  -4.124  -4.141  -4.159  -4.179  -4.197  -4.212  -4.222  -4.223  -4.216  -4.203  -4.177  -4.133  -4.073  -3.995  -3.897  -3.776  -3.634  -3.471  -3.286  -3.087  -2.874  -2.653  -2.441  -2.233  -2.045  -1.885  -1.749  -1.635  -1.543  -1.474
   3.480  -4.147  -4.145  -4.141  -4.136  -4.129  -4.120  -4.110  -4.100  -4.090  -4.080  -4.072  -4.064  -4.059  -4.058  -4.059  -4.062  -4.068  -4.077  -4.087  -4.099  -4.110  -4.118  -4.123  -4.123  -4.115  -4.098  -4.071  -4.030  -3.974  -3.904  -3.817  -3.710  -3.585  -3.442  -3.279  -3.102  -2.908  -2.703  -2.498  -2.290  -2.095  -1.921  -1.764  -1.632  -1.524  -1.438
   3.490  -4.129  -4.132  -4.133  -4.132  -4.128  -4.121  -4.112  -4.102  -4.092  -4.080  -4.069  -4.058  -4.047  -4.039  -4.031  -4.028  -4.028  -4.028  -4.029  -4.031  -4.033  -4.032  -4.030  -4.025  -4.012  -3.990  -3.960  -3.920  -3.867  -3.800  -3.719  -3.622  -3.510  -3.382  -3.238  -3.080  -2.906  -2.721  -2.529  -2.328  -2.134  -1.951  -1.780  -1.634  -1.511  -1.409
   3.500  -4.097  -4.110  -4.118  -4.119  -4.118  -4.117  -4.112  -4.104  -4.094  -4.082  -4.070  -4.057  -4.043  -4.031  -4.018  -4.007  -3.998  -3.991  -3.983  -3.977  -3.969  -3.960  -3.949  -3.932  -3.912  -3.884  -3.849  -3.806  -3.751  -3.686  -3.608  -3.517  -3.414  -3.297  -3.168  -3.026  -2.871  -2.704  -2.529  -2.341  -2.155  -1.972  -1.796  -1.641  -1.505  -1.386
   3.525  -3.914  -3.953  -3.986  -4.011  -4.033  -4.056  -4.068  -4.070  -4.070  -4.066  -4.060  -4.050  -4.039  -4.031  -4.019  -4.005  -3.991  -3.973  -3.947  -3.916  -3.876  -3.834  -3.793  -3.747  -3.701  -3.652  -3.599  -3.539  -3.469  -3.392  -3.309  -3.220  -3.124  -3.022  -2.913  -2.796  -2.671  -2.539  -2.404  -2.244  -2.082  -1.919  -1.757  -1.606  -1.462  -1.323
   3.550  -3.631  -3.692  -3.750  -3.803  -3.853  -3.898  -3.937  -3.970  -3.997  -4.018  -4.029  -4.032  -4.033  -4.031  -4.021  -4.004  -3.984  -3.958  -3.926  -3.888  -3.843  -3.790  -3.729  -3.661  -3.587  -3.507  -3.421  -3.330  -3.236  -3.138  -3.039  -2.939  -2.837  -2.733  -2.627  -2.518  -2.406  -2.291  -2.170  -2.045  -1.915  -1.779  -1.640  -1.500  -1.359  -1.217
   3.575  -3.271  -3.346  -3.418  -3.488  -3.554  -3.616  -3.679  -3.738  -3.792  -3.840  -3.878  -3.908  -3.934  -3.955  -3.966  -3.963  -3.951  -3.931  -3.908  -3.877  -3.840  -3.790  -3.727  -3.652  -3.565  -3.460  -3.344  -3.220  -3.099  -2.974  -2.850  -2.729  -2.608  -2.489  -2.372  -2.256  -2.141  -2.026  -1.910  -1.792  -1.672  -1.548  -1.421  -1.294  -1.161  -1.028
   3.600  -2.867  -2.950  -3.032  -3.112  -3.189  -3.265  -3.339  -3.410  -3.479  -3.545  -3.608  -3.667  -3.721  -3.768  -3.810  -3.843  -3.866  -3.879  -3.879  -3.865  -3.837  -3.791  -3.726  -3.643  -3.543  -3.428  -3.299  -3.159  -3.016  -2.868  -2.720  -2.575  -2.431  -2.292  -2.156  -2.024  -1.896  -1.772  -1.649  -1.528  -1.407  -1.286  -1.166  -1.044  -0.923  -0.801
   3.625  -2.454  -2.543  -2.630  -2.717  -2.802  -2.886  -2.968  -3.049  -3.128  -3.205  -3.280  -3.352  -3.421  -3.484  -3.544  -3.601  -3.652  -3.692  -3.719  -3.733  -3.728  -3.701  -3.656  -3.591  -3.493  -3.384  -3.260  -3.121  -2.977  -2.823  -2.667  -2.504  -2.340  -2.180  -2.024  -1.872  -1.726  -1.585  -1.447  -1.314  -1.183  -1.055  -0.929  -0.805  -0.682  -0.560
   3.650  -2.043  -2.134  -2.225  -2.315  -2.404  -2.492  -2.579  -2.666  -2.750  -2.833  -2.914  -2.994  -3.071  -3.146  -3.217  -3.284  -3.346  -3.402  -3.447  -3.484  -3.500  -3.495  -3.481  -3.452  -3.390  -3.304  -3.198  -3.073  -2.933  -2.778  -2.615  -2.446  -2.272  -2.100  -1.930  -1.762  -1.599  -1.441  -1.287  -1.137  -0.992  -0.851  -0.714  -0.581  -0.451  -0.325
   3.675  -1.654  -1.746  -1.838  -1.929  -2.021  -2.112  -2.202  -2.291  -2.380  -2.466  -2.552  -2.636  -2.719  -2.798  -2.876  -2.949  -3.018  -3.081  -3.134  -3.181  -3.205  -3.208  -3.205  -3.192  -3.149  -3.082  -2.998  -2.894  -2.776  -2.640  -2.494  -2.345  -2.187  -2.026  -1.859  -1.690  -1.520  -1.350  -1.183  -1.018  -0.857  -0.701  -0.549  -0.403  -0.261  -0.124
   3.700  -1.299  -1.387  -1.476  -1.566  -1.656  -1.747  -1.837  -1.927  -2.016  -2.105  -2.192  -2.278  -2.362  -2.444  -2.523  -2.598  -2.669  -2.734  -2.790  -2.841  -2.866  -2.870  -2.873  -2.867  -2.828  -2.770  -2.702  -2.620  -2.528  -2.424  -2.311  -2.188  -2.055  -1.912  -1.760  -1.600  -1.433  -1.260  -1.088  -0.915  -0.744  -0.576  -0.412  -0.253  -0.099   0.050
   3.725  -0.992  -1.069  -1.148  -1.231  -1.317  -1.404  -1.492  -1.581  -1.670  -1.758  -1.846  -1.932  -2.017  -2.100  -2.181  -2.257  -2.329  -2.394  -2.451  -2.501  -2.526  -2.531  -2.534  -2.530  -2.493  -2.439  -2.378  -2.304  -2.222  -2.131  -2.032  -1.925  -1.811  -1.689  -1.558  -1.420  -1.274  -1.122  -0.965  -0.803  -0.638  -0.471  -0.303  -0.138   0.025   0.186
   3.750  -0.752  -0.811  -0.876  -0.946  -1.021  -1.099  -1.180  -1.263  -1.347  -1.432  -1.516  -1.600  -1.683  -1.764  -1.843  -1.918  -1.988  -2.051  -2.105  -2.153  -2.176  -2.179  -2.180  -2.174  -2.138  -2.086  -2.027  -1.957  -1.881  -1.797  -1.707  -1.613  -1.514  -1.410  -1.302  -1.187  -1.066  -0.938  -0.802  -0.658  -0.507  -0.348  -0.184  -0.020   0.146   0.314
   3.775  -0.609  -0.641  -0.681  -0.729  -0.785  -0.847  -0.911  -0.980  -1.052  -1.128  -1.205  -1.282  -1.360  -1.436  -1.511  -1.581  -1.647  -1.706  -1.756  -1.800  -1.820  -1.821  -1.821  -1.815  -1.780  -1.731  -1.676  -1.611  -1.540  -1.461  -1.378  -1.291  -1.200  -1.106  -1.007  -0.904  -0.796  -0.683  -0.562  -0.435  -0.301  -0.159  -0.011   0.141   0.296   0.455
   3.800  -0.547  -0.556  -0.572  -0.594  -0.622  -0.657  -0.700  -0.750  -0.805  -0.865  -0.928  -0.993  -1.060  -1.126  -1.191  -1.253  -1.310  -1.361  -1.404  -1.441  -1.457  -1.456  -1.454  -1.447  -1.414  -1.369  -1.317  -1.257  -1.190  -1.117  -1.039  -0.957  -0.872  -0.783  -0.691  -0.596  -0.497  -0.394  -0.287  -0.175  -0.057   0.067   0.197   0.332   0.472   0.618
   3.825  -0.528  -0.528  -0.530  -0.534  -0.539  -0.550  -0.570  -0.594  -0.623  -0.659  -0.701  -0.744  -0.790  -0.837  -0.886  -0.932  -0.975  -1.014  -1.046  -1.072  -1.085  -1.084  -1.078  -1.066  -1.037  -0.997  -0.951  -0.896  -0.836  -0.769  -0.698  -0.624  -0.545  -0.463  -0.378  -0.289  -0.198  -0.103  -0.004   0.100   0.208   0.322   0.441   0.565   0.694   0.828
   3.850  -0.522  -0.519  -0.515  -0.512  -0.509  -0.508  -0.508  -0.509  -0.512  -0.519  -0.531  -0.548  -0.568  -0.590  -0.616  -0.640  -0.663  -0.684  -0.700  -0.712  -0.716  -0.712  -0.701  -0.683  -0.655  -0.621  -0.579  -0.531  -0.477  -0.418  -0.354  -0.287  -0.215  -0.140  -0.061   0.021   0.106   0.194   0.287   0.384   0.485   0.591   0.702   0.817   0.936   1.060
   3.875  -0.524  -0.520  -0.516  -0.510  -0.504  -0.496  -0.487  -0.475  -0.462  -0.447  -0.433  -0.423  -0.413  -0.406  -0.401  -0.395  -0.389  -0.383  -0.375  -0.367  -0.356  -0.342  -0.324  -0.300  -0.273  -0.240  -0.203  -0.160  -0.113  -0.061  -0.005   0.054   0.118   0.185   0.256   0.330   0.408   0.489   0.575   0.665   0.759   0.858   0.962   1.069   1.181   1.297
   3.900  -0.527  -0.522  -0.516  -0.510  -0.502  -0.492  -0.479  -0.464  -0.445  -0.422  -0.395  -0.363  -0.327  -0.288  -0.247  -0.206  -0.167  -0.129  -0.094  -0.060  -0.028   0.003   0.033   0.065   0.097   0.131   0.167   0.206   0.248   0.293   0.342   0.395   0.451   0.510   0.573   0.639   0.709   0.783   0.862   0.945   1.032   1.124   1.221   1.322   1.427   1.537
   3.925  -0.529  -0.525  -0.520  -0.513  -0.506  -0.495  -0.483  -0.467  -0.446  -0.421  -0.386  -0.343  -0.291  -0.231  -0.160  -0.090  -0.019   0.054   0.121   0.186   0.248   0.304   0.354   0.401   0.443   0.484   0.523   0.562   0.603   0.644   0.687   0.733   0.782   0.834   0.888   0.947   1.009   1.075   1.146   1.221   1.301   1.386   1.475   1.569   1.668   1.771
   3.950  -0.530  -0.527  -0.523  -0.517  -0.510  -0.500  -0.488  -0.472  -0.449  -0.420  -0.383  -0.336  -0.280  -0.211  -0.131  -0.042   0.057   0.163   0.266   0.369   0.464   0.548   0.624   0.691   0.749   0.802   0.850   0.894   0.936   0.977   1.018   1.060   1.103   1.149   1.197   1.248   1.303   1.362   1.425   1.493   1.565   1.643   1.725   1.812   1.904   2.000
   3.975  -0.523  -0.522  -0.520  -0.516  -0.510  -0.501  -0.491  -0.477  -0.456  -0.427  -0.390  -0.343  -0.285  -0.214  -0.131  -0.032   0.084   0.211   0.342   0.480   0.606   0.720   0.825   0.915   0.995   1.068   1.131   1.185   1.236   1.281   1.324   1.366   1.407   1.450   1.493   1.540   1.589   1.641   1.697   1.758   1.823   1.894   1.969   2.049   2.133   2.222
   4.000  -0.511  -0.512  -0.513  -0.513  -0.509  -0.502  -0.493  -0.480  -0.460  -0.435  -0.400  -0.353  -0.295  -0.221  -0.132  -0.028   0.093   0.227   0.368   0.518   0.667   0.810   0.948   1.070   1.180   1.277   1.360   1.430   1.494   1.548   1.598   1.644   1.687   1.729   1.772   1.815   1.860   1.907   1.958   2.013   2.072   2.136   2.205   2.278   2.355   2.437
   4.025  -0.498  -0.498  -0.499  -0.499  -0.498  -0.493  -0.487  -0.476  -0.459  -0.436  -0.406  -0.363  -0.308  -0.236  -0.145  -0.041   0.081   0.217   0.361   0.516   0.674   0.839   1.003   1.157   1.300   1.423   1.527   1.616   1.697   1.768   1.830   1.884   1.933   1.979   2.023   2.067   2.111   2.156   2.204   2.255   2.309   2.368   2.432   2.499   2.570   2.646
   4.050  -0.485  -0.484  -0.484  -0.482  -0.481  -0.479  -0.475  -0.468  -0.455  -0.436  -0.408  -0.369  -0.317  -0.248  -0.163  -0.061   0.060   0.196   0.345   0.509   0.677   0.849   1.022   1.186   1.346   1.493   1.625   1.745   1.849   1.939   2.018   2.086   2.144   2.199   2.248   2.295   2.341   2.386   2.433   2.481   2.533   2.588   2.647   2.710   2.777   2.847
   4.075  -0.477  -0.476  -0.474  -0.472  -0.470  -0.467  -0.463  -0.455  -0.443  -0.427  -0.400  -0.364  -0.316  -0.252  -0.175  -0.080   0.036   0.170   0.317   0.482   0.654   0.827   1.005   1.177   1.343   1.509   1.669   1.819   1.952   2.061   2.157   2.242   2.316   2.383   2.441   2.494   2.545   2.593   2.642   2.690   2.741   2.794   2.850   2.909   2.972   3.037
   4.100  -0.471  -0.469  -0.466  -0.464  -0.461  -0.456  -0.450  -0.441  -0.428  -0.412  -0.388  -0.355  -0.312  -0.254  -0.181  -0.091   0.018   0.145   0.287   0.447   0.615   0.791   0.972   1.154   1.337   1.514   1.683   1.844   1.993   2.129   2.252   2.359   2.451   2.534   2.604   2.667   2.725   2.779   2.831   2.882   2.933   2.986   3.040   3.097   3.157   3.219
   4.125  -0.464  -0.461  -0.457  -0.454  -0.451  -0.446  -0.439  -0.431  -0.418  -0.402  -0.378  -0.346  -0.304  -0.248  -0.177  -0.090   0.013   0.131   0.266   0.417   0.579   0.752   0.934   1.118   1.307   1.490   1.666   1.835   1.992   2.157   2.310   2.438   2.548   2.649   2.735   2.812   2.881   2.942   3.001   3.056   3.109   3.163   3.217   3.273   3.332   3.392
   4.150  -0.461  -0.457  -0.452  -0.448  -0.443  -0.437  -0.430  -0.422  -0.409  -0.393  -0.369  -0.337  -0.295  -0.240  -0.171  -0.088   0.011   0.125   0.255   0.399   0.556   0.724   0.902   1.082   1.265   1.449   1.632   1.814   1.991   2.166   2.329   2.478   2.614   2.734   2.839   2.932   3.013   3.085   3.152   3.213   3.271   3.327   3.383   3.440   3.499   3.559
   4.175  -0.463  -0.458  -0.452  -0.446  -0.438  -0.430  -0.422  -0.411  -0.397  -0.382  -0.359  -0.328  -0.288  -0.234  -0.168  -0.086   0.011   0.125   0.253   0.397   0.551   0.717   0.890   1.060   1.235   1.412   1.595   1.781   1.969   2.152   2.326   2.491   2.654   2.791   2.915   3.026   3.123   3.208   3.285   3.354   3.419   3.480   3.539   3.599   3.659   3.720
   4.200  -0.465  -0.459  -0.453  -0.445  -0.437  -0.427  -0.417  -0.405  -0.390  -0.373  -0.350  -0.320  -0.281  -0.229  -0.165  -0.085   0.012   0.124   0.252   0.396   0.550   0.715   0.886   1.051   1.210   1.376   1.556   1.745   1.934   2.128   2.316   2.496   2.668   2.825   2.968   3.098   3.212   3.312   3.402   3.480   3.553   3.621   3.685   3.749   3.813   3.875
   4.225  -0.466  -0.461  -0.455  -0.447  -0.439  -0.429  -0.418  -0.406  -0.390  -0.371  -0.345  -0.314  -0.275  -0.223  -0.161  -0.084   0.011   0.121   0.248   0.394   0.551   0.723   0.900   1.059   1.196   1.344   1.521   1.713   1.906   2.103   2.297   2.487   2.667   2.842   3.004   3.151   3.281   3.398   3.502   3.592   3.675   3.752   3.822   3.892   3.959   4.024
   4.250  -0.467  -0.462  -0.456  -0.449  -0.442  -0.432  -0.421  -0.407  -0.390  -0.370  -0.344  -0.311  -0.271  -0.220  -0.159  -0.083   0.008   0.115   0.243   0.391   0.552   0.730   0.914   1.066   1.186   1.320   1.497   1.692   1.887   2.083   2.279   2.474   2.667   2.851   3.026   3.189   3.336   3.469   3.587   3.691   3.786   3.872   3.951   4.027   4.099   4.167
   4.275  -0.467  -0.462  -0.456  -0.450  -0.442  -0.433  -0.422  -0.409  -0.392  -0.372  -0.347  -0.315  -0.274  -0.223  -0.161  -0.086   0.003   0.109   0.235   0.384   0.544   0.718   0.896   1.049   1.171   1.309   1.489   1.685   1.879   2.075   2.271   2.469   2.666   2.855   3.042   3.217   3.378   3.527   3.660   3.778   3.885   3.982   4.070   4.153   4.230   4.302
   4.300  -0.466  -0.462  -0.456  -0.450  -0.442  -0.433  -0.422  -0.410  -0.394  -0.375  -0.350  -0.318  -0.279  -0.228  -0.167  -0.092  -0.003   0.101   0.226   0.373   0.530   0.696   0.866   1.020   1.156   1.305   1.486   1.682   1.877   2.072   2.268   2.466   2.665   2.860   3.054   3.239   3.413   3.575   3.723   3.855   3.975   4.083   4.181   4.272   4.356   4.432
   4.325  -0.465  -0.461  -0.456  -0.449  -0.442  -0.432  -0.421  -0.408  -0.392  -0.374  -0.349  -0.318  -0.282  -0.233  -0.175  -0.102  -0.014   0.090   0.214   0.360   0.515   0.673   0.836   0.993   1.141   1.303   1.487   1.684   1.880   2.077   2.275   2.474   2.673   2.873   3.070   3.261   3.444   3.619   3.778   3.925   4.057   4.175   4.281   4.381   4.476   4.565
   4.350  -0.463  -0.459  -0.454  -0.448  -0.440  -0.430  -0.418  -0.405  -0.389  -0.370  -0.347  -0.318  -0.283  -0.236  -0.180  -0.109  -0.023   0.079   0.202   0.347   0.499   0.651   0.808   0.968   1.131   1.303   1.491   1.689   1.887   2.087   2.288   2.489   2.690   2.890   3.090   3.285   3.475   3.659   3.830   3.988   4.133   4.260   4.375   4.485   4.589   4.688
   4.375  -0.454  -0.452  -0.448  -0.443  -0.437  -0.428  -0.416  -0.403  -0.386  -0.367  -0.343  -0.314  -0.279  -0.234  -0.178  -0.109  -0.027   0.071   0.191   0.333   0.485   0.632   0.786   0.951   1.128   1.308   1.500   1.698   1.898   2.100   2.304   2.507   2.711   2.914   3.117   3.316   3.511   3.701   3.879   4.047   4.202   4.341   4.467   4.584   4.690   4.785
   4.400  -0.442  -0.441  -0.439  -0.436  -0.432  -0.424  -0.413  -0.398  -0.381  -0.361  -0.336  -0.307  -0.271  -0.227  -0.174  -0.108  -0.028   0.068   0.185   0.325   0.473   0.620   0.775   0.944   1.128   1.318   1.512   1.711   1.912   2.117   2.323   2.530   2.737   2.943   3.149   3.351   3.550   3.744   3.928   4.103   4.267   4.418   4.556   4.678   4.784   4.874
   4.425  -0.434  -0.433  -0.430  -0.426  -0.421  -0.413  -0.403  -0.389  -0.373  -0.353  -0.328  -0.298  -0.262  -0.217  -0.165  -0.101  -0.021   0.073   0.187   0.323   0.466   0.618   0.777   0.949   1.135   1.330   1.527   1.727   1.931   2.138   2.346   2.555   2.766   2.975   3.184   3.390   3.592   3.790   3.980   4.162   4.333   4.493   4.641   4.770   4.882   4.977
   4.450  -0.428  -0.425  -0.421  -0.415  -0.409  -0.401  -0.391  -0.379  -0.362  -0.342  -0.317  -0.286  -0.249  -0.203  -0.150  -0.085  -0.007   0.086   0.195   0.323   0.464   0.618   0.784   0.961   1.151   1.346   1.545   1.748   1.953   2.162   2.372   2.584   2.797   3.009   3.221   3.430   3.636   3.838   4.032   4.219   4.396   4.562   4.715   4.850   4.967   5.067
   4.475  -0.422  -0.419  -0.414  -0.408  -0.401  -0.393  -0.382  -0.369  -0.351  -0.329  -0.302  -0.269  -0.231  -0.184  -0.130  -0.064   0.014   0.105   0.212   0.335   0.475   0.629   0.799   0.979   1.169   1.366   1.566   1.771   1.978   2.189   2.401   2.614   2.829   3.044   3.258   3.471   3.680   3.886   4.083   4.274   4.453   4.620   4.773   4.908   5.024   5.123
   4.500  -0.417  -0.414  -0.409  -0.403  -0.396  -0.387  -0.375  -0.359  -0.338  -0.313  -0.283  -0.248  -0.207  -0.159  -0.104  -0.038   0.040   0.131   0.238   0.361   0.500   0.655   0.824   1.003   1.193   1.390   1.591   1.798   2.007   2.218   2.432   2.647   2.863   3.079   3.297   3.512   3.725   3.934   4.134   4.327   4.506   4.669   4.817   4.947   5.058   5.153

