low temperature opacities from Ferguson, Alexander, et al (2005) with gs98 metals
    form     version        X           Z          logRs    logR_min    logR_max       logTs    logT_min    logT_max
       1          38    0.800000    0.010000          46   -8.000000    1.000000         105    2.700000    4.500000

   logT                       logR = logRho - 3*logT + 18
          -8.000  -7.800  -7.600  -7.400  -7.200  -7.000  -6.800  -6.600  -6.400  -6.200  -6.000  -5.800  -5.600  -5.400  -5.200  -5.000  -4.800  -4.600  -4.400  -4.200  -4.000  -3.800  -3.600  -3.400  -3.200  -3.000  -2.800  -2.600  -2.400  -2.200  -2.000  -1.800  -1.600  -1.400  -1.200  -1.000  -0.800  -0.600  -0.400  -0.200   0.000   0.200   0.400   0.600   0.800   1.000

   2.700  -0.576  -0.576  -0.576  -0.576  -0.576  -0.576  -0.576  -0.576  -0.576  -0.576  -0.576  -0.576  -0.576  -0.576  -0.576  -0.576  -0.576  -0.576  -0.576  -0.576  -0.576  -0.576  -0.576  -0.576  -0.576  -0.576  -0.576  -0.576  -0.576  -0.576  -0.576  -0.588  -0.607  -0.610  -0.605  -0.602  -0.605  -0.610  -0.610  -0.609  -0.608  -0.607  -0.607  -0.607  -0.605  -0.603
   2.750  -0.623  -0.623  -0.623  -0.623  -0.623  -0.623  -0.623  -0.623  -0.623  -0.623  -0.623  -0.623  -0.623  -0.623  -0.623  -0.623  -0.623  -0.623  -0.623  -0.623  -0.623  -0.623  -0.623  -0.623  -0.623  -0.623  -0.623  -0.623  -0.623  -0.623  -0.623  -0.621  -0.618  -0.615  -0.611  -0.609  -0.611  -0.615  -0.615  -0.613  -0.612  -0.612  -0.611  -0.610  -0.609  -0.607
   2.800  -0.631  -0.631  -0.630  -0.630  -0.629  -0.629  -0.629  -0.628  -0.628  -0.628  -0.628  -0.628  -0.628  -0.628  -0.628  -0.628  -0.628  -0.628  -0.628  -0.628  -0.628  -0.628  -0.628  -0.628  -0.628  -0.628  -0.628  -0.628  -0.628  -0.628  -0.628  -0.628  -0.627  -0.626  -0.624  -0.624  -0.624  -0.625  -0.625  -0.623  -0.621  -0.620  -0.619  -0.618  -0.616  -0.614
   2.850  -0.688  -0.661  -0.642  -0.636  -0.634  -0.632  -0.631  -0.630  -0.630  -0.629  -0.629  -0.629  -0.629  -0.629  -0.629  -0.629  -0.629  -0.629  -0.629  -0.629  -0.629  -0.629  -0.629  -0.629  -0.629  -0.629  -0.629  -0.629  -0.629  -0.629  -0.629  -0.633  -0.640  -0.641  -0.640  -0.638  -0.638  -0.637  -0.636  -0.634  -0.632  -0.631  -0.629  -0.628  -0.626  -0.624
   2.900  -0.708  -0.696  -0.687  -0.680  -0.676  -0.674  -0.672  -0.670  -0.670  -0.669  -0.669  -0.668  -0.667  -0.667  -0.666  -0.666  -0.666  -0.665  -0.665  -0.665  -0.665  -0.665  -0.665  -0.665  -0.666  -0.666  -0.666  -0.666  -0.666  -0.666  -0.666  -0.662  -0.654  -0.651  -0.651  -0.650  -0.648  -0.647  -0.645  -0.644  -0.642  -0.640  -0.639  -0.637  -0.635  -0.633
   2.910  -0.762  -0.738  -0.719  -0.702  -0.690  -0.681  -0.675  -0.672  -0.670  -0.668  -0.667  -0.666  -0.665  -0.665  -0.664  -0.663  -0.662  -0.662  -0.662  -0.662  -0.662  -0.662  -0.662  -0.662  -0.662  -0.662  -0.662  -0.662  -0.662  -0.662  -0.662  -0.662  -0.662  -0.661  -0.659  -0.656  -0.654  -0.653  -0.651  -0.650  -0.648  -0.647  -0.645  -0.644  -0.642  -0.640
   2.920  -0.822  -0.798  -0.775  -0.753  -0.730  -0.710  -0.695  -0.684  -0.675  -0.670  -0.667  -0.664  -0.663  -0.662  -0.661  -0.661  -0.661  -0.661  -0.661  -0.659  -0.658  -0.657  -0.657  -0.657  -0.657  -0.657  -0.657  -0.657  -0.657  -0.657  -0.657  -0.657  -0.657  -0.657  -0.657  -0.656  -0.655  -0.654  -0.653  -0.652  -0.651  -0.649  -0.648  -0.647  -0.646  -0.644
   2.930  -0.876  -0.876  -0.876  -0.867  -0.817  -0.766  -0.738  -0.718  -0.701  -0.687  -0.676  -0.669  -0.664  -0.660  -0.658  -0.657  -0.656  -0.656  -0.656  -0.655  -0.655  -0.654  -0.653  -0.653  -0.652  -0.652  -0.652  -0.652  -0.652  -0.652  -0.652  -0.652  -0.652  -0.652  -0.652  -0.652  -0.652  -0.651  -0.650  -0.650  -0.649  -0.648  -0.648  -0.647  -0.646  -0.645
   2.940  -0.872  -0.871  -0.871  -0.871  -0.871  -0.871  -0.841  -0.785  -0.748  -0.725  -0.707  -0.690  -0.676  -0.667  -0.661  -0.657  -0.654  -0.653  -0.651  -0.650  -0.650  -0.650  -0.650  -0.650  -0.648  -0.647  -0.647  -0.647  -0.647  -0.646  -0.646  -0.646  -0.646  -0.646  -0.646  -0.646  -0.646  -0.646  -0.646  -0.645  -0.645  -0.645  -0.644  -0.644  -0.643  -0.642
   2.950  -0.869  -0.868  -0.866  -0.866  -0.865  -0.865  -0.859  -0.845  -0.822  -0.790  -0.758  -0.733  -0.712  -0.693  -0.678  -0.666  -0.658  -0.653  -0.649  -0.646  -0.645  -0.644  -0.644  -0.644  -0.643  -0.643  -0.642  -0.641  -0.641  -0.640  -0.640  -0.640  -0.640  -0.640  -0.640  -0.640  -0.640  -0.640  -0.639  -0.639  -0.639  -0.639  -0.639  -0.638  -0.638  -0.638
   2.960  -0.879  -0.872  -0.867  -0.863  -0.861  -0.860  -0.859  -0.859  -0.856  -0.845  -0.827  -0.800  -0.768  -0.740  -0.715  -0.694  -0.677  -0.664  -0.655  -0.648  -0.644  -0.641  -0.639  -0.638  -0.637  -0.637  -0.637  -0.636  -0.636  -0.636  -0.636  -0.635  -0.634  -0.633  -0.633  -0.633  -0.633  -0.633  -0.633  -0.633  -0.632  -0.632  -0.632  -0.632  -0.632  -0.631
   2.970  -0.949  -0.916  -0.891  -0.874  -0.865  -0.860  -0.856  -0.854  -0.852  -0.851  -0.850  -0.850  -0.849  -0.840  -0.792  -0.743  -0.716  -0.695  -0.677  -0.663  -0.651  -0.643  -0.638  -0.634  -0.632  -0.631  -0.630  -0.629  -0.629  -0.628  -0.628  -0.628  -0.627  -0.627  -0.626  -0.626  -0.626  -0.625  -0.625  -0.625  -0.625  -0.625  -0.625  -0.624  -0.624  -0.624
   2.980  -1.293  -1.140  -1.023  -0.946  -0.906  -0.883  -0.867  -0.858  -0.852  -0.848  -0.846  -0.844  -0.842  -0.842  -0.841  -0.841  -0.810  -0.754  -0.717  -0.694  -0.676  -0.659  -0.646  -0.637  -0.631  -0.627  -0.624  -0.622  -0.622  -0.621  -0.621  -0.621  -0.620  -0.620  -0.619  -0.619  -0.618  -0.618  -0.618  -0.617  -0.617  -0.617  -0.617  -0.616  -0.616  -0.616
   2.990  -1.899  -1.687  -1.493  -1.316  -1.152  -1.023  -0.945  -0.902  -0.875  -0.860  -0.851  -0.844  -0.840  -0.837  -0.835  -0.833  -0.817  -0.788  -0.764  -0.741  -0.719  -0.695  -0.673  -0.655  -0.641  -0.631  -0.624  -0.620  -0.616  -0.614  -0.613  -0.612  -0.612  -0.612  -0.611  -0.611  -0.610  -0.610  -0.609  -0.609  -0.609  -0.609  -0.608  -0.608  -0.608  -0.608
   3.000  -1.923  -1.906  -1.892  -1.882  -1.877  -1.868  -1.614  -1.195  -1.011  -0.940  -0.898  -0.868  -0.852  -0.841  -0.834  -0.830  -0.827  -0.825  -0.823  -0.823  -0.822  -0.788  -0.727  -0.689  -0.667  -0.650  -0.635  -0.624  -0.616  -0.611  -0.608  -0.606  -0.605  -0.604  -0.603  -0.602  -0.602  -0.601  -0.601  -0.601  -0.600  -0.600  -0.599  -0.599  -0.599  -0.599
   3.010  -1.881  -1.897  -1.905  -1.903  -1.886  -1.870  -1.865  -1.862  -1.791  -1.434  -1.114  -0.993  -0.930  -0.883  -0.856  -0.840  -0.830  -0.824  -0.820  -0.818  -0.814  -0.793  -0.758  -0.731  -0.708  -0.686  -0.664  -0.644  -0.628  -0.616  -0.608  -0.603  -0.600  -0.598  -0.596  -0.595  -0.594  -0.593  -0.592  -0.592  -0.591  -0.591  -0.590  -0.590  -0.590  -0.589
   3.020  -1.920  -1.888  -1.868  -1.865  -1.869  -1.875  -1.900  -1.932  -1.934  -1.901  -1.835  -1.616  -1.292  -1.089  -0.981  -0.912  -0.867  -0.844  -0.827  -0.818  -0.812  -0.808  -0.806  -0.796  -0.762  -0.727  -0.702  -0.679  -0.657  -0.637  -0.620  -0.609  -0.602  -0.596  -0.593  -0.590  -0.588  -0.586  -0.585  -0.583  -0.583  -0.582  -0.581  -0.580  -0.580  -0.579
   3.030  -2.258  -2.119  -2.009  -1.927  -1.871  -1.850  -1.857  -1.871  -1.886  -1.905  -1.915  -1.898  -1.847  -1.734  -1.471  -1.220  -1.066  -0.957  -0.887  -0.850  -0.828  -0.813  -0.805  -0.799  -0.797  -0.793  -0.767  -0.726  -0.694  -0.669  -0.648  -0.630  -0.614  -0.603  -0.596  -0.590  -0.585  -0.582  -0.579  -0.576  -0.575  -0.573  -0.572  -0.571  -0.570  -0.569
   3.040  -2.062  -2.131  -2.166  -2.155  -2.067  -1.974  -1.901  -1.843  -1.834  -1.836  -1.840  -1.861  -1.891  -1.892  -1.859  -1.793  -1.613  -1.353  -1.165  -1.027  -0.925  -0.863  -0.830  -0.810  -0.798  -0.791  -0.787  -0.784  -0.771  -0.728  -0.686  -0.660  -0.639  -0.621  -0.608  -0.597  -0.589  -0.582  -0.576  -0.572  -0.569  -0.566  -0.564  -0.562  -0.561  -0.559
   3.050  -2.052  -2.035  -2.027  -2.031  -2.058  -2.075  -2.047  -1.990  -1.932  -1.863  -1.820  -1.809  -1.803  -1.802  -1.801  -1.801  -1.796  -1.781  -1.729  -1.532  -1.318  -1.140  -0.980  -0.887  -0.842  -0.814  -0.794  -0.783  -0.776  -0.773  -0.768  -0.734  -0.680  -0.646  -0.629  -0.615  -0.601  -0.589  -0.580  -0.573  -0.567  -0.562  -0.558  -0.555  -0.552  -0.550
   3.060  -2.055  -2.048  -2.039  -2.025  -2.006  -1.996  -2.006  -2.021  -2.021  -2.001  -1.964  -1.901  -1.831  -1.792  -1.771  -1.764  -1.767  -1.771  -1.771  -1.760  -1.739  -1.622  -1.416  -1.235  -1.056  -0.920  -0.852  -0.817  -0.791  -0.779  -0.766  -0.742  -0.715  -0.689  -0.665  -0.642  -0.623  -0.605  -0.591  -0.580  -0.570  -0.563  -0.556  -0.551  -0.546  -0.542
   3.070  -2.036  -2.033  -2.029  -2.024  -2.019  -2.010  -1.993  -1.976  -1.973  -1.974  -1.977  -2.020  -2.083  -2.067  -1.912  -1.790  -1.757  -1.740  -1.738  -1.740  -1.741  -1.737  -1.726  -1.682  -1.504  -1.305  -1.131  -0.969  -0.869  -0.820  -0.788  -0.763  -0.748  -0.727  -0.704  -0.681  -0.656  -0.632  -0.612  -0.596  -0.582  -0.570  -0.561  -0.552  -0.544  -0.537
   3.080  -2.059  -2.038  -2.021  -2.010  -2.004  -2.000  -1.998  -1.996  -1.988  -1.964  -1.950  -1.950  -1.951  -1.960  -2.004  -2.032  -1.963  -1.837  -1.763  -1.726  -1.712  -1.710  -1.709  -1.706  -1.702  -1.696  -1.688  -1.677  -1.585  -1.188  -0.893  -0.839  -0.811  -0.782  -0.758  -0.734  -0.704  -0.673  -0.647  -0.625  -0.606  -0.589  -0.574  -0.561  -0.548  -0.537
   3.090  -2.375  -2.221  -2.107  -2.047  -2.018  -2.000  -1.986  -1.977  -1.971  -1.969  -1.965  -1.952  -1.934  -1.922  -1.915  -1.913  -1.939  -1.980  -1.970  -1.866  -1.766  -1.716  -1.689  -1.683  -1.681  -1.679  -1.675  -1.667  -1.626  -1.447  -1.257  -1.117  -0.995  -0.910  -0.863  -0.824  -0.781  -0.741  -0.706  -0.674  -0.646  -0.622  -0.601  -0.581  -0.562  -0.544
   3.100  -2.752  -2.752  -2.751  -2.690  -2.358  -2.098  -2.037  -2.006  -1.979  -1.962  -1.950  -1.943  -1.939  -1.929  -1.916  -1.902  -1.888  -1.877  -1.881  -1.910  -1.929  -1.874  -1.772  -1.708  -1.667  -1.650  -1.649  -1.648  -1.646  -1.641  -1.631  -1.514  -1.305  -1.159  -1.054  -0.968  -0.901  -0.848  -0.798  -0.752  -0.712  -0.678  -0.648  -0.618  -0.590  -0.562
   3.110  -2.693  -2.689  -2.687  -2.686  -2.685  -2.685  -2.549  -2.300  -2.143  -2.051  -1.991  -1.955  -1.937  -1.922  -1.914  -1.907  -1.896  -1.884  -1.868  -1.848  -1.837  -1.853  -1.877  -1.867  -1.780  -1.696  -1.652  -1.626  -1.617  -1.614  -1.610  -1.576  -1.503  -1.407  -1.279  -1.159  -1.070  -0.996  -0.926  -0.863  -0.807  -0.760  -0.719  -0.677  -0.636  -0.596
   3.120  -2.651  -2.640  -2.631  -2.626  -2.623  -2.622  -2.622  -2.622  -2.599  -2.462  -2.306  -2.172  -2.047  -1.972  -1.935  -1.912  -1.895  -1.885  -1.874  -1.862  -1.850  -1.833  -1.818  -1.818  -1.832  -1.842  -1.792  -1.699  -1.640  -1.605  -1.587  -1.582  -1.579  -1.556  -1.454  -1.341  -1.251  -1.164  -1.081  -1.002  -0.930  -0.870  -0.816  -0.761  -0.705  -0.650
   3.130  -2.663  -2.623  -2.593  -2.578  -2.570  -2.566  -2.563  -2.562  -2.562  -2.562  -2.562  -2.562  -2.562  -2.517  -2.267  -2.043  -1.959  -1.916  -1.884  -1.867  -1.854  -1.840  -1.828  -1.813  -1.794  -1.784  -1.786  -1.790  -1.778  -1.704  -1.633  -1.604  -1.586  -1.557  -1.520  -1.470  -1.400  -1.319  -1.237  -1.151  -1.070  -1.000  -0.936  -0.868  -0.799  -0.728
   3.140  -2.796  -2.686  -2.604  -2.558  -2.534  -2.521  -2.513  -2.509  -2.507  -2.506  -2.505  -2.504  -2.504  -2.504  -2.504  -2.504  -2.377  -2.144  -2.006  -1.938  -1.892  -1.858  -1.839  -1.821  -1.808  -1.794  -1.772  -1.751  -1.748  -1.749  -1.750  -1.713  -1.645  -1.598  -1.569  -1.535  -1.489  -1.435  -1.368  -1.288  -1.208  -1.136  -1.067  -0.991  -0.911  -0.827
   3.150  -3.110  -2.898  -2.731  -2.612  -2.544  -2.505  -2.480  -2.467  -2.460  -2.455  -2.453  -2.451  -2.450  -2.450  -2.450  -2.450  -2.450  -2.449  -2.449  -2.449  -2.448  -2.266  -1.967  -1.861  -1.830  -1.808  -1.788  -1.774  -1.758  -1.743  -1.725  -1.704  -1.679  -1.648  -1.610  -1.572  -1.542  -1.512  -1.463  -1.396  -1.325  -1.261  -1.194  -1.118  -1.033  -0.942
   3.160  -3.562  -3.263  -3.011  -2.809  -2.656  -2.548  -2.483  -2.450  -2.428  -2.416  -2.409  -2.404  -2.401  -2.399  -2.399  -2.398  -2.398  -2.397  -2.397  -2.396  -2.396  -2.396  -2.396  -2.349  -2.092  -1.884  -1.830  -1.802  -1.776  -1.754  -1.737  -1.726  -1.716  -1.690  -1.647  -1.606  -1.585  -1.566  -1.529  -1.475  -1.416  -1.362  -1.305  -1.235  -1.154  -1.062
   3.170  -4.045  -3.722  -3.428  -3.161  -2.919  -2.721  -2.583  -2.491  -2.430  -2.397  -2.378  -2.366  -2.359  -2.355  -2.353  -2.351  -2.350  -2.349  -2.349  -2.348  -2.348  -2.348  -2.347  -2.347  -2.347  -2.347  -2.221  -1.993  -1.864  -1.807  -1.771  -1.744  -1.729  -1.709  -1.687  -1.664  -1.643  -1.620  -1.584  -1.537  -1.488  -1.443  -1.396  -1.336  -1.263  -1.178
   3.180  -4.488  -4.191  -3.898  -3.604  -3.305  -3.037  -2.814  -2.632  -2.501  -2.425  -2.378  -2.347  -2.331  -2.320  -2.314  -2.310  -2.307  -2.306  -2.304  -2.304  -2.303  -2.303  -2.302  -2.302  -2.301  -2.301  -2.301  -2.301  -2.268  -2.079  -1.906  -1.836  -1.800  -1.777  -1.768  -1.754  -1.725  -1.689  -1.648  -1.601  -1.554  -1.514  -1.474  -1.421  -1.357  -1.284
   3.190  -4.846  -4.602  -4.340  -4.058  -3.749  -3.451  -3.171  -2.914  -2.709  -2.554  -2.439  -2.366  -2.327  -2.300  -2.285  -2.276  -2.270  -2.266  -2.264  -2.262  -2.261  -2.260  -2.260  -2.260  -2.259  -2.259  -2.259  -2.259  -2.259  -2.259  -2.258  -2.166  -2.006  -1.933  -1.909  -1.883  -1.836  -1.782  -1.730  -1.678  -1.629  -1.588  -1.548  -1.499  -1.443  -1.379
   3.200  -5.093  -4.919  -4.712  -4.469  -4.186  -3.893  -3.593  -3.295  -3.031  -2.792  -2.597  -2.462  -2.373  -2.310  -2.276  -2.256  -2.242  -2.234  -2.228  -2.225  -2.223  -2.222  -2.221  -2.221  -2.220  -2.220  -2.220  -2.219  -2.219  -2.219  -2.219  -2.187  -2.125  -2.080  -2.049  -2.011  -1.954  -1.890  -1.830  -1.773  -1.719  -1.673  -1.629  -1.579  -1.526  -1.469
   3.210  -5.236  -5.131  -4.985  -4.797  -4.564  -4.305  -4.019  -3.716  -3.426  -3.139  -2.885  -2.677  -2.508  -2.385  -2.309  -2.260  -2.229  -2.213  -2.201  -2.194  -2.190  -2.187  -2.186  -2.184  -2.183  -2.182  -2.182  -2.182  -2.182  -2.181  -2.181  -2.181  -2.182  -2.177  -2.146  -2.102  -2.049  -1.989  -1.930  -1.873  -1.817  -1.766  -1.717  -1.666  -1.613  -1.560
   3.220  -5.306  -5.250  -5.156  -5.025  -4.856  -4.651  -4.403  -4.123  -3.838  -3.536  -3.249  -2.983  -2.742  -2.553  -2.414  -2.312  -2.247  -2.212  -2.186  -2.172  -2.163  -2.157  -2.153  -2.151  -2.149  -2.148  -2.147  -2.147  -2.147  -2.146  -2.146  -2.146  -2.146  -2.146  -2.140  -2.128  -2.100  -2.056  -2.010  -1.960  -1.908  -1.858  -1.807  -1.756  -1.704  -1.653
   3.230  -5.338  -5.307  -5.249  -5.164  -5.054  -4.907  -4.713  -4.482  -4.224  -3.935  -3.642  -3.352  -3.070  -2.826  -2.616  -2.446  -2.328  -2.250  -2.194  -2.164  -2.146  -2.133  -2.127  -2.122  -2.119  -2.117  -2.115  -2.114  -2.114  -2.113  -2.113  -2.113  -2.113  -2.113  -2.113  -2.114  -2.104  -2.082  -2.053  -2.017  -1.977  -1.933  -1.887  -1.840  -1.793  -1.744
   3.240  -5.359  -5.336  -5.295  -5.240  -5.172  -5.073  -4.936  -4.764  -4.552  -4.296  -4.023  -3.735  -3.440  -3.164  -2.899  -2.669  -2.488  -2.347  -2.246  -2.187  -2.149  -2.122  -2.108  -2.098  -2.093  -2.089  -2.086  -2.084  -2.082  -2.081  -2.081  -2.081  -2.081  -2.081  -2.081  -2.082  -2.080  -2.074  -2.063  -2.042  -2.015  -1.983  -1.946  -1.908  -1.868  -1.826
   3.250  -5.380  -5.358  -5.326  -5.285  -5.239  -5.172  -5.081  -4.962  -4.801  -4.598  -4.365  -4.099  -3.810  -3.526  -3.236  -2.969  -2.734  -2.530  -2.373  -2.263  -2.183  -2.131  -2.104  -2.084  -2.072  -2.065  -2.059  -2.056  -2.054  -2.053  -2.052  -2.051  -2.051  -2.051  -2.051  -2.051  -2.051  -2.050  -2.047  -2.039  -2.025  -2.005  -1.980  -1.953  -1.922  -1.889
   3.260  -5.388  -5.373  -5.349  -5.319  -5.284  -5.234  -5.171  -5.090  -4.974  -4.826  -4.643  -4.415  -4.154  -3.882  -3.592  -3.309  -3.039  -2.785  -2.574  -2.401  -2.267  -2.179  -2.125  -2.085  -2.063  -2.049  -2.039  -2.033  -2.029  -2.026  -2.024  -2.023  -2.022  -2.022  -2.022  -2.022  -2.022  -2.022  -2.021  -2.019  -2.013  -2.004  -1.989  -1.972  -1.952  -1.929
   3.270  -5.370  -5.367  -5.358  -5.343  -5.316  -5.278  -5.231  -5.171  -5.088  -4.984  -4.847  -4.666  -4.451  -4.208  -3.933  -3.651  -3.368  -3.089  -2.840  -2.616  -2.429  -2.290  -2.188  -2.114  -2.071  -2.044  -2.025  -2.015  -2.007  -2.002  -1.999  -1.997  -1.996  -1.995  -1.995  -1.995  -1.994  -1.994  -1.993  -1.993  -1.991  -1.988  -1.981  -1.971  -1.959  -1.945
   3.280  -5.322  -5.335  -5.341  -5.341  -5.329  -5.307  -5.275  -5.230  -5.168  -5.092  -4.989  -4.854  -4.688  -4.484  -4.240  -3.977  -3.700  -3.414  -3.145  -2.884  -2.652  -2.459  -2.301  -2.183  -2.109  -2.058  -2.024  -2.006  -1.991  -1.982  -1.977  -1.973  -1.971  -1.970  -1.969  -1.968  -1.968  -1.967  -1.967  -1.966  -1.966  -1.964  -1.961  -1.957  -1.951  -1.943
   3.290  -5.251  -5.278  -5.297  -5.305  -5.308  -5.309  -5.298  -5.269  -5.226  -5.169  -5.091  -4.991  -4.865  -4.701  -4.499  -4.270  -4.011  -3.733  -3.458  -3.179  -2.920  -2.687  -2.480  -2.316  -2.196  -2.106  -2.046  -2.010  -1.984  -1.969  -1.960  -1.953  -1.950  -1.947  -1.945  -1.943  -1.942  -1.941  -1.940  -1.940  -1.939  -1.938  -1.937  -1.935  -1.932  -1.928
   3.300  -5.164  -5.197  -5.226  -5.250  -5.271  -5.280  -5.278  -5.272  -5.260  -5.224  -5.167  -5.092  -4.995  -4.865  -4.707  -4.516  -4.286  -4.028  -3.763  -3.483  -3.211  -2.952  -2.710  -2.504  -2.332  -2.195  -2.100  -2.037  -1.991  -1.965  -1.949  -1.937  -1.931  -1.926  -1.922  -1.920  -1.918  -1.916  -1.915  -1.914  -1.913  -1.913  -1.912  -1.910  -1.908  -1.906
   3.310  -5.071  -5.108  -5.142  -5.173  -5.201  -5.224  -5.241  -5.251  -5.250  -5.237  -5.210  -5.164  -5.092  -4.994  -4.869  -4.713  -4.519  -4.294  -4.048  -3.776  -3.502  -3.232  -2.969  -2.732  -2.517  -2.336  -2.200  -2.099  -2.024  -1.979  -1.949  -1.928  -1.916  -1.907  -1.901  -1.897  -1.894  -1.892  -1.890  -1.889  -1.888  -1.887  -1.886  -1.884  -1.883  -1.882
   3.320  -4.976  -5.015  -5.052  -5.087  -5.121  -5.151  -5.179  -5.202  -5.210  -5.213  -5.214  -5.199  -5.155  -5.087  -4.994  -4.870  -4.712  -4.522  -4.303  -4.049  -3.784  -3.513  -3.241  -2.985  -2.741  -2.526  -2.347  -2.201  -2.089  -2.015  -1.963  -1.928  -1.909  -1.894  -1.884  -1.878  -1.873  -1.869  -1.867  -1.865  -1.864  -1.862  -1.861  -1.859  -1.858  -1.857
   3.330  -4.885  -4.923  -4.961  -4.998  -5.034  -5.069  -5.101  -5.130  -5.154  -5.175  -5.184  -5.180  -5.167  -5.143  -5.083  -4.991  -4.867  -4.711  -4.521  -4.295  -4.050  -3.787  -3.511  -3.247  -2.986  -2.746  -2.531  -2.342  -2.193  -2.085  -2.003  -1.947  -1.914  -1.888  -1.872  -1.862  -1.854  -1.850  -1.846  -1.843  -1.841  -1.839  -1.837  -1.835  -1.833  -1.832
   3.340  -4.803  -4.838  -4.873  -4.909  -4.947  -4.983  -5.018  -5.051  -5.081  -5.108  -5.130  -5.143  -5.150  -5.148  -5.121  -5.067  -4.983  -4.864  -4.708  -4.514  -4.293  -4.044  -3.774  -3.508  -3.239  -2.983  -2.744  -2.525  -2.342  -2.193  -2.074  -1.990  -1.935  -1.893  -1.868  -1.851  -1.839  -1.832  -1.826  -1.822  -1.818  -1.815  -1.813  -1.811  -1.809  -1.807
   3.350  -4.733  -4.762  -4.793  -4.826  -4.861  -4.897  -4.933  -4.968  -5.002  -5.034  -5.062  -5.089  -5.109  -5.111  -5.106  -5.095  -5.056  -4.974  -4.855  -4.698  -4.508  -4.281  -4.027  -3.766  -3.493  -3.226  -2.972  -2.732  -2.519  -2.332  -2.177  -2.061  -1.976  -1.912  -1.874  -1.848  -1.829  -1.818  -1.808  -1.802  -1.797  -1.793  -1.790  -1.788  -1.785  -1.782
   3.360  -4.673  -4.697  -4.723  -4.752  -4.782  -4.815  -4.849  -4.885  -4.919  -4.954  -4.986  -5.016  -5.043  -5.063  -5.075  -5.080  -5.067  -5.026  -4.956  -4.844  -4.691  -4.495  -4.264  -4.015  -3.743  -3.471  -3.207  -2.951  -2.718  -2.502  -2.315  -2.165  -2.047  -1.957  -1.898  -1.855  -1.825  -1.808  -1.793  -1.784  -1.777  -1.772  -1.768  -1.764  -1.760  -1.757
   3.370  -4.617  -4.639  -4.663  -4.688  -4.715  -4.743  -4.773  -4.806  -4.839  -4.874  -4.908  -4.941  -4.971  -4.999  -5.025  -5.037  -5.034  -5.026  -5.006  -4.938  -4.826  -4.671  -4.475  -4.249  -3.987  -3.717  -3.447  -3.177  -2.927  -2.691  -2.480  -2.298  -2.145  -2.024  -1.938  -1.874  -1.830  -1.804  -1.783  -1.769  -1.759  -1.751  -1.745  -1.739  -1.735  -1.732
   3.380  -4.565  -4.586  -4.608  -4.630  -4.654  -4.679  -4.706  -4.734  -4.764  -4.797  -4.830  -4.863  -4.896  -4.926  -4.956  -4.979  -4.994  -5.003  -5.000  -4.969  -4.906  -4.801  -4.650  -4.457  -4.218  -3.959  -3.688  -3.409  -3.145  -2.892  -2.660  -2.451  -2.266  -2.117  -2.003  -1.915  -1.852  -1.810  -1.778  -1.758  -1.743  -1.731  -1.724  -1.716  -1.711  -1.706
   3.390  -4.519  -4.537  -4.557  -4.577  -4.599  -4.622  -4.646  -4.671  -4.698  -4.726  -4.756  -4.788  -4.820  -4.852  -4.883  -4.911  -4.938  -4.958  -4.960  -4.951  -4.932  -4.879  -4.773  -4.621  -4.420  -4.188  -3.926  -3.643  -3.371  -3.103  -2.851  -2.622  -2.414  -2.238  -2.093  -1.975  -1.888  -1.827  -1.780  -1.751  -1.730  -1.714  -1.703  -1.693  -1.685  -1.679
   3.400  -4.485  -4.497  -4.512  -4.529  -4.549  -4.570  -4.592  -4.614  -4.638  -4.663  -4.689  -4.718  -4.748  -4.778  -4.810  -4.840  -4.870  -4.895  -4.908  -4.915  -4.917  -4.896  -4.834  -4.730  -4.578  -4.386  -4.147  -3.875  -3.602  -3.321  -3.052  -2.805  -2.576  -2.375  -2.200  -2.054  -1.942  -1.858  -1.794  -1.752  -1.722  -1.699  -1.683  -1.669  -1.658  -1.651
   3.410  -4.460  -4.466  -4.475  -4.488  -4.503  -4.521  -4.541  -4.562  -4.584  -4.606  -4.630  -4.655  -4.681  -4.709  -4.739  -4.768  -4.797  -4.824  -4.847  -4.866  -4.875  -4.866  -4.839  -4.788  -4.685  -4.534  -4.332  -4.088  -3.828  -3.543  -3.262  -2.998  -2.748  -2.524  -2.324  -2.153  -2.015  -1.907  -1.822  -1.763  -1.719  -1.686  -1.665  -1.646  -1.631  -1.622
   3.420  -4.443  -4.445  -4.450  -4.457  -4.467  -4.480  -4.496  -4.514  -4.533  -4.554  -4.576  -4.598  -4.622  -4.647  -4.673  -4.700  -4.728  -4.755  -4.780  -4.805  -4.817  -4.815  -4.809  -4.793  -4.731  -4.622  -4.465  -4.265  -4.031  -3.756  -3.475  -3.199  -2.928  -2.685  -2.463  -2.269  -2.105  -1.970  -1.862  -1.782  -1.722  -1.678  -1.649  -1.624  -1.604  -1.591
   3.430  -4.431  -4.431  -4.432  -4.434  -4.440  -4.448  -4.458  -4.472  -4.487  -4.506  -4.526  -4.547  -4.568  -4.590  -4.613  -4.637  -4.662  -4.686  -4.710  -4.735  -4.751  -4.758  -4.762  -4.758  -4.723  -4.653  -4.543  -4.389  -4.190  -3.942  -3.676  -3.399  -3.117  -2.857  -2.614  -2.396  -2.207  -2.045  -1.913  -1.813  -1.735  -1.677  -1.637  -1.603  -1.577  -1.560
   3.440  -4.422  -4.421  -4.420  -4.420  -4.421  -4.424  -4.429  -4.438  -4.449  -4.464  -4.480  -4.498  -4.518  -4.538  -4.558  -4.579  -4.601  -4.623  -4.643  -4.664  -4.681  -4.693  -4.700  -4.698  -4.678  -4.638  -4.567  -4.453  -4.294  -4.085  -3.849  -3.584  -3.302  -3.033  -2.771  -2.530  -2.319  -2.135  -1.981  -1.858  -1.758  -1.683  -1.628  -1.582  -1.548  -1.526
   3.450  -4.415  -4.413  -4.411  -4.409  -4.408  -4.408  -4.409  -4.413  -4.420  -4.428  -4.440  -4.455  -4.471  -4.489  -4.508  -4.527  -4.546  -4.564  -4.582  -4.599  -4.613  -4.624  -4.631  -4.630  -4.617  -4.590  -4.543  -4.462  -4.339  -4.175  -3.976  -3.736  -3.469  -3.203  -2.930  -2.674  -2.444  -2.236  -2.058  -1.910  -1.788  -1.693  -1.622  -1.564  -1.521  -1.493
   3.460  -4.406  -4.405  -4.403  -4.401  -4.398  -4.397  -4.397  -4.397  -4.398  -4.402  -4.409  -4.418  -4.430  -4.444  -4.461  -4.478  -4.495  -4.511  -4.525  -4.539  -4.549  -4.555  -4.559  -4.558  -4.546  -4.522  -4.485  -4.426  -4.332  -4.207  -4.046  -3.840  -3.602  -3.352  -3.082  -2.819  -2.573  -2.343  -2.143  -1.971  -1.827  -1.713  -1.625  -1.552  -1.497  -1.459
   3.470  -4.393  -4.393  -4.393  -4.393  -4.390  -4.388  -4.386  -4.384  -4.384  -4.385  -4.386  -4.390  -4.397  -4.407  -4.420  -4.433  -4.447  -4.461  -4.473  -4.485  -4.490  -4.490  -4.489  -4.486  -4.471  -4.445  -4.410  -4.360  -4.285  -4.188  -4.059  -3.890  -3.690  -3.465  -3.210  -2.953  -2.700  -2.454  -2.236  -2.044  -1.878  -1.743  -1.634  -1.544  -1.475  -1.426
   3.480  -4.375  -4.379  -4.381  -4.381  -4.380  -4.379  -4.377  -4.375  -4.373  -4.371  -4.370  -4.371  -4.373  -4.377  -4.384  -4.393  -4.403  -4.414  -4.423  -4.431  -4.434  -4.432  -4.425  -4.413  -4.394  -4.365  -4.328  -4.279  -4.213  -4.130  -4.023  -3.885  -3.721  -3.527  -3.301  -3.063  -2.815  -2.564  -2.335  -2.123  -1.936  -1.779  -1.649  -1.541  -1.456  -1.394
   3.490  -4.346  -4.354  -4.361  -4.365  -4.367  -4.368  -4.367  -4.365  -4.363  -4.361  -4.359  -4.357  -4.356  -4.356  -4.358  -4.361  -4.367  -4.373  -4.378  -4.382  -4.383  -4.379  -4.367  -4.347  -4.321  -4.286  -4.243  -4.191  -4.126  -4.048  -3.952  -3.836  -3.700  -3.536  -3.344  -3.134  -2.903  -2.661  -2.430  -2.203  -1.998  -1.822  -1.671  -1.545  -1.444  -1.367
   3.500  -4.302  -4.318  -4.331  -4.341  -4.347  -4.351  -4.352  -4.353  -4.353  -4.351  -4.349  -4.346  -4.343  -4.341  -4.339  -4.338  -4.338  -4.339  -4.339  -4.338  -4.335  -4.327  -4.311  -4.287  -4.254  -4.212  -4.162  -4.103  -4.033  -3.954  -3.862  -3.757  -3.638  -3.497  -3.336  -3.156  -2.951  -2.730  -2.507  -2.278  -2.063  -1.872  -1.702  -1.557  -1.439  -1.345
   3.525  -4.069  -4.112  -4.151  -4.186  -4.217  -4.243  -4.265  -4.284  -4.295  -4.303  -4.308  -4.311  -4.312  -4.311  -4.309  -4.307  -4.303  -4.297  -4.286  -4.272  -4.255  -4.231  -4.199  -4.158  -4.107  -4.047  -3.979  -3.901  -3.816  -3.722  -3.622  -3.517  -3.404  -3.284  -3.161  -3.015  -2.846  -2.667  -2.477  -2.271  -2.094  -1.928  -1.759  -1.596  -1.447  -1.319
   3.550  -3.727  -3.796  -3.861  -3.922  -3.980  -4.033  -4.081  -4.124  -4.161  -4.192  -4.218  -4.238  -4.252  -4.260  -4.265  -4.266  -4.263  -4.255  -4.242  -4.223  -4.196  -4.160  -4.115  -4.060  -3.994  -3.918  -3.832  -3.736  -3.632  -3.519  -3.400  -3.277  -3.150  -3.024  -2.899  -2.773  -2.647  -2.520  -2.387  -2.249  -2.104  -1.946  -1.782  -1.619  -1.456  -1.293
   3.575  -3.313  -3.394  -3.473  -3.550  -3.623  -3.693  -3.760  -3.822  -3.884  -3.940  -3.991  -4.036  -4.075  -4.106  -4.132  -4.152  -4.167  -4.175  -4.175  -4.164  -4.145  -4.114  -4.070  -4.012  -3.940  -3.851  -3.746  -3.629  -3.504  -3.369  -3.232  -3.093  -2.954  -2.817  -2.683  -2.551  -2.422  -2.294  -2.171  -2.058  -1.926  -1.782  -1.634  -1.488  -1.343  -1.185
   3.600  -2.865  -2.953  -3.040  -3.126  -3.210  -3.292  -3.372  -3.450  -3.525  -3.598  -3.667  -3.733  -3.796  -3.853  -3.907  -3.954  -3.996  -4.030  -4.049  -4.059  -4.062  -4.047  -4.008  -3.951  -3.873  -3.778  -3.664  -3.534  -3.396  -3.247  -3.095  -2.944  -2.791  -2.641  -2.492  -2.344  -2.199  -2.055  -1.916  -1.779  -1.645  -1.514  -1.386  -1.259  -1.134  -1.011
   3.625  -2.436  -2.528  -2.619  -2.709  -2.798  -2.886  -2.972  -3.057  -3.141  -3.223  -3.302  -3.379  -3.454  -3.524  -3.592  -3.654  -3.710  -3.759  -3.796  -3.828  -3.847  -3.845  -3.825  -3.790  -3.725  -3.644  -3.545  -3.428  -3.299  -3.155  -3.004  -2.847  -2.686  -2.525  -2.363  -2.202  -2.044  -1.889  -1.738  -1.591  -1.448  -1.309  -1.174  -1.042  -0.913  -0.788
   3.650  -2.022  -2.114  -2.206  -2.298  -2.388  -2.478  -2.567  -2.655  -2.743  -2.829  -2.914  -2.997  -3.078  -3.156  -3.232  -3.303  -3.369  -3.429  -3.480  -3.528  -3.550  -3.552  -3.553  -3.547  -3.506  -3.443  -3.365  -3.268  -3.156  -3.027  -2.886  -2.735  -2.574  -2.411  -2.245  -2.078  -1.913  -1.750  -1.589  -1.432  -1.277  -1.125  -0.977  -0.833  -0.693  -0.558
   3.675  -1.631  -1.724  -1.817  -1.909  -2.001  -2.093  -2.184  -2.274  -2.364  -2.453  -2.540  -2.626  -2.711  -2.793  -2.873  -2.948  -3.019  -3.084  -3.141  -3.192  -3.218  -3.222  -3.226  -3.224  -3.188  -3.131  -3.063  -2.979  -2.884  -2.775  -2.657  -2.529  -2.392  -2.251  -2.103  -1.951  -1.795  -1.636  -1.475  -1.313  -1.151  -0.991  -0.833  -0.679  -0.528  -0.382
   3.700  -1.276  -1.366  -1.456  -1.546  -1.637  -1.728  -1.819  -1.909  -1.999  -2.088  -2.176  -2.263  -2.348  -2.431  -2.512  -2.589  -2.661  -2.728  -2.785  -2.836  -2.862  -2.866  -2.869  -2.863  -2.826  -2.773  -2.711  -2.637  -2.556  -2.466  -2.370  -2.268  -2.158  -2.042  -1.918  -1.787  -1.647  -1.499  -1.346  -1.186  -1.025  -0.863  -0.700  -0.540  -0.383  -0.227
   3.725  -0.966  -1.045  -1.126  -1.210  -1.297  -1.385  -1.474  -1.563  -1.652  -1.741  -1.829  -1.916  -2.002  -2.085  -2.167  -2.244  -2.316  -2.382  -2.439  -2.489  -2.514  -2.516  -2.518  -2.513  -2.475  -2.423  -2.363  -2.293  -2.217  -2.134  -2.046  -1.953  -1.855  -1.751  -1.642  -1.527  -1.405  -1.276  -1.142  -1.001  -0.856  -0.707  -0.555  -0.402  -0.248  -0.092
   3.750  -0.723  -0.784  -0.851  -0.923  -1.000  -1.080  -1.162  -1.245  -1.329  -1.415  -1.500  -1.585  -1.668  -1.749  -1.829  -1.904  -1.974  -2.038  -2.091  -2.139  -2.161  -2.162  -2.162  -2.156  -2.119  -2.067  -2.009  -1.940  -1.866  -1.786  -1.701  -1.613  -1.520  -1.425  -1.327  -1.225  -1.119  -1.010  -0.895  -0.775  -0.650  -0.519  -0.382  -0.241  -0.095   0.055
   3.775  -0.575  -0.609  -0.651  -0.702  -0.760  -0.824  -0.890  -0.960  -1.034  -1.110  -1.188  -1.266  -1.344  -1.421  -1.495  -1.566  -1.631  -1.690  -1.740  -1.784  -1.803  -1.803  -1.802  -1.796  -1.760  -1.711  -1.655  -1.590  -1.520  -1.443  -1.362  -1.278  -1.191  -1.101  -1.009  -0.914  -0.816  -0.715  -0.610  -0.502  -0.388  -0.269  -0.146  -0.018   0.115   0.253
   3.800  -0.509  -0.520  -0.538  -0.562  -0.592  -0.630  -0.675  -0.727  -0.784  -0.845  -0.909  -0.975  -1.043  -1.109  -1.174  -1.235  -1.292  -1.343  -1.386  -1.423  -1.439  -1.438  -1.436  -1.428  -1.395  -1.349  -1.297  -1.235  -1.169  -1.097  -1.021  -0.941  -0.858  -0.773  -0.685  -0.595  -0.502  -0.407  -0.308  -0.207  -0.102   0.006   0.119   0.234   0.354   0.478
   3.825  -0.489  -0.491  -0.495  -0.500  -0.508  -0.519  -0.540  -0.566  -0.596  -0.634  -0.677  -0.721  -0.768  -0.815  -0.864  -0.910  -0.954  -0.993  -1.025  -1.051  -1.063  -1.063  -1.057  -1.045  -1.015  -0.975  -0.928  -0.873  -0.813  -0.748  -0.678  -0.604  -0.527  -0.448  -0.366  -0.281  -0.194  -0.105  -0.013   0.083   0.182   0.283   0.388   0.497   0.609   0.725
   3.850  -0.483  -0.481  -0.480  -0.478  -0.477  -0.476  -0.476  -0.478  -0.481  -0.489  -0.502  -0.519  -0.540  -0.563  -0.588  -0.613  -0.637  -0.658  -0.674  -0.686  -0.690  -0.686  -0.676  -0.658  -0.631  -0.596  -0.554  -0.506  -0.453  -0.395  -0.332  -0.265  -0.195  -0.122  -0.046   0.032   0.113   0.196   0.283   0.373   0.466   0.562   0.662   0.765   0.871   0.981
   3.875  -0.484  -0.482  -0.479  -0.475  -0.470  -0.463  -0.455  -0.445  -0.431  -0.416  -0.400  -0.389  -0.378  -0.371  -0.366  -0.360  -0.354  -0.349  -0.342  -0.335  -0.325  -0.311  -0.294  -0.271  -0.243  -0.211  -0.174  -0.132  -0.086  -0.035   0.020   0.078   0.140   0.205   0.274   0.345   0.419   0.495   0.575   0.658   0.745   0.835   0.929   1.026   1.127   1.232
   3.900  -0.485  -0.482  -0.478  -0.473  -0.467  -0.459  -0.448  -0.434  -0.415  -0.391  -0.362  -0.328  -0.289  -0.249  -0.206  -0.164  -0.125  -0.088  -0.053  -0.021   0.010   0.040   0.069   0.099   0.131   0.164   0.199   0.237   0.278   0.322   0.370   0.421   0.475   0.532   0.592   0.656   0.722   0.792   0.865   0.941   1.021   1.105   1.193   1.284   1.380   1.479
   3.925  -0.486  -0.484  -0.481  -0.476  -0.470  -0.461  -0.450  -0.436  -0.415  -0.390  -0.355  -0.309  -0.255  -0.191  -0.117  -0.042   0.031   0.104   0.171   0.232   0.293   0.347   0.396   0.440   0.481   0.520   0.558   0.595   0.634   0.675   0.717   0.761   0.808   0.858   0.911   0.966   1.025   1.087   1.152   1.221   1.294   1.371   1.452   1.537   1.626   1.720
   3.950  -0.487  -0.486  -0.483  -0.479  -0.473  -0.465  -0.454  -0.439  -0.417  -0.389  -0.352  -0.303  -0.244  -0.172  -0.087   0.006   0.108   0.216   0.319   0.421   0.515   0.597   0.670   0.735   0.791   0.841   0.887   0.928   0.969   1.009   1.049   1.090   1.131   1.175   1.221   1.270   1.321   1.375   1.434   1.496   1.562   1.632   1.706   1.785   1.868   1.955
   3.975  -0.484  -0.483  -0.481  -0.478  -0.474  -0.467  -0.458  -0.445  -0.424  -0.396  -0.359  -0.310  -0.251  -0.177  -0.089   0.010   0.129   0.260   0.393   0.533   0.662   0.775   0.877   0.964   1.040   1.110   1.170   1.223   1.271   1.315   1.356   1.397   1.436   1.477   1.519   1.562   1.608   1.657   1.709   1.764   1.823   1.887   1.955   2.027   2.103   2.185
   4.000  -0.477  -0.477  -0.477  -0.477  -0.474  -0.468  -0.460  -0.449  -0.430  -0.405  -0.369  -0.322  -0.263  -0.187  -0.095   0.012   0.136   0.274   0.418   0.571   0.721   0.864   1.000   1.121   1.228   1.322   1.402   1.470   1.532   1.584   1.632   1.676   1.717   1.757   1.797   1.838   1.881   1.926   1.973   2.023   2.076   2.134   2.195   2.262   2.333   2.408
   4.025  -0.469  -0.469  -0.469  -0.469  -0.468  -0.464  -0.458  -0.448  -0.430  -0.410  -0.378  -0.334  -0.276  -0.202  -0.111  -0.003   0.121   0.260   0.407   0.565   0.720   0.885   1.050   1.205   1.348   1.473   1.574   1.659   1.738   1.806   1.865   1.918   1.965   2.009   2.050   2.091   2.133   2.176   2.221   2.268   2.317   2.371   2.428   2.489   2.555   2.625
   4.050  -0.461  -0.461  -0.460  -0.460  -0.458  -0.456  -0.452  -0.444  -0.431  -0.412  -0.383  -0.342  -0.289  -0.219  -0.132  -0.029   0.093   0.232   0.383   0.549   0.719   0.892   1.067   1.233   1.393   1.541   1.672   1.790   1.892   1.980   2.056   2.122   2.178   2.230   2.277   2.321   2.365   2.408   2.452   2.497   2.545   2.596   2.650   2.707   2.769   2.835
   4.075  -0.456  -0.456  -0.455  -0.454  -0.452  -0.449  -0.445  -0.438  -0.426  -0.408  -0.381  -0.344  -0.297  -0.231  -0.150  -0.052   0.065   0.199   0.348   0.513   0.688   0.864   1.043   1.217   1.387   1.548   1.711   1.864   1.997   2.105   2.198   2.282   2.353   2.417   2.472   2.523   2.572   2.617   2.663   2.709   2.757   2.806   2.858   2.914   2.972   3.034
   4.100  -0.453  -0.452  -0.451  -0.449  -0.447  -0.443  -0.438  -0.431  -0.418  -0.402  -0.378  -0.344  -0.300  -0.240  -0.165  -0.073   0.038   0.166   0.309   0.468   0.637   0.815   0.999   1.183   1.369   1.550   1.724   1.889   2.039   2.176   2.297   2.401   2.491   2.570   2.638   2.699   2.755   2.806   2.856   2.904   2.953   3.003   3.054   3.108   3.165   3.224
   4.125  -0.449  -0.448  -0.446  -0.444  -0.442  -0.438  -0.433  -0.426  -0.414  -0.399  -0.376  -0.344  -0.301  -0.244  -0.173  -0.087   0.018   0.139   0.275   0.427   0.591   0.766   0.950   1.137   1.329   1.521   1.702   1.878   2.039   2.204   2.358   2.484   2.591   2.690   2.774   2.848   2.914   2.973   3.030   3.083   3.134   3.186   3.237   3.291   3.348   3.407
   4.150  -0.447  -0.445  -0.442  -0.440  -0.437  -0.433  -0.428  -0.421  -0.410  -0.395  -0.373  -0.342  -0.302  -0.247  -0.180  -0.097   0.002   0.116   0.246   0.391   0.549   0.720   0.901   1.086   1.278   1.470   1.663   1.854   2.037   2.214   2.378   2.526   2.661   2.779   2.881   2.972   3.051   3.121   3.186   3.245   3.301   3.355   3.408   3.464   3.523   3.583
   4.175  -0.447  -0.444  -0.441  -0.437  -0.433  -0.428  -0.423  -0.415  -0.404  -0.390  -0.369  -0.340  -0.302  -0.251  -0.186  -0.107  -0.012   0.098   0.224   0.365   0.519   0.685   0.861   1.043   1.232   1.424   1.620   1.817   2.013   2.200   2.375   2.543   2.704   2.840   2.962   3.071   3.166   3.248   3.324   3.391   3.453   3.513   3.571   3.630   3.691   3.752
   4.200  -0.448  -0.444  -0.440  -0.436  -0.431  -0.425  -0.418  -0.410  -0.399  -0.385  -0.365  -0.338  -0.302  -0.253  -0.192  -0.116  -0.024   0.083   0.205   0.344   0.494   0.656   0.829   1.007   1.191   1.381   1.577   1.778   1.976   2.175   2.366   2.548   2.721   2.879   3.021   3.149   3.260   3.358   3.446   3.522   3.593   3.660   3.724   3.788   3.851   3.914
   4.225  -0.449  -0.445  -0.441  -0.436  -0.431  -0.424  -0.417  -0.409  -0.397  -0.383  -0.362  -0.335  -0.300  -0.253  -0.195  -0.123  -0.036   0.067   0.187   0.323   0.471   0.634   0.807   0.983   1.163   1.349   1.544   1.745   1.946   2.149   2.348   2.541   2.725   2.900   3.061   3.207   3.336   3.450   3.552   3.641   3.722   3.798   3.868   3.937   4.004   4.070
   4.250  -0.449  -0.446  -0.441  -0.436  -0.431  -0.424  -0.417  -0.408  -0.396  -0.381  -0.360  -0.333  -0.298  -0.253  -0.198  -0.129  -0.045   0.054   0.170   0.304   0.452   0.615   0.790   0.965   1.142   1.325   1.518   1.718   1.920   2.125   2.328   2.529   2.726   2.912   3.088   3.251   3.397   3.528   3.645   3.747   3.840   3.925   4.002   4.077   4.150   4.219
   4.275  -0.448  -0.445  -0.441  -0.436  -0.430  -0.423  -0.415  -0.406  -0.394  -0.379  -0.359  -0.332  -0.298  -0.254  -0.200  -0.133  -0.051   0.045   0.159   0.289   0.435   0.596   0.769   0.944   1.123   1.309   1.503   1.703   1.904   2.110   2.315   2.521   2.724   2.918   3.107   3.284   3.445   3.592   3.724   3.840   3.946   4.041   4.128   4.210   4.289   4.362
   4.300  -0.447  -0.444  -0.440  -0.435  -0.429  -0.422  -0.414  -0.404  -0.391  -0.377  -0.357  -0.331  -0.299  -0.255  -0.201  -0.135  -0.055   0.039   0.150   0.278   0.421   0.579   0.750   0.926   1.109   1.298   1.494   1.696   1.899   2.103   2.309   2.516   2.723   2.924   3.122   3.310   3.484   3.646   3.792   3.923   4.042   4.149   4.244   4.334   4.418   4.495
   4.325  -0.446  -0.443  -0.440  -0.435  -0.428  -0.421  -0.412  -0.401  -0.388  -0.373  -0.353  -0.328  -0.297  -0.254  -0.201  -0.137  -0.059   0.034   0.144   0.271   0.412   0.568   0.736   0.912   1.098   1.291   1.490   1.694   1.899   2.105   2.312   2.520   2.728   2.935   3.139   3.334   3.519   3.693   3.853   3.998   4.130   4.247   4.351   4.447   4.534   4.611
   4.350  -0.444  -0.442  -0.438  -0.433  -0.427  -0.419  -0.409  -0.398  -0.384  -0.368  -0.348  -0.323  -0.292  -0.251  -0.201  -0.138  -0.060   0.032   0.141   0.268   0.409   0.563   0.730   0.907   1.094   1.288   1.488   1.694   1.901   2.109   2.319   2.530   2.741   2.949   3.158   3.359   3.552   3.737   3.908   4.066   4.210   4.337   4.451   4.553   4.643   4.722
   4.375  -0.439  -0.437  -0.435  -0.431  -0.425  -0.417  -0.407  -0.394  -0.380  -0.363  -0.341  -0.316  -0.285  -0.245  -0.197  -0.135  -0.058   0.033   0.142   0.269   0.410   0.565   0.732   0.909   1.097   1.292   1.493   1.699   1.907   2.119   2.332   2.545   2.758   2.970   3.181   3.387   3.587   3.779   3.959   4.128   4.283   4.423   4.549   4.660   4.756   4.838
   4.400  -0.432  -0.431  -0.429  -0.426  -0.421  -0.414  -0.404  -0.391  -0.375  -0.356  -0.334  -0.308  -0.276  -0.236  -0.188  -0.127  -0.052   0.037   0.146   0.273   0.414   0.569   0.737   0.916   1.105   1.302   1.504   1.711   1.921   2.134   2.349   2.565   2.781   2.995   3.209   3.419   3.624   3.822   4.009   4.187   4.351   4.501   4.637   4.757   4.861   4.950
   4.425  -0.427  -0.426  -0.423  -0.420  -0.415  -0.408  -0.398  -0.385  -0.369  -0.350  -0.327  -0.299  -0.266  -0.225  -0.176  -0.115  -0.041   0.047   0.155   0.281   0.422   0.579   0.749   0.929   1.120   1.318   1.521   1.729   1.940   2.154   2.370   2.588   2.807   3.024   3.241   3.455   3.664   3.867   4.061   4.247   4.418   4.568   4.703   4.830   4.948   5.056
   4.450  -0.424  -0.422  -0.418  -0.414  -0.409  -0.402  -0.392  -0.380  -0.363  -0.344  -0.319  -0.290  -0.255  -0.212  -0.162  -0.100  -0.025   0.063   0.170   0.296   0.437   0.595   0.767   0.948   1.140   1.339   1.543   1.751   1.963   2.179   2.396   2.615   2.836   3.056   3.276   3.493   3.705   3.913   4.112   4.305   4.481   4.630   4.763   4.895   5.023   5.146
   4.475  -0.422  -0.420  -0.416  -0.411  -0.406  -0.398  -0.388  -0.375  -0.358  -0.336  -0.310  -0.278  -0.241  -0.196  -0.144  -0.081  -0.006   0.083   0.190   0.316   0.458   0.616   0.789   0.972   1.165   1.365   1.569   1.779   1.991   2.207   2.426   2.646   2.868   3.090   3.312   3.532   3.747   3.959   4.161   4.358   4.537   4.692   4.830   4.962   5.088   5.205
   4.500  -0.422  -0.419  -0.415  -0.410  -0.404  -0.396  -0.385  -0.371  -0.352  -0.329  -0.300  -0.266  -0.225  -0.177  -0.124  -0.059   0.018   0.107   0.216   0.342   0.484   0.643   0.818   1.001   1.195   1.395   1.600   1.811   2.024   2.241   2.460   2.681   2.904   3.126   3.350   3.571   3.790   4.005   4.209   4.406   4.588   4.752   4.899   5.029   5.142   5.239

