low temperature opacities from Ferguson, Alexander, et al (2005) with gs98 metals
    form     version        X           Z          logRs    logR_min    logR_max       logTs    logT_min    logT_max
       1          38    0.200000    0.020000          46   -8.000000    1.000000         105    2.700000    4.500000

   logT                       logR = logRho - 3*logT + 18
          -8.000  -7.800  -7.600  -7.400  -7.200  -7.000  -6.800  -6.600  -6.400  -6.200  -6.000  -5.800  -5.600  -5.400  -5.200  -5.000  -4.800  -4.600  -4.400  -4.200  -4.000  -3.800  -3.600  -3.400  -3.200  -3.000  -2.800  -2.600  -2.400  -2.200  -2.000  -1.800  -1.600  -1.400  -1.200  -1.000  -0.800  -0.600  -0.400  -0.200   0.000   0.200   0.400   0.600   0.800   1.000

   2.700  -0.265  -0.265  -0.265  -0.265  -0.265  -0.265  -0.265  -0.265  -0.265  -0.265  -0.265  -0.265  -0.265  -0.265  -0.265  -0.265  -0.265  -0.265  -0.266  -0.270  -0.273  -0.270  -0.266  -0.265  -0.265  -0.265  -0.265  -0.265  -0.265  -0.265  -0.265  -0.266  -0.268  -0.267  -0.261  -0.255  -0.252  -0.248  -0.244  -0.240  -0.235  -0.229  -0.223  -0.218  -0.214  -0.211
   2.750  -0.263  -0.268  -0.272  -0.272  -0.271  -0.271  -0.271  -0.271  -0.271  -0.271  -0.271  -0.271  -0.271  -0.271  -0.271  -0.271  -0.271  -0.271  -0.271  -0.270  -0.270  -0.270  -0.270  -0.270  -0.270  -0.270  -0.270  -0.271  -0.271  -0.271  -0.271  -0.267  -0.259  -0.253  -0.249  -0.246  -0.243  -0.240  -0.236  -0.233  -0.229  -0.223  -0.218  -0.213  -0.210  -0.207
   2.800  -0.255  -0.250  -0.246  -0.242  -0.239  -0.237  -0.235  -0.233  -0.233  -0.232  -0.232  -0.232  -0.232  -0.232  -0.231  -0.231  -0.231  -0.231  -0.231  -0.231  -0.231  -0.231  -0.231  -0.231  -0.231  -0.231  -0.231  -0.230  -0.230  -0.230  -0.230  -0.231  -0.232  -0.232  -0.228  -0.224  -0.222  -0.221  -0.219  -0.217  -0.214  -0.210  -0.206  -0.202  -0.199  -0.197
   2.850  -0.266  -0.261  -0.257  -0.251  -0.246  -0.240  -0.234  -0.228  -0.222  -0.218  -0.214  -0.210  -0.207  -0.205  -0.204  -0.203  -0.202  -0.200  -0.200  -0.199  -0.199  -0.199  -0.198  -0.198  -0.198  -0.198  -0.198  -0.198  -0.198  -0.198  -0.197  -0.195  -0.193  -0.193  -0.195  -0.196  -0.196  -0.196  -0.196  -0.195  -0.193  -0.191  -0.189  -0.187  -0.185  -0.183
   2.900  -0.230  -0.228  -0.226  -0.224  -0.224  -0.223  -0.222  -0.222  -0.223  -0.226  -0.228  -0.215  -0.193  -0.182  -0.178  -0.175  -0.171  -0.168  -0.165  -0.163  -0.161  -0.159  -0.158  -0.156  -0.155  -0.154  -0.153  -0.152  -0.152  -0.151  -0.151  -0.155  -0.161  -0.165  -0.167  -0.168  -0.170  -0.170  -0.171  -0.171  -0.171  -0.171  -0.170  -0.169  -0.167  -0.166
   2.910  -0.238  -0.229  -0.222  -0.217  -0.214  -0.212  -0.210  -0.209  -0.209  -0.208  -0.208  -0.199  -0.184  -0.175  -0.171  -0.168  -0.165  -0.162  -0.160  -0.157  -0.154  -0.152  -0.151  -0.149  -0.148  -0.147  -0.146  -0.145  -0.145  -0.144  -0.143  -0.143  -0.143  -0.143  -0.144  -0.145  -0.146  -0.147  -0.148  -0.149  -0.150  -0.150  -0.150  -0.150  -0.149  -0.149
   2.920  -0.277  -0.255  -0.237  -0.224  -0.214  -0.207  -0.202  -0.200  -0.198  -0.197  -0.196  -0.196  -0.195  -0.192  -0.177  -0.163  -0.157  -0.153  -0.151  -0.149  -0.148  -0.146  -0.144  -0.142  -0.140  -0.139  -0.138  -0.137  -0.137  -0.136  -0.136  -0.136  -0.135  -0.134  -0.129  -0.126  -0.127  -0.128  -0.129  -0.130  -0.131  -0.131  -0.132  -0.132  -0.132  -0.132
   2.930  -0.387  -0.331  -0.287  -0.255  -0.236  -0.222  -0.209  -0.199  -0.192  -0.188  -0.186  -0.184  -0.183  -0.183  -0.182  -0.182  -0.171  -0.154  -0.145  -0.141  -0.139  -0.137  -0.137  -0.135  -0.134  -0.132  -0.131  -0.130  -0.130  -0.129  -0.128  -0.125  -0.120  -0.116  -0.112  -0.110  -0.111  -0.112  -0.113  -0.114  -0.115  -0.116  -0.116  -0.117  -0.117  -0.117
   2.940  -0.659  -0.536  -0.436  -0.359  -0.309  -0.270  -0.232  -0.204  -0.192  -0.188  -0.184  -0.179  -0.175  -0.172  -0.170  -0.170  -0.170  -0.170  -0.167  -0.149  -0.134  -0.130  -0.127  -0.125  -0.123  -0.121  -0.119  -0.116  -0.110  -0.098  -0.091  -0.095  -0.101  -0.101  -0.099  -0.098  -0.098  -0.100  -0.101  -0.101  -0.102  -0.103  -0.104  -0.104  -0.105  -0.105
   2.950  -0.653  -0.653  -0.653  -0.632  -0.511  -0.391  -0.330  -0.287  -0.247  -0.211  -0.183  -0.164  -0.152  -0.142  -0.136  -0.133  -0.141  -0.155  -0.155  -0.143  -0.128  -0.113  -0.099  -0.093  -0.091  -0.090  -0.089  -0.088  -0.088  -0.087  -0.087  -0.087  -0.087  -0.087  -0.088  -0.089  -0.090  -0.090  -0.091  -0.092  -0.092  -0.093  -0.094  -0.094  -0.095  -0.095
   2.960  -0.649  -0.648  -0.647  -0.647  -0.646  -0.646  -0.572  -0.437  -0.351  -0.300  -0.260  -0.222  -0.190  -0.166  -0.150  -0.139  -0.132  -0.128  -0.125  -0.123  -0.122  -0.123  -0.126  -0.122  -0.102  -0.087  -0.085  -0.084  -0.084  -0.083  -0.083  -0.083  -0.082  -0.082  -0.082  -0.082  -0.083  -0.084  -0.084  -0.085  -0.085  -0.086  -0.086  -0.087  -0.087  -0.087
   2.970  -0.653  -0.648  -0.644  -0.642  -0.641  -0.640  -0.640  -0.639  -0.618  -0.498  -0.379  -0.316  -0.271  -0.230  -0.195  -0.168  -0.149  -0.136  -0.127  -0.121  -0.118  -0.115  -0.114  -0.114  -0.115  -0.115  -0.103  -0.084  -0.079  -0.079  -0.078  -0.078  -0.077  -0.077  -0.077  -0.078  -0.078  -0.079  -0.079  -0.080  -0.080  -0.080  -0.081  -0.081  -0.081  -0.082
   2.980  -0.683  -0.667  -0.654  -0.645  -0.640  -0.637  -0.634  -0.633  -0.632  -0.631  -0.631  -0.553  -0.410  -0.322  -0.275  -0.238  -0.200  -0.169  -0.146  -0.132  -0.122  -0.115  -0.111  -0.108  -0.106  -0.105  -0.104  -0.102  -0.097  -0.082  -0.073  -0.072  -0.072  -0.072  -0.073  -0.074  -0.075  -0.075  -0.076  -0.076  -0.076  -0.076  -0.077  -0.077  -0.077  -0.077
   2.990  -0.866  -0.783  -0.719  -0.679  -0.659  -0.646  -0.637  -0.632  -0.628  -0.625  -0.624  -0.624  -0.623  -0.601  -0.475  -0.350  -0.285  -0.241  -0.202  -0.170  -0.145  -0.128  -0.117  -0.108  -0.103  -0.100  -0.098  -0.096  -0.096  -0.095  -0.095  -0.088  -0.077  -0.074  -0.073  -0.073  -0.073  -0.073  -0.073  -0.073  -0.073  -0.073  -0.073  -0.073  -0.073  -0.073
   3.000  -1.569  -1.262  -1.022  -0.853  -0.760  -0.706  -0.670  -0.652  -0.637  -0.628  -0.623  -0.619  -0.617  -0.615  -0.614  -0.613  -0.533  -0.386  -0.294  -0.242  -0.202  -0.168  -0.142  -0.122  -0.109  -0.100  -0.094  -0.091  -0.089  -0.088  -0.086  -0.082  -0.078  -0.075  -0.073  -0.072  -0.071  -0.071  -0.071  -0.070  -0.069  -0.069  -0.069  -0.069  -0.068  -0.068
   3.010  -1.556  -1.559  -1.561  -1.514  -1.247  -0.983  -0.847  -0.757  -0.693  -0.658  -0.638  -0.625  -0.619  -0.613  -0.610  -0.607  -0.605  -0.604  -0.577  -0.437  -0.301  -0.238  -0.199  -0.165  -0.137  -0.116  -0.102  -0.093  -0.086  -0.081  -0.079  -0.078  -0.078  -0.077  -0.073  -0.070  -0.069  -0.068  -0.067  -0.066  -0.065  -0.065  -0.064  -0.064  -0.063  -0.063
   3.020  -1.693  -1.648  -1.610  -1.582  -1.569  -1.544  -1.412  -1.196  -1.017  -0.853  -0.736  -0.681  -0.653  -0.630  -0.616  -0.607  -0.603  -0.600  -0.588  -0.544  -0.483  -0.403  -0.314  -0.247  -0.199  -0.161  -0.132  -0.111  -0.095  -0.085  -0.078  -0.074  -0.072  -0.069  -0.067  -0.065  -0.064  -0.063  -0.062  -0.061  -0.060  -0.059  -0.058  -0.057  -0.057  -0.057
   3.030  -1.644  -1.659  -1.667  -1.662  -1.627  -1.586  -1.560  -1.528  -1.453  -1.309  -1.147  -0.973  -0.804  -0.709  -0.664  -0.636  -0.614  -0.603  -0.594  -0.591  -0.586  -0.525  -0.418  -0.343  -0.290  -0.242  -0.195  -0.153  -0.122  -0.101  -0.086  -0.076  -0.070  -0.066  -0.063  -0.061  -0.059  -0.057  -0.056  -0.054  -0.053  -0.052  -0.051  -0.050  -0.050  -0.049
   3.040  -1.656  -1.653  -1.646  -1.633  -1.613  -1.602  -1.606  -1.611  -1.606  -1.561  -1.485  -1.378  -1.245  -1.092  -0.906  -0.758  -0.683  -0.645  -0.615  -0.598  -0.588  -0.582  -0.579  -0.554  -0.449  -0.344  -0.280  -0.230  -0.185  -0.145  -0.113  -0.092  -0.080  -0.070  -0.063  -0.059  -0.055  -0.052  -0.050  -0.048  -0.046  -0.044  -0.043  -0.042  -0.041  -0.041
   3.050  -1.478  -1.545  -1.591  -1.605  -1.609  -1.611  -1.599  -1.581  -1.579  -1.591  -1.598  -1.551  -1.479  -1.468  -1.481  -1.490  -1.264  -0.879  -0.715  -0.652  -0.617  -0.594  -0.582  -0.573  -0.569  -0.563  -0.485  -0.351  -0.264  -0.212  -0.171  -0.136  -0.109  -0.089  -0.076  -0.066  -0.058  -0.052  -0.047  -0.043  -0.040  -0.037  -0.035  -0.034  -0.032  -0.031
   3.060  -1.427  -1.430  -1.439  -1.463  -1.525  -1.562  -1.562  -1.561  -1.558  -1.553  -1.550  -1.557  -1.567  -1.555  -1.482  -1.435  -1.449  -1.471  -1.411  -1.057  -0.762  -0.673  -0.626  -0.594  -0.576  -0.565  -0.559  -0.555  -0.524  -0.390  -0.261  -0.200  -0.163  -0.130  -0.106  -0.086  -0.071  -0.059  -0.050  -0.043  -0.037  -0.033  -0.029  -0.026  -0.024  -0.022
   3.070  -1.416  -1.412  -1.409  -1.409  -1.412  -1.416  -1.440  -1.479  -1.505  -1.524  -1.532  -1.520  -1.502  -1.502  -1.523  -1.536  -1.519  -1.473  -1.403  -1.309  -1.187  -1.012  -0.822  -0.699  -0.635  -0.596  -0.576  -0.565  -0.525  -0.436  -0.348  -0.287  -0.237  -0.195  -0.161  -0.131  -0.104  -0.081  -0.063  -0.051  -0.041  -0.033  -0.027  -0.021  -0.017  -0.014
   3.080  -1.395  -1.395  -1.394  -1.393  -1.391  -1.389  -1.388  -1.387  -1.392  -1.422  -1.454  -1.480  -1.501  -1.500  -1.481  -1.468  -1.478  -1.494  -1.494  -1.468  -1.417  -1.333  -1.217  -1.073  -0.890  -0.735  -0.648  -0.599  -0.568  -0.557  -0.537  -0.472  -0.382  -0.312  -0.255  -0.205  -0.160  -0.122  -0.092  -0.072  -0.056  -0.042  -0.030  -0.021  -0.013  -0.008
   3.090  -1.377  -1.376  -1.375  -1.374  -1.373  -1.372  -1.370  -1.368  -1.368  -1.370  -1.373  -1.384  -1.403  -1.430  -1.470  -1.491  -1.472  -1.443  -1.437  -1.438  -1.438  -1.413  -1.374  -1.368  -1.372  -1.374  -1.168  -0.815  -0.661  -0.606  -0.564  -0.519  -0.478  -0.427  -0.368  -0.308  -0.246  -0.186  -0.142  -0.112  -0.087  -0.064  -0.045  -0.028  -0.016  -0.006
   3.100  -1.370  -1.364  -1.359  -1.355  -1.353  -1.352  -1.351  -1.350  -1.350  -1.349  -1.349  -1.348  -1.347  -1.348  -1.359  -1.378  -1.415  -1.453  -1.456  -1.434  -1.412  -1.402  -1.395  -1.387  -1.378  -1.361  -1.288  -1.156  -1.006  -0.818  -0.677  -0.621  -0.591  -0.545  -0.488  -0.425  -0.351  -0.275  -0.217  -0.175  -0.140  -0.105  -0.074  -0.048  -0.027  -0.012
   3.110  -1.402  -1.381  -1.365  -1.352  -1.345  -1.339  -1.334  -1.331  -1.329  -1.328  -1.327  -1.327  -1.326  -1.325  -1.321  -1.318  -1.327  -1.344  -1.357  -1.370  -1.377  -1.378  -1.378  -1.377  -1.367  -1.357  -1.350  -1.342  -1.306  -1.167  -1.013  -0.886  -0.766  -0.677  -0.619  -0.560  -0.477  -0.390  -0.320  -0.266  -0.217  -0.168  -0.123  -0.085  -0.053  -0.028
   3.120  -1.629  -1.524  -1.444  -1.394  -1.369  -1.352  -1.337  -1.326  -1.318  -1.313  -1.309  -1.306  -1.305  -1.303  -1.303  -1.302  -1.298  -1.292  -1.293  -1.304  -1.322  -1.351  -1.380  -1.382  -1.362  -1.343  -1.337  -1.333  -1.323  -1.308  -1.279  -1.175  -1.015  -0.895  -0.803  -0.716  -0.622  -0.531  -0.452  -0.384  -0.320  -0.257  -0.197  -0.145  -0.099  -0.059
   3.130  -2.975  -2.315  -1.836  -1.611  -1.511  -1.446  -1.395  -1.366  -1.341  -1.322  -1.308  -1.298  -1.291  -1.286  -1.283  -1.281  -1.280  -1.279  -1.276  -1.271  -1.268  -1.274  -1.285  -1.297  -1.310  -1.317  -1.309  -1.296  -1.294  -1.297  -1.298  -1.264  -1.189  -1.102  -0.998  -0.891  -0.791  -0.694  -0.605  -0.523  -0.446  -0.371  -0.299  -0.232  -0.169  -0.110
   3.140  -3.409  -3.203  -2.951  -2.640  -2.252  -1.915  -1.700  -1.555  -1.452  -1.398  -1.362  -1.329  -1.306  -1.289  -1.277  -1.269  -1.263  -1.259  -1.257  -1.255  -1.254  -1.252  -1.249  -1.250  -1.258  -1.267  -1.276  -1.285  -1.285  -1.281  -1.274  -1.266  -1.253  -1.221  -1.142  -1.048  -0.956  -0.859  -0.765  -0.674  -0.587  -0.505  -0.426  -0.347  -0.267  -0.187
   3.150  -3.918  -3.589  -3.298  -3.045  -2.828  -2.657  -2.572  -2.512  -2.319  -1.913  -1.591  -1.471  -1.409  -1.354  -1.315  -1.287  -1.267  -1.255  -1.245  -1.239  -1.235  -1.233  -1.231  -1.228  -1.222  -1.219  -1.227  -1.241  -1.242  -1.239  -1.235  -1.233  -1.231  -1.224  -1.196  -1.149  -1.082  -0.999  -0.913  -0.820  -0.730  -0.649  -0.571  -0.483  -0.389  -0.289
   3.160  -4.411  -4.094  -3.789  -3.493  -3.199  -2.944  -2.742  -2.584  -2.473  -2.412  -2.376  -2.357  -2.346  -2.235  -1.759  -1.405  -1.335  -1.298  -1.267  -1.246  -1.231  -1.221  -1.215  -1.210  -1.206  -1.205  -1.205  -1.206  -1.207  -1.212  -1.215  -1.214  -1.213  -1.210  -1.201  -1.183  -1.148  -1.092  -1.025  -0.944  -0.861  -0.789  -0.716  -0.628  -0.527  -0.414
   3.170  -4.823  -4.556  -4.277  -3.980  -3.662  -3.360  -3.086  -2.841  -2.651  -2.514  -2.415  -2.353  -2.322  -2.301  -2.294  -2.281  -2.025  -1.605  -1.407  -1.329  -1.279  -1.241  -1.221  -1.205  -1.196  -1.190  -1.185  -1.182  -1.181  -1.180  -1.180  -1.180  -1.179  -1.179  -1.178  -1.177  -1.165  -1.136  -1.092  -1.031  -0.966  -0.908  -0.846  -0.764  -0.665  -0.551
   3.180  -5.117  -4.923  -4.698  -4.437  -4.137  -3.831  -3.525  -3.225  -2.965  -2.736  -2.554  -2.432  -2.355  -2.300  -2.270  -2.252  -2.242  -2.237  -2.170  -1.858  -1.556  -1.403  -1.308  -1.248  -1.216  -1.196  -1.180  -1.171  -1.163  -1.158  -1.156  -1.156  -1.156  -1.156  -1.157  -1.157  -1.153  -1.142  -1.120  -1.081  -1.035  -0.994  -0.945  -0.877  -0.790  -0.686
   3.190  -5.288  -5.173  -5.015  -4.812  -4.561  -4.285  -3.985  -3.671  -3.375  -3.087  -2.835  -2.634  -2.475  -2.359  -2.290  -2.247  -2.219  -2.205  -2.194  -2.190  -2.183  -2.035  -1.763  -1.558  -1.387  -1.271  -1.218  -1.191  -1.168  -1.153  -1.144  -1.137  -1.133  -1.134  -1.137  -1.139  -1.137  -1.131  -1.120  -1.099  -1.072  -1.045  -1.011  -0.958  -0.890  -0.805
   3.200  -5.355  -5.306  -5.213  -5.076  -4.894  -4.674  -4.410  -4.116  -3.818  -3.507  -3.214  -2.946  -2.705  -2.520  -2.389  -2.293  -2.231  -2.197  -2.172  -2.159  -2.150  -2.145  -2.142  -2.098  -1.877  -1.641  -1.467  -1.319  -1.230  -1.185  -1.160  -1.143  -1.134  -1.131  -1.130  -1.129  -1.126  -1.121  -1.114  -1.103  -1.088  -1.070  -1.047  -1.010  -0.960  -0.899
   3.210  -5.350  -5.337  -5.296  -5.227  -5.118  -4.964  -4.759  -4.512  -4.242  -3.940  -3.636  -3.337  -3.049  -2.802  -2.591  -2.422  -2.304  -2.226  -2.174  -2.146  -2.128  -2.115  -2.108  -2.102  -2.099  -2.097  -2.095  -2.094  -2.011  -1.576  -1.257  -1.203  -1.176  -1.167  -1.165  -1.161  -1.150  -1.135  -1.123  -1.112  -1.100  -1.085  -1.068  -1.041  -1.007  -0.965
   3.220  -5.311  -5.308  -5.301  -5.284  -5.232  -5.139  -5.003  -4.826  -4.605  -4.337  -4.051  -3.752  -3.447  -3.162  -2.889  -2.654  -2.471  -2.329  -2.226  -2.166  -2.126  -2.099  -2.085  -2.074  -2.067  -2.063  -2.060  -2.058  -2.056  -2.056  -2.055  -1.886  -1.580  -1.402  -1.321  -1.267  -1.223  -1.195  -1.168  -1.147  -1.128  -1.109  -1.091  -1.068  -1.042  -1.012
   3.230  -5.268  -5.272  -5.275  -5.273  -5.253  -5.215  -5.147  -5.036  -4.877  -4.667  -4.425  -4.149  -3.850  -3.554  -3.255  -2.978  -2.734  -2.522  -2.358  -2.242  -2.158  -2.105  -2.078  -2.056  -2.043  -2.035  -2.029  -2.025  -2.023  -2.022  -2.020  -1.950  -1.813  -1.690  -1.568  -1.460  -1.380  -1.317  -1.264  -1.224  -1.190  -1.159  -1.133  -1.106  -1.079  -1.053
   3.240  -5.241  -5.241  -5.240  -5.238  -5.233  -5.224  -5.199  -5.142  -5.043  -4.905  -4.725  -4.493  -4.223  -3.942  -3.641  -3.347  -3.065  -2.800  -2.578  -2.396  -2.254  -2.159  -2.099  -2.055  -2.030  -2.015  -2.004  -1.998  -1.993  -1.989  -1.987  -1.986  -1.985  -1.960  -1.819  -1.669  -1.569  -1.483  -1.408  -1.346  -1.291  -1.245  -1.206  -1.168  -1.134  -1.102
   3.250  -5.236  -5.225  -5.216  -5.209  -5.207  -5.202  -5.190  -5.167  -5.123  -5.047  -4.927  -4.755  -4.541  -4.295  -4.012  -3.720  -3.426  -3.135  -2.873  -2.633  -2.432  -2.280  -2.167  -2.085  -2.038  -2.008  -1.987  -1.976  -1.967  -1.961  -1.957  -1.955  -1.954  -1.944  -1.896  -1.829  -1.746  -1.653  -1.569  -1.493  -1.423  -1.362  -1.308  -1.258  -1.213  -1.172
   3.260  -5.243  -5.227  -5.213  -5.200  -5.189  -5.178  -5.169  -5.159  -5.138  -5.103  -5.034  -4.926  -4.780  -4.586  -4.340  -4.072  -3.788  -3.492  -3.209  -2.932  -2.684  -2.475  -2.301  -2.170  -2.086  -2.026  -1.986  -1.964  -1.947  -1.937  -1.931  -1.927  -1.925  -1.920  -1.910  -1.891  -1.845  -1.777  -1.708  -1.634  -1.561  -1.494  -1.430  -1.371  -1.316  -1.265
   3.270  -5.249  -5.235  -5.221  -5.205  -5.187  -5.170  -5.157  -5.145  -5.127  -5.109  -5.073  -5.015  -4.926  -4.788  -4.602  -4.381  -4.122  -3.836  -3.552  -3.261  -2.986  -2.735  -2.509  -2.327  -2.188  -2.082  -2.012  -1.971  -1.940  -1.922  -1.911  -1.903  -1.898  -1.895  -1.893  -1.890  -1.873  -1.838  -1.793  -1.737  -1.676  -1.614  -1.550  -1.489  -1.431  -1.375
   3.280  -5.240  -5.236  -5.228  -5.215  -5.198  -5.179  -5.160  -5.140  -5.121  -5.104  -5.078  -5.044  -4.995  -4.907  -4.785  -4.622  -4.405  -4.150  -3.882  -3.594  -3.309  -3.034  -2.772  -2.545  -2.348  -2.190  -2.080  -2.007  -1.952  -1.920  -1.899  -1.884  -1.877  -1.871  -1.868  -1.863  -1.857  -1.847  -1.827  -1.793  -1.751  -1.703  -1.649  -1.596  -1.543  -1.489
   3.290  -5.206  -5.214  -5.218  -5.217  -5.207  -5.191  -5.172  -5.149  -5.127  -5.105  -5.079  -5.053  -5.020  -4.964  -4.891  -4.780  -4.618  -4.415  -4.181  -3.908  -3.627  -3.345  -3.066  -2.810  -2.572  -2.368  -2.209  -2.086  -1.994  -1.937  -1.899  -1.875  -1.862  -1.851  -1.844  -1.839  -1.835  -1.831  -1.822  -1.806  -1.784  -1.753  -1.715  -1.676  -1.636  -1.593
   3.300  -5.143  -5.172  -5.191  -5.194  -5.194  -5.194  -5.185  -5.164  -5.142  -5.117  -5.090  -5.063  -5.031  -4.990  -4.943  -4.868  -4.758  -4.615  -4.425  -4.186  -3.926  -3.652  -3.368  -3.097  -2.833  -2.595  -2.389  -2.214  -2.080  -1.989  -1.924  -1.881  -1.857  -1.838  -1.826  -1.817  -1.811  -1.807  -1.801  -1.794  -1.784  -1.769  -1.749  -1.729  -1.706  -1.682
   3.310  -5.056  -5.095  -5.127  -5.152  -5.170  -5.177  -5.175  -5.167  -5.155  -5.134  -5.109  -5.081  -5.049  -5.011  -4.972  -4.915  -4.841  -4.743  -4.600  -4.412  -4.193  -3.938  -3.660  -3.387  -3.112  -2.852  -2.612  -2.395  -2.220  -2.085  -1.981  -1.909  -1.864  -1.829  -1.810  -1.797  -1.787  -1.781  -1.775  -1.772  -1.769  -1.767  -1.765  -1.763  -1.761  -1.759
   3.320  -4.954  -5.001  -5.042  -5.079  -5.111  -5.134  -5.147  -5.153  -5.152  -5.142  -5.124  -5.101  -5.072  -5.037  -4.998  -4.949  -4.892  -4.821  -4.715  -4.579  -4.406  -4.184  -3.930  -3.668  -3.391  -3.120  -2.862  -2.618  -2.407  -2.225  -2.077  -1.970  -1.896  -1.841  -1.809  -1.788  -1.771  -1.761  -1.753  -1.748  -1.744  -1.741  -1.738  -1.736  -1.733  -1.731
   3.330  -4.847  -4.897  -4.944  -4.988  -5.029  -5.065  -5.096  -5.118  -5.123  -5.125  -5.125  -5.115  -5.091  -5.062  -5.027  -4.984  -4.935  -4.874  -4.792  -4.692  -4.559  -4.380  -4.166  -3.928  -3.658  -3.386  -3.120  -2.859  -2.622  -2.402  -2.215  -2.071  -1.961  -1.878  -1.825  -1.788  -1.762  -1.747  -1.735  -1.727  -1.721  -1.716  -1.713  -1.709  -1.706  -1.704
   3.340  -4.743  -4.792  -4.839  -4.887  -4.934  -4.977  -5.016  -5.051  -5.077  -5.096  -5.104  -5.101  -5.093  -5.078  -5.052  -5.016  -4.973  -4.921  -4.853  -4.773  -4.666  -4.527  -4.357  -4.150  -3.902  -3.642  -3.376  -3.107  -2.854  -2.613  -2.397  -2.215  -2.063  -1.945  -1.863  -1.803  -1.763  -1.740  -1.721  -1.709  -1.700  -1.693  -1.688  -1.684  -1.680  -1.677
   3.350  -4.649  -4.693  -4.738  -4.785  -4.833  -4.880  -4.925  -4.968  -5.005  -5.037  -5.059  -5.071  -5.076  -5.075  -5.061  -5.037  -5.005  -4.962  -4.905  -4.838  -4.749  -4.638  -4.502  -4.327  -4.114  -3.879  -3.622  -3.350  -3.090  -2.836  -2.600  -2.386  -2.196  -2.044  -1.930  -1.843  -1.782  -1.744  -1.714  -1.695  -1.682  -1.672  -1.665  -1.659  -1.654  -1.650
   3.360  -4.565  -4.604  -4.645  -4.688  -4.734  -4.780  -4.827  -4.874  -4.917  -4.958  -4.992  -5.021  -5.042  -5.045  -5.043  -5.040  -5.025  -4.992  -4.948  -4.893  -4.820  -4.728  -4.614  -4.468  -4.291  -4.086  -3.846  -3.584  -3.325  -3.062  -2.812  -2.578  -2.362  -2.180  -2.030  -1.909  -1.822  -1.762  -1.716  -1.688  -1.669  -1.654  -1.644  -1.636  -1.629  -1.624
   3.370  -4.493  -4.526  -4.561  -4.600  -4.641  -4.684  -4.730  -4.777  -4.823  -4.868  -4.910  -4.947  -4.979  -5.001  -5.016  -5.021  -5.016  -5.000  -4.973  -4.934  -4.877  -4.802  -4.707  -4.584  -4.434  -4.256  -4.042  -3.801  -3.551  -3.285  -3.025  -2.779  -2.546  -2.340  -2.157  -2.003  -1.886  -1.799  -1.733  -1.691  -1.662  -1.640  -1.626  -1.614  -1.605  -1.599
   3.380  -4.430  -4.459  -4.490  -4.523  -4.559  -4.597  -4.639  -4.683  -4.728  -4.774  -4.819  -4.862  -4.902  -4.935  -4.965  -4.980  -4.982  -4.983  -4.980  -4.955  -4.913  -4.858  -4.783  -4.682  -4.554  -4.398  -4.211  -3.996  -3.761  -3.500  -3.238  -2.984  -2.738  -2.512  -2.303  -2.122  -1.976  -1.860  -1.770  -1.709  -1.664  -1.632  -1.612  -1.595  -1.582  -1.574
   3.390  -4.376  -4.400  -4.426  -4.455  -4.486  -4.520  -4.557  -4.596  -4.637  -4.681  -4.726  -4.771  -4.815  -4.854  -4.891  -4.920  -4.941  -4.954  -4.955  -4.945  -4.925  -4.891  -4.837  -4.757  -4.653  -4.521  -4.357  -4.164  -3.947  -3.701  -3.447  -3.189  -2.930  -2.691  -2.466  -2.264  -2.090  -1.943  -1.826  -1.741  -1.676  -1.631  -1.602  -1.577  -1.559  -1.549
   3.400  -4.333  -4.351  -4.371  -4.395  -4.422  -4.452  -4.483  -4.517  -4.554  -4.594  -4.636  -4.679  -4.724  -4.766  -4.808  -4.845  -4.878  -4.903  -4.909  -4.911  -4.912  -4.899  -4.862  -4.804  -4.726  -4.620  -4.479  -4.309  -4.112  -3.885  -3.643  -3.386  -3.121  -2.873  -2.634  -2.415  -2.218  -2.043  -1.901  -1.791  -1.705  -1.642  -1.599  -1.564  -1.539  -1.525
   3.410  -4.301  -4.312  -4.327  -4.346  -4.367  -4.392  -4.419  -4.448  -4.480  -4.515  -4.552  -4.592  -4.635  -4.677  -4.721  -4.761  -4.798  -4.831  -4.855  -4.872  -4.878  -4.872  -4.854  -4.822  -4.770  -4.688  -4.574  -4.430  -4.255  -4.048  -3.821  -3.574  -3.313  -3.059  -2.806  -2.569  -2.354  -2.160  -1.995  -1.859  -1.748  -1.665  -1.605  -1.557  -1.523  -1.504
   3.420  -4.281  -4.286  -4.295  -4.306  -4.321  -4.340  -4.362  -4.388  -4.415  -4.445  -4.477  -4.512  -4.550  -4.590  -4.632  -4.673  -4.713  -4.752  -4.784  -4.812  -4.825  -4.824  -4.821  -4.812  -4.779  -4.719  -4.635  -4.522  -4.374  -4.188  -3.978  -3.745  -3.494  -3.240  -2.978  -2.728  -2.499  -2.287  -2.101  -1.940  -1.805  -1.700  -1.621  -1.557  -1.511  -1.484
   3.430  -4.271  -4.272  -4.274  -4.279  -4.287  -4.299  -4.315  -4.335  -4.358  -4.383  -4.411  -4.442  -4.475  -4.510  -4.548  -4.587  -4.627  -4.666  -4.701  -4.734  -4.757  -4.769  -4.774  -4.773  -4.753  -4.715  -4.658  -4.574  -4.454  -4.297  -4.112  -3.897  -3.659  -3.411  -3.149  -2.892  -2.649  -2.418  -2.213  -2.030  -1.874  -1.748  -1.649  -1.568  -1.508  -1.468
   3.440  -4.267  -4.264  -4.262  -4.262  -4.265  -4.270  -4.279  -4.292  -4.309  -4.329  -4.352  -4.378  -4.406  -4.437  -4.471  -4.506  -4.543  -4.581  -4.617  -4.651  -4.679  -4.700  -4.713  -4.714  -4.703  -4.681  -4.644  -4.583  -4.490  -4.367  -4.212  -4.021  -3.801  -3.566  -3.311  -3.055  -2.801  -2.554  -2.331  -2.130  -1.954  -1.807  -1.685  -1.586  -1.509  -1.454
   3.450  -4.267  -4.262  -4.257  -4.255  -4.253  -4.253  -4.255  -4.261  -4.270  -4.285  -4.302  -4.323  -4.346  -4.372  -4.401  -4.431  -4.464  -4.498  -4.532  -4.566  -4.596  -4.621  -4.639  -4.641  -4.636  -4.625  -4.601  -4.555  -4.485  -4.392  -4.268  -4.105  -3.911  -3.695  -3.455  -3.206  -2.950  -2.693  -2.457  -2.236  -2.040  -1.872  -1.729  -1.611  -1.517  -1.448
   3.460  -4.267  -4.262  -4.257  -4.252  -4.247  -4.244  -4.243  -4.243  -4.244  -4.251  -4.262  -4.276  -4.294  -4.315  -4.338  -4.364  -4.392  -4.422  -4.452  -4.483  -4.511  -4.537  -4.557  -4.560  -4.558  -4.554  -4.538  -4.500  -4.445  -4.374  -4.275  -4.142  -3.979  -3.789  -3.570  -3.336  -3.088  -2.831  -2.587  -2.350  -2.133  -1.945  -1.781  -1.644  -1.532  -1.447
   3.470  -4.266  -4.262  -4.258  -4.253  -4.248  -4.242  -4.236  -4.232  -4.231  -4.232  -4.233  -4.239  -4.252  -4.267  -4.285  -4.305  -4.328  -4.353  -4.378  -4.405  -4.429  -4.453  -4.472  -4.475  -4.474  -4.472  -4.458  -4.425  -4.379  -4.321  -4.240  -4.132  -3.999  -3.837  -3.644  -3.432  -3.201  -2.956  -2.712  -2.464  -2.232  -2.026  -1.841  -1.684  -1.554  -1.450
   3.480  -4.259  -4.258  -4.256  -4.253  -4.248  -4.243  -4.237  -4.230  -4.224  -4.219  -4.216  -4.217  -4.221  -4.228  -4.239  -4.254  -4.271  -4.291  -4.311  -4.332  -4.352  -4.372  -4.387  -4.390  -4.388  -4.385  -4.370  -4.338  -4.296  -4.243  -4.173  -4.083  -3.973  -3.836  -3.672  -3.487  -3.279  -3.052  -2.819  -2.573  -2.336  -2.115  -1.909  -1.732  -1.582  -1.457
   3.490  -4.244  -4.248  -4.250  -4.250  -4.247  -4.243  -4.237  -4.230  -4.224  -4.216  -4.210  -4.205  -4.202  -4.202  -4.206  -4.213  -4.224  -4.237  -4.251  -4.267  -4.282  -4.296  -4.306  -4.307  -4.303  -4.295  -4.277  -4.245  -4.203  -4.152  -4.086  -4.006  -3.910  -3.792  -3.654  -3.495  -3.313  -3.111  -2.896  -2.663  -2.431  -2.202  -1.981  -1.788  -1.620  -1.474
   3.500  -4.219  -4.230  -4.238  -4.239  -4.240  -4.240  -4.237  -4.231  -4.225  -4.217  -4.209  -4.200  -4.192  -4.187  -4.184  -4.183  -4.186  -4.192  -4.200  -4.211  -4.220  -4.226  -4.230  -4.230  -4.222  -4.206  -4.182  -4.148  -4.105  -4.052  -3.988  -3.912  -3.823  -3.717  -3.597  -3.459  -3.302  -3.127  -2.934  -2.723  -2.505  -2.280  -2.054  -1.851  -1.666  -1.499
   3.525  -4.081  -4.113  -4.140  -4.160  -4.179  -4.194  -4.204  -4.206  -4.206  -4.205  -4.200  -4.192  -4.186  -4.183  -4.178  -4.172  -4.165  -4.153  -4.140  -4.122  -4.105  -4.087  -4.069  -4.051  -4.028  -3.998  -3.961  -3.915  -3.859  -3.796  -3.724  -3.646  -3.560  -3.466  -3.365  -3.254  -3.133  -2.998  -2.838  -2.663  -2.474  -2.270  -2.083  -1.914  -1.744  -1.562
   3.550  -3.851  -3.902  -3.950  -3.995  -4.036  -4.073  -4.104  -4.130  -4.151  -4.167  -4.176  -4.179  -4.181  -4.180  -4.172  -4.161  -4.148  -4.131  -4.110  -4.086  -4.058  -4.026  -3.990  -3.949  -3.902  -3.849  -3.789  -3.721  -3.647  -3.565  -3.478  -3.387  -3.292  -3.193  -3.092  -2.986  -2.876  -2.762  -2.641  -2.515  -2.382  -2.241  -2.093  -1.935  -1.769  -1.595
   3.575  -3.526  -3.595  -3.661  -3.723  -3.783  -3.840  -3.895  -3.945  -3.990  -4.030  -4.061  -4.087  -4.109  -4.126  -4.131  -4.126  -4.119  -4.110  -4.094  -4.077  -4.055  -4.025  -3.984  -3.933  -3.865  -3.785  -3.695  -3.595  -3.493  -3.387  -3.281  -3.173  -3.063  -2.952  -2.842  -2.731  -2.620  -2.508  -2.394  -2.279  -2.167  -2.058  -1.931  -1.789  -1.641  -1.487
   3.600  -3.145  -3.228  -3.307  -3.384  -3.458  -3.529  -3.598  -3.663  -3.726  -3.785  -3.841  -3.893  -3.940  -3.981  -4.017  -4.045  -4.065  -4.076  -4.077  -4.069  -4.052  -4.023  -3.978  -3.918  -3.842  -3.751  -3.644  -3.525  -3.401  -3.271  -3.139  -3.008  -2.878  -2.750  -2.624  -2.500  -2.378  -2.257  -2.137  -2.019  -1.901  -1.781  -1.660  -1.537  -1.411  -1.282
   3.625  -2.736  -2.826  -2.913  -2.999  -3.083  -3.164  -3.244  -3.323  -3.399  -3.472  -3.542  -3.610  -3.673  -3.733  -3.791  -3.846  -3.892  -3.930  -3.957  -3.976  -3.979  -3.963  -3.935  -3.883  -3.813  -3.726  -3.621  -3.503  -3.375  -3.234  -3.081  -2.927  -2.773  -2.624  -2.477  -2.334  -2.196  -2.062  -1.931  -1.804  -1.678  -1.553  -1.429  -1.305  -1.181  -1.057
   3.650  -2.325  -2.417  -2.508  -2.598  -2.687  -2.775  -2.862  -2.949  -3.033  -3.116  -3.196  -3.274  -3.350  -3.423  -3.494  -3.561  -3.624  -3.682  -3.733  -3.780  -3.806  -3.812  -3.816  -3.809  -3.764  -3.691  -3.597  -3.481  -3.349  -3.197  -3.038  -2.873  -2.704  -2.537  -2.373  -2.213  -2.059  -1.909  -1.763  -1.621  -1.482  -1.346  -1.213  -1.082  -0.952  -0.825
   3.675  -1.942  -2.032  -2.123  -2.214  -2.305  -2.396  -2.486  -2.576  -2.665  -2.752  -2.839  -2.923  -3.006  -3.087  -3.166  -3.242  -3.314  -3.383  -3.446  -3.504  -3.547  -3.574  -3.595  -3.607  -3.584  -3.539  -3.469  -3.371  -3.255  -3.117  -2.973  -2.818  -2.652  -2.487  -2.317  -2.147  -1.978  -1.812  -1.650  -1.492  -1.338  -1.188  -1.043  -0.900  -0.761  -0.626
   3.700  -1.606  -1.688  -1.772  -1.858  -1.946  -2.035  -2.124  -2.213  -2.302  -2.391  -2.479  -2.566  -2.652  -2.736  -2.819  -2.899  -2.976  -3.050  -3.118  -3.182  -3.235  -3.280  -3.311  -3.315  -3.305  -3.286  -3.242  -3.169  -3.082  -2.977  -2.857  -2.723  -2.575  -2.419  -2.252  -2.081  -1.908  -1.732  -1.560  -1.390  -1.224  -1.062  -0.904  -0.749  -0.599  -0.452
   3.725  -1.340  -1.405  -1.476  -1.548  -1.625  -1.706  -1.789  -1.875  -1.961  -2.049  -2.136  -2.223  -2.310  -2.396  -2.480  -2.563  -2.642  -2.719  -2.789  -2.855  -2.911  -2.961  -2.996  -3.000  -2.996  -2.986  -2.952  -2.891  -2.818  -2.730  -2.629  -2.517  -2.394  -2.260  -2.115  -1.965  -1.808  -1.646  -1.480  -1.311  -1.142  -0.972  -0.803  -0.637  -0.475  -0.315
   3.750  -1.169  -1.206  -1.250  -1.302  -1.363  -1.429  -1.500  -1.576  -1.654  -1.736  -1.818  -1.901  -1.985  -2.067  -2.150  -2.231  -2.309  -2.385  -2.454  -2.518  -2.573  -2.621  -2.655  -2.660  -2.656  -2.648  -2.619  -2.565  -2.501  -2.427  -2.342  -2.249  -2.148  -2.039  -1.923  -1.799  -1.665  -1.523  -1.373  -1.213  -1.049  -0.880  -0.707  -0.536  -0.366  -0.197
   3.775  -1.096  -1.107  -1.124  -1.151  -1.186  -1.228  -1.278  -1.335  -1.397  -1.462  -1.532  -1.605  -1.680  -1.756  -1.833  -1.909  -1.983  -2.054  -2.120  -2.180  -2.232  -2.276  -2.307  -2.311  -2.308  -2.301  -2.274  -2.225  -2.169  -2.102  -2.027  -1.945  -1.855  -1.760  -1.660  -1.552  -1.437  -1.314  -1.183  -1.045  -0.899  -0.746  -0.587  -0.426  -0.260  -0.092
   3.800  -1.070  -1.071  -1.076  -1.083  -1.094  -1.111  -1.134  -1.164  -1.201  -1.245  -1.296  -1.353  -1.414  -1.477  -1.542  -1.607  -1.671  -1.734  -1.791  -1.844  -1.888  -1.925  -1.950  -1.953  -1.949  -1.940  -1.915  -1.870  -1.818  -1.757  -1.689  -1.614  -1.533  -1.448  -1.358  -1.263  -1.163  -1.059  -0.948  -0.831  -0.707  -0.575  -0.435  -0.289  -0.135   0.027
   3.825  -1.066  -1.064  -1.062  -1.061  -1.061  -1.062  -1.066  -1.073  -1.087  -1.107  -1.132  -1.163  -1.202  -1.243  -1.287  -1.332  -1.378  -1.425  -1.468  -1.508  -1.541  -1.567  -1.585  -1.588  -1.582  -1.569  -1.544  -1.505  -1.460  -1.406  -1.345  -1.278  -1.205  -1.128  -1.047  -0.962  -0.872  -0.778  -0.679  -0.575  -0.465  -0.347  -0.223  -0.092   0.047   0.193
   3.850  -1.065  -1.062  -1.058  -1.054  -1.050  -1.046  -1.042  -1.039  -1.039  -1.039  -1.039  -1.043  -1.052  -1.065  -1.082  -1.102  -1.125  -1.149  -1.171  -1.192  -1.209  -1.220  -1.225  -1.225  -1.214  -1.196  -1.170  -1.136  -1.095  -1.047  -0.993  -0.933  -0.868  -0.799  -0.726  -0.648  -0.566  -0.481  -0.390  -0.296  -0.196  -0.091   0.020   0.137   0.260   0.389
   3.875  -1.068  -1.064  -1.060  -1.056  -1.051  -1.046  -1.039  -1.032  -1.023  -1.013  -1.000  -0.985  -0.971  -0.958  -0.948  -0.939  -0.932  -0.926  -0.918  -0.910  -0.902  -0.891  -0.879  -0.865  -0.847  -0.823  -0.795  -0.762  -0.724  -0.682  -0.634  -0.582  -0.525  -0.464  -0.399  -0.330  -0.257  -0.180  -0.098  -0.013   0.078   0.174   0.276   0.382   0.495   0.612
   3.900  -1.070  -1.066  -1.062  -1.058  -1.052  -1.046  -1.038  -1.029  -1.018  -1.004  -0.987  -0.966  -0.942  -0.913  -0.879  -0.842  -0.802  -0.760  -0.719  -0.679  -0.640  -0.603  -0.568  -0.534  -0.501  -0.468  -0.434  -0.399  -0.361  -0.321  -0.278  -0.232  -0.182  -0.129  -0.071  -0.010   0.055   0.124   0.197   0.275   0.358   0.446   0.539   0.638   0.741   0.850
   3.925  -1.061  -1.061  -1.059  -1.056  -1.052  -1.047  -1.041  -1.032  -1.021  -1.007  -0.989  -0.966  -0.937  -0.899  -0.853  -0.799  -0.734  -0.663  -0.593  -0.520  -0.448  -0.381  -0.314  -0.252  -0.196  -0.145  -0.098  -0.055  -0.012   0.029   0.071   0.114   0.159   0.207   0.257   0.311   0.368   0.428   0.493   0.563   0.637   0.717   0.802   0.893   0.988   1.088
   3.950  -1.034  -1.044  -1.050  -1.051  -1.050  -1.048  -1.044  -1.035  -1.024  -1.010  -0.991  -0.966  -0.935  -0.894  -0.845  -0.784  -0.711  -0.628  -0.535  -0.432  -0.327  -0.223  -0.121  -0.028   0.055   0.130   0.195   0.253   0.306   0.354   0.399   0.443   0.486   0.530   0.576   0.624   0.674   0.728   0.785   0.847   0.914   0.986   1.063   1.146   1.233   1.326
   3.975  -0.953  -0.973  -0.991  -1.005  -1.017  -1.026  -1.030  -1.026  -1.018  -1.007  -0.991  -0.970  -0.940  -0.900  -0.851  -0.788  -0.712  -0.622  -0.517  -0.396  -0.268  -0.132   0.002   0.123   0.236   0.337   0.424   0.504   0.575   0.637   0.692   0.742   0.788   0.834   0.878   0.923   0.970   1.018   1.070   1.125   1.185   1.250   1.319   1.394   1.475   1.560
   4.000  -0.857  -0.881  -0.905  -0.929  -0.954  -0.974  -0.990  -1.000  -1.001  -0.997  -0.989  -0.973  -0.945  -0.906  -0.857  -0.793  -0.714  -0.621  -0.511  -0.384  -0.248  -0.102   0.049   0.195   0.339   0.472   0.591   0.697   0.791   0.871   0.941   1.003   1.057   1.108   1.155   1.201   1.247   1.292   1.340   1.391   1.445   1.504   1.566   1.635   1.709   1.788
   4.025  -0.806  -0.819  -0.834  -0.852  -0.871  -0.890  -0.908  -0.926  -0.938  -0.948  -0.952  -0.943  -0.927  -0.898  -0.853  -0.792  -0.719  -0.629  -0.521  -0.395  -0.257  -0.106   0.052   0.214   0.380   0.541   0.692   0.828   0.944   1.044   1.132   1.211   1.279   1.341   1.396   1.446   1.495   1.542   1.590   1.638   1.689   1.744   1.802   1.865   1.933   2.006
   4.050  -0.778  -0.780  -0.783  -0.789  -0.797  -0.808  -0.822  -0.839  -0.856  -0.875  -0.884  -0.883  -0.881  -0.873  -0.841  -0.789  -0.722  -0.637  -0.532  -0.407  -0.267  -0.113   0.052   0.221   0.394   0.564   0.727   0.883   1.025   1.154   1.269   1.369   1.456   1.533   1.599   1.659   1.714   1.766   1.816   1.866   1.916   1.968   2.023   2.082   2.146   2.214
   4.075  -0.765  -0.765  -0.765  -0.766  -0.768  -0.771  -0.777  -0.785  -0.793  -0.803  -0.807  -0.806  -0.803  -0.799  -0.778  -0.740  -0.686  -0.614  -0.519  -0.401  -0.268  -0.124   0.036   0.202   0.375   0.551   0.722   0.889   1.053   1.210   1.355   1.477   1.583   1.677   1.760   1.834   1.900   1.959   2.015   2.068   2.120   2.173   2.227   2.285   2.346   2.409
   4.100  -0.759  -0.757  -0.756  -0.754  -0.753  -0.751  -0.749  -0.747  -0.745  -0.742  -0.737  -0.731  -0.723  -0.708  -0.689  -0.659  -0.616  -0.558  -0.481  -0.383  -0.268  -0.132   0.020   0.182   0.357   0.534   0.712   0.890   1.062   1.229   1.385   1.529   1.662   1.780   1.882   1.973   2.053   2.123   2.188   2.247   2.304   2.360   2.416   2.473   2.532   2.593
   4.125  -0.753  -0.750  -0.746  -0.743  -0.740  -0.737  -0.733  -0.728  -0.722  -0.714  -0.704  -0.691  -0.674  -0.648  -0.618  -0.579  -0.529  -0.468  -0.395  -0.312  -0.213  -0.092   0.044   0.195   0.361   0.530   0.696   0.870   1.041   1.216   1.382   1.545   1.704   1.845   1.966   2.076   2.173   2.258   2.335   2.403   2.467   2.528   2.586   2.646   2.706   2.766
   4.150  -0.751  -0.747  -0.742  -0.738  -0.734  -0.729  -0.724  -0.718  -0.710  -0.700  -0.686  -0.667  -0.641  -0.607  -0.563  -0.511  -0.449  -0.378  -0.300  -0.215  -0.120  -0.015   0.101   0.231   0.376   0.528   0.686   0.850   1.020   1.199   1.376   1.550   1.718   1.874   2.018   2.149   2.264   2.366   2.457   2.537   2.610   2.678   2.741   2.805   2.867   2.928
   4.175  -0.753  -0.748  -0.743  -0.738  -0.732  -0.724  -0.717  -0.708  -0.698  -0.686  -0.670  -0.650  -0.623  -0.586  -0.539  -0.481  -0.408  -0.325  -0.235  -0.135  -0.031   0.079   0.196   0.319   0.449   0.585   0.720   0.861   1.023   1.192   1.366   1.542   1.715   1.881   2.045   2.195   2.328   2.448   2.556   2.649   2.734   2.812   2.882   2.951   3.016   3.078
   4.200  -0.755  -0.751  -0.745  -0.739  -0.731  -0.723  -0.714  -0.704  -0.692  -0.679  -0.662  -0.641  -0.614  -0.575  -0.527  -0.466  -0.389  -0.299  -0.196  -0.080   0.042   0.167   0.295   0.423   0.554   0.679   0.787   0.894   1.029   1.189   1.359   1.533   1.712   1.887   2.060   2.223   2.373   2.510   2.634   2.743   2.841   2.929   3.009   3.084   3.154   3.218
   4.225  -0.755  -0.752  -0.747  -0.741  -0.734  -0.725  -0.716  -0.705  -0.693  -0.678  -0.659  -0.635  -0.606  -0.566  -0.517  -0.455  -0.379  -0.289  -0.182  -0.059   0.075   0.219   0.365   0.506   0.646   0.772   0.869   0.966   1.084   1.230   1.388   1.552   1.723   1.897   2.072   2.241   2.402   2.555   2.694   2.819   2.932   3.032   3.122   3.205   3.282   3.352
   4.250  -0.755  -0.752  -0.748  -0.742  -0.736  -0.728  -0.719  -0.708  -0.694  -0.678  -0.658  -0.633  -0.603  -0.563  -0.513  -0.451  -0.375  -0.285  -0.178  -0.052   0.086   0.241   0.404   0.555   0.699   0.832   0.944   1.049   1.170   1.305   1.448   1.598   1.754   1.918   2.090   2.261   2.429   2.592   2.743   2.883   3.010   3.122   3.223   3.316   3.401   3.478
   4.275  -0.755  -0.751  -0.747  -0.742  -0.736  -0.728  -0.720  -0.709  -0.696  -0.681  -0.661  -0.637  -0.607  -0.566  -0.516  -0.453  -0.377  -0.287  -0.179  -0.055   0.084   0.242   0.413   0.566   0.702   0.839   0.978   1.109   1.245   1.385   1.527   1.671   1.817   1.970   2.132   2.296   2.463   2.629   2.786   2.937   3.076   3.201   3.314   3.418   3.512   3.596
   4.300  -0.753  -0.750  -0.745  -0.740  -0.735  -0.728  -0.720  -0.710  -0.698  -0.683  -0.664  -0.640  -0.611  -0.571  -0.521  -0.458  -0.382  -0.291  -0.184  -0.061   0.078   0.242   0.416   0.570   0.703   0.841   0.995   1.156   1.311   1.462   1.610   1.753   1.895   2.042   2.193   2.347   2.508   2.672   2.831   2.989   3.138   3.274   3.399   3.513   3.616   3.708
   4.325  -0.746  -0.744  -0.741  -0.738  -0.733  -0.727  -0.719  -0.709  -0.697  -0.682  -0.664  -0.640  -0.612  -0.574  -0.527  -0.466  -0.391  -0.301  -0.194  -0.071   0.068   0.234   0.409   0.563   0.699   0.841   1.007   1.181   1.350   1.515   1.675   1.828   1.977   2.125   2.272   2.422   2.576   2.733   2.890   3.049   3.201   3.345   3.479   3.603   3.716   3.818
   4.350  -0.725  -0.729  -0.732  -0.732  -0.728  -0.723  -0.716  -0.707  -0.695  -0.680  -0.662  -0.640  -0.612  -0.575  -0.530  -0.472  -0.399  -0.311  -0.205  -0.082   0.057   0.219   0.393   0.550   0.691   0.841   1.014   1.197   1.376   1.554   1.728   1.894   2.055   2.210   2.359   2.507   2.657   2.807   2.960   3.117   3.270   3.417   3.559   3.690   3.812   3.924
   4.375  -0.677  -0.688  -0.697  -0.703  -0.708  -0.708  -0.705  -0.699  -0.690  -0.677  -0.659  -0.637  -0.610  -0.573  -0.529  -0.472  -0.401  -0.317  -0.214  -0.093   0.044   0.202   0.371   0.532   0.685   0.845   1.024   1.211   1.396   1.582   1.765   1.942   2.115   2.281   2.439   2.594   2.745   2.895   3.046   3.199   3.350   3.498   3.642   3.777   3.904   4.022
   4.400  -0.626  -0.638  -0.650  -0.661  -0.673  -0.679  -0.680  -0.680  -0.678  -0.668  -0.651  -0.630  -0.603  -0.567  -0.525  -0.470  -0.402  -0.320  -0.219  -0.100   0.035   0.187   0.351   0.515   0.681   0.853   1.035   1.223   1.412   1.603   1.793   1.981   2.165   2.343   2.513   2.677   2.835   2.987   3.139   3.290   3.438   3.585   3.730   3.866   3.995   4.118
   4.425  -0.600  -0.605  -0.611  -0.618  -0.626  -0.631  -0.634  -0.638  -0.640  -0.636  -0.627  -0.613  -0.589  -0.556  -0.516  -0.463  -0.397  -0.316  -0.216  -0.098   0.034   0.180   0.340   0.507   0.681   0.859   1.045   1.236   1.429   1.624   1.818   2.013   2.205   2.392   2.573   2.747   2.914   3.075   3.232   3.384   3.534   3.681   3.825   3.963   4.095   4.222
   4.450  -0.585  -0.583  -0.582  -0.582  -0.583  -0.584  -0.587  -0.590  -0.590  -0.589  -0.587  -0.579  -0.560  -0.532  -0.494  -0.444  -0.380  -0.302  -0.207  -0.094   0.034   0.178   0.336   0.504   0.682   0.867   1.056   1.251   1.446   1.643   1.841   2.040   2.238   2.433   2.623   2.808   2.985   3.156   3.320   3.478   3.630   3.778   3.921   4.059   4.193   4.321
   4.475  -0.575  -0.572  -0.568  -0.564  -0.561  -0.558  -0.557  -0.555  -0.550  -0.545  -0.538  -0.528  -0.509  -0.483  -0.449  -0.403  -0.344  -0.272  -0.182  -0.074   0.049   0.189   0.345   0.511   0.691   0.879   1.070   1.266   1.464   1.663   1.864   2.066   2.269   2.469   2.667   2.860   3.046   3.225   3.397   3.561   3.718   3.869   4.014   4.151   4.281   4.404
   4.500  -0.572  -0.568  -0.563  -0.559  -0.554  -0.547  -0.538  -0.527  -0.514  -0.498  -0.479  -0.459  -0.437  -0.410  -0.380  -0.339  -0.286  -0.221  -0.138  -0.037   0.081   0.216   0.366   0.530   0.708   0.894   1.086   1.283   1.482   1.683   1.886   2.090   2.295   2.499   2.703   2.902   3.096   3.285   3.465   3.637   3.801   3.957   4.105   4.240   4.363   4.474

