low temperature opacities from Ferguson, Alexander, et al (2005) with gs98 metals
    form     version        X           Z          logRs    logR_min    logR_max       logTs    logT_min    logT_max
       1          38    0.950000    0.010000          46   -8.000000    1.000000         105    2.700000    4.500000

   logT                       logR = logRho - 3*logT + 18
          -8.000  -7.800  -7.600  -7.400  -7.200  -7.000  -6.800  -6.600  -6.400  -6.200  -6.000  -5.800  -5.600  -5.400  -5.200  -5.000  -4.800  -4.600  -4.400  -4.200  -4.000  -3.800  -3.600  -3.400  -3.200  -3.000  -2.800  -2.600  -2.400  -2.200  -2.000  -1.800  -1.600  -1.400  -1.200  -1.000  -0.800  -0.600  -0.400  -0.200   0.000   0.200   0.400   0.600   0.800   1.000

   2.700  -0.526  -0.526  -0.526  -0.526  -0.527  -0.527  -0.527  -0.526  -0.526  -0.526  -0.526  -0.526  -0.526  -0.526  -0.527  -0.527  -0.527  -0.526  -0.526  -0.526  -0.526  -0.526  -0.526  -0.526  -0.526  -0.526  -0.526  -0.525  -0.525  -0.524  -0.523  -0.523  -0.523  -0.521  -0.513  -0.504  -0.501  -0.499  -0.496  -0.493  -0.490  -0.489  -0.488  -0.487  -0.485  -0.483
   2.750  -0.523  -0.523  -0.523  -0.523  -0.523  -0.523  -0.523  -0.522  -0.522  -0.522  -0.522  -0.522  -0.522  -0.522  -0.522  -0.522  -0.522  -0.522  -0.522  -0.522  -0.522  -0.522  -0.522  -0.522  -0.522  -0.522  -0.522  -0.522  -0.522  -0.522  -0.522  -0.519  -0.513  -0.509  -0.506  -0.503  -0.501  -0.499  -0.497  -0.494  -0.491  -0.490  -0.489  -0.488  -0.486  -0.484
   2.800  -0.514  -0.514  -0.513  -0.510  -0.496  -0.487  -0.487  -0.487  -0.487  -0.487  -0.487  -0.487  -0.487  -0.487  -0.487  -0.487  -0.487  -0.487  -0.487  -0.487  -0.487  -0.487  -0.487  -0.487  -0.487  -0.487  -0.487  -0.487  -0.487  -0.487  -0.487  -0.492  -0.500  -0.502  -0.502  -0.501  -0.501  -0.499  -0.498  -0.495  -0.493  -0.492  -0.491  -0.490  -0.488  -0.485
   2.850  -0.501  -0.500  -0.499  -0.498  -0.497  -0.496  -0.495  -0.495  -0.495  -0.494  -0.494  -0.494  -0.495  -0.495  -0.496  -0.496  -0.496  -0.496  -0.496  -0.496  -0.496  -0.496  -0.496  -0.496  -0.496  -0.496  -0.496  -0.496  -0.496  -0.496  -0.496  -0.496  -0.497  -0.498  -0.500  -0.501  -0.501  -0.500  -0.499  -0.497  -0.496  -0.495  -0.494  -0.492  -0.490  -0.488
   2.900  -0.541  -0.532  -0.526  -0.521  -0.519  -0.517  -0.516  -0.515  -0.515  -0.514  -0.514  -0.512  -0.510  -0.510  -0.510  -0.510  -0.510  -0.509  -0.509  -0.509  -0.509  -0.509  -0.510  -0.510  -0.510  -0.510  -0.510  -0.510  -0.510  -0.510  -0.510  -0.508  -0.505  -0.503  -0.503  -0.502  -0.502  -0.501  -0.500  -0.499  -0.498  -0.497  -0.496  -0.494  -0.492  -0.490
   2.910  -0.595  -0.570  -0.550  -0.536  -0.527  -0.521  -0.516  -0.514  -0.512  -0.512  -0.511  -0.511  -0.510  -0.509  -0.508  -0.506  -0.505  -0.505  -0.505  -0.505  -0.505  -0.505  -0.505  -0.505  -0.505  -0.505  -0.505  -0.506  -0.506  -0.506  -0.506  -0.506  -0.506  -0.505  -0.504  -0.502  -0.501  -0.501  -0.500  -0.499  -0.498  -0.497  -0.496  -0.495  -0.494  -0.492
   2.920  -0.693  -0.651  -0.615  -0.585  -0.560  -0.541  -0.528  -0.520  -0.514  -0.511  -0.509  -0.507  -0.506  -0.506  -0.505  -0.505  -0.503  -0.502  -0.501  -0.500  -0.500  -0.500  -0.500  -0.500  -0.500  -0.500  -0.500  -0.500  -0.500  -0.501  -0.501  -0.501  -0.501  -0.501  -0.500  -0.500  -0.499  -0.498  -0.498  -0.497  -0.497  -0.496  -0.495  -0.494  -0.493  -0.491
   2.930  -0.905  -0.806  -0.727  -0.667  -0.630  -0.601  -0.572  -0.549  -0.531  -0.521  -0.513  -0.507  -0.504  -0.502  -0.501  -0.500  -0.500  -0.499  -0.498  -0.497  -0.496  -0.495  -0.495  -0.495  -0.495  -0.495  -0.495  -0.495  -0.495  -0.495  -0.495  -0.495  -0.495  -0.495  -0.495  -0.495  -0.494  -0.494  -0.494  -0.493  -0.493  -0.492  -0.492  -0.491  -0.490  -0.489
   2.940  -0.901  -0.901  -0.900  -0.883  -0.792  -0.702  -0.653  -0.617  -0.584  -0.556  -0.535  -0.521  -0.512  -0.505  -0.501  -0.498  -0.496  -0.494  -0.494  -0.493  -0.493  -0.493  -0.493  -0.493  -0.490  -0.489  -0.489  -0.489  -0.489  -0.489  -0.489  -0.489  -0.489  -0.489  -0.488  -0.488  -0.488  -0.488  -0.488  -0.488  -0.488  -0.487  -0.487  -0.487  -0.486  -0.485
   2.950  -0.901  -0.898  -0.896  -0.895  -0.894  -0.894  -0.839  -0.737  -0.671  -0.630  -0.596  -0.566  -0.541  -0.522  -0.510  -0.501  -0.495  -0.492  -0.490  -0.489  -0.488  -0.487  -0.487  -0.487  -0.487  -0.486  -0.484  -0.482  -0.482  -0.482  -0.482  -0.482  -0.482  -0.482  -0.482  -0.482  -0.482  -0.481  -0.481  -0.481  -0.481  -0.481  -0.481  -0.481  -0.480  -0.480
   2.960  -0.920  -0.910  -0.901  -0.895  -0.892  -0.890  -0.889  -0.888  -0.870  -0.779  -0.688  -0.640  -0.606  -0.574  -0.546  -0.523  -0.508  -0.498  -0.491  -0.487  -0.484  -0.482  -0.480  -0.480  -0.479  -0.479  -0.479  -0.479  -0.479  -0.477  -0.476  -0.475  -0.475  -0.475  -0.475  -0.475  -0.474  -0.474  -0.474  -0.474  -0.474  -0.474  -0.474  -0.474  -0.474  -0.473
   2.970  -1.037  -0.980  -0.937  -0.914  -0.902  -0.895  -0.889  -0.885  -0.883  -0.882  -0.880  -0.825  -0.726  -0.660  -0.616  -0.581  -0.550  -0.525  -0.507  -0.494  -0.486  -0.480  -0.477  -0.475  -0.474  -0.473  -0.472  -0.472  -0.472  -0.471  -0.471  -0.470  -0.469  -0.468  -0.468  -0.467  -0.467  -0.467  -0.467  -0.467  -0.467  -0.467  -0.467  -0.466  -0.466  -0.466
   2.980  -1.925  -1.490  -1.178  -1.039  -0.978  -0.940  -0.912  -0.898  -0.887  -0.882  -0.878  -0.876  -0.874  -0.854  -0.762  -0.671  -0.621  -0.584  -0.552  -0.526  -0.505  -0.490  -0.481  -0.474  -0.470  -0.468  -0.466  -0.464  -0.464  -0.463  -0.463  -0.462  -0.462  -0.461  -0.461  -0.460  -0.460  -0.459  -0.459  -0.459  -0.459  -0.459  -0.459  -0.458  -0.458  -0.458
   2.990  -1.876  -1.916  -1.936  -1.870  -1.493  -1.159  -1.038  -0.976  -0.931  -0.905  -0.890  -0.879  -0.873  -0.869  -0.867  -0.864  -0.804  -0.697  -0.628  -0.587  -0.554  -0.525  -0.502  -0.485  -0.474  -0.467  -0.462  -0.459  -0.457  -0.456  -0.455  -0.455  -0.455  -0.454  -0.453  -0.453  -0.452  -0.451  -0.451  -0.451  -0.451  -0.450  -0.450  -0.450  -0.450  -0.450
   3.000  -2.030  -1.955  -1.901  -1.882  -1.877  -1.868  -1.683  -1.357  -1.154  -1.040  -0.966  -0.921  -0.897  -0.880  -0.870  -0.864  -0.860  -0.858  -0.836  -0.734  -0.635  -0.585  -0.552  -0.522  -0.498  -0.480  -0.468  -0.460  -0.454  -0.450  -0.448  -0.447  -0.446  -0.446  -0.445  -0.445  -0.444  -0.443  -0.443  -0.443  -0.442  -0.442  -0.442  -0.442  -0.441  -0.441
   3.010  -1.967  -1.947  -1.931  -1.921  -1.917  -1.911  -1.894  -1.857  -1.766  -1.537  -1.311  -1.157  -1.036  -0.953  -0.910  -0.885  -0.872  -0.865  -0.840  -0.781  -0.721  -0.675  -0.633  -0.592  -0.552  -0.518  -0.493  -0.475  -0.460  -0.451  -0.445  -0.442  -0.440  -0.439  -0.438  -0.437  -0.436  -0.435  -0.435  -0.434  -0.434  -0.433  -0.433  -0.433  -0.432  -0.432
   3.020  -2.008  -1.966  -1.935  -1.918  -1.908  -1.905  -1.911  -1.921  -1.912  -1.854  -1.816  -1.822  -1.831  -1.755  -1.335  -1.010  -0.939  -0.902  -0.874  -0.859  -0.849  -0.844  -0.841  -0.814  -0.699  -0.590  -0.541  -0.513  -0.487  -0.468  -0.453  -0.444  -0.439  -0.435  -0.433  -0.431  -0.429  -0.428  -0.427  -0.426  -0.425  -0.424  -0.424  -0.423  -0.423  -0.423
   3.030  -1.957  -1.981  -1.993  -1.987  -1.947  -1.910  -1.893  -1.884  -1.886  -1.904  -1.916  -1.868  -1.794  -1.782  -1.794  -1.801  -1.555  -1.142  -0.977  -0.919  -0.884  -0.864  -0.853  -0.815  -0.741  -0.669  -0.620  -0.580  -0.542  -0.507  -0.479  -0.460  -0.448  -0.439  -0.433  -0.429  -0.426  -0.423  -0.420  -0.419  -0.417  -0.416  -0.415  -0.414  -0.414  -0.413
   3.040  -1.833  -1.841  -1.865  -1.913  -2.001  -2.051  -2.002  -1.918  -1.882  -1.867  -1.860  -1.857  -1.856  -1.844  -1.798  -1.769  -1.773  -1.778  -1.713  -1.349  -1.042  -0.946  -0.897  -0.864  -0.852  -0.830  -0.763  -0.675  -0.612  -0.568  -0.532  -0.501  -0.476  -0.457  -0.445  -0.436  -0.428  -0.422  -0.418  -0.414  -0.411  -0.409  -0.407  -0.405  -0.404  -0.403
   3.050  -1.831  -1.820  -1.815  -1.815  -1.820  -1.832  -1.894  -1.978  -1.984  -1.928  -1.875  -1.853  -1.841  -1.834  -1.831  -1.826  -1.812  -1.783  -1.729  -1.639  -1.514  -1.333  -1.133  -0.998  -0.918  -0.869  -0.847  -0.834  -0.789  -0.696  -0.610  -0.560  -0.526  -0.496  -0.474  -0.456  -0.441  -0.431  -0.422  -0.414  -0.409  -0.404  -0.401  -0.398  -0.396  -0.394
   3.060  -1.819  -1.818  -1.814  -1.809  -1.799  -1.794  -1.797  -1.807  -1.830  -1.887  -1.920  -1.908  -1.883  -1.858  -1.827  -1.811  -1.814  -1.819  -1.813  -1.775  -1.742  -1.733  -1.729  -1.660  -1.337  -1.050  -0.940  -0.884  -0.846  -0.832  -0.807  -0.741  -0.658  -0.593  -0.539  -0.497  -0.471  -0.454  -0.438  -0.425  -0.413  -0.405  -0.399  -0.394  -0.389  -0.386
   3.070  -1.804  -1.801  -1.798  -1.796  -1.794  -1.791  -1.784  -1.776  -1.775  -1.775  -1.776  -1.799  -1.836  -1.846  -1.848  -1.849  -1.827  -1.792  -1.785  -1.784  -1.784  -1.781  -1.772  -1.759  -1.740  -1.702  -1.487  -1.154  -0.976  -0.902  -0.849  -0.799  -0.758  -0.701  -0.630  -0.568  -0.529  -0.503  -0.476  -0.451  -0.431  -0.416  -0.405  -0.395  -0.387  -0.381
   3.080  -1.825  -1.807  -1.793  -1.784  -1.778  -1.775  -1.773  -1.772  -1.768  -1.761  -1.755  -1.748  -1.742  -1.746  -1.774  -1.802  -1.817  -1.826  -1.821  -1.787  -1.758  -1.750  -1.746  -1.740  -1.735  -1.727  -1.718  -1.705  -1.626  -1.299  -1.027  -0.946  -0.903  -0.837  -0.755  -0.682  -0.630  -0.589  -0.546  -0.504  -0.467  -0.442  -0.423  -0.407  -0.393  -0.383
   3.090  -2.014  -1.931  -1.866  -1.819  -1.793  -1.776  -1.763  -1.757  -1.752  -1.750  -1.747  -1.743  -1.737  -1.730  -1.719  -1.714  -1.727  -1.751  -1.766  -1.773  -1.776  -1.762  -1.737  -1.722  -1.714  -1.708  -1.705  -1.702  -1.696  -1.679  -1.645  -1.493  -1.249  -1.074  -0.947  -0.845  -0.774  -0.722  -0.660  -0.592  -0.533  -0.492  -0.461  -0.434  -0.412  -0.394
   3.100  -2.814  -2.576  -2.363  -2.171  -1.993  -1.871  -1.814  -1.785  -1.760  -1.745  -1.735  -1.728  -1.725  -1.721  -1.717  -1.712  -1.702  -1.693  -1.693  -1.704  -1.717  -1.732  -1.745  -1.742  -1.715  -1.696  -1.695  -1.694  -1.690  -1.677  -1.649  -1.583  -1.475  -1.349  -1.193  -1.054  -0.967  -0.901  -0.818  -0.721  -0.635  -0.574  -0.526  -0.485  -0.450  -0.422
   3.110  -2.756  -2.753  -2.750  -2.748  -2.748  -2.747  -2.504  -2.087  -1.896  -1.820  -1.775  -1.743  -1.726  -1.713  -1.705  -1.700  -1.695  -1.691  -1.684  -1.674  -1.668  -1.673  -1.684  -1.695  -1.707  -1.714  -1.707  -1.692  -1.679  -1.665  -1.653  -1.645  -1.636  -1.593  -1.431  -1.269  -1.177  -1.103  -1.004  -0.884  -0.774  -0.691  -0.624  -0.564  -0.514  -0.474
   3.120  -2.713  -2.703  -2.695  -2.691  -2.689  -2.688  -2.687  -2.687  -2.644  -2.402  -2.149  -1.972  -1.830  -1.759  -1.727  -1.707  -1.691  -1.682  -1.674  -1.669  -1.664  -1.655  -1.646  -1.645  -1.649  -1.659  -1.686  -1.718  -1.715  -1.667  -1.631  -1.626  -1.623  -1.605  -1.529  -1.441  -1.368  -1.289  -1.187  -1.059  -0.938  -0.839  -0.753  -0.676  -0.610  -0.554
   3.130  -2.711  -2.679  -2.655  -2.643  -2.638  -2.634  -2.631  -2.630  -2.628  -2.628  -2.627  -2.515  -2.297  -2.115  -1.941  -1.811  -1.746  -1.712  -1.685  -1.669  -1.658  -1.649  -1.643  -1.635  -1.625  -1.620  -1.621  -1.624  -1.626  -1.627  -1.627  -1.624  -1.614  -1.597  -1.573  -1.536  -1.487  -1.423  -1.335  -1.220  -1.105  -1.001  -0.903  -0.814  -0.735  -0.665
   3.140  -2.808  -2.721  -2.655  -2.617  -2.598  -2.587  -2.581  -2.577  -2.575  -2.574  -2.573  -2.572  -2.571  -2.571  -2.570  -2.570  -2.342  -1.956  -1.792  -1.732  -1.693  -1.663  -1.645  -1.632  -1.625  -1.619  -1.607  -1.596  -1.594  -1.596  -1.597  -1.594  -1.589  -1.582  -1.576  -1.564  -1.538  -1.495  -1.431  -1.344  -1.251  -1.155  -1.056  -0.965  -0.880  -0.800
   3.150  -3.092  -2.901  -2.752  -2.649  -2.593  -2.563  -2.543  -2.533  -2.527  -2.524  -2.522  -2.521  -2.520  -2.520  -2.519  -2.518  -2.517  -2.517  -2.464  -2.170  -1.894  -1.779  -1.719  -1.669  -1.640  -1.620  -1.607  -1.599  -1.589  -1.576  -1.569  -1.569  -1.569  -1.568  -1.564  -1.557  -1.543  -1.519  -1.479  -1.425  -1.359  -1.281  -1.194  -1.110  -1.028  -0.945
   3.160  -3.515  -3.227  -2.991  -2.808  -2.680  -2.592  -2.539  -2.511  -2.492  -2.482  -2.476  -2.473  -2.471  -2.469  -2.469  -2.468  -2.467  -2.466  -2.466  -2.465  -2.465  -2.360  -2.153  -1.980  -1.813  -1.695  -1.643  -1.616  -1.593  -1.580  -1.571  -1.563  -1.557  -1.552  -1.549  -1.543  -1.534  -1.521  -1.499  -1.469  -1.428  -1.371  -1.303  -1.234  -1.161  -1.085
   3.170  -3.986  -3.671  -3.388  -3.135  -2.910  -2.730  -2.608  -2.532  -2.484  -2.458  -2.443  -2.433  -2.428  -2.424  -2.422  -2.421  -2.420  -2.419  -2.419  -2.418  -2.418  -2.418  -2.417  -2.417  -2.417  -2.416  -2.183  -1.799  -1.660  -1.616  -1.589  -1.569  -1.559  -1.551  -1.547  -1.543  -1.536  -1.527  -1.513  -1.495  -1.469  -1.430  -1.381  -1.328  -1.269  -1.205
   3.180  -4.425  -4.131  -3.842  -3.556  -3.266  -3.011  -2.810  -2.651  -2.538  -2.474  -2.435  -2.409  -2.396  -2.387  -2.382  -2.379  -2.377  -2.376  -2.374  -2.374  -2.373  -2.373  -2.372  -2.372  -2.371  -2.371  -2.371  -2.370  -2.306  -1.965  -1.703  -1.648  -1.619  -1.600  -1.590  -1.582  -1.570  -1.557  -1.542  -1.524  -1.502  -1.473  -1.437  -1.397  -1.351  -1.300
   3.190  -4.781  -4.537  -4.277  -3.999  -3.698  -3.409  -3.142  -2.899  -2.710  -2.573  -2.475  -2.415  -2.384  -2.362  -2.350  -2.343  -2.338  -2.335  -2.333  -2.332  -2.331  -2.330  -2.330  -2.330  -2.329  -2.329  -2.329  -2.328  -2.328  -2.328  -2.328  -2.193  -1.946  -1.799  -1.728  -1.680  -1.647  -1.628  -1.603  -1.576  -1.547  -1.518  -1.487  -1.453  -1.417  -1.377
   3.200  -5.028  -4.853  -4.647  -4.406  -4.126  -3.838  -3.545  -3.255  -3.005  -2.786  -2.611  -2.493  -2.417  -2.364  -2.336  -2.319  -2.307  -2.301  -2.297  -2.295  -2.293  -2.291  -2.290  -2.290  -2.289  -2.289  -2.289  -2.289  -2.289  -2.289  -2.288  -2.236  -2.131  -2.032  -1.929  -1.840  -1.785  -1.745  -1.703  -1.659  -1.618  -1.581  -1.546  -1.513  -1.480  -1.448
   3.210  -5.171  -5.066  -4.921  -4.734  -4.502  -4.245  -3.962  -3.664  -3.383  -3.108  -2.867  -2.676  -2.525  -2.417  -2.354  -2.315  -2.290  -2.277  -2.267  -2.261  -2.258  -2.256  -2.255  -2.253  -2.253  -2.252  -2.251  -2.251  -2.251  -2.251  -2.251  -2.251  -2.251  -2.231  -2.120  -2.005  -1.938  -1.885  -1.828  -1.770  -1.715  -1.667  -1.624  -1.586  -1.553  -1.525
   3.220  -5.240  -5.185  -5.092  -4.962  -4.793  -4.589  -4.343  -4.066  -3.785  -3.490  -3.211  -2.958  -2.734  -2.561  -2.441  -2.354  -2.299  -2.270  -2.249  -2.237  -2.230  -2.224  -2.221  -2.219  -2.218  -2.217  -2.216  -2.216  -2.216  -2.215  -2.215  -2.215  -2.215  -2.209  -2.172  -2.122  -2.070  -2.012  -1.951  -1.888  -1.827  -1.770  -1.718  -1.675  -1.641  -1.615
   3.230  -5.268  -5.240  -5.184  -5.100  -4.992  -4.846  -4.652  -4.422  -4.166  -3.880  -3.592  -3.310  -3.040  -2.810  -2.616  -2.462  -2.358  -2.293  -2.248  -2.225  -2.210  -2.199  -2.193  -2.189  -2.187  -2.185  -2.183  -2.182  -2.182  -2.181  -2.181  -2.181  -2.181  -2.180  -2.174  -2.160  -2.132  -2.091  -2.044  -1.988  -1.931  -1.874  -1.818  -1.774  -1.739  -1.714
   3.240  -5.284  -5.264  -5.227  -5.174  -5.109  -5.012  -4.875  -4.704  -4.493  -4.239  -3.968  -3.684  -3.395  -3.128  -2.875  -2.660  -2.498  -2.377  -2.289  -2.238  -2.206  -2.184  -2.173  -2.164  -2.159  -2.156  -2.153  -2.152  -2.150  -2.149  -2.149  -2.149  -2.149  -2.149  -2.149  -2.149  -2.141  -2.120  -2.091  -2.053  -2.009  -1.959  -1.908  -1.867  -1.836  -1.813
   3.250  -5.297  -5.279  -5.252  -5.215  -5.173  -5.109  -5.020  -4.903  -4.743  -4.539  -4.307  -4.043  -3.758  -3.480  -3.200  -2.944  -2.723  -2.534  -2.391  -2.295  -2.228  -2.185  -2.163  -2.146  -2.137  -2.131  -2.126  -2.123  -2.121  -2.120  -2.119  -2.118  -2.118  -2.118  -2.118  -2.118  -2.116  -2.111  -2.100  -2.080  -2.051  -2.015  -1.975  -1.943  -1.917  -1.897
   3.260  -5.301  -5.289  -5.269  -5.244  -5.212  -5.167  -5.107  -5.029  -4.914  -4.767  -4.585  -4.358  -4.098  -3.830  -3.545  -3.269  -3.007  -2.765  -2.568  -2.416  -2.299  -2.222  -2.176  -2.142  -2.124  -2.112  -2.103  -2.099  -2.095  -2.093  -2.091  -2.090  -2.089  -2.089  -2.089  -2.088  -2.088  -2.087  -2.084  -2.076  -2.062  -2.039  -2.012  -1.991  -1.972  -1.957
   3.270  -5.287  -5.284  -5.274  -5.258  -5.237  -5.204  -5.163  -5.107  -5.027  -4.925  -4.789  -4.609  -4.395  -4.154  -3.881  -3.603  -3.327  -3.058  -2.821  -2.610  -2.437  -2.312  -2.224  -2.160  -2.124  -2.102  -2.086  -2.078  -2.072  -2.068  -2.065  -2.063  -2.062  -2.061  -2.060  -2.060  -2.060  -2.059  -2.058  -2.056  -2.050  -2.039  -2.024  -2.011  -1.999  -1.988
   3.280  -5.249  -5.255  -5.259  -5.258  -5.247  -5.227  -5.199  -5.160  -5.103  -5.031  -4.931  -4.798  -4.633  -4.430  -4.186  -3.925  -3.652  -3.373  -3.111  -2.858  -2.638  -2.461  -2.321  -2.218  -2.154  -2.111  -2.082  -2.066  -2.054  -2.047  -2.042  -2.038  -2.036  -2.035  -2.034  -2.033  -2.033  -2.032  -2.031  -2.030  -2.028  -2.023  -2.016  -2.009  -2.002  -1.995
   3.290  -5.188  -5.211  -5.226  -5.228  -5.228  -5.228  -5.218  -5.191  -5.152  -5.102  -5.029  -4.932  -4.809  -4.646  -4.445  -4.217  -3.960  -3.684  -3.415  -3.144  -2.894  -2.674  -2.482  -2.332  -2.225  -2.146  -2.094  -2.065  -2.043  -2.031  -2.023  -2.017  -2.013  -2.011  -2.009  -2.008  -2.006  -2.005  -2.004  -2.003  -2.002  -2.000  -1.996  -1.993  -1.989  -1.985
   3.300  -5.111  -5.140  -5.164  -5.183  -5.199  -5.205  -5.202  -5.195  -5.180  -5.149  -5.097  -5.027  -4.935  -4.810  -4.653  -4.464  -4.234  -3.977  -3.715  -3.441  -3.176  -2.925  -2.692  -2.498  -2.341  -2.218  -2.136  -2.085  -2.046  -2.024  -2.010  -1.999  -1.994  -1.989  -1.986  -1.983  -1.981  -1.979  -1.978  -1.977  -1.976  -1.974  -1.972  -1.970  -1.968  -1.965
   3.310  -5.025  -5.059  -5.089  -5.116  -5.140  -5.158  -5.170  -5.176  -5.175  -5.162  -5.134  -5.091  -5.026  -4.933  -4.813  -4.660  -4.467  -4.243  -3.999  -3.730  -3.460  -3.195  -2.939  -2.713  -2.513  -2.347  -2.224  -2.135  -2.069  -2.031  -2.005  -1.986  -1.976  -1.968  -1.963  -1.960  -1.957  -1.954  -1.952  -1.950  -1.949  -1.947  -1.946  -1.944  -1.943  -1.941
   3.320  -4.934  -4.971  -5.006  -5.038  -5.068  -5.094  -5.119  -5.137  -5.140  -5.140  -5.140  -5.125  -5.083  -5.018  -4.931  -4.813  -4.658  -4.471  -4.253  -4.001  -3.738  -3.472  -3.205  -2.957  -2.723  -2.519  -2.353  -2.220  -2.120  -2.058  -2.014  -1.984  -1.967  -1.953  -1.945  -1.939  -1.934  -1.931  -1.929  -1.926  -1.924  -1.922  -1.921  -1.919  -1.917  -1.914
   3.330  -4.845  -4.882  -4.918  -4.953  -4.988  -5.019  -5.047  -5.072  -5.093  -5.109  -5.116  -5.111  -5.097  -5.070  -5.014  -4.927  -4.809  -4.659  -4.472  -4.247  -4.002  -3.742  -3.471  -3.211  -2.957  -2.725  -2.523  -2.349  -2.214  -2.117  -2.045  -1.996  -1.967  -1.944  -1.930  -1.921  -1.914  -1.910  -1.906  -1.903  -1.900  -1.897  -1.895  -1.893  -1.890  -1.888
   3.340  -4.763  -4.797  -4.832  -4.867  -4.902  -4.937  -4.970  -5.000  -5.027  -5.052  -5.069  -5.077  -5.081  -5.079  -5.052  -4.999  -4.918  -4.805  -4.654  -4.464  -4.246  -3.998  -3.731  -3.468  -3.204  -2.955  -2.726  -2.518  -2.346  -2.209  -2.102  -2.028  -1.980  -1.943  -1.922  -1.908  -1.897  -1.890  -1.884  -1.880  -1.876  -1.873  -1.869  -1.867  -1.864  -1.861
   3.350  -4.690  -4.720  -4.751  -4.784  -4.819  -4.854  -4.888  -4.922  -4.953  -4.983  -5.008  -5.030  -5.047  -5.048  -5.041  -5.026  -4.987  -4.908  -4.794  -4.644  -4.459  -4.234  -3.981  -3.723  -3.454  -3.193  -2.945  -2.711  -2.509  -2.334  -2.191  -2.087  -2.014  -1.959  -1.925  -1.901  -1.883  -1.873  -1.864  -1.857  -1.852  -1.848  -1.845  -1.841  -1.838  -1.834
   3.360  -4.626  -4.651  -4.679  -4.708  -4.740  -4.773  -4.807  -4.841  -4.874  -4.907  -4.937  -4.964  -4.988  -5.004  -5.013  -5.016  -5.002  -4.960  -4.889  -4.782  -4.635  -4.443  -4.217  -3.972  -3.702  -3.433  -3.173  -2.923  -2.697  -2.493  -2.318  -2.180  -2.073  -1.992  -1.939  -1.902  -1.875  -1.859  -1.846  -1.837  -1.830  -1.824  -1.818  -1.814  -1.810  -1.806
   3.370  -4.569  -4.592  -4.616  -4.642  -4.669  -4.698  -4.729  -4.763  -4.795  -4.829  -4.861  -4.892  -4.920  -4.945  -4.968  -4.979  -4.975  -4.964  -4.939  -4.872  -4.764  -4.613  -4.424  -4.202  -3.943  -3.675  -3.409  -3.145  -2.900  -2.672  -2.469  -2.298  -2.156  -2.047  -1.972  -1.916  -1.876  -1.852  -1.831  -1.818  -1.808  -1.799  -1.793  -1.787  -1.782  -1.777
   3.380  -4.517  -4.537  -4.559  -4.582  -4.606  -4.632  -4.660  -4.689  -4.720  -4.752  -4.784  -4.816  -4.848  -4.877  -4.905  -4.925  -4.937  -4.942  -4.939  -4.906  -4.841  -4.737  -4.592  -4.404  -4.168  -3.914  -3.647  -3.371  -3.113  -2.865  -2.639  -2.441  -2.269  -2.130  -2.026  -1.946  -1.889  -1.852  -1.822  -1.803  -1.788  -1.776  -1.767  -1.759  -1.752  -1.746
   3.390  -4.472  -4.489  -4.507  -4.527  -4.550  -4.573  -4.597  -4.623  -4.650  -4.680  -4.710  -4.742  -4.774  -4.804  -4.834  -4.860  -4.884  -4.901  -4.903  -4.891  -4.869  -4.814  -4.709  -4.561  -4.365  -4.138  -3.880  -3.601  -3.334  -3.070  -2.824  -2.603  -2.404  -2.238  -2.102  -1.994  -1.915  -1.860  -1.817  -1.790  -1.770  -1.753  -1.742  -1.731  -1.721  -1.713
   3.400  -4.438  -4.449  -4.462  -4.479  -4.498  -4.519  -4.540  -4.563  -4.587  -4.613  -4.641  -4.670  -4.701  -4.731  -4.762  -4.791  -4.819  -4.843  -4.852  -4.856  -4.857  -4.835  -4.771  -4.664  -4.515  -4.327  -4.092  -3.825  -3.558  -3.282  -3.019  -2.777  -2.554  -2.361  -2.197  -2.061  -1.959  -1.884  -1.825  -1.786  -1.756  -1.732  -1.716  -1.701  -1.688  -1.679
   3.410  -4.413  -4.419  -4.428  -4.439  -4.453  -4.470  -4.489  -4.509  -4.531  -4.554  -4.579  -4.605  -4.632  -4.660  -4.690  -4.719  -4.747  -4.773  -4.794  -4.811  -4.818  -4.808  -4.776  -4.720  -4.617  -4.468  -4.269  -4.031  -3.776  -3.495  -3.220  -2.961  -2.717  -2.501  -2.311  -2.150  -2.022  -1.921  -1.842  -1.788  -1.746  -1.714  -1.692  -1.672  -1.656  -1.643
   3.420  -4.395  -4.397  -4.401  -4.408  -4.416  -4.428  -4.443  -4.461  -4.480  -4.500  -4.522  -4.545  -4.569  -4.595  -4.621  -4.648  -4.676  -4.703  -4.727  -4.750  -4.761  -4.758  -4.749  -4.728  -4.662  -4.552  -4.396  -4.198  -3.968  -3.698  -3.423  -3.154  -2.891  -2.654  -2.440  -2.253  -2.097  -1.970  -1.869  -1.797  -1.742  -1.700  -1.670  -1.643  -1.621  -1.605
   3.430  -4.384  -4.384  -4.384  -4.385  -4.389  -4.396  -4.406  -4.419  -4.434  -4.451  -4.470  -4.490  -4.512  -4.534  -4.558  -4.582  -4.608  -4.633  -4.657  -4.681  -4.695  -4.698  -4.700  -4.695  -4.658  -4.582  -4.468  -4.315  -4.118  -3.874  -3.614  -3.343  -3.068  -2.814  -2.578  -2.367  -2.187  -2.036  -1.912  -1.819  -1.746  -1.690  -1.650  -1.615  -1.587  -1.566
   3.440  -4.377  -4.373  -4.371  -4.371  -4.372  -4.373  -4.377  -4.384  -4.394  -4.408  -4.423  -4.440  -4.459  -4.479  -4.500  -4.521  -4.543  -4.565  -4.587  -4.608  -4.624  -4.634  -4.638  -4.636  -4.613  -4.567  -4.491  -4.376  -4.217  -4.010  -3.777  -3.517  -3.241  -2.979  -2.724  -2.492  -2.290  -2.113  -1.967  -1.851  -1.757  -1.685  -1.631  -1.586  -1.551  -1.526
   3.450  -4.370  -4.366  -4.363  -4.361  -4.358  -4.357  -4.358  -4.360  -4.365  -4.372  -4.383  -4.396  -4.412  -4.428  -4.446  -4.465  -4.484  -4.503  -4.521  -4.539  -4.553  -4.562  -4.567  -4.566  -4.550  -4.519  -4.467  -4.383  -4.258  -4.094  -3.896  -3.660  -3.398  -3.138  -2.874  -2.625  -2.402  -2.201  -2.031  -1.890  -1.774  -1.685  -1.618  -1.562  -1.517  -1.486
   3.460  -4.363  -4.360  -4.358  -4.354  -4.350  -4.347  -4.345  -4.343  -4.343  -4.346  -4.352  -4.360  -4.370  -4.383  -4.398  -4.414  -4.430  -4.446  -4.460  -4.474  -4.484  -4.489  -4.492  -4.490  -4.477  -4.451  -4.411  -4.347  -4.250  -4.123  -3.961  -3.758  -3.524  -3.278  -3.014  -2.758  -2.519  -2.295  -2.103  -1.941  -1.805  -1.697  -1.612  -1.541  -1.485  -1.445
   3.470  -4.351  -4.350  -4.349  -4.347  -4.344  -4.340  -4.336  -4.332  -4.330  -4.329  -4.329  -4.331  -4.337  -4.345  -4.356  -4.367  -4.379  -4.392  -4.404  -4.415  -4.420  -4.420  -4.418  -4.414  -4.399  -4.371  -4.333  -4.280  -4.202  -4.101  -3.970  -3.802  -3.603  -3.382  -3.132  -2.881  -2.635  -2.398  -2.188  -2.003  -1.844  -1.715  -1.611  -1.523  -1.455  -1.405
   3.480  -4.333  -4.336  -4.338  -4.338  -4.336  -4.333  -4.329  -4.325  -4.321  -4.316  -4.314  -4.314  -4.314  -4.315  -4.320  -4.327  -4.335  -4.344  -4.351  -4.357  -4.360  -4.358  -4.350  -4.338  -4.317  -4.286  -4.247  -4.196  -4.127  -4.042  -3.933  -3.794  -3.630  -3.438  -3.216  -2.983  -2.742  -2.498  -2.276  -2.071  -1.890  -1.740  -1.615  -1.511  -1.428  -1.368
   3.490  -4.303  -4.313  -4.319  -4.322  -4.323  -4.323  -4.321  -4.318  -4.314  -4.310  -4.305  -4.300  -4.296  -4.295  -4.295  -4.295  -4.298  -4.303  -4.304  -4.305  -4.305  -4.300  -4.286  -4.266  -4.239  -4.203  -4.159  -4.105  -4.038  -3.958  -3.861  -3.744  -3.606  -3.443  -3.253  -3.046  -2.820  -2.584  -2.360  -2.141  -1.943  -1.775  -1.631  -1.509  -1.411  -1.335
   3.500  -4.255  -4.273  -4.287  -4.298  -4.305  -4.307  -4.307  -4.307  -4.306  -4.302  -4.297  -4.292  -4.286  -4.281  -4.276  -4.272  -4.269  -4.267  -4.265  -4.262  -4.256  -4.245  -4.226  -4.200  -4.166  -4.124  -4.073  -4.012  -3.942  -3.862  -3.769  -3.663  -3.542  -3.401  -3.242  -3.064  -2.863  -2.646  -2.429  -2.207  -2.000  -1.816  -1.652  -1.513  -1.397  -1.306
   3.525  -4.017  -4.062  -4.102  -4.138  -4.170  -4.195  -4.216  -4.236  -4.250  -4.256  -4.258  -4.260  -4.259  -4.254  -4.249  -4.244  -4.239  -4.232  -4.216  -4.199  -4.176  -4.146  -4.110  -4.065  -4.011  -3.950  -3.879  -3.800  -3.714  -3.621  -3.521  -3.416  -3.304  -3.185  -3.061  -2.921  -2.754  -2.578  -2.395  -2.194  -2.007  -1.845  -1.684  -1.527  -1.389  -1.269
   3.550  -3.674  -3.743  -3.808  -3.869  -3.927  -3.980  -4.029  -4.073  -4.111  -4.144  -4.170  -4.191  -4.206  -4.211  -4.213  -4.214  -4.209  -4.196  -4.177  -4.153  -4.121  -4.079  -4.028  -3.967  -3.896  -3.816  -3.726  -3.628  -3.522  -3.409  -3.291  -3.170  -3.046  -2.922  -2.799  -2.675  -2.550  -2.424  -2.291  -2.154  -2.010  -1.855  -1.694  -1.537  -1.380  -1.225
   3.575  -3.264  -3.345  -3.424  -3.499  -3.573  -3.643  -3.709  -3.772  -3.833  -3.891  -3.943  -3.989  -4.029  -4.058  -4.083  -4.104  -4.117  -4.120  -4.113  -4.098  -4.074  -4.038  -3.987  -3.923  -3.846  -3.754  -3.645  -3.524  -3.396  -3.260  -3.122  -2.985  -2.847  -2.712  -2.580  -2.449  -2.321  -2.194  -2.069  -1.956  -1.831  -1.689  -1.544  -1.401  -1.255  -1.099
   3.600  -2.822  -2.909  -2.996  -3.080  -3.164  -3.245  -3.324  -3.401  -3.476  -3.548  -3.617  -3.683  -3.745  -3.802  -3.855  -3.902  -3.944  -3.977  -3.991  -3.997  -3.999  -3.981  -3.936  -3.873  -3.790  -3.689  -3.570  -3.435  -3.293  -3.142  -2.988  -2.836  -2.683  -2.533  -2.385  -2.239  -2.095  -1.954  -1.815  -1.680  -1.548  -1.418  -1.290  -1.164  -1.040  -0.918
   3.625  -2.395  -2.486  -2.576  -2.666  -2.754  -2.841  -2.927  -3.012  -3.094  -3.176  -3.254  -3.331  -3.405  -3.475  -3.541  -3.602  -3.658  -3.706  -3.739  -3.768  -3.786  -3.782  -3.756  -3.715  -3.645  -3.556  -3.452  -3.332  -3.200  -3.054  -2.901  -2.744  -2.583  -2.421  -2.259  -2.099  -1.941  -1.786  -1.636  -1.490  -1.347  -1.209  -1.074  -0.943  -0.815  -0.691
   3.650  -1.981  -2.073  -2.164  -2.255  -2.346  -2.436  -2.525  -2.613  -2.699  -2.785  -2.869  -2.951  -3.031  -3.108  -3.183  -3.252  -3.316  -3.374  -3.423  -3.465  -3.484  -3.483  -3.479  -3.467  -3.421  -3.354  -3.272  -3.173  -3.059  -2.928  -2.787  -2.635  -2.474  -2.311  -2.143  -1.976  -1.810  -1.646  -1.485  -1.327  -1.172  -1.021  -0.873  -0.730  -0.592  -0.459
   3.675  -1.590  -1.682  -1.775  -1.867  -1.960  -2.051  -2.142  -2.232  -2.321  -2.410  -2.497  -2.582  -2.666  -2.746  -2.825  -2.898  -2.967  -3.030  -3.083  -3.130  -3.150  -3.150  -3.149  -3.141  -3.100  -3.039  -2.968  -2.882  -2.784  -2.674  -2.555  -2.427  -2.290  -2.148  -2.000  -1.847  -1.691  -1.531  -1.370  -1.207  -1.044  -0.884  -0.726  -0.572  -0.423  -0.278
   3.700  -1.233  -1.323  -1.413  -1.503  -1.595  -1.686  -1.777  -1.867  -1.957  -2.045  -2.133  -2.219  -2.304  -2.386  -2.465  -2.540  -2.610  -2.674  -2.727  -2.773  -2.793  -2.792  -2.789  -2.778  -2.736  -2.678  -2.613  -2.536  -2.452  -2.362  -2.264  -2.161  -2.051  -1.935  -1.811  -1.680  -1.540  -1.392  -1.238  -1.078  -0.916  -0.753  -0.590  -0.429  -0.272  -0.117
   3.725  -0.918  -0.998  -1.081  -1.166  -1.253  -1.342  -1.431  -1.520  -1.609  -1.698  -1.785  -1.872  -1.957  -2.039  -2.119  -2.194  -2.264  -2.327  -2.380  -2.424  -2.444  -2.442  -2.437  -2.424  -2.383  -2.327  -2.264  -2.191  -2.113  -2.028  -1.938  -1.844  -1.746  -1.641  -1.532  -1.417  -1.294  -1.165  -1.030  -0.889  -0.743  -0.593  -0.440  -0.287  -0.132   0.024
   3.750  -0.668  -0.732  -0.801  -0.874  -0.952  -1.033  -1.115  -1.200  -1.284  -1.370  -1.455  -1.539  -1.622  -1.702  -1.780  -1.853  -1.921  -1.981  -2.031  -2.072  -2.090  -2.088  -2.081  -2.066  -2.024  -1.970  -1.908  -1.837  -1.761  -1.679  -1.593  -1.503  -1.410  -1.314  -1.215  -1.112  -1.006  -0.895  -0.780  -0.659  -0.533  -0.401  -0.263  -0.122   0.025   0.176
   3.775  -0.509  -0.547  -0.592  -0.645  -0.706  -0.770  -0.838  -0.910  -0.984  -1.062  -1.140  -1.218  -1.296  -1.371  -1.444  -1.513  -1.576  -1.632  -1.677  -1.715  -1.731  -1.728  -1.721  -1.705  -1.665  -1.614  -1.555  -1.487  -1.415  -1.336  -1.254  -1.169  -1.080  -0.989  -0.896  -0.800  -0.702  -0.600  -0.494  -0.384  -0.269  -0.149  -0.024   0.105   0.239   0.378
   3.800  -0.435  -0.448  -0.468  -0.494  -0.528  -0.568  -0.616  -0.670  -0.728  -0.791  -0.856  -0.923  -0.990  -1.055  -1.120  -1.179  -1.233  -1.282  -1.320  -1.352  -1.365  -1.362  -1.353  -1.336  -1.300  -1.252  -1.197  -1.134  -1.065  -0.991  -0.913  -0.832  -0.748  -0.662  -0.573  -0.482  -0.388  -0.292  -0.192  -0.089   0.018   0.128   0.242   0.359   0.481   0.606
   3.825  -0.412  -0.413  -0.417  -0.423  -0.432  -0.447  -0.470  -0.498  -0.531  -0.572  -0.615  -0.660  -0.708  -0.755  -0.804  -0.849  -0.890  -0.927  -0.956  -0.977  -0.987  -0.985  -0.974  -0.955  -0.922  -0.880  -0.830  -0.773  -0.711  -0.643  -0.571  -0.497  -0.418  -0.338  -0.255  -0.169  -0.081   0.010   0.104   0.201   0.301   0.405   0.512   0.622   0.737   0.855
   3.850  -0.404  -0.402  -0.400  -0.398  -0.397  -0.396  -0.397  -0.400  -0.405  -0.415  -0.429  -0.447  -0.469  -0.493  -0.519  -0.544  -0.567  -0.586  -0.600  -0.608  -0.611  -0.606  -0.592  -0.570  -0.540  -0.503  -0.459  -0.408  -0.353  -0.292  -0.228  -0.160  -0.089  -0.015   0.062   0.142   0.224   0.309   0.398   0.489   0.584   0.683   0.785   0.890   0.999   1.111
   3.875  -0.405  -0.402  -0.399  -0.394  -0.389  -0.381  -0.372  -0.360  -0.346  -0.329  -0.316  -0.305  -0.296  -0.290  -0.286  -0.279  -0.274  -0.268  -0.261  -0.253  -0.242  -0.227  -0.207  -0.183  -0.154  -0.120  -0.081  -0.037   0.011   0.064   0.121   0.181   0.244   0.310   0.380   0.452   0.527   0.606   0.688   0.773   0.861   0.954   1.051   1.151   1.253   1.360
   3.900  -0.406  -0.403  -0.399  -0.393  -0.386  -0.376  -0.363  -0.347  -0.326  -0.300  -0.269  -0.233  -0.194  -0.154  -0.111  -0.070  -0.032   0.004   0.037   0.069   0.099   0.129   0.159   0.190   0.221   0.255   0.291   0.330   0.373   0.419   0.468   0.520   0.575   0.634   0.695   0.760   0.828   0.900   0.975   1.053   1.135   1.222   1.312   1.406   1.503   1.604
   3.925  -0.408  -0.406  -0.401  -0.395  -0.388  -0.378  -0.365  -0.348  -0.326  -0.296  -0.258  -0.209  -0.151  -0.084  -0.007   0.065   0.137   0.208   0.272   0.334   0.392   0.444   0.491   0.535   0.574   0.612   0.650   0.688   0.728   0.769   0.812   0.857   0.905   0.956   1.010   1.067   1.128   1.192   1.259   1.330   1.405   1.484   1.568   1.656   1.748   1.843
   3.950  -0.410  -0.408  -0.404  -0.398  -0.392  -0.382  -0.369  -0.352  -0.327  -0.295  -0.254  -0.201  -0.137  -0.061   0.028   0.124   0.228   0.335   0.437   0.536   0.626   0.705   0.774   0.836   0.889   0.937   0.982   1.023   1.063   1.102   1.142   1.183   1.226   1.271   1.318   1.368   1.421   1.477   1.537   1.601   1.669   1.742   1.819   1.900   1.986   2.076
   3.975  -0.410  -0.407  -0.404  -0.400  -0.394  -0.386  -0.374  -0.357  -0.333  -0.302  -0.261  -0.208  -0.143  -0.064   0.028   0.136   0.259   0.392   0.527   0.663   0.787   0.894   0.990   1.072   1.147   1.213   1.270   1.320   1.367   1.409   1.449   1.490   1.530   1.571   1.614   1.658   1.706   1.756   1.809   1.867   1.928   1.994   2.064   2.139   2.218   2.302
   4.000  -0.408  -0.407  -0.405  -0.401  -0.396  -0.388  -0.378  -0.363  -0.341  -0.312  -0.272  -0.219  -0.154  -0.072   0.027   0.140   0.269   0.411   0.557   0.710   0.858   0.997   1.128   1.244   1.344   1.433   1.509   1.573   1.631   1.681   1.727   1.770   1.811   1.851   1.892   1.933   1.976   2.022   2.071   2.122   2.178   2.238   2.301   2.370   2.443   2.521
   4.025  -0.405  -0.405  -0.403  -0.400  -0.395  -0.388  -0.379  -0.366  -0.346  -0.320  -0.282  -0.232  -0.168  -0.087   0.012   0.125   0.255   0.399   0.549   0.706   0.865   1.030   1.192   1.343   1.478   1.593   1.687   1.768   1.844   1.908   1.965   2.015   2.060   2.104   2.145   2.186   2.228   2.271   2.317   2.365   2.417   2.472   2.530   2.594   2.662   2.735
   4.050  -0.402  -0.401  -0.399  -0.397  -0.393  -0.387  -0.379  -0.367  -0.349  -0.326  -0.291  -0.244  -0.183  -0.106  -0.012   0.098   0.228   0.373   0.528   0.696   0.868   1.041   1.213   1.376   1.532   1.674   1.799   1.910   2.007   2.089   2.161   2.223   2.276   2.327   2.373   2.417   2.460   2.503   2.548   2.594   2.643   2.694   2.749   2.808   2.873   2.942
   4.075  -0.398  -0.397  -0.396  -0.393  -0.390  -0.385  -0.378  -0.367  -0.350  -0.329  -0.297  -0.253  -0.197  -0.124  -0.035   0.072   0.197   0.339   0.493   0.664   0.840   1.016   1.194   1.366   1.529   1.693   1.852   1.998   2.121   2.221   2.310   2.389   2.456   2.517   2.571   2.621   2.668   2.714   2.760   2.806   2.854   2.904   2.957   3.013   3.074   3.139
   4.100  -0.394  -0.393  -0.391  -0.389  -0.386  -0.381  -0.374  -0.365  -0.350  -0.330  -0.300  -0.260  -0.208  -0.140  -0.056   0.045   0.165   0.302   0.452   0.617   0.790   0.970   1.155   1.339   1.523   1.700   1.869   2.030   2.174   2.303   2.418   2.516   2.601   2.676   2.741   2.799   2.853   2.904   2.954   3.002   3.051   3.101   3.153   3.208   3.266   3.327
   4.125  -0.390  -0.388  -0.386  -0.383  -0.380  -0.376  -0.370  -0.361  -0.347  -0.329  -0.301  -0.265  -0.217  -0.152  -0.074   0.022   0.136   0.266   0.411   0.572   0.742   0.921   1.107   1.294   1.488   1.674   1.853   2.024   2.183   2.345   2.490   2.606   2.710   2.802   2.881   2.952   3.016   3.073   3.129   3.181   3.233   3.284   3.336   3.390   3.448   3.508
   4.150  -0.387  -0.385  -0.382  -0.378  -0.375  -0.370  -0.364  -0.356  -0.343  -0.326  -0.301  -0.267  -0.222  -0.162  -0.088   0.002   0.110   0.234   0.373   0.528   0.694   0.870   1.056   1.243   1.435   1.627   1.818   2.007   2.187   2.358   2.517   2.659   2.787   2.899   2.995   3.081   3.156   3.223   3.286   3.344   3.400   3.454   3.507   3.564   3.622   3.683
   4.175  -0.387  -0.384  -0.380  -0.375  -0.371  -0.365  -0.358  -0.350  -0.337  -0.321  -0.298  -0.266  -0.224  -0.169  -0.099  -0.014   0.088   0.206   0.340   0.491   0.653   0.827   1.011   1.197   1.387   1.580   1.776   1.973   2.166   2.348   2.517   2.686   2.838   2.968   3.084   3.187   3.277   3.355   3.428   3.493   3.554   3.613   3.670   3.730   3.790   3.852
   4.200  -0.388  -0.384  -0.380  -0.374  -0.369  -0.362  -0.354  -0.345  -0.332  -0.317  -0.294  -0.264  -0.225  -0.172  -0.107  -0.027   0.070   0.183   0.313   0.459   0.618   0.790   0.971   1.155   1.341   1.532   1.731   1.933   2.131   2.327   2.516   2.694   2.862   3.014   3.149   3.271   3.377   3.470   3.554   3.627   3.696   3.762   3.824   3.888   3.952   4.015
   4.225  -0.389  -0.385  -0.380  -0.375  -0.369  -0.362  -0.354  -0.344  -0.330  -0.313  -0.290  -0.260  -0.222  -0.172  -0.111  -0.035   0.057   0.165   0.291   0.434   0.590   0.758   0.936   1.117   1.301   1.491   1.691   1.896   2.099   2.302   2.502   2.689   2.871   3.041   3.196   3.335   3.458   3.567   3.664   3.749   3.828   3.901   3.970   4.039   4.106   4.172
   4.250  -0.390  -0.386  -0.381  -0.375  -0.369  -0.362  -0.353  -0.343  -0.328  -0.311  -0.288  -0.258  -0.220  -0.171  -0.113  -0.040   0.048   0.152   0.274   0.415   0.568   0.732   0.905   1.083   1.267   1.457   1.657   1.863   2.069   2.276   2.480   2.680   2.875   3.056   3.227   3.384   3.524   3.649   3.761   3.859   3.949   4.032   4.108   4.182   4.254   4.323
   4.275  -0.390  -0.386  -0.381  -0.375  -0.369  -0.361  -0.352  -0.341  -0.327  -0.311  -0.288  -0.259  -0.222  -0.174  -0.116  -0.044   0.041   0.142   0.261   0.399   0.549   0.709   0.878   1.055   1.239   1.431   1.631   1.838   2.045   2.255   2.463   2.669   2.872   3.065   3.250   3.421   3.577   3.718   3.845   3.957   4.059   4.152   4.236   4.317   4.394   4.467
   4.300  -0.389  -0.385  -0.381  -0.375  -0.368  -0.360  -0.351  -0.340  -0.326  -0.310  -0.288  -0.259  -0.223  -0.176  -0.119  -0.048   0.036   0.135   0.252   0.388   0.535   0.691   0.856   1.032   1.218   1.412   1.613   1.820   2.029   2.240   2.451   2.661   2.870   3.071   3.267   3.451   3.621   3.777   3.919   4.045   4.159   4.262   4.355   4.443   4.525   4.601
   4.325  -0.389  -0.385  -0.380  -0.375  -0.368  -0.359  -0.349  -0.337  -0.323  -0.307  -0.285  -0.258  -0.222  -0.176  -0.121  -0.052   0.030   0.128   0.243   0.378   0.523   0.677   0.841   1.017   1.205   1.400   1.602   1.810   2.019   2.232   2.446   2.660   2.871   3.079   3.283   3.477   3.659   3.829   3.983   4.122   4.249   4.363   4.465   4.558   4.643   4.719
   4.350  -0.388  -0.385  -0.380  -0.374  -0.367  -0.358  -0.347  -0.334  -0.319  -0.302  -0.280  -0.253  -0.220  -0.176  -0.122  -0.055   0.027   0.124   0.239   0.373   0.518   0.671   0.835   1.011   1.200   1.396   1.598   1.806   2.016   2.230   2.444   2.660   2.876   3.089   3.299   3.501   3.693   3.875   4.041   4.193   4.331   4.455   4.567   4.667   4.755   4.831
   4.375  -0.387  -0.383  -0.379  -0.373  -0.366  -0.357  -0.346  -0.332  -0.315  -0.297  -0.274  -0.247  -0.214  -0.171  -0.119  -0.053   0.028   0.125   0.239   0.372   0.518   0.672   0.837   1.013   1.203   1.399   1.602   1.810   2.021   2.235   2.450   2.668   2.887   3.104   3.319   3.527   3.727   3.918   4.095   4.259   4.409   4.545   4.668   4.776   4.870   4.949
   4.400  -0.385  -0.382  -0.378  -0.372  -0.365  -0.356  -0.344  -0.329  -0.312  -0.292  -0.267  -0.239  -0.205  -0.162  -0.111  -0.046   0.033   0.126   0.239   0.372   0.518   0.674   0.842   1.021   1.211   1.409   1.612   1.821   2.033   2.248   2.465   2.684   2.905   3.123   3.342   3.555   3.761   3.960   4.145   4.319   4.480   4.626   4.759   4.875   4.976   5.062
   4.425  -0.384  -0.381  -0.377  -0.371  -0.364  -0.355  -0.343  -0.327  -0.309  -0.287  -0.261  -0.231  -0.196  -0.151  -0.099  -0.035   0.043   0.135   0.246   0.378   0.523   0.682   0.853   1.035   1.227   1.425   1.629   1.839   2.051   2.267   2.484   2.705   2.926   3.147   3.369   3.586   3.797   4.002   4.194   4.376   4.542   4.691   4.825   4.949   5.064   5.168
   4.450  -0.384  -0.381  -0.376  -0.370  -0.363  -0.354  -0.342  -0.326  -0.307  -0.284  -0.256  -0.223  -0.185  -0.139  -0.086  -0.021   0.057   0.150   0.261   0.391   0.536   0.696   0.871   1.054   1.247   1.447   1.652   1.862   2.075   2.291   2.509   2.730   2.953   3.175   3.399   3.619   3.835   4.044   4.241   4.428   4.599   4.748   4.883   5.013   5.138   5.256
   4.475  -0.383  -0.380  -0.375  -0.369  -0.363  -0.353  -0.341  -0.326  -0.306  -0.281  -0.252  -0.217  -0.176  -0.127  -0.072  -0.005   0.075   0.168   0.280   0.409   0.555   0.717   0.892   1.077   1.272   1.473   1.678   1.889   2.102   2.319   2.538   2.760   2.983   3.207   3.432   3.654   3.872   4.084   4.286   4.478   4.654   4.808   4.945   5.077   5.200   5.315
   4.500  -0.382  -0.379  -0.375  -0.369  -0.362  -0.353  -0.341  -0.326  -0.305  -0.279  -0.248  -0.211  -0.167  -0.115  -0.057   0.013   0.095   0.190   0.303   0.434   0.580   0.743   0.919   1.105   1.301   1.503   1.709   1.920   2.134   2.352   2.572   2.794   3.018   3.242   3.468   3.691   3.910   4.124   4.328   4.525   4.706   4.866   5.009   5.138   5.251   5.350

