low temperature opacities from Ferguson, Alexander, et al (2005) with gs98 metals
    form     version        X           Z          logRs    logR_min    logR_max       logTs    logT_min    logT_max
       1          38    0.700000    0.000300          46   -8.000000    1.000000         105    2.700000    4.500000

   logT                       logR = logRho - 3*logT + 18
          -8.000  -7.800  -7.600  -7.400  -7.200  -7.000  -6.800  -6.600  -6.400  -6.200  -6.000  -5.800  -5.600  -5.400  -5.200  -5.000  -4.800  -4.600  -4.400  -4.200  -4.000  -3.800  -3.600  -3.400  -3.200  -3.000  -2.800  -2.600  -2.400  -2.200  -2.000  -1.800  -1.600  -1.400  -1.200  -1.000  -0.800  -0.600  -0.400  -0.200   0.000   0.200   0.400   0.600   0.800   1.000

   2.700  -1.898  -1.899  -1.900  -1.900  -1.899  -1.899  -1.900  -1.901  -1.901  -1.901  -1.901  -1.901  -1.902  -1.902  -1.903  -1.903  -1.903  -1.903  -1.903  -1.903  -1.903  -1.902  -1.901  -1.901  -1.903  -1.904  -1.892  -1.869  -1.853  -1.839  -1.833  -1.834  -1.835  -1.835  -1.832  -1.829  -1.826  -1.821  -1.817  -1.811  -1.805  -1.799  -1.794  -1.789  -1.783  -1.778
   2.750  -1.891  -1.892  -1.893  -1.893  -1.894  -1.894  -1.896  -1.899  -1.899  -1.899  -1.899  -1.899  -1.900  -1.900  -1.901  -1.902  -1.902  -1.903  -1.903  -1.904  -1.904  -1.904  -1.904  -1.904  -1.904  -1.903  -1.902  -1.900  -1.896  -1.891  -1.884  -1.871  -1.857  -1.847  -1.841  -1.836  -1.830  -1.825  -1.820  -1.813  -1.807  -1.801  -1.795  -1.789  -1.783  -1.777
   2.800  -1.882  -1.882  -1.882  -1.882  -1.883  -1.883  -1.883  -1.882  -1.882  -1.883  -1.883  -1.883  -1.884  -1.884  -1.885  -1.885  -1.885  -1.886  -1.886  -1.887  -1.888  -1.889  -1.891  -1.891  -1.892  -1.892  -1.892  -1.892  -1.892  -1.892  -1.891  -1.886  -1.876  -1.866  -1.856  -1.846  -1.839  -1.832  -1.826  -1.819  -1.812  -1.805  -1.798  -1.791  -1.784  -1.776
   2.850  -1.876  -1.876  -1.876  -1.876  -1.876  -1.876  -1.875  -1.873  -1.871  -1.871  -1.870  -1.869  -1.868  -1.868  -1.868  -1.868  -1.868  -1.868  -1.868  -1.868  -1.868  -1.868  -1.869  -1.869  -1.870  -1.870  -1.870  -1.871  -1.871  -1.871  -1.871  -1.870  -1.868  -1.864  -1.858  -1.851  -1.845  -1.839  -1.832  -1.825  -1.818  -1.810  -1.802  -1.794  -1.785  -1.775
   2.900  -2.136  -2.066  -2.007  -1.960  -1.926  -1.901  -1.884  -1.873  -1.865  -1.861  -1.858  -1.856  -1.854  -1.854  -1.853  -1.853  -1.853  -1.853  -1.853  -1.853  -1.853  -1.853  -1.853  -1.853  -1.850  -1.847  -1.846  -1.845  -1.845  -1.844  -1.844  -1.846  -1.850  -1.851  -1.850  -1.848  -1.845  -1.840  -1.835  -1.829  -1.822  -1.815  -1.806  -1.797  -1.786  -1.775
   2.910  -2.786  -2.477  -2.245  -2.107  -2.041  -1.995  -1.950  -1.918  -1.893  -1.877  -1.866  -1.859  -1.855  -1.852  -1.850  -1.849  -1.848  -1.847  -1.847  -1.847  -1.847  -1.847  -1.847  -1.847  -1.847  -1.847  -1.846  -1.843  -1.841  -1.840  -1.839  -1.839  -1.838  -1.839  -1.840  -1.841  -1.840  -1.838  -1.834  -1.830  -1.825  -1.818  -1.810  -1.800  -1.789  -1.776
   2.920  -3.174  -3.098  -2.961  -2.748  -2.434  -2.190  -2.088  -2.034  -1.982  -1.939  -1.906  -1.883  -1.869  -1.858  -1.852  -1.848  -1.845  -1.844  -1.842  -1.841  -1.841  -1.841  -1.841  -1.841  -1.841  -1.841  -1.841  -1.841  -1.841  -1.838  -1.836  -1.835  -1.834  -1.834  -1.834  -1.833  -1.833  -1.832  -1.831  -1.828  -1.824  -1.818  -1.811  -1.802  -1.791  -1.777
   2.930  -3.500  -3.565  -3.597  -3.559  -3.299  -2.982  -2.656  -2.334  -2.157  -2.077  -2.021  -1.966  -1.924  -1.893  -1.873  -1.860  -1.850  -1.844  -1.840  -1.838  -1.837  -1.836  -1.835  -1.835  -1.834  -1.834  -1.834  -1.834  -1.834  -1.834  -1.834  -1.833  -1.831  -1.829  -1.828  -1.828  -1.827  -1.827  -1.826  -1.824  -1.821  -1.817  -1.811  -1.803  -1.792  -1.779
   2.940  -3.357  -3.380  -3.405  -3.437  -3.478  -3.500  -3.425  -3.236  -2.963  -2.565  -2.257  -2.129  -2.061  -1.998  -1.946  -1.907  -1.879  -1.862  -1.849  -1.842  -1.837  -1.833  -1.831  -1.829  -1.829  -1.828  -1.827  -1.827  -1.827  -1.827  -1.827  -1.827  -1.826  -1.825  -1.824  -1.823  -1.822  -1.822  -1.821  -1.820  -1.817  -1.814  -1.809  -1.802  -1.792  -1.780
   2.950  -3.373  -3.361  -3.356  -3.356  -3.361  -3.373  -3.409  -3.464  -3.510  -3.554  -3.575  -3.171  -2.488  -2.206  -2.108  -2.040  -1.974  -1.925  -1.888  -1.866  -1.851  -1.840  -1.833  -1.828  -1.825  -1.823  -1.822  -1.821  -1.821  -1.820  -1.820  -1.820  -1.820  -1.819  -1.818  -1.817  -1.817  -1.816  -1.815  -1.814  -1.812  -1.810  -1.806  -1.800  -1.791  -1.780
   2.960  -3.359  -3.361  -3.362  -3.362  -3.361  -3.360  -3.359  -3.358  -3.362  -3.387  -3.426  -3.492  -3.559  -3.456  -2.828  -2.308  -2.160  -2.083  -2.009  -1.949  -1.903  -1.872  -1.853  -1.838  -1.829  -1.823  -1.819  -1.817  -1.815  -1.814  -1.813  -1.813  -1.812  -1.812  -1.812  -1.811  -1.811  -1.810  -1.809  -1.808  -1.807  -1.805  -1.802  -1.797  -1.789  -1.780
   2.970  -3.334  -3.338  -3.341  -3.345  -3.347  -3.350  -3.353  -3.355  -3.353  -3.345  -3.340  -3.344  -3.356  -3.384  -3.446  -3.482  -3.128  -2.517  -2.233  -2.123  -2.048  -1.975  -1.922  -1.881  -1.855  -1.837  -1.825  -1.819  -1.813  -1.810  -1.808  -1.807  -1.806  -1.805  -1.805  -1.805  -1.804  -1.804  -1.803  -1.802  -1.801  -1.799  -1.797  -1.793  -1.786  -1.778
   2.980  -3.231  -3.245  -3.263  -3.287  -3.320  -3.338  -3.338  -3.337  -3.337  -3.340  -3.341  -3.341  -3.340  -3.341  -3.348  -3.360  -3.382  -3.405  -3.318  -2.811  -2.351  -2.179  -2.089  -2.006  -1.942  -1.894  -1.860  -1.840  -1.824  -1.814  -1.808  -1.804  -1.802  -1.801  -1.800  -1.799  -1.798  -1.798  -1.797  -1.796  -1.795  -1.794  -1.792  -1.788  -1.783  -1.776
   2.990  -3.219  -3.215  -3.213  -3.214  -3.224  -3.239  -3.258  -3.281  -3.301  -3.323  -3.333  -3.331  -3.328  -3.328  -3.332  -3.336  -3.339  -3.342  -3.349  -3.361  -3.368  -3.069  -2.535  -2.248  -2.127  -2.044  -1.966  -1.909  -1.866  -1.839  -1.822  -1.812  -1.806  -1.802  -1.800  -1.798  -1.796  -1.795  -1.793  -1.792  -1.790  -1.789  -1.787  -1.783  -1.779  -1.773
   3.000  -3.212  -3.211  -3.211  -3.209  -3.207  -3.206  -3.207  -3.209  -3.216  -3.237  -3.259  -3.277  -3.292  -3.302  -3.306  -3.310  -3.315  -3.320  -3.324  -3.328  -3.332  -3.336  -3.339  -3.253  -2.769  -2.328  -2.161  -2.074  -1.991  -1.926  -1.878  -1.848  -1.833  -1.821  -1.814  -1.809  -1.803  -1.799  -1.795  -1.792  -1.789  -1.786  -1.784  -1.780  -1.775  -1.770
   3.010  -3.205  -3.204  -3.203  -3.202  -3.201  -3.200  -3.199  -3.198  -3.196  -3.193  -3.192  -3.200  -3.218  -3.236  -3.256  -3.274  -3.285  -3.292  -3.298  -3.301  -3.305  -3.312  -3.321  -3.329  -3.339  -3.344  -3.022  -2.464  -2.201  -2.098  -2.028  -1.963  -1.917  -1.881  -1.859  -1.843  -1.828  -1.817  -1.808  -1.801  -1.795  -1.790  -1.785  -1.780  -1.774  -1.768
   3.020  -3.227  -3.214  -3.205  -3.198  -3.195  -3.193  -3.191  -3.191  -3.189  -3.188  -3.187  -3.185  -3.183  -3.184  -3.188  -3.198  -3.216  -3.239  -3.256  -3.268  -3.278  -3.283  -3.286  -3.297  -3.316  -3.327  -3.328  -3.328  -3.228  -2.683  -2.238  -2.117  -2.053  -1.994  -1.947  -1.911  -1.882  -1.861  -1.842  -1.826  -1.813  -1.803  -1.795  -1.786  -1.778  -1.770
   3.030  -3.456  -3.361  -3.288  -3.243  -3.220  -3.205  -3.194  -3.188  -3.184  -3.181  -3.179  -3.178  -3.177  -3.175  -3.174  -3.173  -3.176  -3.183  -3.192  -3.205  -3.220  -3.236  -3.253  -3.264  -3.270  -3.275  -3.279  -3.281  -3.210  -2.811  -2.443  -2.301  -2.226  -2.154  -2.096  -2.044  -1.994  -1.949  -1.910  -1.878  -1.851  -1.832  -1.817  -1.803  -1.790  -1.778
   3.040  -5.275  -4.495  -3.915  -3.594  -3.438  -3.342  -3.273  -3.237  -3.209  -3.193  -3.183  -3.176  -3.172  -3.168  -3.166  -3.165  -3.164  -3.163  -3.161  -3.158  -3.157  -3.166  -3.184  -3.202  -3.221  -3.238  -3.248  -3.255  -3.260  -3.264  -3.265  -3.081  -2.737  -2.512  -2.371  -2.259  -2.168  -2.099  -2.031  -1.967  -1.916  -1.882  -1.859  -1.836  -1.815  -1.797
   3.050  -5.212  -5.212  -5.213  -5.213  -5.214  -5.214  -4.663  -3.755  -3.431  -3.330  -3.268  -3.222  -3.199  -3.180  -3.170  -3.163  -3.158  -3.155  -3.153  -3.151  -3.150  -3.148  -3.145  -3.146  -3.156  -3.170  -3.188  -3.208  -3.223  -3.236  -3.241  -3.170  -3.022  -2.873  -2.708  -2.554  -2.429  -2.319  -2.211  -2.104  -2.016  -1.962  -1.928  -1.894  -1.861  -1.833
   3.060  -5.149  -5.149  -5.150  -5.150  -5.151  -5.151  -5.151  -5.151  -5.050  -4.472  -3.904  -3.610  -3.422  -3.306  -3.246  -3.209  -3.181  -3.167  -3.155  -3.149  -3.144  -3.141  -3.139  -3.137  -3.135  -3.134  -3.136  -3.144  -3.156  -3.176  -3.193  -3.205  -3.213  -3.187  -3.022  -2.840  -2.707  -2.579  -2.440  -2.286  -2.157  -2.081  -2.032  -1.982  -1.935  -1.893
   3.070  -5.087  -5.087  -5.087  -5.087  -5.088  -5.088  -5.088  -5.088  -5.088  -5.089  -5.089  -5.089  -5.090  -4.944  -4.153  -3.524  -3.369  -3.289  -3.225  -3.188  -3.165  -3.148  -3.140  -3.133  -3.129  -3.126  -3.123  -3.121  -3.121  -3.124  -3.129  -3.146  -3.167  -3.165  -3.119  -3.044  -2.946  -2.823  -2.676  -2.494  -2.336  -2.240  -2.174  -2.107  -2.042  -1.984
   3.080  -5.032  -5.030  -5.029  -5.027  -5.026  -5.026  -5.026  -5.026  -5.026  -5.027  -5.027  -5.027  -5.027  -5.027  -5.027  -5.027  -4.711  -4.124  -3.740  -3.493  -3.332  -3.246  -3.201  -3.165  -3.145  -3.132  -3.123  -3.118  -3.114  -3.110  -3.109  -3.116  -3.127  -3.129  -3.126  -3.120  -3.083  -2.999  -2.874  -2.697  -2.536  -2.430  -2.348  -2.266  -2.186  -2.111
   3.090  -4.984  -4.981  -4.978  -4.976  -4.973  -4.970  -4.968  -4.967  -4.967  -4.966  -4.966  -4.966  -4.966  -4.966  -4.966  -4.966  -4.966  -4.966  -4.966  -4.966  -4.965  -4.487  -3.689  -3.384  -3.282  -3.217  -3.168  -3.143  -3.123  -3.111  -3.106  -3.106  -3.105  -3.108  -3.120  -3.127  -3.116  -3.082  -3.014  -2.875  -2.734  -2.632  -2.541  -2.450  -2.360  -2.272
   3.100  -4.930  -4.932  -4.933  -4.932  -4.927  -4.921  -4.918  -4.915  -4.913  -4.911  -4.909  -4.908  -4.907  -4.907  -4.906  -4.906  -4.906  -4.906  -4.906  -4.906  -4.905  -4.904  -4.904  -4.819  -4.338  -3.851  -3.554  -3.338  -3.226  -3.170  -3.143  -3.128  -3.120  -3.122  -3.134  -3.141  -3.139  -3.130  -3.104  -3.015  -2.914  -2.826  -2.736  -2.645  -2.553  -2.459
   3.110  -4.866  -4.865  -4.864  -4.864  -4.865  -4.867  -4.869  -4.871  -4.870  -4.865  -4.859  -4.856  -4.854  -4.852  -4.850  -4.849  -4.848  -4.847  -4.847  -4.846  -4.846  -4.846  -4.845  -4.845  -4.844  -4.843  -4.842  -4.842  -4.698  -3.941  -3.400  -3.329  -3.292  -3.273  -3.265  -3.255  -3.239  -3.218  -3.184  -3.138  -3.080  -3.008  -2.925  -2.840  -2.751  -2.659
   3.120  -4.820  -4.811  -4.804  -4.803  -4.802  -4.802  -4.803  -4.804  -4.806  -4.807  -4.808  -4.807  -4.804  -4.802  -4.800  -4.798  -4.796  -4.794  -4.792  -4.791  -4.790  -4.790  -4.789  -4.789  -4.787  -4.786  -4.785  -4.784  -4.782  -4.782  -4.780  -4.502  -4.001  -3.716  -3.592  -3.509  -3.432  -3.377  -3.331  -3.299  -3.258  -3.191  -3.111  -3.031  -2.949  -2.863
   3.130  -4.825  -4.789  -4.763  -4.751  -4.745  -4.743  -4.743  -4.743  -4.743  -4.744  -4.745  -4.746  -4.747  -4.749  -4.750  -4.751  -4.749  -4.745  -4.742  -4.740  -4.739  -4.737  -4.736  -4.734  -4.733  -4.732  -4.731  -4.730  -4.728  -4.727  -4.725  -4.623  -4.419  -4.233  -4.043  -3.873  -3.738  -3.631  -3.554  -3.514  -3.469  -3.394  -3.307  -3.226  -3.146  -3.068
   3.140  -4.939  -4.840  -4.766  -4.725  -4.704  -4.694  -4.689  -4.686  -4.686  -4.686  -4.686  -4.687  -4.688  -4.689  -4.690  -4.691  -4.692  -4.693  -4.693  -4.691  -4.689  -4.687  -4.686  -4.684  -4.683  -4.681  -4.679  -4.677  -4.675  -4.674  -4.672  -4.671  -4.670  -4.634  -4.437  -4.223  -4.067  -3.930  -3.831  -3.775  -3.714  -3.623  -3.522  -3.432  -3.350  -3.274
   3.150  -5.184  -5.009  -4.871  -4.769  -4.707  -4.671  -4.650  -4.640  -4.635  -4.632  -4.631  -4.631  -4.632  -4.632  -4.633  -4.634  -4.635  -4.636  -4.636  -4.637  -4.637  -4.637  -4.638  -4.638  -4.635  -4.633  -4.631  -4.629  -4.627  -4.624  -4.622  -4.621  -4.619  -4.608  -4.545  -4.454  -4.334  -4.199  -4.099  -4.035  -3.963  -3.859  -3.746  -3.647  -3.561  -3.484
   3.160  -5.484  -5.277  -5.095  -4.938  -4.804  -4.704  -4.645  -4.615  -4.597  -4.588  -4.583  -4.580  -4.579  -4.579  -4.579  -4.580  -4.581  -4.582  -4.582  -4.583  -4.583  -4.583  -4.584  -4.584  -4.584  -4.584  -4.583  -4.582  -4.580  -4.578  -4.576  -4.574  -4.572  -4.567  -4.555  -4.531  -4.468  -4.375  -4.301  -4.242  -4.172  -4.070  -3.956  -3.857  -3.769  -3.689
   3.170  -5.748  -5.565  -5.384  -5.201  -5.012  -4.850  -4.732  -4.647  -4.592  -4.562  -4.547  -4.538  -4.533  -4.531  -4.530  -4.530  -4.530  -4.531  -4.531  -4.532  -4.532  -4.532  -4.533  -4.533  -4.534  -4.534  -4.534  -4.533  -4.533  -4.532  -4.531  -4.529  -4.526  -4.524  -4.522  -4.519  -4.495  -4.451  -4.408  -4.367  -4.310  -4.225  -4.127  -4.038  -3.955  -3.875
   3.180  -5.942  -5.806  -5.654  -5.483  -5.287  -5.099  -4.925  -4.768  -4.654  -4.582  -4.537  -4.511  -4.497  -4.490  -4.486  -4.484  -4.483  -4.483  -4.483  -4.484  -4.484  -4.484  -4.485  -4.485  -4.485  -4.485  -4.485  -4.485  -4.485  -4.485  -4.484  -4.483  -4.482  -4.480  -4.479  -4.475  -4.468  -4.455  -4.435  -4.412  -4.375  -4.315  -4.241  -4.170  -4.099  -4.025
   3.190  -6.065  -5.976  -5.862  -5.722  -5.555  -5.376  -5.183  -4.989  -4.828  -4.692  -4.588  -4.522  -4.485  -4.463  -4.450  -4.444  -4.441  -4.439  -4.439  -4.439  -4.439  -4.439  -4.439  -4.439  -4.440  -4.440  -4.440  -4.440  -4.440  -4.440  -4.439  -4.439  -4.438  -4.437  -4.436  -4.433  -4.430  -4.426  -4.417  -4.406  -4.384  -4.347  -4.299  -4.247  -4.191  -4.129
   3.200  -6.133  -6.080  -6.002  -5.900  -5.772  -5.623  -5.449  -5.259  -5.075  -4.888  -4.727  -4.608  -4.521  -4.464  -4.433  -4.417  -4.407  -4.402  -4.399  -4.397  -4.396  -4.396  -4.396  -4.396  -4.397  -4.397  -4.397  -4.397  -4.397  -4.397  -4.397  -4.397  -4.396  -4.395  -4.394  -4.393  -4.391  -4.387  -4.382  -4.376  -4.363  -4.342  -4.312  -4.276  -4.235  -4.186
   3.210  -6.162  -6.134  -6.085  -6.016  -5.927  -5.815  -5.674  -5.512  -5.335  -5.138  -4.952  -4.785  -4.638  -4.529  -4.459  -4.414  -4.386  -4.372  -4.365  -4.360  -4.358  -4.357  -4.356  -4.356  -4.356  -4.356  -4.356  -4.357  -4.357  -4.357  -4.357  -4.357  -4.356  -4.356  -4.355  -4.354  -4.352  -4.349  -4.345  -4.340  -4.331  -4.317  -4.298  -4.273  -4.243  -4.206
   3.220  -6.169  -6.154  -6.124  -6.081  -6.025  -5.947  -5.843  -5.716  -5.567  -5.391  -5.209  -5.019  -4.832  -4.677  -4.551  -4.454  -4.395  -4.364  -4.344  -4.332  -4.326  -4.322  -4.319  -4.319  -4.319  -4.319  -4.319  -4.319  -4.319  -4.319  -4.319  -4.319  -4.319  -4.318  -4.318  -4.317  -4.315  -4.313  -4.309  -4.304  -4.297  -4.286  -4.272  -4.253  -4.229  -4.200
   3.230  -6.161  -6.153  -6.136  -6.110  -6.077  -6.027  -5.956  -5.866  -5.749  -5.606  -5.446  -5.264  -5.072  -4.893  -4.719  -4.573  -4.469  -4.395  -4.345  -4.318  -4.303  -4.293  -4.288  -4.286  -4.285  -4.284  -4.283  -4.283  -4.283  -4.283  -4.283  -4.283  -4.283  -4.283  -4.283  -4.282  -4.281  -4.278  -4.274  -4.270  -4.263  -4.254  -4.242  -4.226  -4.206  -4.181
   3.240  -6.142  -6.139  -6.130  -6.117  -6.098  -6.067  -6.023  -5.964  -5.880  -5.772  -5.642  -5.487  -5.313  -5.132  -4.939  -4.761  -4.608  -4.479  -4.386  -4.332  -4.298  -4.277  -4.266  -4.259  -4.254  -4.252  -4.251  -4.250  -4.250  -4.250  -4.250  -4.250  -4.250  -4.250  -4.249  -4.249  -4.248  -4.245  -4.242  -4.238  -4.232  -4.223  -4.212  -4.198  -4.179  -4.157
   3.250  -6.113  -6.113  -6.111  -6.108  -6.098  -6.080  -6.054  -6.018  -5.961  -5.887  -5.790  -5.666  -5.520  -5.357  -5.172  -4.988  -4.807  -4.635  -4.501  -4.401  -4.327  -4.280  -4.256  -4.239  -4.230  -4.225  -4.222  -4.220  -4.220  -4.219  -4.219  -4.219  -4.219  -4.219  -4.218  -4.218  -4.216  -4.214  -4.211  -4.207  -4.201  -4.194  -4.183  -4.169  -4.152  -4.132
   3.260  -6.070  -6.079  -6.084  -6.085  -6.081  -6.074  -6.062  -6.039  -6.004  -5.956  -5.889  -5.797  -5.683  -5.547  -5.386  -5.214  -5.029  -4.840  -4.673  -4.523  -4.402  -4.321  -4.270  -4.236  -4.217  -4.206  -4.199  -4.196  -4.193  -4.191  -4.190  -4.190  -4.190  -4.190  -4.189  -4.188  -4.187  -4.185  -4.182  -4.178  -4.173  -4.165  -4.155  -4.142  -4.126  -4.106
   3.270  -6.012  -6.028  -6.041  -6.048  -6.053  -6.054  -6.050  -6.039  -6.020  -5.991  -5.946  -5.883  -5.801  -5.694  -5.563  -5.413  -5.243  -5.060  -4.881  -4.700  -4.541  -4.420  -4.327  -4.260  -4.221  -4.198  -4.183  -4.175  -4.170  -4.167  -4.165  -4.164  -4.163  -4.162  -4.162  -4.161  -4.159  -4.157  -4.154  -4.150  -4.145  -4.137  -4.128  -4.115  -4.100  -4.081
   3.280  -5.944  -5.965  -5.983  -5.999  -6.013  -6.019  -6.019  -6.018  -6.016  -6.001  -5.972  -5.932  -5.877  -5.798  -5.697  -5.575  -5.429  -5.266  -5.093  -4.906  -4.729  -4.571  -4.430  -4.326  -4.255  -4.208  -4.179  -4.164  -4.153  -4.147  -4.143  -4.140  -4.139  -4.137  -4.136  -4.135  -4.133  -4.130  -4.127  -4.123  -4.117  -4.110  -4.101  -4.089  -4.074  -4.055
   3.290  -5.870  -5.893  -5.915  -5.935  -5.954  -5.969  -5.981  -5.989  -5.989  -5.984  -5.973  -5.953  -5.917  -5.863  -5.790  -5.697  -5.578  -5.439  -5.284  -5.109  -4.932  -4.753  -4.581  -4.443  -4.335  -4.253  -4.200  -4.168  -4.145  -4.133  -4.125  -4.120  -4.117  -4.115  -4.112  -4.110  -4.108  -4.105  -4.101  -4.096  -4.091  -4.084  -4.075  -4.063  -4.048  -4.030
   3.300  -5.796  -5.820  -5.843  -5.865  -5.887  -5.907  -5.926  -5.941  -5.949  -5.954  -5.955  -5.948  -5.928  -5.895  -5.848  -5.780  -5.689  -5.576  -5.444  -5.291  -5.126  -4.949  -4.767  -4.606  -4.458  -4.337  -4.252  -4.193  -4.151  -4.129  -4.115  -4.105  -4.100  -4.095  -4.091  -4.087  -4.083  -4.079  -4.075  -4.070  -4.064  -4.057  -4.048  -4.036  -4.022  -4.004
   3.310  -5.726  -5.748  -5.771  -5.793  -5.816  -5.838  -5.859  -5.879  -5.896  -5.912  -5.919  -5.918  -5.913  -5.904  -5.876  -5.828  -5.762  -5.677  -5.570  -5.441  -5.295  -5.132  -4.957  -4.786  -4.612  -4.460  -4.343  -4.251  -4.184  -4.144  -4.116  -4.097  -4.086  -4.076  -4.070  -4.064  -4.059  -4.055  -4.049  -4.044  -4.037  -4.030  -4.021  -4.010  -3.995  -3.978
   3.320  -5.660  -5.680  -5.701  -5.723  -5.746  -5.768  -5.790  -5.812  -5.832  -5.851  -5.867  -5.878  -5.885  -5.884  -5.872  -5.847  -5.806  -5.745  -5.662  -5.556  -5.433  -5.290  -5.132  -4.967  -4.789  -4.622  -4.475  -4.347  -4.248  -4.180  -4.131  -4.098  -4.079  -4.064  -4.054  -4.046  -4.038  -4.030  -4.022  -4.016  -4.008  -3.999  -3.989  -3.976  -3.962  -3.945
   3.330  -5.602  -5.619  -5.637  -5.657  -5.678  -5.699  -5.721  -5.743  -5.765  -5.786  -5.806  -5.825  -5.841  -5.843  -5.842  -5.840  -5.823  -5.781  -5.721  -5.641  -5.541  -5.420  -5.281  -5.129  -4.961  -4.793  -4.628  -4.471  -4.344  -4.245  -4.169  -4.117  -4.085  -4.059  -4.042  -4.029  -4.017  -4.006  -3.996  -3.986  -3.976  -3.965  -3.953  -3.939  -3.923  -3.905
   3.340  -5.552  -5.565  -5.580  -5.596  -5.615  -5.634  -5.654  -5.675  -5.697  -5.719  -5.740  -5.760  -5.779  -5.794  -5.805  -5.810  -5.804  -5.786  -5.753  -5.697  -5.619  -5.520  -5.401  -5.267  -5.115  -4.956  -4.788  -4.618  -4.472  -4.343  -4.237  -4.160  -4.105  -4.063  -4.036  -4.016  -3.998  -3.984  -3.970  -3.956  -3.942  -3.928  -3.913  -3.897  -3.878  -3.859
   3.350  -5.509  -5.519  -5.531  -5.544  -5.559  -5.575  -5.593  -5.612  -5.632  -5.653  -5.674  -5.695  -5.716  -5.735  -5.755  -5.764  -5.764  -5.763  -5.757  -5.724  -5.668  -5.592  -5.495  -5.380  -5.246  -5.100  -4.940  -4.772  -4.614  -4.462  -4.329  -4.225  -4.142  -4.080  -4.040  -4.009  -3.983  -3.963  -3.943  -3.925  -3.907  -3.889  -3.870  -3.850  -3.828  -3.806
   3.360  -5.474  -5.480  -5.488  -5.498  -5.510  -5.523  -5.538  -5.553  -5.571  -5.590  -5.610  -5.630  -5.651  -5.671  -5.690  -5.707  -5.720  -5.729  -5.728  -5.714  -5.686  -5.636  -5.562  -5.468  -5.353  -5.222  -5.076  -4.918  -4.758  -4.592  -4.440  -4.312  -4.204  -4.119  -4.057  -4.009  -3.971  -3.943  -3.917  -3.894  -3.871  -3.848  -3.824  -3.799  -3.774  -3.747
   3.370  -5.447  -5.449  -5.453  -5.459  -5.467  -5.477  -5.488  -5.501  -5.516  -5.532  -5.550  -5.568  -5.587  -5.607  -5.627  -5.646  -5.665  -5.680  -5.682  -5.679  -5.675  -5.652  -5.601  -5.529  -5.434  -5.321  -5.191  -5.047  -4.893  -4.726  -4.566  -4.419  -4.284  -4.175  -4.088  -4.019  -3.966  -3.927  -3.892  -3.862  -3.834  -3.805  -3.777  -3.747  -3.717  -3.686
   3.380  -5.425  -5.425  -5.426  -5.428  -5.433  -5.439  -5.447  -5.456  -5.467  -5.480  -5.495  -5.511  -5.528  -5.546  -5.565  -5.584  -5.602  -5.619  -5.631  -5.639  -5.642  -5.633  -5.606  -5.559  -5.489  -5.398  -5.287  -5.156  -5.013  -4.854  -4.693  -4.533  -4.377  -4.245  -4.134  -4.041  -3.970  -3.917  -3.869  -3.831  -3.796  -3.761  -3.728  -3.694  -3.659  -3.623
   3.390  -5.407  -5.406  -5.405  -5.405  -5.406  -5.408  -5.412  -5.417  -5.425  -5.435  -5.446  -5.459  -5.473  -5.489  -5.506  -5.524  -5.542  -5.559  -5.574  -5.588  -5.594  -5.591  -5.581  -5.561  -5.514  -5.445  -5.355  -5.243  -5.116  -4.969  -4.814  -4.648  -4.480  -4.331  -4.196  -4.080  -3.987  -3.913  -3.850  -3.801  -3.757  -3.716  -3.678  -3.639  -3.599  -3.559
   3.400  -5.393  -5.390  -5.387  -5.385  -5.384  -5.384  -5.385  -5.387  -5.390  -5.396  -5.404  -5.414  -5.425  -5.438  -5.452  -5.467  -5.483  -5.499  -5.515  -5.531  -5.539  -5.539  -5.539  -5.535  -5.509  -5.460  -5.392  -5.303  -5.194  -5.066  -4.922  -4.760  -4.589  -4.427  -4.270  -4.130  -4.014  -3.917  -3.836  -3.774  -3.720  -3.671  -3.628  -3.584  -3.539  -3.495
   3.410  -5.380  -5.376  -5.373  -5.369  -5.366  -5.364  -5.363  -5.363  -5.363  -5.365  -5.369  -5.374  -5.382  -5.391  -5.402  -5.415  -5.428  -5.442  -5.456  -5.470  -5.481  -5.488  -5.492  -5.490  -5.475  -5.445  -5.398  -5.331  -5.244  -5.137  -5.010  -4.860  -4.693  -4.526  -4.352  -4.191  -4.054  -3.935  -3.835  -3.756  -3.688  -3.629  -3.578  -3.528  -3.479  -3.432
   3.420  -5.367  -5.363  -5.360  -5.356  -5.352  -5.349  -5.346  -5.343  -5.342  -5.341  -5.341  -5.343  -5.346  -5.352  -5.359  -5.368  -5.378  -5.389  -5.401  -5.413  -5.424  -5.432  -5.436  -5.436  -5.427  -5.409  -5.378  -5.329  -5.261  -5.175  -5.069  -4.937  -4.786  -4.622  -4.441  -4.267  -4.110  -3.966  -3.844  -3.745  -3.660  -3.589  -3.530  -3.472  -3.418  -3.368
   3.430  -5.349  -5.348  -5.346  -5.344  -5.340  -5.336  -5.332  -5.328  -5.324  -5.321  -5.319  -5.319  -5.319  -5.319  -5.323  -5.328  -5.335  -5.343  -5.351  -5.360  -5.368  -5.375  -5.379  -5.379  -5.372  -5.359  -5.336  -5.299  -5.247  -5.180  -5.094  -4.985  -4.854  -4.702  -4.525  -4.346  -4.173  -4.007  -3.864  -3.744  -3.641  -3.556  -3.486  -3.420  -3.360  -3.306
   3.440  -5.320  -5.324  -5.327  -5.327  -5.325  -5.322  -5.318  -5.314  -5.310  -5.306  -5.302  -5.298  -5.295  -5.295  -5.295  -5.295  -5.297  -5.302  -5.306  -5.312  -5.317  -5.320  -5.323  -5.322  -5.316  -5.303  -5.283  -5.253  -5.211  -5.158  -5.088  -4.999  -4.890  -4.756  -4.593  -4.421  -4.240  -4.058  -3.898  -3.758  -3.635  -3.534  -3.450  -3.373  -3.304  -3.244
   3.450  -5.268  -5.282  -5.292  -5.299  -5.303  -5.304  -5.303  -5.300  -5.296  -5.292  -5.287  -5.283  -5.279  -5.275  -5.271  -5.269  -5.268  -5.268  -5.268  -5.270  -5.271  -5.271  -5.270  -5.267  -5.259  -5.244  -5.223  -5.196  -5.158  -5.113  -5.054  -4.981  -4.891  -4.776  -4.634  -4.477  -4.301  -4.114  -3.943  -3.782  -3.639  -3.520  -3.419  -3.329  -3.251  -3.186
   3.460  -5.186  -5.213  -5.235  -5.252  -5.265  -5.273  -5.277  -5.280  -5.280  -5.277  -5.274  -5.270  -5.265  -5.259  -5.254  -5.249  -5.245  -5.242  -5.239  -5.236  -5.233  -5.229  -5.224  -5.215  -5.204  -5.187  -5.164  -5.135  -5.098  -5.054  -5.000  -4.936  -4.859  -4.760  -4.640  -4.502  -4.338  -4.159  -3.985  -3.811  -3.651  -3.516  -3.398  -3.295  -3.206  -3.131
   3.470  -5.079  -5.116  -5.149  -5.178  -5.202  -5.221  -5.236  -5.247  -5.252  -5.254  -5.255  -5.253  -5.249  -5.245  -5.239  -5.233  -5.227  -5.220  -5.214  -5.208  -5.201  -5.193  -5.183  -5.170  -5.155  -5.134  -5.107  -5.074  -5.035  -4.990  -4.936  -4.874  -4.802  -4.714  -4.611  -4.490  -4.344  -4.182  -4.014  -3.836  -3.668  -3.519  -3.384  -3.266  -3.164  -3.079
   3.480  -4.950  -4.996  -5.038  -5.077  -5.111  -5.142  -5.168  -5.190  -5.207  -5.220  -5.226  -5.228  -5.229  -5.228  -5.225  -5.219  -5.212  -5.204  -5.196  -5.186  -5.175  -5.163  -5.149  -5.132  -5.112  -5.086  -5.054  -5.017  -4.973  -4.923  -4.866  -4.802  -4.730  -4.647  -4.553  -4.444  -4.315  -4.171  -4.015  -3.845  -3.678  -3.521  -3.373  -3.242  -3.128  -3.029
   3.490  -4.807  -4.860  -4.909  -4.956  -4.999  -5.039  -5.075  -5.107  -5.134  -5.157  -5.176  -5.191  -5.200  -5.201  -5.201  -5.201  -5.197  -5.189  -5.179  -5.169  -5.156  -5.141  -5.123  -5.101  -5.075  -5.045  -5.008  -4.966  -4.916  -4.860  -4.797  -4.728  -4.652  -4.568  -4.475  -4.371  -4.254  -4.126  -3.984  -3.828  -3.670  -3.512  -3.357  -3.218  -3.094  -2.984
   3.500  -4.654  -4.712  -4.767  -4.820  -4.871  -4.918  -4.962  -5.003  -5.040  -5.073  -5.102  -5.126  -5.145  -5.160  -5.170  -5.174  -5.173  -5.170  -5.164  -5.153  -5.139  -5.122  -5.101  -5.076  -5.046  -5.011  -4.969  -4.921  -4.865  -4.802  -4.732  -4.656  -4.573  -4.483  -4.387  -4.283  -4.172  -4.052  -3.922  -3.781  -3.635  -3.484  -3.331  -3.190  -3.059  -2.937
   3.525  -4.241  -4.310  -4.377  -4.442  -4.506  -4.566  -4.625  -4.681  -4.734  -4.785  -4.832  -4.875  -4.915  -4.953  -4.986  -5.010  -5.030  -5.047  -5.060  -5.067  -5.067  -5.059  -5.045  -5.024  -4.995  -4.957  -4.911  -4.856  -4.786  -4.706  -4.617  -4.518  -4.411  -4.300  -4.183  -4.063  -3.943  -3.820  -3.695  -3.566  -3.435  -3.299  -3.162  -3.030  -2.901  -2.775
   3.550  -3.805  -3.883  -3.959  -4.033  -4.105  -4.175  -4.243  -4.309  -4.373  -4.435  -4.495  -4.552  -4.608  -4.660  -4.710  -4.756  -4.799  -4.839  -4.873  -4.903  -4.922  -4.931  -4.935  -4.933  -4.913  -4.878  -4.831  -4.771  -4.696  -4.606  -4.504  -4.390  -4.265  -4.135  -3.999  -3.861  -3.723  -3.584  -3.448  -3.315  -3.184  -3.056  -2.931  -2.808  -2.687  -2.569
   3.575  -3.354  -3.439  -3.523  -3.605  -3.685  -3.764  -3.841  -3.916  -3.989  -4.061  -4.130  -4.197  -4.262  -4.325  -4.385  -4.442  -4.496  -4.547  -4.592  -4.633  -4.665  -4.690  -4.709  -4.715  -4.706  -4.686  -4.650  -4.595  -4.528  -4.448  -4.354  -4.247  -4.128  -4.000  -3.863  -3.721  -3.575  -3.425  -3.277  -3.130  -2.985  -2.845  -2.708  -2.574  -2.445  -2.319
   3.600  -2.904  -2.994  -3.083  -3.171  -3.257  -3.342  -3.426  -3.508  -3.588  -3.667  -3.743  -3.817  -3.889  -3.958  -4.025  -4.089  -4.150  -4.207  -4.260  -4.307  -4.348  -4.384  -4.410  -4.414  -4.411  -4.407  -4.385  -4.340  -4.284  -4.215  -4.133  -4.039  -3.933  -3.816  -3.687  -3.550  -3.404  -3.252  -3.098  -2.941  -2.785  -2.632  -2.482  -2.337  -2.198  -2.063
   3.625  -2.471  -2.563  -2.655  -2.745  -2.835  -2.923  -3.011  -3.098  -3.183  -3.267  -3.349  -3.430  -3.508  -3.584  -3.658  -3.729  -3.796  -3.859  -3.915  -3.965  -4.007  -4.042  -4.065  -4.068  -4.062  -4.049  -4.019  -3.971  -3.913  -3.843  -3.763  -3.675  -3.578  -3.473  -3.361  -3.242  -3.117  -2.985  -2.851  -2.713  -2.572  -2.430  -2.286  -2.144  -2.002  -1.861
   3.650  -2.057  -2.150  -2.242  -2.334  -2.425  -2.515  -2.605  -2.695  -2.783  -2.871  -2.957  -3.042  -3.125  -3.206  -3.286  -3.361  -3.432  -3.499  -3.557  -3.609  -3.649  -3.678  -3.694  -3.694  -3.681  -3.654  -3.612  -3.558  -3.494  -3.420  -3.340  -3.255  -3.165  -3.072  -2.976  -2.876  -2.773  -2.666  -2.555  -2.440  -2.320  -2.194  -2.063  -1.928  -1.790  -1.648
   3.675  -1.666  -1.759  -1.852  -1.944  -2.037  -2.129  -2.220  -2.312  -2.402  -2.491  -2.580  -2.667  -2.753  -2.836  -2.918  -2.996  -3.070  -3.139  -3.199  -3.252  -3.291  -3.314  -3.326  -3.325  -3.304  -3.269  -3.221  -3.161  -3.094  -3.018  -2.938  -2.854  -2.766  -2.677  -2.585  -2.491  -2.394  -2.295  -2.193  -2.088  -1.978  -1.864  -1.745  -1.623  -1.497  -1.367
   3.700  -1.313  -1.402  -1.492  -1.582  -1.674  -1.765  -1.856  -1.948  -2.038  -2.127  -2.216  -2.304  -2.391  -2.475  -2.557  -2.636  -2.711  -2.781  -2.842  -2.896  -2.932  -2.950  -2.959  -2.956  -2.929  -2.888  -2.836  -2.773  -2.703  -2.626  -2.545  -2.461  -2.374  -2.285  -2.194  -2.101  -2.006  -1.910  -1.811  -1.711  -1.608  -1.502  -1.394  -1.283  -1.170  -1.055
   3.725  -1.007  -1.085  -1.165  -1.248  -1.335  -1.424  -1.513  -1.602  -1.692  -1.781  -1.869  -1.957  -2.044  -2.129  -2.212  -2.290  -2.365  -2.435  -2.495  -2.548  -2.581  -2.596  -2.603  -2.599  -2.570  -2.526  -2.473  -2.409  -2.339  -2.262  -2.181  -2.098  -2.011  -1.923  -1.832  -1.740  -1.647  -1.551  -1.455  -1.356  -1.256  -1.153  -1.048  -0.942  -0.833  -0.722
   3.750  -0.769  -0.829  -0.894  -0.965  -1.042  -1.121  -1.203  -1.287  -1.371  -1.457  -1.542  -1.627  -1.712  -1.794  -1.875  -1.952  -2.025  -2.092  -2.149  -2.200  -2.230  -2.242  -2.247  -2.244  -2.214  -2.170  -2.118  -2.055  -1.986  -1.910  -1.830  -1.747  -1.662  -1.574  -1.484  -1.393  -1.300  -1.206  -1.110  -1.012  -0.913  -0.811  -0.708  -0.602  -0.495  -0.386
   3.775  -0.628  -0.661  -0.702  -0.750  -0.806  -0.870  -0.935  -1.005  -1.078  -1.154  -1.231  -1.310  -1.389  -1.466  -1.542  -1.615  -1.682  -1.745  -1.798  -1.846  -1.872  -1.881  -1.886  -1.883  -1.853  -1.811  -1.760  -1.700  -1.633  -1.560  -1.482  -1.402  -1.318  -1.233  -1.146  -1.057  -0.966  -0.874  -0.780  -0.685  -0.587  -0.488  -0.386  -0.282  -0.177  -0.070
   3.800  -0.569  -0.579  -0.595  -0.618  -0.647  -0.683  -0.727  -0.777  -0.832  -0.893  -0.956  -1.022  -1.090  -1.156  -1.223  -1.286  -1.345  -1.399  -1.446  -1.487  -1.509  -1.515  -1.518  -1.514  -1.486  -1.446  -1.398  -1.342  -1.279  -1.210  -1.136  -1.059  -0.980  -0.898  -0.814  -0.729  -0.642  -0.552  -0.461  -0.369  -0.274  -0.177  -0.077   0.024   0.127   0.232
   3.825  -0.552  -0.554  -0.557  -0.563  -0.570  -0.581  -0.599  -0.624  -0.653  -0.689  -0.731  -0.774  -0.820  -0.867  -0.917  -0.965  -1.010  -1.051  -1.086  -1.117  -1.133  -1.136  -1.136  -1.129  -1.103  -1.068  -1.025  -0.973  -0.917  -0.854  -0.786  -0.715  -0.641  -0.564  -0.486  -0.405  -0.322  -0.238  -0.151  -0.062   0.029   0.122   0.218   0.317   0.417   0.519
   3.850  -0.547  -0.546  -0.545  -0.543  -0.542  -0.542  -0.542  -0.544  -0.547  -0.554  -0.565  -0.580  -0.599  -0.622  -0.647  -0.673  -0.697  -0.720  -0.739  -0.754  -0.761  -0.759  -0.752  -0.740  -0.716  -0.684  -0.646  -0.600  -0.550  -0.494  -0.434  -0.370  -0.302  -0.232  -0.160  -0.085  -0.008   0.071   0.153   0.237   0.323   0.412   0.504   0.599   0.695   0.795
   3.875  -0.548  -0.546  -0.544  -0.541  -0.537  -0.531  -0.525  -0.516  -0.503  -0.488  -0.472  -0.459  -0.447  -0.439  -0.433  -0.429  -0.423  -0.418  -0.412  -0.407  -0.398  -0.385  -0.370  -0.351  -0.326  -0.296  -0.261  -0.221  -0.177  -0.129  -0.077  -0.020   0.040   0.102   0.167   0.234   0.305   0.378   0.453   0.531   0.612   0.695   0.782   0.872   0.965   1.061
   3.900  -0.548  -0.547  -0.544  -0.540  -0.535  -0.528  -0.519  -0.506  -0.489  -0.466  -0.439  -0.406  -0.368  -0.328  -0.285  -0.243  -0.203  -0.165  -0.130  -0.098  -0.067  -0.038  -0.010   0.020   0.050   0.082   0.116   0.152   0.191   0.233   0.278   0.327   0.379   0.434   0.491   0.551   0.614   0.680   0.749   0.820   0.895   0.973   1.053   1.138   1.226   1.318
   3.925  -0.548  -0.547  -0.545  -0.541  -0.537  -0.530  -0.520  -0.508  -0.490  -0.467  -0.435  -0.393  -0.342  -0.281  -0.209  -0.132  -0.058   0.017   0.085   0.148   0.208   0.263   0.313   0.359   0.399   0.438   0.476   0.512   0.549   0.588   0.628   0.671   0.716   0.763   0.814   0.866   0.922   0.980   1.042   1.106   1.174   1.246   1.320   1.399   1.482   1.568
   3.950  -0.548  -0.547  -0.545  -0.542  -0.538  -0.532  -0.524  -0.512  -0.493  -0.468  -0.434  -0.389  -0.333  -0.265  -0.184  -0.093   0.008   0.116   0.220   0.324   0.420   0.505   0.581   0.648   0.706   0.757   0.803   0.845   0.885   0.924   0.962   1.001   1.041   1.083   1.128   1.174   1.223   1.274   1.329   1.387   1.448   1.513   1.581   1.654   1.731   1.812
   3.975  -0.541  -0.542  -0.542  -0.541  -0.537  -0.532  -0.526  -0.515  -0.498  -0.475  -0.440  -0.396  -0.341  -0.271  -0.187  -0.093   0.020   0.148   0.280   0.421   0.554   0.674   0.780   0.872   0.948   1.021   1.083   1.136   1.185   1.229   1.270   1.310   1.348   1.388   1.428   1.470   1.513   1.559   1.608   1.660   1.715   1.774   1.837   1.903   1.974   2.049
   4.000  -0.528  -0.532  -0.535  -0.535  -0.534  -0.532  -0.527  -0.517  -0.502  -0.481  -0.450  -0.408  -0.353  -0.283  -0.197  -0.095   0.025   0.158   0.300   0.453   0.604   0.750   0.890   1.016   1.127   1.225   1.308   1.379   1.443   1.496   1.545   1.589   1.630   1.670   1.709   1.748   1.789   1.831   1.876   1.923   1.973   2.027   2.084   2.145   2.210   2.279
   4.025  -0.516  -0.519  -0.521  -0.522  -0.523  -0.523  -0.520  -0.513  -0.500  -0.482  -0.456  -0.418  -0.368  -0.299  -0.215  -0.112   0.007   0.141   0.286   0.443   0.600   0.758   0.925   1.083   1.234   1.366   1.473   1.564   1.644   1.714   1.776   1.830   1.877   1.922   1.963   2.003   2.043   2.084   2.126   2.170   2.217   2.267   2.320   2.377   2.438   2.502
   4.050  -0.506  -0.507  -0.508  -0.508  -0.509  -0.509  -0.508  -0.504  -0.497  -0.483  -0.458  -0.424  -0.377  -0.314  -0.235  -0.138  -0.022   0.110   0.256   0.418   0.587   0.761   0.937   1.106   1.270   1.423   1.560   1.684   1.792   1.883   1.962   2.030   2.089   2.142   2.189   2.233   2.276   2.317   2.359   2.402   2.447   2.494   2.545   2.598   2.656   2.717
   4.075  -0.502  -0.502  -0.502  -0.501  -0.501  -0.500  -0.498  -0.493  -0.486  -0.474  -0.452  -0.420  -0.377  -0.321  -0.250  -0.159  -0.049   0.077   0.219   0.379   0.550   0.729   0.909   1.085   1.260   1.421   1.586   1.745   1.886   2.002   2.100   2.185   2.260   2.326   2.382   2.434   2.482   2.527   2.572   2.616   2.661   2.708   2.756   2.808   2.864   2.922
   4.100  -0.500  -0.500  -0.499  -0.497  -0.496  -0.493  -0.489  -0.483  -0.474  -0.462  -0.442  -0.414  -0.376  -0.324  -0.258  -0.175  -0.073   0.046   0.182   0.335   0.500   0.675   0.859   1.044   1.233   1.417   1.595   1.765   1.921   2.063   2.190   2.299   2.393   2.476   2.546   2.608   2.665   2.716   2.765   2.812   2.859   2.907   2.956   3.007   3.062   3.119
   4.125  -0.498  -0.497  -0.496  -0.494  -0.492  -0.489  -0.485  -0.479  -0.469  -0.457  -0.437  -0.409  -0.373  -0.322  -0.258  -0.179  -0.085   0.027   0.155   0.299   0.456   0.627   0.808   0.994   1.186   1.382   1.569   1.750   1.917   2.081   2.240   2.376   2.489   2.591   2.678   2.755   2.823   2.883   2.939   2.991   3.041   3.092   3.142   3.195   3.250   3.307
   4.150  -0.497  -0.496  -0.494  -0.492  -0.489  -0.486  -0.482  -0.476  -0.467  -0.454  -0.434  -0.406  -0.369  -0.320  -0.258  -0.183  -0.092   0.013   0.133   0.269   0.419   0.584   0.760   0.944   1.135   1.329   1.524   1.719   1.906   2.088   2.257   2.411   2.551   2.675   2.782   2.876   2.958   3.028   3.094   3.153   3.209   3.263   3.317   3.372   3.429   3.487
   4.175  -0.498  -0.496  -0.493  -0.490  -0.487  -0.484  -0.479  -0.473  -0.464  -0.451  -0.432  -0.406  -0.371  -0.323  -0.263  -0.190  -0.102   0.002   0.119   0.252   0.398   0.556   0.727   0.905   1.093   1.285   1.482   1.681   1.877   2.070   2.250   2.419   2.588   2.731   2.858   2.971   3.069   3.154   3.231   3.300   3.363   3.424   3.482   3.540   3.600   3.660
   4.200  -0.499  -0.496  -0.493  -0.489  -0.486  -0.482  -0.477  -0.471  -0.461  -0.449  -0.431  -0.407  -0.374  -0.329  -0.271  -0.199  -0.111  -0.009   0.107   0.239   0.382   0.537   0.702   0.876   1.059   1.248   1.443   1.643   1.841   2.041   2.235   2.422   2.601   2.763   2.911   3.044   3.160   3.261   3.352   3.431   3.504   3.572   3.636   3.700   3.763   3.825
   4.225  -0.500  -0.497  -0.493  -0.490  -0.486  -0.481  -0.475  -0.469  -0.459  -0.447  -0.430  -0.406  -0.375  -0.332  -0.277  -0.208  -0.124  -0.025   0.089   0.220   0.363   0.519   0.687   0.860   1.041   1.227   1.418   1.614   1.812   2.015   2.214   2.412   2.599   2.779   2.946   3.098   3.231   3.350   3.456   3.549   3.633   3.710   3.781   3.851   3.918   3.983
   4.250  -0.500  -0.497  -0.494  -0.490  -0.485  -0.480  -0.474  -0.467  -0.457  -0.445  -0.428  -0.405  -0.375  -0.334  -0.282  -0.217  -0.136  -0.041   0.072   0.201   0.345   0.504   0.674   0.849   1.029   1.214   1.404   1.598   1.795   1.997   2.198   2.399   2.598   2.787   2.969   3.137   3.288   3.424   3.546   3.653   3.749   3.836   3.916   3.992   4.065   4.134
   4.275  -0.500  -0.497  -0.494  -0.490  -0.485  -0.479  -0.472  -0.465  -0.454  -0.442  -0.426  -0.404  -0.375  -0.334  -0.286  -0.223  -0.146  -0.053   0.057   0.184   0.327   0.485   0.656   0.833   1.017   1.205   1.398   1.594   1.792   1.992   2.194   2.396   2.599   2.793   2.986   3.167   3.333   3.485   3.622   3.743   3.853   3.951   4.040   4.124   4.202   4.274
   4.300  -0.499  -0.497  -0.494  -0.490  -0.484  -0.478  -0.471  -0.462  -0.451  -0.439  -0.422  -0.400  -0.373  -0.335  -0.287  -0.226  -0.151  -0.062   0.045   0.170   0.311   0.468   0.640   0.819   1.007   1.200   1.395   1.593   1.791   1.991   2.192   2.395   2.599   2.800   3.000   3.191   3.369   3.536   3.687   3.823   3.946   4.056   4.155   4.247   4.332   4.409
   4.325  -0.498  -0.496  -0.493  -0.489  -0.484  -0.477  -0.469  -0.459  -0.447  -0.434  -0.417  -0.395  -0.369  -0.332  -0.285  -0.226  -0.153  -0.067   0.038   0.161   0.300   0.457   0.627   0.807   0.998   1.194   1.393   1.594   1.795   1.998   2.201   2.405   2.610   2.815   3.018   3.215   3.403   3.582   3.746   3.896   4.032   4.151   4.259   4.361   4.457   4.546
   4.350  -0.495  -0.494  -0.491  -0.487  -0.482  -0.475  -0.466  -0.455  -0.442  -0.428  -0.410  -0.389  -0.362  -0.326  -0.281  -0.224  -0.153  -0.068   0.035   0.158   0.296   0.451   0.621   0.801   0.993   1.191   1.393   1.598   1.804   2.010   2.217   2.423   2.629   2.835   3.040   3.241   3.436   3.625   3.800   3.962   4.110   4.240   4.356   4.467   4.574   4.673
   4.375  -0.486  -0.486  -0.485  -0.483  -0.479  -0.473  -0.464  -0.453  -0.439  -0.423  -0.403  -0.381  -0.353  -0.317  -0.273  -0.218  -0.148  -0.064   0.039   0.160   0.298   0.453   0.623   0.803   0.995   1.194   1.396   1.605   1.814   2.023   2.234   2.443   2.653   2.861   3.069   3.273   3.474   3.669   3.851   4.023   4.182   4.323   4.451   4.569   4.676   4.772
   4.400  -0.474  -0.476  -0.477  -0.477  -0.474  -0.469  -0.461  -0.450  -0.435  -0.418  -0.396  -0.372  -0.343  -0.306  -0.262  -0.206  -0.137  -0.054   0.047   0.167   0.303   0.457   0.627   0.808   1.001   1.201   1.406   1.616   1.827   2.040   2.253   2.467   2.680   2.892   3.103   3.310   3.514   3.713   3.902   4.082   4.249   4.402   4.541   4.664   4.772   4.863
   4.425  -0.467  -0.467  -0.467  -0.466  -0.464  -0.459  -0.452  -0.442  -0.428  -0.410  -0.388  -0.362  -0.332  -0.293  -0.248  -0.192  -0.123  -0.041   0.061   0.180   0.315   0.469   0.639   0.820   1.014   1.215   1.421   1.632   1.844   2.059   2.275   2.492   2.709   2.924   3.139   3.350   3.558   3.762   3.956   4.142   4.316   4.479   4.628   4.759   4.871   4.967
   4.450  -0.463  -0.462  -0.460  -0.458  -0.455  -0.450  -0.443  -0.433  -0.420  -0.402  -0.379  -0.351  -0.318  -0.278  -0.232  -0.174  -0.105  -0.022   0.079   0.199   0.335   0.490   0.660   0.841   1.034   1.235   1.441   1.652   1.866   2.083   2.301   2.520   2.740   2.958   3.177   3.392   3.604   3.811   4.009   4.200   4.380   4.549   4.704   4.841   4.958   5.058
   4.475  -0.462  -0.461  -0.459  -0.456  -0.452  -0.446  -0.438  -0.427  -0.412  -0.392  -0.367  -0.337  -0.302  -0.259  -0.211  -0.152  -0.082   0.001   0.103   0.223   0.360   0.515   0.685   0.866   1.060   1.260   1.467   1.679   1.893   2.111   2.330   2.550   2.772   2.993   3.214   3.433   3.649   3.860   4.062   4.256   4.439   4.608   4.764   4.900   5.017   5.115
   4.500  -0.462  -0.461  -0.459  -0.455  -0.451  -0.444  -0.435  -0.422  -0.404  -0.381  -0.353  -0.320  -0.282  -0.237  -0.187  -0.126  -0.054   0.030   0.133   0.253   0.390   0.546   0.717   0.898   1.091   1.291   1.498   1.710   1.925   2.142   2.362   2.583   2.806   3.029   3.252   3.474   3.693   3.908   4.113   4.310   4.493   4.659   4.809   4.940   5.052   5.146

