low temperature opacities from Ferguson, Alexander, et al (2005) with gs98 metals
    form     version        X           Z          logRs    logR_min    logR_max       logTs    logT_min    logT_max
       1          38    0.950000    0.002000          46   -8.000000    1.000000         105    2.700000    4.500000

   logT                       logR = logRho - 3*logT + 18
          -8.000  -7.800  -7.600  -7.400  -7.200  -7.000  -6.800  -6.600  -6.400  -6.200  -6.000  -5.800  -5.600  -5.400  -5.200  -5.000  -4.800  -4.600  -4.400  -4.200  -4.000  -3.800  -3.600  -3.400  -3.200  -3.000  -2.800  -2.600  -2.400  -2.200  -2.000  -1.800  -1.600  -1.400  -1.200  -1.000  -0.800  -0.600  -0.400  -0.200   0.000   0.200   0.400   0.600   0.800   1.000

   2.700  -1.264  -1.264  -1.264  -1.264  -1.264  -1.264  -1.264  -1.264  -1.264  -1.263  -1.262  -1.263  -1.264  -1.264  -1.264  -1.264  -1.264  -1.264  -1.264  -1.264  -1.264  -1.264  -1.264  -1.264  -1.263  -1.263  -1.263  -1.263  -1.263  -1.260  -1.259  -1.260  -1.264  -1.270  -1.277  -1.283  -1.285  -1.286  -1.287  -1.288  -1.288  -1.288  -1.287  -1.286  -1.284  -1.281
   2.750  -1.288  -1.288  -1.288  -1.288  -1.288  -1.288  -1.288  -1.288  -1.288  -1.288  -1.288  -1.288  -1.288  -1.288  -1.288  -1.288  -1.288  -1.288  -1.288  -1.288  -1.288  -1.288  -1.288  -1.288  -1.288  -1.288  -1.288  -1.288  -1.288  -1.288  -1.288  -1.288  -1.289  -1.290  -1.294  -1.296  -1.296  -1.296  -1.296  -1.296  -1.295  -1.294  -1.293  -1.291  -1.288  -1.285
   2.800  -1.334  -1.334  -1.334  -1.334  -1.334  -1.334  -1.334  -1.334  -1.334  -1.334  -1.334  -1.334  -1.334  -1.334  -1.334  -1.334  -1.334  -1.334  -1.334  -1.334  -1.334  -1.334  -1.334  -1.334  -1.334  -1.334  -1.334  -1.334  -1.334  -1.334  -1.334  -1.333  -1.332  -1.329  -1.325  -1.321  -1.318  -1.316  -1.314  -1.311  -1.309  -1.307  -1.305  -1.302  -1.299  -1.295
   2.850  -1.373  -1.372  -1.370  -1.370  -1.369  -1.369  -1.369  -1.369  -1.369  -1.369  -1.369  -1.369  -1.369  -1.369  -1.369  -1.369  -1.369  -1.369  -1.369  -1.369  -1.369  -1.369  -1.369  -1.369  -1.369  -1.369  -1.369  -1.369  -1.369  -1.370  -1.370  -1.366  -1.358  -1.352  -1.347  -1.343  -1.339  -1.335  -1.332  -1.329  -1.326  -1.323  -1.319  -1.316  -1.312  -1.308
   2.900  -1.476  -1.450  -1.429  -1.410  -1.396  -1.385  -1.378  -1.373  -1.369  -1.367  -1.366  -1.365  -1.364  -1.364  -1.363  -1.363  -1.363  -1.363  -1.363  -1.362  -1.361  -1.360  -1.360  -1.360  -1.360  -1.360  -1.360  -1.360  -1.360  -1.360  -1.360  -1.361  -1.362  -1.361  -1.358  -1.354  -1.351  -1.348  -1.345  -1.342  -1.339  -1.335  -1.332  -1.328  -1.325  -1.321
   2.910  -1.552  -1.522  -1.493  -1.467  -1.443  -1.422  -1.405  -1.391  -1.380  -1.373  -1.368  -1.365  -1.363  -1.361  -1.360  -1.360  -1.360  -1.360  -1.360  -1.359  -1.359  -1.359  -1.359  -1.359  -1.357  -1.356  -1.356  -1.356  -1.356  -1.356  -1.356  -1.356  -1.356  -1.356  -1.356  -1.355  -1.354  -1.352  -1.351  -1.348  -1.346  -1.343  -1.340  -1.337  -1.334  -1.330
   2.920  -1.577  -1.577  -1.576  -1.568  -1.526  -1.482  -1.455  -1.434  -1.414  -1.397  -1.383  -1.374  -1.368  -1.363  -1.360  -1.358  -1.357  -1.356  -1.356  -1.355  -1.355  -1.355  -1.355  -1.355  -1.355  -1.355  -1.354  -1.352  -1.352  -1.352  -1.352  -1.352  -1.352  -1.352  -1.352  -1.351  -1.351  -1.351  -1.350  -1.349  -1.347  -1.346  -1.344  -1.341  -1.339  -1.336
   2.930  -1.577  -1.575  -1.574  -1.573  -1.572  -1.571  -1.545  -1.499  -1.466  -1.444  -1.424  -1.404  -1.387  -1.374  -1.367  -1.361  -1.357  -1.354  -1.352  -1.352  -1.351  -1.350  -1.350  -1.350  -1.350  -1.350  -1.350  -1.350  -1.350  -1.348  -1.347  -1.347  -1.347  -1.347  -1.346  -1.346  -1.346  -1.346  -1.346  -1.346  -1.345  -1.344  -1.343  -1.341  -1.339  -1.337
   2.940  -1.592  -1.583  -1.577  -1.572  -1.570  -1.568  -1.567  -1.567  -1.559  -1.520  -1.479  -1.453  -1.431  -1.411  -1.392  -1.377  -1.366  -1.359  -1.353  -1.350  -1.348  -1.346  -1.345  -1.345  -1.344  -1.344  -1.344  -1.344  -1.344  -1.344  -1.344  -1.343  -1.342  -1.341  -1.341  -1.341  -1.341  -1.341  -1.341  -1.340  -1.340  -1.339  -1.339  -1.338  -1.337  -1.335
   2.950  -1.692  -1.647  -1.612  -1.591  -1.580  -1.573  -1.568  -1.565  -1.563  -1.562  -1.560  -1.536  -1.493  -1.461  -1.437  -1.416  -1.396  -1.378  -1.365  -1.356  -1.349  -1.344  -1.342  -1.340  -1.340  -1.339  -1.339  -1.338  -1.338  -1.337  -1.337  -1.337  -1.336  -1.336  -1.336  -1.335  -1.335  -1.335  -1.335  -1.334  -1.334  -1.334  -1.333  -1.333  -1.332  -1.331
   2.960  -2.170  -1.975  -1.822  -1.712  -1.649  -1.612  -1.590  -1.578  -1.568  -1.563  -1.559  -1.557  -1.555  -1.546  -1.508  -1.469  -1.443  -1.421  -1.400  -1.380  -1.364  -1.353  -1.346  -1.340  -1.336  -1.334  -1.333  -1.332  -1.332  -1.331  -1.331  -1.331  -1.330  -1.330  -1.329  -1.329  -1.329  -1.329  -1.328  -1.328  -1.328  -1.327  -1.327  -1.326  -1.326  -1.325
   2.970  -2.636  -2.632  -2.621  -2.540  -2.175  -1.850  -1.726  -1.662  -1.616  -1.590  -1.574  -1.562  -1.557  -1.552  -1.550  -1.547  -1.521  -1.477  -1.445  -1.422  -1.401  -1.381  -1.363  -1.350  -1.341  -1.335  -1.331  -1.328  -1.326  -1.325  -1.324  -1.323  -1.323  -1.323  -1.323  -1.322  -1.322  -1.322  -1.321  -1.321  -1.321  -1.320  -1.320  -1.319  -1.319  -1.318
   2.980  -2.658  -2.652  -2.644  -2.635  -2.626  -2.610  -2.415  -2.078  -1.867  -1.747  -1.666  -1.613  -1.585  -1.566  -1.556  -1.549  -1.545  -1.543  -1.531  -1.492  -1.452  -1.424  -1.401  -1.380  -1.362  -1.347  -1.336  -1.329  -1.323  -1.320  -1.318  -1.317  -1.316  -1.316  -1.315  -1.315  -1.315  -1.314  -1.314  -1.313  -1.313  -1.313  -1.312  -1.312  -1.311  -1.311
   2.990  -2.622  -2.624  -2.631  -2.645  -2.674  -2.691  -2.677  -2.635  -2.547  -2.349  -2.136  -1.943  -1.766  -1.660  -1.606  -1.577  -1.559  -1.549  -1.542  -1.538  -1.532  -1.502  -1.456  -1.423  -1.399  -1.378  -1.359  -1.343  -1.330  -1.322  -1.316  -1.313  -1.311  -1.310  -1.309  -1.308  -1.307  -1.307  -1.306  -1.306  -1.305  -1.305  -1.304  -1.304  -1.303  -1.303
   3.000  -2.698  -2.654  -2.622  -2.605  -2.596  -2.593  -2.624  -2.671  -2.669  -2.614  -2.578  -2.584  -2.594  -2.517  -2.086  -1.741  -1.652  -1.607  -1.571  -1.551  -1.539  -1.532  -1.528  -1.512  -1.468  -1.424  -1.396  -1.374  -1.354  -1.337  -1.323  -1.315  -1.311  -1.307  -1.305  -1.303  -1.301  -1.300  -1.299  -1.298  -1.297  -1.296  -1.296  -1.295  -1.295  -1.294
   3.010  -2.965  -2.890  -2.816  -2.741  -2.660  -2.607  -2.587  -2.576  -2.577  -2.585  -2.591  -2.586  -2.578  -2.578  -2.582  -2.585  -2.345  -1.928  -1.725  -1.641  -1.592  -1.558  -1.541  -1.529  -1.524  -1.516  -1.481  -1.430  -1.393  -1.367  -1.347  -1.332  -1.321  -1.312  -1.307  -1.303  -1.299  -1.296  -1.293  -1.292  -1.290  -1.289  -1.288  -1.287  -1.286  -1.285
   3.020  -2.794  -2.825  -2.842  -2.842  -2.829  -2.801  -2.730  -2.637  -2.589  -2.566  -2.558  -2.579  -2.612  -2.615  -2.599  -2.578  -2.562  -2.541  -2.452  -2.136  -1.841  -1.703  -1.627  -1.574  -1.544  -1.527  -1.518  -1.512  -1.491  -1.439  -1.390  -1.363  -1.345  -1.329  -1.318  -1.310  -1.303  -1.297  -1.292  -1.288  -1.285  -1.283  -1.281  -1.279  -1.278  -1.276
   3.030  -2.806  -2.783  -2.771  -2.770  -2.777  -2.791  -2.855  -2.939  -2.925  -2.758  -2.617  -2.568  -2.544  -2.544  -2.559  -2.569  -2.567  -2.561  -2.551  -2.538  -2.513  -2.323  -2.005  -1.803  -1.685  -1.606  -1.559  -1.534  -1.501  -1.465  -1.432  -1.404  -1.381  -1.361  -1.344  -1.330  -1.317  -1.307  -1.298  -1.291  -1.285  -1.280  -1.277  -1.273  -1.271  -1.268
   3.040  -2.811  -2.802  -2.792  -2.778  -2.760  -2.750  -2.750  -2.751  -2.762  -2.820  -2.857  -2.800  -2.692  -2.615  -2.554  -2.526  -2.525  -2.524  -2.526  -2.538  -2.545  -2.536  -2.509  -2.434  -2.203  -1.967  -1.795  -1.655  -1.578  -1.544  -1.516  -1.480  -1.444  -1.414  -1.389  -1.367  -1.348  -1.331  -1.317  -1.304  -1.293  -1.284  -1.278  -1.272  -1.267  -1.263
   3.050  -2.806  -2.799  -2.791  -2.783  -2.775  -2.767  -2.757  -2.747  -2.734  -2.717  -2.709  -2.740  -2.787  -2.785  -2.723  -2.651  -2.587  -2.529  -2.500  -2.486  -2.481  -2.488  -2.500  -2.500  -2.488  -2.463  -2.324  -2.086  -1.895  -1.723  -1.603  -1.550  -1.522  -1.491  -1.462  -1.435  -1.407  -1.380  -1.356  -1.333  -1.314  -1.300  -1.290  -1.279  -1.270  -1.261
   3.060  -2.907  -2.857  -2.818  -2.791  -2.776  -2.766  -2.760  -2.757  -2.749  -2.736  -2.722  -2.703  -2.685  -2.686  -2.707  -2.721  -2.707  -2.671  -2.621  -2.550  -2.495  -2.470  -2.458  -2.457  -2.464  -2.468  -2.464  -2.453  -2.398  -2.169  -1.943  -1.821  -1.734  -1.659  -1.602  -1.553  -1.506  -1.465  -1.426  -1.390  -1.359  -1.336  -1.318  -1.300  -1.283  -1.268
   3.070  -3.644  -3.326  -3.085  -2.937  -2.863  -2.816  -2.779  -2.759  -2.743  -2.735  -2.728  -2.718  -2.707  -2.691  -2.669  -2.657  -2.661  -2.668  -2.668  -2.661  -2.648  -2.604  -2.537  -2.488  -2.448  -2.431  -2.432  -2.434  -2.433  -2.428  -2.418  -2.295  -2.075  -1.924  -1.819  -1.732  -1.657  -1.595  -1.536  -1.481  -1.434  -1.399  -1.370  -1.342  -1.315  -1.289
   3.080  -3.563  -3.564  -3.565  -3.567  -3.569  -3.570  -3.337  -2.953  -2.815  -2.772  -2.744  -2.723  -2.711  -2.699  -2.687  -2.676  -2.662  -2.648  -2.639  -2.635  -2.633  -2.634  -2.635  -2.623  -2.554  -2.485  -2.440  -2.410  -2.405  -2.408  -2.409  -2.374  -2.292  -2.193  -2.067  -1.947  -1.851  -1.766  -1.687  -1.612  -1.547  -1.495  -1.453  -1.411  -1.370  -1.331
   3.090  -3.488  -3.489  -3.490  -3.491  -3.492  -3.493  -3.494  -3.496  -3.454  -3.212  -2.975  -2.854  -2.776  -2.728  -2.704  -2.687  -2.672  -2.660  -2.647  -2.633  -2.620  -2.607  -2.598  -2.603  -2.641  -2.666  -2.602  -2.488  -2.422  -2.391  -2.377  -2.373  -2.371  -2.349  -2.252  -2.140  -2.047  -1.952  -1.861  -1.772  -1.691  -1.625  -1.568  -1.511  -1.455  -1.400
   3.100  -3.418  -3.418  -3.418  -3.418  -3.419  -3.420  -3.421  -3.422  -3.423  -3.424  -3.425  -3.343  -3.177  -3.030  -2.879  -2.766  -2.714  -2.686  -2.662  -2.646  -2.632  -2.614  -2.597  -2.581  -2.566  -2.559  -2.582  -2.616  -2.603  -2.497  -2.411  -2.393  -2.382  -2.358  -2.323  -2.273  -2.202  -2.117  -2.031  -1.938  -1.851  -1.776  -1.708  -1.638  -1.568  -1.499
   3.110  -3.353  -3.351  -3.350  -3.350  -3.350  -3.351  -3.352  -3.353  -3.354  -3.355  -3.355  -3.356  -3.357  -3.357  -3.358  -3.359  -3.203  -2.924  -2.773  -2.707  -2.667  -2.640  -2.625  -2.607  -2.585  -2.567  -2.551  -2.540  -2.543  -2.567  -2.582  -2.537  -2.455  -2.403  -2.376  -2.344  -2.296  -2.238  -2.169  -2.086  -2.004  -1.930  -1.857  -1.781  -1.702  -1.622
   3.120  -3.306  -3.297  -3.290  -3.288  -3.287  -3.287  -3.287  -3.288  -3.288  -3.289  -3.290  -3.291  -3.292  -3.292  -3.293  -3.293  -3.293  -3.294  -3.269  -3.122  -2.959  -2.825  -2.706  -2.644  -2.617  -2.597  -2.574  -2.553  -2.535  -2.520  -2.505  -2.491  -2.475  -2.452  -2.423  -2.389  -2.356  -2.317  -2.266  -2.200  -2.132  -2.066  -1.998  -1.924  -1.845  -1.760
   3.130  -3.302  -3.271  -3.248  -3.236  -3.230  -3.228  -3.227  -3.227  -3.227  -3.228  -3.229  -3.229  -3.230  -3.230  -3.231  -3.231  -3.231  -3.232  -3.232  -3.232  -3.231  -3.169  -3.040  -2.919  -2.786  -2.679  -2.624  -2.595  -2.566  -2.540  -2.521  -2.512  -2.506  -2.489  -2.459  -2.428  -2.401  -2.373  -2.333  -2.283  -2.229  -2.176  -2.120  -2.054  -1.980  -1.898
   3.140  -3.394  -3.309  -3.245  -3.209  -3.191  -3.181  -3.175  -3.172  -3.171  -3.170  -3.170  -3.170  -3.171  -3.171  -3.172  -3.173  -3.173  -3.173  -3.173  -3.173  -3.173  -3.173  -3.172  -3.172  -3.172  -3.171  -3.038  -2.799  -2.665  -2.607  -2.569  -2.538  -2.518  -2.503  -2.496  -2.483  -2.459  -2.428  -2.391  -2.348  -2.303  -2.262  -2.218  -2.164  -2.098  -2.024
   3.150  -3.668  -3.482  -3.338  -3.238  -3.184  -3.155  -3.137  -3.127  -3.122  -3.118  -3.117  -3.116  -3.116  -3.116  -3.117  -3.117  -3.117  -3.118  -3.118  -3.118  -3.118  -3.118  -3.117  -3.117  -3.116  -3.116  -3.116  -3.115  -3.075  -2.865  -2.723  -2.716  -2.712  -2.693  -2.629  -2.565  -2.527  -2.496  -2.457  -2.413  -2.371  -2.336  -2.301  -2.254  -2.198  -2.132
   3.160  -4.072  -3.795  -3.568  -3.391  -3.267  -3.182  -3.130  -3.103  -3.086  -3.077  -3.072  -3.068  -3.066  -3.066  -3.065  -3.065  -3.065  -3.066  -3.066  -3.066  -3.066  -3.066  -3.066  -3.066  -3.065  -3.065  -3.065  -3.064  -3.064  -3.064  -3.063  -3.016  -2.923  -2.841  -2.759  -2.687  -2.633  -2.588  -2.541  -2.492  -2.447  -2.411  -2.378  -2.335  -2.283  -2.225
   3.170  -4.507  -4.214  -3.949  -3.708  -3.491  -3.316  -3.198  -3.124  -3.077  -3.052  -3.038  -3.029  -3.025  -3.022  -3.020  -3.019  -3.018  -3.018  -3.018  -3.017  -3.017  -3.017  -3.017  -3.017  -3.017  -3.017  -3.017  -3.017  -3.017  -3.016  -3.016  -3.016  -3.016  -3.000  -2.907  -2.809  -2.746  -2.693  -2.638  -2.584  -2.534  -2.494  -2.457  -2.414  -2.364  -2.310
   3.180  -4.898  -4.636  -4.374  -4.108  -3.833  -3.589  -3.395  -3.240  -3.129  -3.066  -3.029  -3.005  -2.992  -2.984  -2.980  -2.977  -2.975  -2.974  -2.974  -2.973  -2.973  -2.973  -2.973  -2.973  -2.973  -2.973  -2.973  -2.972  -2.972  -2.972  -2.972  -2.972  -2.972  -2.968  -2.937  -2.894  -2.844  -2.788  -2.733  -2.678  -2.627  -2.582  -2.540  -2.495  -2.446  -2.394
   3.190  -5.208  -4.997  -4.768  -4.517  -4.239  -3.969  -3.715  -3.480  -3.298  -3.164  -3.068  -3.010  -2.980  -2.960  -2.949  -2.943  -2.938  -2.936  -2.934  -2.933  -2.932  -2.931  -2.931  -2.931  -2.931  -2.931  -2.931  -2.931  -2.931  -2.931  -2.931  -2.931  -2.931  -2.931  -2.925  -2.914  -2.888  -2.847  -2.804  -2.757  -2.709  -2.665  -2.621  -2.575  -2.528  -2.480
   3.200  -5.428  -5.273  -5.090  -4.876  -4.629  -4.369  -4.096  -3.823  -3.584  -3.372  -3.202  -3.086  -3.012  -2.962  -2.935  -2.919  -2.908  -2.902  -2.898  -2.896  -2.895  -2.894  -2.893  -2.893  -2.893  -2.893  -2.893  -2.893  -2.893  -2.892  -2.892  -2.892  -2.893  -2.893  -2.894  -2.894  -2.886  -2.866  -2.839  -2.806  -2.769  -2.731  -2.690  -2.648  -2.606  -2.561
   3.210  -5.572  -5.466  -5.330  -5.161  -4.960  -4.734  -4.479  -4.208  -3.945  -3.683  -3.452  -3.267  -3.119  -3.013  -2.952  -2.915  -2.891  -2.879  -2.870  -2.865  -2.862  -2.860  -2.858  -2.858  -2.857  -2.857  -2.857  -2.857  -2.857  -2.857  -2.857  -2.857  -2.857  -2.857  -2.858  -2.858  -2.856  -2.851  -2.842  -2.823  -2.799  -2.770  -2.738  -2.705  -2.669  -2.632
   3.220  -5.662  -5.592  -5.494  -5.369  -5.216  -5.034  -4.817  -4.574  -4.319  -4.044  -3.782  -3.541  -3.324  -3.157  -3.039  -2.954  -2.900  -2.873  -2.853  -2.842  -2.835  -2.830  -2.828  -2.826  -2.825  -2.824  -2.823  -2.823  -2.823  -2.823  -2.823  -2.823  -2.823  -2.824  -2.824  -2.824  -2.824  -2.824  -2.822  -2.814  -2.801  -2.784  -2.762  -2.738  -2.712  -2.683
   3.230  -5.718  -5.672  -5.603  -5.512  -5.401  -5.261  -5.089  -4.888  -4.662  -4.404  -4.142  -3.878  -3.620  -3.400  -3.211  -3.061  -2.960  -2.896  -2.853  -2.830  -2.816  -2.806  -2.801  -2.797  -2.795  -2.794  -2.793  -2.792  -2.792  -2.791  -2.791  -2.791  -2.792  -2.792  -2.792  -2.792  -2.793  -2.793  -2.793  -2.790  -2.786  -2.777  -2.765  -2.750  -2.733  -2.712
   3.240  -5.748  -5.719  -5.672  -5.608  -5.529  -5.425  -5.294  -5.137  -4.948  -4.727  -4.487  -4.227  -3.958  -3.706  -3.463  -3.255  -3.097  -2.979  -2.893  -2.844  -2.813  -2.792  -2.781  -2.773  -2.769  -2.766  -2.764  -2.763  -2.762  -2.761  -2.761  -2.761  -2.761  -2.761  -2.762  -2.762  -2.762  -2.762  -2.762  -2.762  -2.761  -2.758  -2.752  -2.743  -2.733  -2.721
   3.250  -5.751  -5.738  -5.710  -5.669  -5.615  -5.540  -5.442  -5.321  -5.171  -4.992  -4.788  -4.552  -4.296  -4.039  -3.775  -3.531  -3.318  -3.135  -2.996  -2.902  -2.836  -2.795  -2.773  -2.758  -2.749  -2.743  -2.739  -2.737  -2.735  -2.734  -2.733  -2.733  -2.733  -2.733  -2.733  -2.733  -2.733  -2.733  -2.733  -2.733  -2.733  -2.732  -2.729  -2.725  -2.720  -2.713
   3.260  -5.722  -5.720  -5.712  -5.698  -5.666  -5.615  -5.546  -5.457  -5.341  -5.200  -5.032  -4.831  -4.605  -4.363  -4.100  -3.841  -3.593  -3.360  -3.171  -3.022  -2.908  -2.833  -2.788  -2.755  -2.737  -2.726  -2.718  -2.714  -2.710  -2.708  -2.707  -2.706  -2.706  -2.706  -2.705  -2.705  -2.705  -2.706  -2.706  -2.705  -2.705  -2.705  -2.704  -2.702  -2.699  -2.695
   3.270  -5.666  -5.681  -5.688  -5.687  -5.675  -5.651  -5.611  -5.551  -5.466  -5.357  -5.223  -5.060  -4.871  -4.655  -4.409  -4.156  -3.898  -3.643  -3.416  -3.212  -3.044  -2.922  -2.836  -2.773  -2.739  -2.718  -2.703  -2.695  -2.689  -2.685  -2.683  -2.681  -2.681  -2.680  -2.679  -2.679  -2.679  -2.679  -2.679  -2.679  -2.678  -2.678  -2.677  -2.676  -2.674  -2.672
   3.280  -5.590  -5.616  -5.635  -5.643  -5.647  -5.648  -5.636  -5.601  -5.545  -5.469  -5.368  -5.239  -5.084  -4.900  -4.686  -4.454  -4.203  -3.942  -3.695  -3.454  -3.242  -3.071  -2.933  -2.832  -2.770  -2.728  -2.699  -2.684  -2.673  -2.666  -2.662  -2.659  -2.657  -2.656  -2.655  -2.654  -2.654  -2.654  -2.653  -2.653  -2.652  -2.652  -2.651  -2.650  -2.649  -2.647
   3.290  -5.506  -5.535  -5.560  -5.582  -5.602  -5.611  -5.608  -5.601  -5.584  -5.540  -5.469  -5.373  -5.251  -5.101  -4.922  -4.719  -4.487  -4.236  -3.985  -3.729  -3.490  -3.278  -3.092  -2.946  -2.841  -2.764  -2.713  -2.684  -2.663  -2.651  -2.644  -2.639  -2.636  -2.633  -2.632  -2.631  -2.630  -2.629  -2.628  -2.628  -2.627  -2.626  -2.626  -2.624  -2.623  -2.621
   3.300  -5.421  -5.451  -5.479  -5.505  -5.530  -5.550  -5.565  -5.574  -5.573  -5.555  -5.520  -5.461  -5.373  -5.257  -5.113  -4.941  -4.738  -4.510  -4.270  -4.012  -3.761  -3.522  -3.297  -3.110  -2.957  -2.837  -2.756  -2.706  -2.667  -2.646  -2.632  -2.622  -2.618  -2.613  -2.610  -2.608  -2.606  -2.605  -2.604  -2.603  -2.602  -2.602  -2.600  -2.599  -2.598  -2.596
   3.310  -5.340  -5.369  -5.397  -5.425  -5.452  -5.477  -5.503  -5.523  -5.526  -5.526  -5.526  -5.505  -5.449  -5.367  -5.258  -5.120  -4.951  -4.754  -4.535  -4.287  -4.036  -3.785  -3.538  -3.321  -3.126  -2.964  -2.844  -2.756  -2.692  -2.654  -2.629  -2.611  -2.602  -2.594  -2.589  -2.586  -2.583  -2.582  -2.580  -2.579  -2.578  -2.577  -2.576  -2.574  -2.573  -2.571
   3.320  -5.264  -5.291  -5.318  -5.346  -5.373  -5.400  -5.426  -5.450  -5.470  -5.487  -5.494  -5.487  -5.467  -5.430  -5.358  -5.254  -5.121  -4.959  -4.767  -4.542  -4.304  -4.054  -3.799  -3.561  -3.334  -3.135  -2.973  -2.842  -2.744  -2.682  -2.639  -2.610  -2.594  -2.581  -2.573  -2.568  -2.563  -2.560  -2.558  -2.556  -2.555  -2.553  -2.552  -2.550  -2.548  -2.546
   3.330  -5.199  -5.222  -5.246  -5.271  -5.297  -5.324  -5.350  -5.376  -5.400  -5.424  -5.439  -5.444  -5.447  -5.442  -5.406  -5.338  -5.242  -5.116  -4.959  -4.768  -4.555  -4.316  -4.060  -3.813  -3.566  -3.340  -3.143  -2.972  -2.839  -2.743  -2.672  -2.624  -2.595  -2.573  -2.560  -2.552  -2.545  -2.541  -2.537  -2.534  -2.532  -2.530  -2.528  -2.526  -2.524  -2.522
   3.340  -5.142  -5.161  -5.181  -5.203  -5.227  -5.251  -5.276  -5.302  -5.327  -5.352  -5.374  -5.394  -5.409  -5.409  -5.397  -5.372  -5.319  -5.228  -5.107  -4.954  -4.772  -4.556  -4.315  -4.071  -3.815  -3.571  -3.346  -3.142  -2.972  -2.836  -2.730  -2.657  -2.609  -2.574  -2.554  -2.541  -2.530  -2.524  -2.518  -2.514  -2.511  -2.508  -2.505  -2.503  -2.500  -2.498
   3.350  -5.089  -5.106  -5.125  -5.144  -5.164  -5.185  -5.208  -5.232  -5.256  -5.281  -5.305  -5.329  -5.350  -5.359  -5.363  -5.364  -5.344  -5.290  -5.205  -5.091  -4.945  -4.763  -4.551  -4.321  -4.067  -3.815  -3.572  -3.340  -3.138  -2.964  -2.822  -2.719  -2.646  -2.591  -2.558  -2.536  -2.519  -2.508  -2.500  -2.494  -2.490  -2.486  -2.483  -2.479  -2.476  -2.473
   3.360  -5.039  -5.056  -5.073  -5.091  -5.108  -5.127  -5.147  -5.168  -5.190  -5.214  -5.237  -5.261  -5.283  -5.302  -5.320  -5.328  -5.321  -5.300  -5.261  -5.183  -5.071  -4.928  -4.753  -4.548  -4.309  -4.062  -3.811  -3.561  -3.336  -3.130  -2.954  -2.816  -2.708  -2.627  -2.576  -2.539  -2.513  -2.498  -2.485  -2.477  -2.471  -2.465  -2.460  -2.456  -2.452  -2.448
   3.370  -4.993  -5.008  -5.023  -5.039  -5.056  -5.074  -5.092  -5.110  -5.130  -5.151  -5.172  -5.195  -5.217  -5.239  -5.263  -5.275  -5.277  -5.278  -5.272  -5.228  -5.151  -5.045  -4.908  -4.736  -4.527  -4.299  -4.052  -3.795  -3.554  -3.322  -3.115  -2.941  -2.797  -2.686  -2.610  -2.555  -2.516  -2.493  -2.474  -2.461  -2.452  -2.444  -2.438  -2.432  -2.427  -2.422
   3.380  -4.955  -4.966  -4.978  -4.992  -5.008  -5.024  -5.041  -5.058  -5.076  -5.094  -5.113  -5.133  -5.155  -5.176  -5.197  -5.216  -5.232  -5.242  -5.242  -5.223  -5.187  -5.121  -5.017  -4.880  -4.709  -4.510  -4.280  -4.029  -3.783  -3.532  -3.301  -3.098  -2.921  -2.779  -2.673  -2.591  -2.534  -2.497  -2.467  -2.449  -2.435  -2.424  -2.416  -2.408  -2.401  -2.394
   3.390  -4.927  -4.933  -4.940  -4.950  -4.963  -4.977  -4.992  -5.009  -5.025  -5.042  -5.060  -5.078  -5.097  -5.116  -5.136  -5.155  -5.176  -5.193  -5.196  -5.192  -5.185  -5.153  -5.081  -4.979  -4.846  -4.681  -4.478  -4.248  -4.009  -3.753  -3.508  -3.281  -3.072  -2.898  -2.757  -2.645  -2.564  -2.509  -2.466  -2.440  -2.421  -2.405  -2.393  -2.383  -2.373  -2.365
   3.400  -4.905  -4.907  -4.911  -4.917  -4.926  -4.936  -4.948  -4.963  -4.978  -4.994  -5.010  -5.027  -5.043  -5.061  -5.079  -5.097  -5.116  -5.133  -5.145  -5.153  -5.156  -5.143  -5.104  -5.037  -4.940  -4.808  -4.638  -4.436  -4.214  -3.967  -3.719  -3.477  -3.244  -3.042  -2.867  -2.723  -2.616  -2.538  -2.478  -2.439  -2.410  -2.387  -2.371  -2.357  -2.344  -2.334
   3.410  -4.889  -4.889  -4.890  -4.892  -4.896  -4.902  -4.910  -4.921  -4.933  -4.948  -4.963  -4.978  -4.994  -5.010  -5.027  -5.043  -5.060  -5.077  -5.091  -5.105  -5.111  -5.105  -5.089  -5.057  -4.991  -4.890  -4.755  -4.586  -4.389  -4.158  -3.918  -3.672  -3.427  -3.206  -3.003  -2.830  -2.693  -2.585  -2.502  -2.445  -2.403  -2.371  -2.349  -2.329  -2.313  -2.301
   3.420  -4.875  -4.874  -4.873  -4.873  -4.874  -4.876  -4.880  -4.887  -4.896  -4.907  -4.919  -4.933  -4.948  -4.963  -4.978  -4.993  -5.008  -5.022  -5.036  -5.052  -5.059  -5.058  -5.054  -5.043  -5.003  -4.930  -4.828  -4.694  -4.524  -4.316  -4.092  -3.854  -3.608  -3.376  -3.152  -2.953  -2.786  -2.648  -2.539  -2.462  -2.403  -2.359  -2.329  -2.302  -2.280  -2.264
   3.430  -4.864  -4.861  -4.859  -4.857  -4.856  -4.856  -4.857  -4.860  -4.865  -4.871  -4.880  -4.891  -4.904  -4.918  -4.932  -4.946  -4.960  -4.973  -4.985  -4.999  -5.006  -5.008  -5.009  -5.006  -4.982  -4.933  -4.860  -4.759  -4.618  -4.439  -4.236  -4.010  -3.769  -3.535  -3.301  -3.086  -2.897  -2.731  -2.596  -2.494  -2.414  -2.354  -2.311  -2.274  -2.245  -2.225
   3.440  -4.852  -4.850  -4.848  -4.846  -4.843  -4.841  -4.840  -4.840  -4.840  -4.844  -4.849  -4.856  -4.865  -4.876  -4.888  -4.901  -4.913  -4.925  -4.937  -4.947  -4.954  -4.957  -4.958  -4.956  -4.940  -4.908  -4.858  -4.781  -4.669  -4.522  -4.346  -4.137  -3.905  -3.675  -3.440  -3.217  -3.012  -2.825  -2.668  -2.539  -2.435  -2.355  -2.297  -2.247  -2.210  -2.184
   3.450  -4.837  -4.836  -4.835  -4.833  -4.830  -4.828  -4.825  -4.823  -4.823  -4.823  -4.824  -4.826  -4.832  -4.839  -4.849  -4.859  -4.870  -4.881  -4.891  -4.901  -4.905  -4.905  -4.905  -4.903  -4.890  -4.864  -4.825  -4.767  -4.679  -4.563  -4.416  -4.229  -4.015  -3.794  -3.560  -3.333  -3.119  -2.919  -2.743  -2.591  -2.463  -2.365  -2.290  -2.227  -2.177  -2.142
   3.460  -4.814  -4.817  -4.819  -4.819  -4.818  -4.816  -4.814  -4.811  -4.809  -4.806  -4.805  -4.805  -4.807  -4.810  -4.815  -4.822  -4.830  -4.839  -4.847  -4.855  -4.859  -4.858  -4.856  -4.851  -4.836  -4.810  -4.776  -4.728  -4.656  -4.564  -4.442  -4.283  -4.095  -3.889  -3.661  -3.433  -3.215  -3.005  -2.817  -2.649  -2.504  -2.386  -2.290  -2.210  -2.147  -2.101
   3.470  -4.776  -4.786  -4.794  -4.798  -4.800  -4.801  -4.800  -4.798  -4.796  -4.793  -4.791  -4.789  -4.787  -4.787  -4.788  -4.791  -4.795  -4.801  -4.806  -4.811  -4.814  -4.812  -4.808  -4.799  -4.781  -4.753  -4.718  -4.672  -4.608  -4.531  -4.428  -4.295  -4.135  -3.950  -3.736  -3.516  -3.298  -3.082  -2.885  -2.704  -2.544  -2.408  -2.293  -2.197  -2.120  -2.062
   3.480  -4.714  -4.735  -4.752  -4.765  -4.773  -4.778  -4.781  -4.782  -4.782  -4.780  -4.777  -4.774  -4.771  -4.769  -4.767  -4.766  -4.767  -4.768  -4.770  -4.771  -4.772  -4.769  -4.762  -4.749  -4.727  -4.697  -4.658  -4.609  -4.547  -4.473  -4.381  -4.268  -4.134  -3.972  -3.782  -3.579  -3.365  -3.146  -2.943  -2.752  -2.580  -2.430  -2.300  -2.189  -2.099  -2.028
   3.490  -4.624  -4.657  -4.686  -4.709  -4.728  -4.742  -4.752  -4.759  -4.761  -4.762  -4.762  -4.761  -4.758  -4.755  -4.751  -4.748  -4.745  -4.742  -4.740  -4.738  -4.734  -4.728  -4.718  -4.700  -4.676  -4.642  -4.598  -4.543  -4.478  -4.403  -4.314  -4.211  -4.092  -3.950  -3.788  -3.608  -3.408  -3.196  -2.994  -2.794  -2.611  -2.450  -2.308  -2.185  -2.081  -1.996
   3.500  -4.507  -4.552  -4.593  -4.628  -4.658  -4.683  -4.703  -4.719  -4.730  -4.738  -4.741  -4.741  -4.741  -4.740  -4.737  -4.732  -4.727  -4.722  -4.716  -4.710  -4.702  -4.691  -4.677  -4.655  -4.627  -4.589  -4.540  -4.480  -4.410  -4.329  -4.237  -4.135  -4.022  -3.894  -3.753  -3.595  -3.416  -3.223  -3.028  -2.828  -2.639  -2.469  -2.314  -2.179  -2.063  -1.966
   3.525  -4.141  -4.206  -4.266  -4.323  -4.375  -4.424  -4.468  -4.508  -4.544  -4.576  -4.601  -4.622  -4.643  -4.659  -4.671  -4.676  -4.678  -4.677  -4.671  -4.665  -4.655  -4.641  -4.617  -4.581  -4.539  -4.485  -4.418  -4.340  -4.252  -4.153  -4.047  -3.935  -3.817  -3.693  -3.566  -3.429  -3.285  -3.117  -2.949  -2.777  -2.607  -2.443  -2.290  -2.148  -2.018  -1.894
   3.550  -3.720  -3.795  -3.868  -3.939  -4.008  -4.074  -4.138  -4.199  -4.257  -4.312  -4.363  -4.411  -4.455  -4.494  -4.527  -4.555  -4.579  -4.595  -4.597  -4.595  -4.591  -4.577  -4.547  -4.506  -4.454  -4.388  -4.308  -4.215  -4.112  -3.998  -3.876  -3.747  -3.613  -3.477  -3.339  -3.200  -3.063  -2.926  -2.788  -2.651  -2.511  -2.366  -2.219  -2.074  -1.932  -1.791
   3.575  -3.279  -3.363  -3.445  -3.526  -3.605  -3.682  -3.758  -3.831  -3.901  -3.969  -4.034  -4.096  -4.154  -4.208  -4.258  -4.306  -4.350  -4.386  -4.408  -4.425  -4.435  -4.432  -4.418  -4.395  -4.353  -4.294  -4.218  -4.126  -4.018  -3.894  -3.761  -3.618  -3.467  -3.318  -3.167  -3.018  -2.873  -2.730  -2.588  -2.449  -2.311  -2.174  -2.033  -1.891  -1.749  -1.615
   3.600  -2.831  -2.920  -3.008  -3.094  -3.180  -3.264  -3.346  -3.427  -3.505  -3.581  -3.655  -3.727  -3.796  -3.862  -3.925  -3.985  -4.041  -4.091  -4.136  -4.176  -4.202  -4.215  -4.221  -4.218  -4.190  -4.142  -4.075  -3.990  -3.885  -3.761  -3.624  -3.476  -3.319  -3.161  -3.002  -2.844  -2.688  -2.533  -2.380  -2.229  -2.082  -1.938  -1.798  -1.663  -1.534  -1.409
   3.625  -2.399  -2.491  -2.582  -2.672  -2.761  -2.849  -2.936  -3.022  -3.106  -3.189  -3.269  -3.348  -3.425  -3.500  -3.571  -3.639  -3.702  -3.760  -3.811  -3.857  -3.887  -3.902  -3.911  -3.910  -3.885  -3.841  -3.782  -3.706  -3.615  -3.508  -3.390  -3.262  -3.126  -2.986  -2.841  -2.692  -2.541  -2.387  -2.232  -2.076  -1.922  -1.770  -1.621  -1.477  -1.338  -1.202
   3.650  -1.985  -2.078  -2.170  -2.262  -2.352  -2.442  -2.531  -2.620  -2.708  -2.795  -2.880  -2.964  -3.046  -3.125  -3.202  -3.274  -3.341  -3.403  -3.456  -3.502  -3.531  -3.543  -3.549  -3.546  -3.519  -3.476  -3.422  -3.354  -3.277  -3.190  -3.094  -2.991  -2.881  -2.763  -2.638  -2.506  -2.366  -2.220  -2.070  -1.916  -1.760  -1.604  -1.449  -1.296  -1.146  -0.999
   3.675  -1.594  -1.688  -1.781  -1.873  -1.965  -2.057  -2.148  -2.239  -2.328  -2.417  -2.504  -2.591  -2.675  -2.757  -2.837  -2.912  -2.982  -3.046  -3.101  -3.149  -3.175  -3.181  -3.185  -3.180  -3.148  -3.100  -3.044  -2.976  -2.902  -2.820  -2.732  -2.639  -2.540  -2.436  -2.327  -2.212  -2.091  -1.964  -1.833  -1.697  -1.558  -1.415  -1.270  -1.124  -0.977  -0.830
   3.700  -1.239  -1.329  -1.420  -1.510  -1.602  -1.693  -1.784  -1.875  -1.965  -2.053  -2.141  -2.228  -2.313  -2.396  -2.477  -2.553  -2.624  -2.689  -2.744  -2.793  -2.815  -2.815  -2.815  -2.809  -2.771  -2.718  -2.658  -2.588  -2.513  -2.432  -2.347  -2.258  -2.166  -2.072  -1.975  -1.875  -1.771  -1.664  -1.553  -1.437  -1.317  -1.191  -1.061  -0.927  -0.789  -0.647
   3.725  -0.925  -1.005  -1.088  -1.173  -1.261  -1.350  -1.439  -1.529  -1.618  -1.707  -1.795  -1.882  -1.967  -2.050  -2.131  -2.207  -2.278  -2.342  -2.396  -2.443  -2.463  -2.462  -2.459  -2.450  -2.411  -2.357  -2.297  -2.227  -2.152  -2.072  -1.989  -1.903  -1.813  -1.722  -1.629  -1.534  -1.436  -1.336  -1.232  -1.125  -1.015  -0.900  -0.780  -0.658  -0.532  -0.402
   3.750  -0.675  -0.740  -0.809  -0.882  -0.961  -1.042  -1.125  -1.210  -1.295  -1.381  -1.466  -1.550  -1.633  -1.714  -1.793  -1.867  -1.935  -1.997  -2.048  -2.091  -2.110  -2.109  -2.104  -2.093  -2.053  -2.001  -1.942  -1.873  -1.800  -1.721  -1.638  -1.553  -1.466  -1.376  -1.284  -1.190  -1.094  -0.997  -0.897  -0.795  -0.690  -0.583  -0.473  -0.361  -0.246  -0.129
   3.775  -0.517  -0.555  -0.601  -0.654  -0.715  -0.780  -0.848  -0.920  -0.995  -1.072  -1.151  -1.229  -1.308  -1.383  -1.458  -1.527  -1.590  -1.647  -1.694  -1.734  -1.751  -1.749  -1.744  -1.731  -1.694  -1.643  -1.586  -1.520  -1.449  -1.373  -1.293  -1.211  -1.126  -1.039  -0.950  -0.859  -0.766  -0.672  -0.576  -0.477  -0.376  -0.274  -0.168  -0.061   0.049   0.160
   3.800  -0.444  -0.457  -0.477  -0.504  -0.538  -0.579  -0.627  -0.681  -0.739  -0.802  -0.867  -0.934  -1.002  -1.068  -1.133  -1.193  -1.248  -1.297  -1.337  -1.371  -1.385  -1.383  -1.377  -1.363  -1.328  -1.281  -1.227  -1.165  -1.098  -1.026  -0.950  -0.871  -0.789  -0.706  -0.621  -0.534  -0.445  -0.354  -0.261  -0.166  -0.068   0.032   0.134   0.238   0.345   0.454
   3.825  -0.421  -0.424  -0.428  -0.436  -0.445  -0.460  -0.482  -0.510  -0.543  -0.584  -0.627  -0.672  -0.719  -0.767  -0.816  -0.862  -0.905  -0.942  -0.972  -0.995  -1.006  -1.004  -0.996  -0.979  -0.947  -0.906  -0.858  -0.801  -0.741  -0.674  -0.604  -0.531  -0.455  -0.377  -0.297  -0.215  -0.130  -0.044   0.045   0.136   0.229   0.325   0.424   0.525   0.628   0.734
   3.850  -0.414  -0.413  -0.411  -0.411  -0.410  -0.410  -0.411  -0.414  -0.419  -0.428  -0.442  -0.460  -0.482  -0.505  -0.532  -0.557  -0.580  -0.601  -0.616  -0.625  -0.628  -0.624  -0.611  -0.591  -0.562  -0.526  -0.483  -0.433  -0.379  -0.320  -0.257  -0.191  -0.122  -0.050   0.024   0.101   0.180   0.261   0.345   0.431   0.519   0.611   0.706   0.803   0.903   1.005
   3.875  -0.414  -0.413  -0.410  -0.406  -0.402  -0.396  -0.387  -0.376  -0.362  -0.345  -0.331  -0.319  -0.309  -0.302  -0.299  -0.293  -0.287  -0.282  -0.275  -0.267  -0.257  -0.243  -0.225  -0.201  -0.173  -0.140  -0.102  -0.059  -0.012   0.039   0.094   0.153   0.215   0.279   0.346   0.416   0.488   0.563   0.641   0.720   0.803   0.890   0.980   1.073   1.168   1.266
   3.900  -0.415  -0.413  -0.409  -0.405  -0.399  -0.391  -0.379  -0.364  -0.343  -0.317  -0.286  -0.250  -0.209  -0.168  -0.125  -0.084  -0.046  -0.009   0.024   0.055   0.085   0.114   0.143   0.173   0.204   0.237   0.273   0.311   0.352   0.396   0.444   0.495   0.549   0.606   0.666   0.728   0.793   0.861   0.932   1.005   1.082   1.163   1.248   1.335   1.426   1.520
   3.925  -0.416  -0.414  -0.411  -0.406  -0.401  -0.393  -0.381  -0.365  -0.343  -0.315  -0.277  -0.228  -0.170  -0.103  -0.025   0.050   0.123   0.196   0.260   0.320   0.379   0.430   0.476   0.519   0.558   0.596   0.633   0.670   0.709   0.748   0.790   0.835   0.881   0.931   0.983   1.038   1.096   1.156   1.220   1.287   1.357   1.431   1.510   1.592   1.678   1.767
   3.950  -0.417  -0.416  -0.413  -0.409  -0.404  -0.396  -0.385  -0.369  -0.345  -0.315  -0.274  -0.221  -0.157  -0.081   0.008   0.105   0.210   0.319   0.422   0.521   0.611   0.690   0.759   0.821   0.873   0.921   0.965   1.005   1.045   1.083   1.122   1.162   1.204   1.247   1.292   1.340   1.391   1.446   1.503   1.562   1.626   1.694   1.766   1.843   1.923   2.007
   3.975  -0.416  -0.415  -0.413  -0.410  -0.406  -0.399  -0.388  -0.374  -0.351  -0.321  -0.281  -0.229  -0.164  -0.085   0.007   0.112   0.235   0.369   0.504   0.643   0.770   0.878   0.975   1.057   1.130   1.196   1.253   1.303   1.349   1.390   1.430   1.470   1.509   1.549   1.589   1.632   1.678   1.727   1.778   1.832   1.890   1.951   2.017   2.087   2.162   2.240
   4.000  -0.415  -0.415  -0.413  -0.411  -0.407  -0.400  -0.391  -0.378  -0.358  -0.331  -0.293  -0.242  -0.177  -0.096   0.001   0.114   0.243   0.386   0.532   0.686   0.835   0.975   1.108   1.224   1.326   1.415   1.491   1.555   1.613   1.663   1.708   1.750   1.790   1.830   1.869   1.909   1.951   1.996   2.043   2.092   2.144   2.200   2.260   2.325   2.394   2.467
   4.025  -0.413  -0.413  -0.412  -0.409  -0.406  -0.400  -0.392  -0.381  -0.363  -0.338  -0.303  -0.254  -0.192  -0.113  -0.016   0.097   0.226   0.370   0.521   0.680   0.835   1.001   1.165   1.317   1.455   1.573   1.668   1.749   1.825   1.889   1.946   1.996   2.040   2.083   2.124   2.164   2.205   2.247   2.291   2.337   2.386   2.438   2.493   2.553   2.618   2.687
   4.050  -0.411  -0.411  -0.409  -0.407  -0.404  -0.399  -0.392  -0.383  -0.366  -0.344  -0.311  -0.266  -0.208  -0.133  -0.042   0.067   0.195   0.339   0.494   0.663   0.835   1.009   1.184   1.348   1.506   1.650   1.777   1.889   1.987   2.070   2.142   2.204   2.258   2.308   2.353   2.396   2.438   2.480   2.523   2.568   2.615   2.664   2.715   2.772   2.833   2.899
   4.075  -0.409  -0.408  -0.407  -0.405  -0.402  -0.398  -0.392  -0.383  -0.368  -0.348  -0.317  -0.276  -0.222  -0.152  -0.065   0.039   0.162   0.302   0.455   0.624   0.803   0.980   1.160   1.334   1.501   1.664   1.825   1.975   2.100   2.201   2.291   2.370   2.438   2.499   2.552   2.601   2.648   2.692   2.737   2.782   2.828   2.876   2.927   2.981   3.040   3.102
   4.100  -0.406  -0.405  -0.404  -0.402  -0.400  -0.396  -0.391  -0.382  -0.368  -0.350  -0.322  -0.284  -0.235  -0.169  -0.087   0.011   0.128   0.262   0.410   0.574   0.747   0.928   1.115   1.301   1.488   1.669   1.841   2.005   2.151   2.282   2.398   2.497   2.583   2.658   2.723   2.781   2.834   2.884   2.932   2.979   3.027   3.076   3.127   3.180   3.237   3.296
   4.125  -0.403  -0.403  -0.401  -0.399  -0.397  -0.394  -0.389  -0.381  -0.368  -0.351  -0.326  -0.291  -0.244  -0.183  -0.107  -0.014   0.097   0.225   0.367   0.526   0.695   0.875   1.063   1.253   1.449   1.640   1.822   1.997   2.158   2.322   2.469   2.588   2.692   2.785   2.865   2.935   2.998   3.054   3.109   3.160   3.211   3.262   3.313   3.367   3.424   3.483
   4.150  -0.402  -0.401  -0.399  -0.397  -0.395  -0.391  -0.386  -0.379  -0.367  -0.351  -0.328  -0.295  -0.252  -0.194  -0.123  -0.036   0.069   0.190   0.326   0.479   0.644   0.821   1.008   1.199   1.394   1.590   1.785   1.978   2.160   2.335   2.496   2.640   2.769   2.883   2.979   3.065   3.140   3.205   3.268   3.325   3.381   3.435   3.488   3.544   3.603   3.663
   4.175  -0.402  -0.400  -0.397  -0.395  -0.392  -0.388  -0.383  -0.375  -0.364  -0.350  -0.328  -0.298  -0.258  -0.204  -0.137  -0.055   0.044   0.159   0.291   0.439   0.599   0.773   0.958   1.148   1.344   1.543   1.743   1.942   2.139   2.324   2.495   2.666   2.820   2.951   3.068   3.171   3.261   3.339   3.412   3.477   3.538   3.597   3.655   3.714   3.774   3.836
   4.200  -0.403  -0.400  -0.397  -0.393  -0.390  -0.385  -0.379  -0.372  -0.361  -0.348  -0.327  -0.299  -0.262  -0.211  -0.149  -0.071   0.023   0.133   0.259   0.403   0.560   0.731   0.913   1.101   1.297   1.496   1.698   1.902   2.103   2.302   2.493   2.674   2.844   2.997   3.134   3.256   3.363   3.456   3.540   3.614   3.683   3.749   3.811   3.875   3.939   4.002
   4.225  -0.404  -0.400  -0.397  -0.393  -0.389  -0.383  -0.378  -0.370  -0.359  -0.346  -0.326  -0.298  -0.264  -0.216  -0.157  -0.084   0.006   0.111   0.233   0.373   0.526   0.694   0.875   1.062   1.257   1.457   1.660   1.867   2.072   2.277   2.479   2.669   2.853   3.025   3.181   3.321   3.445   3.554   3.652   3.738   3.817   3.891   3.960   4.028   4.096   4.162
   4.250  -0.404  -0.401  -0.397  -0.393  -0.388  -0.382  -0.376  -0.368  -0.357  -0.344  -0.324  -0.298  -0.264  -0.219  -0.163  -0.093  -0.008   0.093   0.211   0.347   0.498   0.664   0.843   1.029   1.224   1.424   1.628   1.835   2.043   2.252   2.458   2.660   2.857   3.040   3.213   3.371   3.512   3.638   3.751   3.850   3.940   4.023   4.099   4.173   4.245   4.315
   4.275  -0.404  -0.401  -0.397  -0.392  -0.387  -0.381  -0.374  -0.365  -0.354  -0.341  -0.322  -0.297  -0.264  -0.220  -0.167  -0.100  -0.018   0.080   0.195   0.328   0.475   0.639   0.817   1.002   1.197   1.398   1.603   1.811   2.020   2.231   2.441   2.649   2.855   3.050   3.236   3.409   3.566   3.708   3.836   3.949   4.052   4.144   4.229   4.310   4.387   4.461
   4.300  -0.403  -0.400  -0.396  -0.392  -0.386  -0.379  -0.371  -0.362  -0.350  -0.337  -0.318  -0.294  -0.263  -0.221  -0.168  -0.103  -0.023   0.071   0.183   0.313   0.459   0.621   0.797   0.982   1.178   1.379   1.584   1.793   2.004   2.217   2.430   2.642   2.853   3.056   3.253   3.439   3.610   3.769   3.911   4.038   4.153   4.256   4.349   4.438   4.520   4.596
   4.325  -0.403  -0.400  -0.396  -0.391  -0.385  -0.377  -0.368  -0.358  -0.345  -0.331  -0.312  -0.288  -0.259  -0.218  -0.167  -0.103  -0.025   0.066   0.176   0.305   0.449   0.609   0.783   0.968   1.164   1.366   1.572   1.783   1.996   2.211   2.426   2.643   2.855   3.064   3.270   3.465   3.649   3.821   3.976   4.116   4.243   4.357   4.459   4.553   4.639   4.715
   4.350  -0.402  -0.399  -0.395  -0.390  -0.384  -0.376  -0.366  -0.354  -0.340  -0.325  -0.305  -0.281  -0.252  -0.212  -0.164  -0.102  -0.026   0.065   0.174   0.302   0.445   0.604   0.778   0.963   1.159   1.361   1.568   1.780   1.993   2.208   2.425   2.643   2.861   3.075   3.286   3.490   3.684   3.867   4.035   4.187   4.326   4.451   4.562   4.663   4.751   4.828
   4.375  -0.401  -0.399  -0.395  -0.390  -0.384  -0.375  -0.364  -0.351  -0.336  -0.319  -0.297  -0.273  -0.242  -0.203  -0.156  -0.096  -0.021   0.069   0.177   0.304   0.447   0.606   0.780   0.965   1.161   1.364   1.571   1.783   1.997   2.214   2.431   2.651   2.872   3.090   3.307   3.517   3.718   3.911   4.089   4.254   4.405   4.542   4.665   4.774   4.867   4.946
   4.400  -0.400  -0.399  -0.395  -0.390  -0.384  -0.375  -0.364  -0.350  -0.333  -0.314  -0.290  -0.263  -0.232  -0.192  -0.144  -0.084  -0.010   0.078   0.185   0.311   0.453   0.612   0.787   0.972   1.169   1.372   1.580   1.793   2.008   2.226   2.446   2.667   2.889   3.109   3.330   3.545   3.753   3.953   4.140   4.315   4.477   4.624   4.757   4.873   4.974   5.060
   4.425  -0.400  -0.398  -0.395  -0.390  -0.384  -0.375  -0.364  -0.350  -0.332  -0.310  -0.284  -0.255  -0.222  -0.180  -0.131  -0.070   0.004   0.092   0.199   0.324   0.466   0.626   0.801   0.986   1.183   1.387   1.596   1.809   2.025   2.244   2.465   2.687   2.911   3.133   3.357   3.576   3.789   3.996   4.190   4.372   4.540   4.689   4.823   4.947   5.062   5.166
   4.450  -0.400  -0.398  -0.394  -0.390  -0.384  -0.376  -0.365  -0.350  -0.331  -0.308  -0.280  -0.248  -0.211  -0.167  -0.116  -0.054   0.021   0.110   0.217   0.343   0.486   0.646   0.822   1.007   1.205   1.409   1.618   1.832   2.048   2.268   2.489   2.712   2.937   3.161   3.387   3.609   3.827   4.038   4.237   4.425   4.597   4.746   4.881   5.011   5.136   5.255
   4.475  -0.400  -0.398  -0.395  -0.390  -0.385  -0.377  -0.366  -0.351  -0.332  -0.308  -0.278  -0.243  -0.203  -0.156  -0.102  -0.037   0.040   0.130   0.239   0.366   0.510   0.671   0.847   1.034   1.231   1.435   1.645   1.859   2.076   2.296   2.518   2.742   2.967   3.193   3.420   3.644   3.864   4.079   4.282   4.476   4.653   4.806   4.944   5.076   5.200   5.315
   4.500  -0.400  -0.399  -0.396  -0.392  -0.387  -0.379  -0.368  -0.354  -0.334  -0.309  -0.278  -0.240  -0.196  -0.145  -0.087  -0.019   0.061   0.153   0.264   0.393   0.539   0.702   0.879   1.066   1.263   1.467   1.677   1.892   2.109   2.330   2.552   2.776   3.001   3.227   3.455   3.680   3.902   4.119   4.325   4.523   4.705   4.866   5.009   5.138   5.251   5.350

