low temperature opacities from Ferguson, Alexander, et al (2005) with gs98 metals
    form     version        X           Z          logRs    logR_min    logR_max       logTs    logT_min    logT_max
       1          38    0.990000    0.010000          46   -8.000000    1.000000         105    2.700000    4.500000

   logT                       logR = logRho - 3*logT + 18
          -8.000  -7.800  -7.600  -7.400  -7.200  -7.000  -6.800  -6.600  -6.400  -6.200  -6.000  -5.800  -5.600  -5.400  -5.200  -5.000  -4.800  -4.600  -4.400  -4.200  -4.000  -3.800  -3.600  -3.400  -3.200  -3.000  -2.800  -2.600  -2.400  -2.200  -2.000  -1.800  -1.600  -1.400  -1.200  -1.000  -0.800  -0.600  -0.400  -0.200   0.000   0.200   0.400   0.600   0.800   1.000

   2.700  -0.381  -0.376  -0.373  -0.374  -0.382  -0.387  -0.387  -0.387  -0.387  -0.388  -0.388  -0.383  -0.375  -0.375  -0.384  -0.390  -0.390  -0.390  -0.390  -0.391  -0.391  -0.391  -0.391  -0.391  -0.391  -0.391  -0.378  -0.359  -0.357  -0.368  -0.378  -0.384  -0.387  -0.383  -0.358  -0.342  -0.353  -0.370  -0.368  -0.336  -0.310  -0.301  -0.297  -0.292  -0.287  -0.283
   2.750  -0.380  -0.381  -0.381  -0.381  -0.381  -0.381  -0.381  -0.381  -0.381  -0.381  -0.381  -0.381  -0.381  -0.381  -0.381  -0.381  -0.383  -0.386  -0.388  -0.389  -0.389  -0.387  -0.383  -0.382  -0.382  -0.382  -0.384  -0.386  -0.386  -0.381  -0.377  -0.379  -0.382  -0.379  -0.359  -0.345  -0.354  -0.367  -0.364  -0.336  -0.311  -0.303  -0.298  -0.293  -0.288  -0.284
   2.800  -0.361  -0.361  -0.362  -0.362  -0.363  -0.363  -0.364  -0.365  -0.365  -0.366  -0.367  -0.369  -0.372  -0.372  -0.372  -0.372  -0.372  -0.373  -0.373  -0.373  -0.373  -0.373  -0.373  -0.373  -0.373  -0.373  -0.373  -0.374  -0.374  -0.374  -0.373  -0.372  -0.371  -0.367  -0.355  -0.349  -0.353  -0.359  -0.356  -0.335  -0.315  -0.307  -0.302  -0.296  -0.290  -0.285
   2.850  -0.348  -0.349  -0.350  -0.349  -0.345  -0.343  -0.343  -0.343  -0.343  -0.343  -0.343  -0.343  -0.344  -0.344  -0.345  -0.345  -0.345  -0.346  -0.346  -0.346  -0.346  -0.346  -0.347  -0.348  -0.349  -0.350  -0.350  -0.350  -0.350  -0.351  -0.351  -0.351  -0.351  -0.350  -0.347  -0.346  -0.346  -0.348  -0.346  -0.332  -0.318  -0.311  -0.306  -0.300  -0.293  -0.287
   2.900  -0.348  -0.343  -0.340  -0.337  -0.335  -0.334  -0.334  -0.333  -0.332  -0.331  -0.329  -0.328  -0.327  -0.326  -0.325  -0.324  -0.323  -0.323  -0.323  -0.324  -0.324  -0.324  -0.324  -0.324  -0.325  -0.325  -0.325  -0.326  -0.326  -0.326  -0.327  -0.329  -0.332  -0.334  -0.335  -0.336  -0.336  -0.336  -0.335  -0.328  -0.320  -0.314  -0.309  -0.303  -0.296  -0.289
   2.910  -0.379  -0.363  -0.350  -0.341  -0.336  -0.333  -0.331  -0.329  -0.329  -0.328  -0.328  -0.326  -0.324  -0.322  -0.321  -0.320  -0.319  -0.318  -0.318  -0.317  -0.317  -0.317  -0.318  -0.318  -0.318  -0.318  -0.318  -0.319  -0.319  -0.320  -0.320  -0.320  -0.321  -0.322  -0.323  -0.325  -0.325  -0.325  -0.325  -0.322  -0.318  -0.314  -0.310  -0.304  -0.298  -0.290
   2.920  -0.475  -0.430  -0.395  -0.368  -0.352  -0.341  -0.333  -0.329  -0.326  -0.324  -0.323  -0.323  -0.322  -0.321  -0.320  -0.318  -0.316  -0.315  -0.313  -0.313  -0.312  -0.311  -0.311  -0.311  -0.311  -0.311  -0.311  -0.312  -0.312  -0.313  -0.313  -0.313  -0.314  -0.314  -0.314  -0.315  -0.316  -0.316  -0.316  -0.315  -0.314  -0.311  -0.308  -0.304  -0.298  -0.291
   2.930  -0.644  -0.571  -0.508  -0.455  -0.413  -0.380  -0.357  -0.343  -0.332  -0.326  -0.322  -0.319  -0.318  -0.316  -0.316  -0.315  -0.313  -0.312  -0.310  -0.309  -0.308  -0.307  -0.306  -0.306  -0.305  -0.305  -0.305  -0.305  -0.305  -0.305  -0.305  -0.305  -0.306  -0.306  -0.306  -0.307  -0.307  -0.308  -0.308  -0.307  -0.307  -0.306  -0.304  -0.301  -0.296  -0.290
   2.940  -1.152  -0.917  -0.732  -0.602  -0.533  -0.483  -0.433  -0.393  -0.363  -0.344  -0.331  -0.322  -0.317  -0.313  -0.311  -0.310  -0.309  -0.308  -0.308  -0.308  -0.308  -0.306  -0.303  -0.301  -0.300  -0.299  -0.298  -0.297  -0.297  -0.297  -0.297  -0.297  -0.298  -0.298  -0.298  -0.299  -0.299  -0.299  -0.299  -0.299  -0.299  -0.299  -0.298  -0.296  -0.292  -0.287
   2.950  -1.248  -1.234  -1.194  -1.099  -0.867  -0.656  -0.560  -0.508  -0.456  -0.409  -0.372  -0.347  -0.331  -0.319  -0.312  -0.308  -0.305  -0.304  -0.302  -0.302  -0.301  -0.301  -0.300  -0.299  -0.297  -0.294  -0.292  -0.291  -0.291  -0.290  -0.290  -0.290  -0.290  -0.290  -0.290  -0.290  -0.291  -0.291  -0.291  -0.291  -0.291  -0.291  -0.291  -0.289  -0.287  -0.283
   2.960  -1.574  -1.446  -1.343  -1.270  -1.237  -1.179  -0.994  -0.749  -0.599  -0.528  -0.477  -0.425  -0.383  -0.352  -0.332  -0.318  -0.308  -0.303  -0.299  -0.297  -0.295  -0.294  -0.293  -0.293  -0.293  -0.293  -0.291  -0.288  -0.286  -0.285  -0.284  -0.283  -0.283  -0.283  -0.282  -0.282  -0.282  -0.283  -0.283  -0.283  -0.283  -0.283  -0.283  -0.282  -0.280  -0.277
   2.970  -1.961  -2.012  -2.038  -1.980  -1.646  -1.360  -1.288  -1.247  -1.114  -0.870  -0.656  -0.551  -0.494  -0.439  -0.393  -0.358  -0.332  -0.316  -0.304  -0.297  -0.293  -0.290  -0.288  -0.286  -0.286  -0.285  -0.285  -0.284  -0.283  -0.281  -0.279  -0.278  -0.276  -0.276  -0.275  -0.275  -0.275  -0.275  -0.275  -0.274  -0.274  -0.274  -0.274  -0.274  -0.272  -0.270
   2.980  -1.829  -1.844  -1.871  -1.918  -1.991  -2.031  -1.856  -1.539  -1.366  -1.315  -1.227  -0.997  -0.732  -0.576  -0.506  -0.456  -0.404  -0.363  -0.332  -0.313  -0.300  -0.291  -0.286  -0.282  -0.280  -0.278  -0.277  -0.276  -0.276  -0.276  -0.276  -0.275  -0.272  -0.270  -0.269  -0.268  -0.267  -0.267  -0.267  -0.266  -0.266  -0.266  -0.266  -0.265  -0.264  -0.263
   2.990  -1.810  -1.807  -1.806  -1.814  -1.860  -1.905  -1.932  -1.949  -1.916  -1.707  -1.497  -1.403  -1.324  -1.147  -0.865  -0.631  -0.522  -0.465  -0.411  -0.367  -0.334  -0.311  -0.296  -0.285  -0.278  -0.274  -0.271  -0.269  -0.269  -0.268  -0.268  -0.267  -0.266  -0.264  -0.263  -0.262  -0.261  -0.260  -0.259  -0.259  -0.258  -0.258  -0.258  -0.257  -0.256  -0.255
   3.000  -1.791  -1.803  -1.808  -1.806  -1.793  -1.784  -1.790  -1.806  -1.840  -1.903  -1.938  -1.842  -1.655  -1.518  -1.424  -1.283  -1.009  -0.706  -0.541  -0.467  -0.417  -0.369  -0.334  -0.308  -0.291  -0.279  -0.271  -0.267  -0.263  -0.261  -0.260  -0.259  -0.259  -0.258  -0.257  -0.255  -0.254  -0.253  -0.252  -0.251  -0.251  -0.250  -0.250  -0.249  -0.248  -0.247
   3.010  -1.748  -1.761  -1.771  -1.776  -1.778  -1.780  -1.782  -1.786  -1.791  -1.797  -1.809  -1.836  -1.863  -1.857  -1.785  -1.678  -1.564  -1.415  -1.181  -0.838  -0.578  -0.474  -0.420  -0.370  -0.332  -0.304  -0.284  -0.272  -0.263  -0.257  -0.254  -0.252  -0.251  -0.251  -0.250  -0.249  -0.248  -0.246  -0.245  -0.244  -0.243  -0.243  -0.242  -0.241  -0.240  -0.239
   3.020  -1.678  -1.695  -1.711  -1.727  -1.743  -1.755  -1.761  -1.764  -1.766  -1.767  -1.769  -1.775  -1.786  -1.804  -1.827  -1.852  -1.880  -1.905  -1.872  -1.641  -1.345  -1.002  -0.658  -0.492  -0.421  -0.374  -0.331  -0.301  -0.279  -0.266  -0.257  -0.251  -0.248  -0.245  -0.244  -0.243  -0.241  -0.240  -0.238  -0.237  -0.236  -0.235  -0.234  -0.233  -0.232  -0.231
   3.030  -1.652  -1.652  -1.652  -1.655  -1.671  -1.691  -1.709  -1.727  -1.739  -1.745  -1.749  -1.751  -1.752  -1.758  -1.776  -1.788  -1.786  -1.783  -1.793  -1.853  -1.892  -1.558  -0.976  -0.697  -0.588  -0.511  -0.432  -0.371  -0.325  -0.293  -0.272  -0.258  -0.251  -0.245  -0.242  -0.239  -0.236  -0.234  -0.232  -0.231  -0.229  -0.228  -0.226  -0.225  -0.224  -0.223
   3.040  -1.644  -1.643  -1.642  -1.640  -1.637  -1.636  -1.642  -1.656  -1.673  -1.693  -1.711  -1.722  -1.729  -1.734  -1.736  -1.740  -1.754  -1.773  -1.784  -1.787  -1.792  -1.827  -1.873  -1.778  -1.211  -0.731  -0.584  -0.507  -0.431  -0.367  -0.319  -0.288  -0.271  -0.257  -0.249  -0.243  -0.237  -0.233  -0.229  -0.226  -0.224  -0.222  -0.220  -0.218  -0.216  -0.215
   3.050  -1.635  -1.634  -1.633  -1.633  -1.631  -1.630  -1.627  -1.624  -1.625  -1.629  -1.639  -1.656  -1.677  -1.693  -1.705  -1.714  -1.718  -1.720  -1.730  -1.754  -1.772  -1.776  -1.779  -1.794  -1.841  -1.870  -1.502  -0.874  -0.597  -0.493  -0.425  -0.366  -0.327  -0.296  -0.277  -0.263  -0.250  -0.241  -0.233  -0.227  -0.222  -0.218  -0.215  -0.212  -0.209  -0.207
   3.060  -1.637  -1.631  -1.627  -1.624  -1.622  -1.620  -1.619  -1.618  -1.616  -1.614  -1.613  -1.617  -1.625  -1.635  -1.648  -1.662  -1.676  -1.689  -1.697  -1.700  -1.705  -1.718  -1.735  -1.748  -1.759  -1.770  -1.788  -1.804  -1.698  -1.104  -0.628  -0.507  -0.443  -0.386  -0.345  -0.313  -0.288  -0.270  -0.254  -0.240  -0.229  -0.221  -0.215  -0.209  -0.205  -0.201
   3.070  -1.706  -1.674  -1.649  -1.631  -1.622  -1.616  -1.612  -1.609  -1.607  -1.605  -1.604  -1.602  -1.601  -1.601  -1.603  -1.606  -1.615  -1.631  -1.645  -1.661  -1.674  -1.681  -1.686  -1.696  -1.711  -1.725  -1.735  -1.744  -1.758  -1.780  -1.791  -1.396  -0.750  -0.535  -0.477  -0.434  -0.386  -0.344  -0.307  -0.276  -0.251  -0.234  -0.223  -0.213  -0.205  -0.199
   3.080  -2.298  -2.027  -1.828  -1.728  -1.681  -1.651  -1.628  -1.615  -1.606  -1.600  -1.597  -1.594  -1.593  -1.591  -1.590  -1.588  -1.586  -1.584  -1.586  -1.600  -1.617  -1.632  -1.648  -1.658  -1.664  -1.671  -1.684  -1.699  -1.716  -1.735  -1.745  -1.548  -1.181  -0.937  -0.777  -0.652  -0.557  -0.487  -0.419  -0.353  -0.301  -0.267  -0.246  -0.227  -0.212  -0.202
   3.090  -3.585  -3.586  -3.586  -3.427  -2.567  -1.910  -1.775  -1.705  -1.655  -1.626  -1.609  -1.596  -1.590  -1.584  -1.581  -1.579  -1.577  -1.575  -1.573  -1.569  -1.567  -1.574  -1.588  -1.602  -1.619  -1.634  -1.643  -1.649  -1.661  -1.681  -1.691  -1.626  -1.483  -1.326  -1.141  -0.966  -0.832  -0.715  -0.599  -0.484  -0.390  -0.330  -0.292  -0.258  -0.232  -0.215
   3.100  -3.528  -3.526  -3.524  -3.524  -3.523  -3.523  -3.159  -2.491  -2.080  -1.849  -1.722  -1.661  -1.629  -1.604  -1.588  -1.578  -1.571  -1.568  -1.564  -1.562  -1.560  -1.557  -1.554  -1.555  -1.563  -1.574  -1.589  -1.606  -1.618  -1.626  -1.636  -1.655  -1.674  -1.648  -1.471  -1.275  -1.131  -0.992  -0.840  -0.673  -0.530  -0.435  -0.369  -0.313  -0.271  -0.243
   3.110  -3.482  -3.476  -3.472  -3.469  -3.466  -3.465  -3.464  -3.464  -3.379  -2.895  -2.401  -2.097  -1.869  -1.737  -1.671  -1.630  -1.598  -1.580  -1.567  -1.559  -1.554  -1.550  -1.547  -1.544  -1.541  -1.540  -1.543  -1.552  -1.563  -1.579  -1.595  -1.610  -1.621  -1.617  -1.572  -1.495  -1.389  -1.256  -1.094  -0.896  -0.717  -0.586  -0.484  -0.400  -0.335  -0.290
   3.120  -3.454  -3.440  -3.428  -3.421  -3.416  -3.413  -3.410  -3.408  -3.406  -3.406  -3.405  -3.405  -3.404  -3.267  -2.524  -1.925  -1.767  -1.685  -1.625  -1.592  -1.571  -1.555  -1.546  -1.539  -1.534  -1.531  -1.528  -1.525  -1.526  -1.532  -1.541  -1.556  -1.570  -1.573  -1.572  -1.571  -1.535  -1.442  -1.307  -1.116  -0.930  -0.775  -0.636  -0.522  -0.431  -0.363
   3.130  -3.445  -3.418  -3.397  -3.381  -3.373  -3.367  -3.362  -3.359  -3.355  -3.353  -3.351  -3.349  -3.348  -3.348  -3.348  -3.348  -2.982  -2.324  -1.955  -1.789  -1.691  -1.622  -1.587  -1.559  -1.542  -1.532  -1.524  -1.519  -1.515  -1.510  -1.508  -1.513  -1.525  -1.538  -1.554  -1.563  -1.552  -1.517  -1.448  -1.301  -1.136  -0.975  -0.814  -0.677  -0.562  -0.465
   3.140  -3.528  -3.447  -3.386  -3.352  -3.335  -3.326  -3.321  -3.318  -3.313  -3.308  -3.303  -3.300  -3.298  -3.296  -3.295  -3.294  -3.293  -3.292  -3.292  -3.293  -3.294  -2.776  -1.940  -1.683  -1.619  -1.578  -1.546  -1.529  -1.515  -1.506  -1.503  -1.502  -1.502  -1.504  -1.517  -1.525  -1.525  -1.524  -1.510  -1.423  -1.301  -1.158  -0.997  -0.853  -0.721  -0.597
   3.150  -3.783  -3.606  -3.468  -3.374  -3.322  -3.295  -3.278  -3.270  -3.265  -3.262  -3.260  -3.256  -3.253  -3.250  -3.247  -3.245  -3.243  -3.242  -3.240  -3.239  -3.239  -3.239  -3.239  -3.101  -2.355  -1.787  -1.673  -1.614  -1.565  -1.532  -1.514  -1.503  -1.497  -1.497  -1.500  -1.506  -1.514  -1.521  -1.518  -1.482  -1.413  -1.304  -1.167  -1.032  -0.895  -0.753
   3.160  -4.161  -3.899  -3.683  -3.515  -3.395  -3.314  -3.266  -3.241  -3.225  -3.216  -3.211  -3.208  -3.207  -3.205  -3.202  -3.199  -3.197  -3.196  -3.194  -3.192  -3.190  -3.189  -3.188  -3.188  -3.187  -3.187  -2.837  -2.208  -1.851  -1.681  -1.601  -1.560  -1.539  -1.539  -1.554  -1.563  -1.560  -1.549  -1.535  -1.519  -1.487  -1.417  -1.313  -1.198  -1.069  -0.923
   3.170  -4.553  -4.285  -4.040  -3.814  -3.604  -3.435  -3.322  -3.252  -3.208  -3.185  -3.172  -3.164  -3.160  -3.157  -3.155  -3.154  -3.152  -3.151  -3.149  -3.148  -3.146  -3.144  -3.142  -3.140  -3.139  -3.138  -3.137  -3.137  -3.056  -2.602  -2.160  -1.927  -1.790  -1.761  -1.756  -1.748  -1.711  -1.656  -1.618  -1.595  -1.561  -1.508  -1.438  -1.346  -1.232  -1.098
   3.180  -4.877  -4.658  -4.429  -4.188  -3.926  -3.691  -3.505  -3.357  -3.251  -3.191  -3.156  -3.134  -3.122  -3.114  -3.110  -3.107  -3.105  -3.104  -3.104  -3.103  -3.103  -3.101  -3.099  -3.097  -3.096  -3.094  -3.092  -3.091  -3.090  -3.089  -3.088  -2.838  -2.409  -2.218  -2.155  -2.092  -1.985  -1.870  -1.786  -1.730  -1.677  -1.624  -1.566  -1.487  -1.388  -1.271
   3.190  -5.099  -4.948  -4.768  -4.555  -4.303  -4.052  -3.809  -3.581  -3.405  -3.276  -3.185  -3.130  -3.102  -3.084  -3.073  -3.067  -3.062  -3.060  -3.058  -3.058  -3.057  -3.057  -3.056  -3.055  -3.054  -3.052  -3.050  -3.049  -3.047  -3.046  -3.044  -2.963  -2.808  -2.686  -2.586  -2.473  -2.325  -2.166  -2.040  -1.943  -1.857  -1.785  -1.720  -1.640  -1.548  -1.447
   3.200  -5.227  -5.139  -5.014  -4.851  -4.646  -4.420  -4.168  -3.906  -3.677  -3.472  -3.307  -3.196  -3.125  -3.077  -3.051  -3.036  -3.025  -3.020  -3.016  -3.014  -3.013  -3.012  -3.011  -3.011  -3.010  -3.010  -3.010  -3.010  -3.010  -3.007  -3.004  -3.003  -3.001  -2.985  -2.897  -2.775  -2.631  -2.470  -2.329  -2.204  -2.091  -1.995  -1.910  -1.820  -1.727  -1.633
   3.210  -5.282  -5.240  -5.164  -5.054  -4.910  -4.733  -4.513  -4.266  -4.021  -3.767  -3.542  -3.362  -3.219  -3.117  -3.059  -3.024  -3.001  -2.990  -2.981  -2.976  -2.973  -2.971  -2.969  -2.969  -2.968  -2.968  -2.968  -2.967  -2.967  -2.967  -2.966  -2.965  -2.963  -2.957  -2.939  -2.903  -2.822  -2.702  -2.584  -2.458  -2.337  -2.229  -2.126  -2.026  -1.928  -1.834
   3.220  -5.293  -5.278  -5.237  -5.172  -5.083  -4.960  -4.793  -4.592  -4.366  -4.107  -3.856  -3.623  -3.411  -3.249  -3.135  -3.053  -3.001  -2.974  -2.955  -2.944  -2.938  -2.933  -2.931  -2.929  -2.928  -2.927  -2.926  -2.926  -2.926  -2.926  -2.925  -2.924  -2.923  -2.921  -2.920  -2.918  -2.889  -2.825  -2.748  -2.651  -2.549  -2.446  -2.340  -2.239  -2.141  -2.045
   3.230  -5.285  -5.279  -5.260  -5.229  -5.180  -5.101  -4.989  -4.845  -4.661  -4.436  -4.196  -3.945  -3.693  -3.479  -3.294  -3.147  -3.049  -2.988  -2.947  -2.925  -2.912  -2.902  -2.897  -2.893  -2.891  -2.889  -2.888  -2.887  -2.887  -2.886  -2.885  -2.885  -2.884  -2.883  -2.882  -2.880  -2.873  -2.855  -2.821  -2.763  -2.691  -2.610  -2.520  -2.430  -2.340  -2.248
   3.240  -5.268  -5.266  -5.258  -5.246  -5.222  -5.176  -5.108  -5.015  -4.882  -4.709  -4.507  -4.271  -4.014  -3.772  -3.535  -3.330  -3.176  -3.060  -2.977  -2.930  -2.900  -2.880  -2.869  -2.861  -2.857  -2.854  -2.852  -2.851  -2.849  -2.848  -2.847  -2.846  -2.846  -2.845  -2.844  -2.843  -2.841  -2.837  -2.827  -2.801  -2.761  -2.707  -2.643  -2.574  -2.501  -2.423
   3.250  -5.250  -5.249  -5.246  -5.240  -5.229  -5.208  -5.173  -5.116  -5.027  -4.908  -4.755  -4.556  -4.326  -4.088  -3.832  -3.593  -3.384  -3.203  -3.066  -2.975  -2.912  -2.873  -2.852  -2.837  -2.828  -2.823  -2.819  -2.816  -2.814  -2.812  -2.811  -2.810  -2.809  -2.808  -2.808  -2.807  -2.806  -2.804  -2.801  -2.792  -2.774  -2.745  -2.707  -2.662  -2.610  -2.551
   3.260  -5.231  -5.231  -5.230  -5.228  -5.222  -5.212  -5.196  -5.165  -5.111  -5.036  -4.929  -4.780  -4.597  -4.385  -4.139  -3.891  -3.649  -3.417  -3.231  -3.085  -2.974  -2.901  -2.857  -2.825  -2.808  -2.797  -2.789  -2.784  -2.780  -2.778  -2.776  -2.775  -2.774  -2.773  -2.772  -2.771  -2.770  -2.768  -2.766  -2.763  -2.756  -2.744  -2.724  -2.697  -2.665  -2.626
   3.270  -5.209  -5.210  -5.211  -5.211  -5.208  -5.203  -5.195  -5.180  -5.153  -5.110  -5.040  -4.938  -4.805  -4.633  -4.419  -4.188  -3.942  -3.690  -3.467  -3.265  -3.098  -2.978  -2.895  -2.834  -2.801  -2.780  -2.765  -2.757  -2.751  -2.747  -2.744  -2.742  -2.740  -2.739  -2.737  -2.736  -2.734  -2.733  -2.731  -2.729  -2.726  -2.720  -2.711  -2.697  -2.679  -2.656
   3.280  -5.182  -5.187  -5.191  -5.191  -5.190  -5.189  -5.186  -5.178  -5.165  -5.143  -5.101  -5.037  -4.949  -4.820  -4.653  -4.457  -4.227  -3.976  -3.736  -3.496  -3.285  -3.116  -2.982  -2.883  -2.822  -2.780  -2.752  -2.737  -2.725  -2.719  -2.714  -2.710  -2.708  -2.706  -2.704  -2.702  -2.700  -2.698  -2.696  -2.694  -2.691  -2.687  -2.683  -2.675  -2.665  -2.653
   3.290  -5.142  -5.153  -5.162  -5.167  -5.170  -5.171  -5.170  -5.166  -5.160  -5.149  -5.127  -5.093  -5.037  -4.949  -4.829  -4.676  -4.479  -4.251  -4.015  -3.763  -3.526  -3.315  -3.129  -2.985  -2.882  -2.806  -2.756  -2.729  -2.707  -2.695  -2.687  -2.681  -2.677  -2.674  -2.671  -2.669  -2.666  -2.664  -2.661  -2.659  -2.656  -2.653  -2.649  -2.644  -2.638  -2.630
   3.300  -5.086  -5.106  -5.122  -5.135  -5.143  -5.147  -5.148  -5.148  -5.147  -5.142  -5.130  -5.113  -5.082  -5.026  -4.949  -4.838  -4.684  -4.495  -4.281  -4.034  -3.788  -3.551  -3.326  -3.140  -2.988  -2.869  -2.789  -2.739  -2.702  -2.680  -2.666  -2.655  -2.649  -2.644  -2.640  -2.636  -2.633  -2.630  -2.627  -2.624  -2.621  -2.618  -2.614  -2.610  -2.605  -2.599
   3.310  -5.013  -5.042  -5.066  -5.087  -5.102  -5.114  -5.122  -5.126  -5.127  -5.125  -5.121  -5.113  -5.096  -5.065  -5.020  -4.945  -4.835  -4.692  -4.511  -4.288  -4.052  -3.808  -3.561  -3.344  -3.149  -2.986  -2.866  -2.779  -2.715  -2.677  -2.652  -2.634  -2.624  -2.615  -2.609  -2.604  -2.600  -2.597  -2.593  -2.590  -2.586  -2.583  -2.579  -2.575  -2.570  -2.564
   3.320  -4.929  -4.964  -4.995  -5.022  -5.047  -5.067  -5.083  -5.095  -5.100  -5.103  -5.104  -5.101  -5.092  -5.078  -5.053  -5.005  -4.933  -4.834  -4.693  -4.510  -4.301  -4.065  -3.813  -3.577  -3.348  -3.147  -2.984  -2.853  -2.756  -2.695  -2.652  -2.622  -2.605  -2.590  -2.580  -2.573  -2.567  -2.563  -2.559  -2.555  -2.551  -2.547  -2.542  -2.537  -2.532  -2.526
   3.330  -4.839  -4.877  -4.912  -4.945  -4.977  -5.005  -5.029  -5.048  -5.063  -5.074  -5.079  -5.079  -5.077  -5.073  -5.060  -5.032  -4.991  -4.926  -4.824  -4.687  -4.516  -4.303  -4.062  -3.821  -3.573  -3.344  -3.146  -2.974  -2.840  -2.744  -2.673  -2.624  -2.595  -2.571  -2.556  -2.545  -2.536  -2.529  -2.523  -2.519  -2.514  -2.509  -2.504  -2.498  -2.492  -2.486
   3.340  -4.751  -4.788  -4.824  -4.860  -4.896  -4.929  -4.960  -4.987  -5.010  -5.028  -5.042  -5.051  -5.056  -5.056  -5.050  -5.037  -5.015  -4.975  -4.906  -4.813  -4.683  -4.506  -4.294  -4.066  -3.814  -3.569  -3.343  -3.135  -2.963  -2.826  -2.719  -2.645  -2.596  -2.559  -2.536  -2.519  -2.506  -2.496  -2.488  -2.481  -2.475  -2.469  -2.463  -2.457  -2.450  -2.443
   3.350  -4.668  -4.702  -4.737  -4.773  -4.809  -4.845  -4.880  -4.914  -4.943  -4.969  -4.991  -5.010  -5.024  -5.026  -5.027  -5.027  -5.019  -4.994  -4.953  -4.892  -4.798  -4.663  -4.492  -4.289  -4.048  -3.802  -3.559  -3.322  -3.119  -2.944  -2.800  -2.695  -2.619  -2.562  -2.525  -2.499  -2.478  -2.464  -2.452  -2.443  -2.435  -2.428  -2.421  -2.413  -2.405  -2.397
   3.360  -4.593  -4.623  -4.655  -4.688  -4.724  -4.760  -4.796  -4.832  -4.866  -4.897  -4.926  -4.951  -4.972  -4.988  -4.999  -5.003  -4.999  -4.989  -4.970  -4.933  -4.868  -4.772  -4.644  -4.475  -4.261  -4.030  -3.784  -3.531  -3.304  -3.096  -2.917  -2.776  -2.667  -2.582  -2.526  -2.485  -2.454  -2.434  -2.417  -2.404  -2.393  -2.383  -2.374  -2.365  -2.356  -2.347
   3.370  -4.527  -4.553  -4.580  -4.610  -4.642  -4.676  -4.711  -4.746  -4.782  -4.817  -4.851  -4.882  -4.910  -4.934  -4.954  -4.965  -4.968  -4.969  -4.966  -4.945  -4.902  -4.839  -4.747  -4.614  -4.439  -4.236  -4.001  -3.746  -3.505  -3.270  -3.060  -2.884  -2.738  -2.624  -2.545  -2.485  -2.440  -2.409  -2.384  -2.365  -2.350  -2.337  -2.326  -2.314  -2.303  -2.293
   3.380  -4.473  -4.493  -4.515  -4.540  -4.567  -4.597  -4.629  -4.664  -4.698  -4.734  -4.769  -4.803  -4.836  -4.865  -4.891  -4.912  -4.928  -4.939  -4.939  -4.929  -4.910  -4.874  -4.808  -4.707  -4.573  -4.404  -4.192  -3.951  -3.709  -3.457  -3.223  -3.019  -2.841  -2.697  -2.586  -2.500  -2.436  -2.391  -2.355  -2.328  -2.307  -2.289  -2.274  -2.260  -2.247  -2.235
   3.390  -4.430  -4.443  -4.460  -4.479  -4.501  -4.526  -4.554  -4.584  -4.616  -4.650  -4.685  -4.720  -4.755  -4.788  -4.819  -4.846  -4.872  -4.892  -4.895  -4.895  -4.895  -4.880  -4.834  -4.761  -4.662  -4.527  -4.347  -4.133  -3.903  -3.649  -3.402  -3.175  -2.965  -2.790  -2.647  -2.531  -2.444  -2.381  -2.330  -2.294  -2.266  -2.242  -2.222  -2.204  -2.187  -2.173
   3.400  -4.399  -4.406  -4.416  -4.429  -4.446  -4.465  -4.487  -4.512  -4.540  -4.571  -4.604  -4.638  -4.672  -4.706  -4.740  -4.771  -4.800  -4.825  -4.843  -4.855  -4.860  -4.852  -4.827  -4.784  -4.712  -4.606  -4.460  -4.280  -4.071  -3.827  -3.580  -3.338  -3.104  -2.902  -2.728  -2.583  -2.471  -2.387  -2.318  -2.268  -2.228  -2.195  -2.170  -2.147  -2.126  -2.109
   3.410  -4.379  -4.380  -4.384  -4.391  -4.401  -4.414  -4.431  -4.451  -4.474  -4.499  -4.527  -4.558  -4.591  -4.624  -4.657  -4.690  -4.721  -4.750  -4.775  -4.797  -4.807  -4.804  -4.795  -4.776  -4.727  -4.645  -4.531  -4.385  -4.203  -3.981  -3.746  -3.501  -3.253  -3.032  -2.830  -2.656  -2.517  -2.405  -2.315  -2.248  -2.195  -2.152  -2.119  -2.089  -2.064  -2.043
   3.420  -4.367  -4.365  -4.364  -4.365  -4.369  -4.376  -4.386  -4.399  -4.416  -4.435  -4.458  -4.484  -4.513  -4.543  -4.575  -4.607  -4.639  -4.670  -4.698  -4.724  -4.739  -4.743  -4.745  -4.741  -4.709  -4.649  -4.562  -4.446  -4.293  -4.101  -3.887  -3.650  -3.401  -3.167  -2.944  -2.744  -2.577  -2.437  -2.323  -2.238  -2.170  -2.115  -2.072  -2.035  -2.002  -1.977
   3.430  -4.360  -4.355  -4.351  -4.350  -4.349  -4.349  -4.352  -4.359  -4.370  -4.383  -4.400  -4.420  -4.444  -4.469  -4.497  -4.526  -4.556  -4.587  -4.615  -4.641  -4.662  -4.675  -4.682  -4.681  -4.661  -4.621  -4.559  -4.467  -4.341  -4.180  -3.992  -3.773  -3.535  -3.300  -3.061  -2.842  -2.652  -2.486  -2.350  -2.243  -2.155  -2.085  -2.031  -1.983  -1.943  -1.912
   3.440  -4.357  -4.350  -4.345  -4.339  -4.334  -4.332  -4.332  -4.333  -4.334  -4.342  -4.353  -4.366  -4.383  -4.402  -4.425  -4.450  -4.477  -4.505  -4.531  -4.557  -4.578  -4.594  -4.604  -4.604  -4.592  -4.566  -4.522  -4.451  -4.349  -4.217  -4.056  -3.862  -3.643  -3.418  -3.178  -2.949  -2.740  -2.549  -2.389  -2.258  -2.149  -2.062  -1.994  -1.936  -1.888  -1.851
   3.450  -4.354  -4.347  -4.341  -4.335  -4.329  -4.323  -4.318  -4.314  -4.313  -4.314  -4.317  -4.323  -4.334  -4.347  -4.363  -4.382  -4.403  -4.427  -4.449  -4.472  -4.492  -4.508  -4.519  -4.520  -4.511  -4.492  -4.458  -4.402  -4.320  -4.213  -4.078  -3.910  -3.716  -3.507  -3.277  -3.049  -2.830  -2.621  -2.440  -2.285  -2.154  -2.050  -1.968  -1.897  -1.838  -1.793
   3.460  -4.349  -4.344  -4.339  -4.333  -4.325  -4.318  -4.311  -4.304  -4.298  -4.294  -4.292  -4.293  -4.296  -4.302  -4.312  -4.324  -4.339  -4.356  -4.373  -4.391  -4.407  -4.420  -4.430  -4.430  -4.422  -4.405  -4.376  -4.328  -4.259  -4.171  -4.058  -3.915  -3.748  -3.560  -3.348  -3.131  -2.911  -2.693  -2.499  -2.324  -2.173  -2.050  -1.949  -1.863  -1.793  -1.739
   3.470  -4.340  -4.338  -4.334  -4.329  -4.323  -4.316  -4.308  -4.300  -4.292  -4.284  -4.277  -4.273  -4.270  -4.270  -4.273  -4.277  -4.285  -4.295  -4.305  -4.317  -4.327  -4.334  -4.338  -4.338  -4.328  -4.309  -4.280  -4.236  -4.176  -4.099  -4.002  -3.881  -3.737  -3.572  -3.384  -3.184  -2.973  -2.758  -2.558  -2.369  -2.200  -2.058  -1.938  -1.836  -1.753  -1.688
   3.480  -4.321  -4.323  -4.324  -4.323  -4.319  -4.313  -4.306  -4.297  -4.289  -4.279  -4.270  -4.262  -4.254  -4.248  -4.245  -4.243  -4.244  -4.246  -4.249  -4.253  -4.255  -4.254  -4.252  -4.247  -4.233  -4.209  -4.177  -4.134  -4.077  -4.006  -3.919  -3.813  -3.689  -3.545  -3.381  -3.202  -3.008  -2.803  -2.605  -2.409  -2.228  -2.071  -1.934  -1.817  -1.720  -1.644
   3.490  -4.287  -4.298  -4.306  -4.307  -4.307  -4.306  -4.302  -4.295  -4.287  -4.277  -4.267  -4.257  -4.246  -4.236  -4.227  -4.219  -4.213  -4.208  -4.203  -4.199  -4.193  -4.185  -4.175  -4.160  -4.139  -4.111  -4.074  -4.028  -3.969  -3.900  -3.817  -3.721  -3.610  -3.483  -3.339  -3.181  -3.007  -2.820  -2.632  -2.438  -2.254  -2.087  -1.936  -1.805  -1.695  -1.604
   3.500  -4.232  -4.254  -4.272  -4.283  -4.290  -4.292  -4.291  -4.288  -4.283  -4.275  -4.266  -4.255  -4.243  -4.231  -4.218  -4.205  -4.193  -4.181  -4.169  -4.158  -4.144  -4.127  -4.107  -4.082  -4.053  -4.017  -3.973  -3.921  -3.859  -3.788  -3.706  -3.614  -3.510  -3.395  -3.267  -3.126  -2.971  -2.804  -2.631  -2.447  -2.268  -2.097  -1.936  -1.794  -1.671  -1.565
   3.525  -3.984  -4.032  -4.075  -4.113  -4.146  -4.173  -4.195  -4.215  -4.229  -4.234  -4.235  -4.232  -4.225  -4.215  -4.204  -4.194  -4.183  -4.167  -4.148  -4.123  -4.088  -4.047  -3.999  -3.946  -3.888  -3.825  -3.757  -3.685  -3.603  -3.515  -3.423  -3.325  -3.223  -3.116  -3.005  -2.888  -2.762  -2.629  -2.495  -2.340  -2.183  -2.029  -1.878  -1.730  -1.595  -1.468
   3.550  -3.640  -3.708  -3.773  -3.835  -3.894  -3.949  -4.000  -4.045  -4.085  -4.119  -4.147  -4.169  -4.183  -4.185  -4.184  -4.182  -4.173  -4.153  -4.128  -4.096  -4.055  -4.004  -3.945  -3.875  -3.795  -3.707  -3.611  -3.509  -3.402  -3.291  -3.178  -3.065  -2.950  -2.836  -2.722  -2.607  -2.491  -2.373  -2.252  -2.128  -2.001  -1.870  -1.736  -1.602  -1.469  -1.336
   3.575  -3.238  -3.318  -3.396  -3.471  -3.545  -3.615  -3.682  -3.746  -3.807  -3.867  -3.921  -3.969  -4.010  -4.038  -4.063  -4.083  -4.096  -4.095  -4.075  -4.050  -4.021  -3.978  -3.919  -3.850  -3.767  -3.670  -3.558  -3.428  -3.297  -3.160  -3.023  -2.886  -2.751  -2.619  -2.491  -2.364  -2.241  -2.118  -1.996  -1.875  -1.753  -1.629  -1.503  -1.378  -1.252  -1.126
   3.600  -2.806  -2.893  -2.978  -3.062  -3.144  -3.224  -3.302  -3.379  -3.453  -3.524  -3.593  -3.659  -3.721  -3.778  -3.831  -3.877  -3.919  -3.950  -3.960  -3.963  -3.964  -3.944  -3.894  -3.826  -3.738  -3.633  -3.509  -3.370  -3.224  -3.070  -2.913  -2.757  -2.601  -2.450  -2.302  -2.158  -2.018  -1.881  -1.748  -1.618  -1.491  -1.366  -1.243  -1.122  -1.002  -0.885
   3.625  -2.382  -2.473  -2.563  -2.651  -2.738  -2.825  -2.909  -2.993  -3.075  -3.156  -3.234  -3.310  -3.384  -3.454  -3.520  -3.580  -3.636  -3.682  -3.716  -3.744  -3.763  -3.759  -3.730  -3.686  -3.614  -3.520  -3.408  -3.285  -3.150  -3.000  -2.845  -2.687  -2.522  -2.358  -2.194  -2.032  -1.874  -1.720  -1.570  -1.425  -1.285  -1.148  -1.016  -0.887  -0.762  -0.641
   3.650  -1.969  -2.061  -2.153  -2.243  -2.333  -2.422  -2.510  -2.598  -2.684  -2.769  -2.853  -2.934  -3.014  -3.090  -3.164  -3.233  -3.296  -3.353  -3.400  -3.441  -3.459  -3.457  -3.451  -3.437  -3.389  -3.321  -3.238  -3.138  -3.024  -2.892  -2.750  -2.597  -2.434  -2.269  -2.098  -1.927  -1.758  -1.590  -1.427  -1.267  -1.112  -0.962  -0.816  -0.675  -0.540  -0.409
   3.675  -1.578  -1.671  -1.764  -1.856  -1.947  -2.038  -2.129  -2.219  -2.308  -2.396  -2.482  -2.567  -2.650  -2.730  -2.808  -2.881  -2.949  -3.010  -3.062  -3.107  -3.127  -3.127  -3.124  -3.114  -3.071  -3.010  -2.938  -2.852  -2.754  -2.645  -2.525  -2.394  -2.256  -2.113  -1.962  -1.807  -1.648  -1.485  -1.321  -1.156  -0.991  -0.829  -0.670  -0.515  -0.367  -0.223
   3.700  -1.221  -1.311  -1.401  -1.491  -1.582  -1.673  -1.764  -1.854  -1.944  -2.032  -2.119  -2.205  -2.289  -2.370  -2.450  -2.524  -2.593  -2.655  -2.707  -2.752  -2.771  -2.769  -2.764  -2.750  -2.707  -2.649  -2.583  -2.506  -2.422  -2.330  -2.232  -2.128  -2.019  -1.902  -1.777  -1.645  -1.503  -1.354  -1.198  -1.035  -0.870  -0.703  -0.536  -0.373  -0.214  -0.059
   3.725  -0.905  -0.985  -1.068  -1.152  -1.240  -1.328  -1.417  -1.507  -1.596  -1.684  -1.771  -1.858  -1.943  -2.025  -2.104  -2.178  -2.247  -2.309  -2.360  -2.403  -2.421  -2.419  -2.412  -2.397  -2.354  -2.297  -2.233  -2.160  -2.081  -1.996  -1.906  -1.811  -1.712  -1.608  -1.498  -1.382  -1.258  -1.128  -0.990  -0.846  -0.698  -0.545  -0.389  -0.232  -0.075   0.083
   3.750  -0.652  -0.717  -0.786  -0.859  -0.937  -1.018  -1.101  -1.186  -1.270  -1.355  -1.440  -1.524  -1.608  -1.688  -1.765  -1.837  -1.904  -1.963  -2.011  -2.050  -2.067  -2.064  -2.055  -2.037  -1.995  -1.939  -1.876  -1.805  -1.728  -1.646  -1.559  -1.469  -1.375  -1.278  -1.179  -1.075  -0.967  -0.855  -0.738  -0.615  -0.487  -0.353  -0.213  -0.068   0.081   0.235
   3.775  -0.490  -0.528  -0.574  -0.628  -0.690  -0.754  -0.822  -0.894  -0.969  -1.046  -1.124  -1.202  -1.280  -1.355  -1.428  -1.496  -1.558  -1.613  -1.657  -1.692  -1.707  -1.704  -1.695  -1.676  -1.635  -1.582  -1.522  -1.454  -1.381  -1.302  -1.219  -1.133  -1.044  -0.953  -0.859  -0.762  -0.662  -0.559  -0.451  -0.339  -0.222  -0.100   0.027   0.160   0.297   0.438
   3.800  -0.413  -0.426  -0.446  -0.474  -0.508  -0.549  -0.597  -0.651  -0.710  -0.774  -0.839  -0.905  -0.972  -1.037  -1.102  -1.161  -1.215  -1.262  -1.300  -1.329  -1.341  -1.337  -1.327  -1.307  -1.269  -1.220  -1.164  -1.100  -1.031  -0.956  -0.878  -0.796  -0.711  -0.624  -0.535  -0.443  -0.348  -0.250  -0.149  -0.044   0.065   0.178   0.295   0.416   0.540   0.668
   3.825  -0.388  -0.389  -0.393  -0.400  -0.409  -0.425  -0.448  -0.477  -0.511  -0.552  -0.595  -0.641  -0.688  -0.736  -0.784  -0.829  -0.870  -0.907  -0.934  -0.954  -0.963  -0.959  -0.947  -0.926  -0.892  -0.848  -0.798  -0.740  -0.677  -0.609  -0.537  -0.461  -0.382  -0.301  -0.217  -0.130  -0.041   0.052   0.147   0.246   0.349   0.455   0.566   0.679   0.797   0.917
   3.850  -0.380  -0.377  -0.375  -0.373  -0.372  -0.371  -0.372  -0.375  -0.380  -0.391  -0.406  -0.425  -0.448  -0.472  -0.498  -0.522  -0.544  -0.564  -0.576  -0.584  -0.586  -0.580  -0.565  -0.541  -0.510  -0.472  -0.427  -0.376  -0.320  -0.259  -0.194  -0.125  -0.053   0.022   0.100   0.181   0.265   0.351   0.441   0.535   0.632   0.733   0.838   0.947   1.059   1.174
   3.875  -0.381  -0.378  -0.374  -0.368  -0.362  -0.354  -0.344  -0.332  -0.317  -0.301  -0.290  -0.280  -0.271  -0.266  -0.262  -0.255  -0.249  -0.244  -0.236  -0.226  -0.216  -0.201  -0.181  -0.155  -0.125  -0.090  -0.050  -0.006   0.043   0.096   0.153   0.214   0.278   0.345   0.416   0.490   0.567   0.647   0.731   0.818   0.909   1.004   1.104   1.206   1.312   1.422
   3.900  -0.383  -0.379  -0.373  -0.366  -0.359  -0.348  -0.334  -0.317  -0.296  -0.269  -0.239  -0.203  -0.164  -0.124  -0.082  -0.042  -0.004   0.032   0.065   0.097   0.127   0.156   0.186   0.217   0.249   0.284   0.321   0.360   0.403   0.449   0.499   0.552   0.608   0.667   0.731   0.797   0.866   0.939   1.016   1.096   1.181   1.270   1.364   1.461   1.561   1.665
   3.925  -0.385  -0.382  -0.376  -0.369  -0.362  -0.351  -0.337  -0.319  -0.296  -0.265  -0.225  -0.175  -0.116  -0.049   0.026   0.097   0.168   0.239   0.303   0.364   0.422   0.474   0.520   0.563   0.603   0.641   0.679   0.717   0.757   0.799   0.842   0.888   0.937   0.989   1.044   1.102   1.164   1.229   1.298   1.371   1.449   1.531   1.618   1.709   1.803   1.902
   3.950  -0.387  -0.384  -0.380  -0.374  -0.366  -0.355  -0.341  -0.322  -0.296  -0.263  -0.220  -0.166  -0.101  -0.024   0.065   0.161   0.264   0.372   0.473   0.570   0.659   0.737   0.805   0.866   0.918   0.966   1.010   1.052   1.092   1.132   1.172   1.214   1.257   1.302   1.350   1.401   1.455   1.513   1.574   1.640   1.711   1.786   1.866   1.951   2.039   2.132
   3.975  -0.388  -0.386  -0.382  -0.376  -0.369  -0.359  -0.346  -0.328  -0.302  -0.269  -0.227  -0.172  -0.105  -0.026   0.068   0.177   0.301   0.435   0.569   0.703   0.824   0.929   1.024   1.105   1.179   1.244   1.300   1.350   1.396   1.438   1.479   1.520   1.560   1.602   1.645   1.690   1.738   1.789   1.845   1.904   1.968   2.036   2.109   2.186   2.268   2.354
   4.000  -0.388  -0.386  -0.382  -0.377  -0.371  -0.362  -0.350  -0.334  -0.310  -0.280  -0.238  -0.183  -0.116  -0.032   0.069   0.183   0.313   0.456   0.602   0.754   0.901   1.038   1.167   1.281   1.380   1.467   1.541   1.605   1.662   1.711   1.757   1.800   1.841   1.881   1.922   1.964   2.008   2.054   2.105   2.158   2.216   2.278   2.344   2.415   2.490   2.570
   4.025  -0.386  -0.385  -0.381  -0.377  -0.371  -0.363  -0.353  -0.339  -0.317  -0.288  -0.248  -0.196  -0.130  -0.046   0.055   0.169   0.301   0.446   0.596   0.753   0.915   1.079   1.239   1.387   1.519   1.629   1.722   1.803   1.877   1.940   1.996   2.046   2.091   2.134   2.176   2.217   2.260   2.303   2.350   2.400   2.453   2.510   2.571   2.636   2.706   2.780
   4.050  -0.383  -0.381  -0.379  -0.375  -0.371  -0.364  -0.355  -0.341  -0.321  -0.295  -0.258  -0.208  -0.146  -0.066   0.031   0.144   0.276   0.423   0.580   0.749   0.920   1.092   1.263   1.424   1.577   1.716   1.839   1.948   2.043   2.123   2.194   2.255   2.309   2.359   2.404   2.448   2.491   2.535   2.580   2.628   2.678   2.731   2.787   2.848   2.913   2.983
   4.075  -0.378  -0.377  -0.375  -0.372  -0.368  -0.362  -0.354  -0.341  -0.323  -0.300  -0.266  -0.219  -0.160  -0.084   0.008   0.118   0.246   0.391   0.547   0.719   0.894   1.070   1.247   1.417   1.577   1.743   1.899   2.041   2.160   2.258   2.346   2.423   2.490   2.550   2.603   2.652   2.699   2.745   2.791   2.839   2.888   2.939   2.993   3.051   3.112   3.177
   4.100  -0.373  -0.372  -0.369  -0.367  -0.363  -0.358  -0.350  -0.340  -0.323  -0.301  -0.270  -0.227  -0.173  -0.101  -0.013   0.091   0.214   0.354   0.506   0.673   0.847   1.027   1.213   1.395   1.577   1.752   1.918   2.075   2.217   2.344   2.456   2.553   2.636   2.710   2.773   2.831   2.885   2.935   2.985   3.033   3.083   3.134   3.187   3.243   3.302   3.363
   4.125  -0.368  -0.365  -0.363  -0.360  -0.357  -0.352  -0.345  -0.336  -0.320  -0.300  -0.270  -0.232  -0.182  -0.114  -0.032   0.067   0.184   0.318   0.466   0.629   0.801   0.981   1.168   1.354   1.547   1.728   1.904   2.071   2.231   2.389   2.531   2.645   2.746   2.838   2.915   2.985   3.048   3.104   3.159   3.212   3.264   3.316   3.369   3.424   3.482   3.542
   4.150  -0.365  -0.362  -0.358  -0.354  -0.350  -0.345  -0.338  -0.330  -0.315  -0.297  -0.270  -0.233  -0.186  -0.124  -0.047   0.046   0.158   0.286   0.428   0.587   0.756   0.935   1.121   1.307   1.496   1.684   1.872   2.059   2.235   2.405   2.561   2.701   2.826   2.936   3.031   3.115   3.189   3.254   3.317   3.375   3.431   3.485   3.539   3.596   3.654   3.715
   4.175  -0.366  -0.362  -0.357  -0.352  -0.346  -0.339  -0.331  -0.322  -0.308  -0.291  -0.266  -0.231  -0.186  -0.129  -0.057   0.031   0.137   0.259   0.397   0.552   0.718   0.896   1.081   1.266   1.450   1.637   1.831   2.028   2.217   2.396   2.563   2.730   2.878   3.006   3.120   3.222   3.310   3.387   3.459   3.524   3.585   3.644   3.701   3.760   3.821   3.883
   4.200  -0.367  -0.362  -0.357  -0.351  -0.344  -0.336  -0.327  -0.317  -0.302  -0.285  -0.260  -0.227  -0.186  -0.131  -0.063   0.020   0.121   0.237   0.371   0.523   0.687   0.862   1.046   1.227   1.405   1.589   1.785   1.987   2.184   2.378   2.564   2.740   2.904   3.053   3.187   3.307   3.411   3.502   3.585   3.659   3.727   3.792   3.855   3.918   3.981   4.045
   4.225  -0.369  -0.364  -0.359  -0.352  -0.345  -0.336  -0.327  -0.316  -0.300  -0.282  -0.257  -0.224  -0.184  -0.130  -0.066   0.013   0.109   0.221   0.352   0.503   0.665   0.835   1.013   1.189   1.364   1.547   1.745   1.950   2.152   2.353   2.551   2.735   2.915   3.082   3.235   3.372   3.493   3.600   3.696   3.781   3.858   3.931   4.000   4.068   4.135   4.201
   4.250  -0.370  -0.366  -0.360  -0.354  -0.346  -0.337  -0.327  -0.315  -0.300  -0.281  -0.255  -0.222  -0.182  -0.130  -0.068   0.009   0.101   0.209   0.337   0.487   0.647   0.812   0.983   1.155   1.328   1.510   1.708   1.915   2.120   2.327   2.529   2.727   2.919   3.098   3.267   3.422   3.560   3.683   3.794   3.890   3.979   4.061   4.137   4.211   4.282   4.351
   4.275  -0.370  -0.366  -0.360  -0.354  -0.346  -0.337  -0.327  -0.315  -0.300  -0.281  -0.256  -0.224  -0.184  -0.132  -0.071   0.004   0.094   0.199   0.325   0.473   0.630   0.789   0.953   1.123   1.297   1.480   1.679   1.887   2.095   2.304   2.511   2.716   2.916   3.108   3.291   3.460   3.614   3.753   3.878   3.989   4.089   4.181   4.265   4.346   4.423   4.495
   4.300  -0.370  -0.366  -0.360  -0.354  -0.346  -0.337  -0.327  -0.315  -0.300  -0.282  -0.257  -0.226  -0.187  -0.136  -0.075  -0.001   0.087   0.190   0.314   0.461   0.615   0.768   0.927   1.095   1.272   1.459   1.659   1.867   2.075   2.287   2.497   2.707   2.914   3.114   3.308   3.490   3.658   3.813   3.953   4.077   4.190   4.292   4.385   4.472   4.554   4.629
   4.325  -0.370  -0.366  -0.360  -0.354  -0.346  -0.337  -0.326  -0.313  -0.298  -0.280  -0.256  -0.225  -0.188  -0.139  -0.081  -0.008   0.078   0.180   0.303   0.448   0.600   0.751   0.905   1.074   1.256   1.447   1.647   1.855   2.064   2.276   2.490   2.704   2.915   3.121   3.323   3.516   3.697   3.865   4.018   4.155   4.280   4.393   4.494   4.587   4.671   4.747
   4.350  -0.370  -0.366  -0.360  -0.354  -0.346  -0.336  -0.324  -0.310  -0.294  -0.276  -0.253  -0.224  -0.188  -0.141  -0.084  -0.013   0.072   0.173   0.294   0.437   0.588   0.737   0.893   1.064   1.249   1.443   1.644   1.851   2.060   2.273   2.487   2.702   2.918   3.130   3.339   3.540   3.731   3.911   4.076   4.226   4.363   4.486   4.596   4.695   4.783   4.859
   4.375  -0.369  -0.365  -0.360  -0.353  -0.345  -0.336  -0.323  -0.308  -0.290  -0.271  -0.247  -0.219  -0.183  -0.137  -0.082  -0.012   0.072   0.170   0.288   0.429   0.578   0.730   0.891   1.065   1.251   1.446   1.647   1.854   2.064   2.277   2.492   2.709   2.927   3.143   3.358   3.565   3.765   3.955   4.131   4.293   4.442   4.577   4.698   4.805   4.898   4.977
   4.400  -0.369  -0.365  -0.359  -0.353  -0.345  -0.335  -0.322  -0.306  -0.287  -0.267  -0.241  -0.211  -0.175  -0.129  -0.076  -0.009   0.072   0.168   0.286   0.425   0.574   0.728   0.891   1.067   1.258   1.455   1.657   1.864   2.074   2.288   2.504   2.723   2.943   3.161   3.379   3.592   3.798   3.996   4.181   4.354   4.513   4.658   4.789   4.905   5.005   5.090
   4.425  -0.369  -0.365  -0.359  -0.353  -0.345  -0.334  -0.321  -0.305  -0.285  -0.263  -0.235  -0.203  -0.166  -0.119  -0.066   0.000   0.080   0.175   0.290   0.427   0.576   0.731   0.898   1.078   1.270   1.470   1.672   1.880   2.091   2.306   2.523   2.742   2.963   3.184   3.405   3.621   3.833   4.037   4.229   4.409   4.575   4.722   4.855   4.978   5.092   5.195
   4.450  -0.369  -0.365  -0.359  -0.352  -0.345  -0.334  -0.320  -0.304  -0.283  -0.259  -0.230  -0.196  -0.156  -0.108  -0.053   0.014   0.095   0.189   0.302   0.434   0.580   0.740   0.913   1.096   1.289   1.489   1.693   1.901   2.113   2.329   2.547   2.767   2.988   3.210   3.433   3.652   3.867   4.077   4.274   4.460   4.630   4.778   4.911   5.040   5.164   5.282
   4.475  -0.367  -0.364  -0.358  -0.352  -0.344  -0.333  -0.320  -0.303  -0.282  -0.257  -0.226  -0.189  -0.147  -0.097  -0.040   0.029   0.111   0.206   0.319   0.449   0.594   0.757   0.933   1.117   1.312   1.513   1.717   1.927   2.139   2.356   2.574   2.795   3.017   3.239   3.463   3.684   3.902   4.114   4.315   4.507   4.682   4.834   4.971   5.102   5.225   5.340
   4.500  -0.364  -0.361  -0.356  -0.350  -0.343  -0.333  -0.320  -0.303  -0.281  -0.255  -0.222  -0.184  -0.139  -0.085  -0.025   0.047   0.131   0.227   0.341   0.473   0.619   0.782   0.958   1.144   1.339   1.541   1.747   1.957   2.170   2.386   2.605   2.826   3.049   3.272   3.496   3.718   3.936   4.149   4.353   4.549   4.729   4.889   5.031   5.159   5.273   5.372

