low temperature opacities from Ferguson, Alexander, et al (2005) with gs98 metals
    form     version        X           Z          logRs    logR_min    logR_max       logTs    logT_min    logT_max
       1          38    0.998000    0.002000          46   -8.000000    1.000000         105    2.700000    4.500000

   logT                       logR = logRho - 3*logT + 18
          -8.000  -7.800  -7.600  -7.400  -7.200  -7.000  -6.800  -6.600  -6.400  -6.200  -6.000  -5.800  -5.600  -5.400  -5.200  -5.000  -4.800  -4.600  -4.400  -4.200  -4.000  -3.800  -3.600  -3.400  -3.200  -3.000  -2.800  -2.600  -2.400  -2.200  -2.000  -1.800  -1.600  -1.400  -1.200  -1.000  -0.800  -0.600  -0.400  -0.200   0.000   0.200   0.400   0.600   0.800   1.000

   2.700  -1.262  -1.262  -1.262  -1.262  -1.262  -1.262  -1.262  -1.262  -1.262  -1.262  -1.262  -1.262  -1.262  -1.262  -1.262  -1.262  -1.262  -1.262  -1.262  -1.263  -1.263  -1.263  -1.262  -1.262  -1.262  -1.262  -1.262  -1.261  -1.260  -1.258  -1.257  -1.260  -1.265  -1.270  -1.275  -1.280  -1.282  -1.284  -1.286  -1.286  -1.286  -1.286  -1.286  -1.285  -1.283  -1.279
   2.750  -1.287  -1.287  -1.287  -1.287  -1.287  -1.287  -1.287  -1.287  -1.287  -1.287  -1.287  -1.287  -1.287  -1.287  -1.287  -1.287  -1.287  -1.287  -1.287  -1.287  -1.287  -1.287  -1.287  -1.287  -1.287  -1.287  -1.287  -1.287  -1.287  -1.287  -1.287  -1.288  -1.289  -1.291  -1.292  -1.293  -1.294  -1.294  -1.294  -1.294  -1.293  -1.293  -1.292  -1.290  -1.287  -1.284
   2.800  -1.334  -1.334  -1.334  -1.334  -1.334  -1.334  -1.334  -1.333  -1.333  -1.334  -1.334  -1.334  -1.334  -1.334  -1.334  -1.334  -1.334  -1.334  -1.334  -1.334  -1.334  -1.334  -1.334  -1.334  -1.334  -1.334  -1.334  -1.334  -1.334  -1.334  -1.334  -1.333  -1.331  -1.328  -1.323  -1.319  -1.316  -1.314  -1.312  -1.310  -1.308  -1.306  -1.304  -1.301  -1.298  -1.294
   2.850  -1.372  -1.371  -1.369  -1.369  -1.368  -1.368  -1.368  -1.368  -1.368  -1.367  -1.367  -1.367  -1.367  -1.367  -1.368  -1.368  -1.368  -1.368  -1.368  -1.368  -1.368  -1.368  -1.368  -1.368  -1.368  -1.368  -1.368  -1.368  -1.368  -1.368  -1.368  -1.364  -1.357  -1.351  -1.346  -1.342  -1.338  -1.334  -1.330  -1.327  -1.324  -1.321  -1.318  -1.314  -1.311  -1.306
   2.900  -1.474  -1.449  -1.428  -1.409  -1.394  -1.383  -1.375  -1.371  -1.367  -1.365  -1.364  -1.363  -1.363  -1.363  -1.362  -1.362  -1.362  -1.362  -1.362  -1.361  -1.360  -1.359  -1.359  -1.359  -1.359  -1.359  -1.359  -1.359  -1.359  -1.359  -1.359  -1.360  -1.361  -1.360  -1.357  -1.353  -1.350  -1.347  -1.344  -1.340  -1.337  -1.334  -1.331  -1.327  -1.323  -1.319
   2.910  -1.579  -1.534  -1.496  -1.464  -1.441  -1.421  -1.403  -1.389  -1.378  -1.372  -1.367  -1.364  -1.362  -1.360  -1.360  -1.359  -1.358  -1.358  -1.358  -1.358  -1.358  -1.358  -1.358  -1.358  -1.356  -1.355  -1.355  -1.355  -1.355  -1.355  -1.355  -1.355  -1.355  -1.355  -1.355  -1.354  -1.353  -1.351  -1.349  -1.347  -1.345  -1.342  -1.339  -1.336  -1.332  -1.328
   2.920  -1.576  -1.576  -1.575  -1.567  -1.525  -1.481  -1.454  -1.432  -1.412  -1.396  -1.382  -1.372  -1.366  -1.361  -1.359  -1.357  -1.356  -1.355  -1.355  -1.354  -1.354  -1.354  -1.354  -1.354  -1.354  -1.354  -1.353  -1.351  -1.351  -1.351  -1.351  -1.351  -1.351  -1.351  -1.351  -1.350  -1.350  -1.349  -1.349  -1.347  -1.346  -1.344  -1.342  -1.340  -1.337  -1.334
   2.930  -1.576  -1.574  -1.573  -1.572  -1.571  -1.570  -1.544  -1.498  -1.465  -1.442  -1.422  -1.403  -1.386  -1.373  -1.365  -1.359  -1.355  -1.353  -1.351  -1.351  -1.350  -1.349  -1.349  -1.349  -1.349  -1.349  -1.349  -1.348  -1.348  -1.347  -1.346  -1.346  -1.346  -1.346  -1.345  -1.345  -1.345  -1.345  -1.345  -1.344  -1.344  -1.343  -1.341  -1.340  -1.338  -1.335
   2.940  -1.592  -1.583  -1.577  -1.572  -1.569  -1.567  -1.566  -1.566  -1.558  -1.519  -1.478  -1.452  -1.430  -1.410  -1.391  -1.375  -1.364  -1.357  -1.351  -1.348  -1.346  -1.345  -1.344  -1.344  -1.343  -1.343  -1.343  -1.343  -1.343  -1.343  -1.343  -1.342  -1.341  -1.340  -1.340  -1.340  -1.340  -1.340  -1.340  -1.339  -1.339  -1.338  -1.338  -1.337  -1.335  -1.334
   2.950  -1.698  -1.651  -1.614  -1.591  -1.579  -1.572  -1.567  -1.564  -1.562  -1.561  -1.559  -1.535  -1.492  -1.460  -1.436  -1.415  -1.395  -1.377  -1.364  -1.355  -1.348  -1.344  -1.341  -1.339  -1.338  -1.337  -1.337  -1.337  -1.337  -1.336  -1.336  -1.336  -1.335  -1.335  -1.334  -1.334  -1.334  -1.334  -1.334  -1.333  -1.333  -1.333  -1.332  -1.332  -1.331  -1.330
   2.960  -2.190  -1.990  -1.832  -1.719  -1.653  -1.614  -1.590  -1.577  -1.567  -1.562  -1.558  -1.556  -1.554  -1.545  -1.507  -1.468  -1.442  -1.420  -1.399  -1.379  -1.363  -1.352  -1.344  -1.338  -1.335  -1.333  -1.331  -1.330  -1.330  -1.330  -1.330  -1.330  -1.329  -1.329  -1.328  -1.328  -1.328  -1.327  -1.327  -1.327  -1.326  -1.326  -1.326  -1.325  -1.325  -1.324
   2.970  -2.645  -2.641  -2.631  -2.553  -2.191  -1.863  -1.733  -1.666  -1.618  -1.591  -1.574  -1.562  -1.556  -1.551  -1.549  -1.546  -1.520  -1.476  -1.444  -1.421  -1.400  -1.380  -1.362  -1.349  -1.340  -1.334  -1.329  -1.326  -1.324  -1.324  -1.323  -1.322  -1.322  -1.321  -1.321  -1.321  -1.321  -1.320  -1.320  -1.320  -1.319  -1.319  -1.319  -1.318  -1.318  -1.317
   2.980  -2.655  -2.651  -2.644  -2.636  -2.627  -2.609  -2.420  -2.094  -1.884  -1.758  -1.670  -1.613  -1.584  -1.566  -1.556  -1.549  -1.545  -1.542  -1.530  -1.491  -1.451  -1.423  -1.400  -1.379  -1.360  -1.345  -1.335  -1.328  -1.323  -1.319  -1.317  -1.316  -1.315  -1.314  -1.314  -1.314  -1.313  -1.313  -1.313  -1.312  -1.312  -1.311  -1.311  -1.311  -1.310  -1.310
   2.990  -2.621  -2.624  -2.631  -2.646  -2.672  -2.687  -2.660  -2.615  -2.597  -2.593  -2.585  -2.296  -1.832  -1.667  -1.616  -1.584  -1.561  -1.549  -1.540  -1.537  -1.532  -1.502  -1.455  -1.421  -1.397  -1.376  -1.357  -1.341  -1.329  -1.320  -1.315  -1.312  -1.310  -1.308  -1.307  -1.307  -1.306  -1.305  -1.305  -1.304  -1.304  -1.303  -1.303  -1.303  -1.302  -1.302
   3.000  -2.704  -2.657  -2.623  -2.607  -2.599  -2.596  -2.622  -2.661  -2.660  -2.611  -2.580  -2.584  -2.589  -2.513  -2.094  -1.752  -1.658  -1.610  -1.573  -1.551  -1.539  -1.532  -1.528  -1.512  -1.467  -1.423  -1.395  -1.372  -1.352  -1.335  -1.322  -1.314  -1.309  -1.306  -1.303  -1.302  -1.300  -1.299  -1.298  -1.297  -1.296  -1.295  -1.295  -1.294  -1.294  -1.293
   3.010  -2.940  -2.872  -2.805  -2.736  -2.659  -2.608  -2.587  -2.576  -2.576  -2.584  -2.589  -2.587  -2.582  -2.574  -2.565  -2.547  -2.317  -1.934  -1.734  -1.648  -1.596  -1.559  -1.540  -1.528  -1.523  -1.515  -1.480  -1.428  -1.391  -1.366  -1.346  -1.330  -1.319  -1.311  -1.305  -1.301  -1.297  -1.295  -1.292  -1.290  -1.289  -1.288  -1.287  -1.286  -1.285  -1.284
   3.020  -2.793  -2.820  -2.835  -2.836  -2.827  -2.809  -2.740  -2.641  -2.591  -2.566  -2.558  -2.578  -2.608  -2.612  -2.597  -2.578  -2.562  -2.541  -2.453  -2.148  -1.859  -1.716  -1.632  -1.576  -1.545  -1.527  -1.517  -1.512  -1.490  -1.437  -1.388  -1.361  -1.343  -1.328  -1.317  -1.308  -1.301  -1.296  -1.291  -1.287  -1.284  -1.282  -1.280  -1.278  -1.277  -1.275
   3.030  -2.806  -2.784  -2.771  -2.770  -2.775  -2.787  -2.852  -2.941  -2.933  -2.790  -2.652  -2.583  -2.546  -2.543  -2.555  -2.568  -2.576  -2.582  -2.580  -2.556  -2.507  -2.315  -2.017  -1.819  -1.696  -1.610  -1.559  -1.532  -1.506  -1.485  -1.461  -1.424  -1.385  -1.358  -1.341  -1.328  -1.316  -1.306  -1.297  -1.290  -1.284  -1.279  -1.276  -1.273  -1.270  -1.267
   3.040  -2.810  -2.802  -2.792  -2.778  -2.759  -2.749  -2.749  -2.749  -2.759  -2.813  -2.848  -2.796  -2.697  -2.622  -2.557  -2.526  -2.525  -2.525  -2.525  -2.525  -2.525  -2.519  -2.503  -2.442  -2.218  -1.983  -1.809  -1.663  -1.582  -1.545  -1.516  -1.479  -1.444  -1.414  -1.388  -1.366  -1.347  -1.331  -1.316  -1.303  -1.292  -1.284  -1.277  -1.271  -1.266  -1.262
   3.050  -2.807  -2.798  -2.790  -2.782  -2.775  -2.767  -2.757  -2.747  -2.734  -2.718  -2.710  -2.738  -2.781  -2.780  -2.726  -2.661  -2.594  -2.530  -2.502  -2.488  -2.483  -2.489  -2.497  -2.498  -2.487  -2.465  -2.334  -2.104  -1.914  -1.737  -1.610  -1.553  -1.524  -1.492  -1.463  -1.435  -1.407  -1.380  -1.356  -1.333  -1.314  -1.300  -1.289  -1.279  -1.269  -1.260
   3.060  -2.917  -2.863  -2.822  -2.792  -2.776  -2.766  -2.760  -2.756  -2.748  -2.736  -2.722  -2.702  -2.684  -2.685  -2.704  -2.717  -2.706  -2.676  -2.627  -2.554  -2.497  -2.471  -2.458  -2.457  -2.463  -2.467  -2.463  -2.452  -2.402  -2.196  -2.000  -1.919  -1.870  -1.783  -1.660  -1.556  -1.499  -1.464  -1.427  -1.390  -1.359  -1.336  -1.318  -1.300  -1.283  -1.268
   3.070  -3.642  -3.337  -3.103  -2.950  -2.872  -2.822  -2.782  -2.760  -2.744  -2.736  -2.728  -2.715  -2.702  -2.688  -2.671  -2.663  -2.663  -2.664  -2.679  -2.750  -2.795  -2.711  -2.562  -2.483  -2.444  -2.431  -2.431  -2.432  -2.431  -2.427  -2.419  -2.346  -2.201  -2.053  -1.882  -1.737  -1.652  -1.596  -1.538  -1.483  -1.435  -1.399  -1.371  -1.342  -1.315  -1.289
   3.080  -3.561  -3.562  -3.563  -3.565  -3.567  -3.568  -3.340  -2.963  -2.822  -2.776  -2.747  -2.725  -2.712  -2.699  -2.688  -2.676  -2.662  -2.648  -2.639  -2.632  -2.629  -2.673  -2.740  -2.731  -2.605  -2.488  -2.434  -2.407  -2.404  -2.404  -2.404  -2.401  -2.391  -2.345  -2.148  -1.953  -1.847  -1.769  -1.690  -1.615  -1.549  -1.497  -1.455  -1.412  -1.371  -1.331
   3.090  -3.486  -3.487  -3.488  -3.489  -3.490  -3.491  -3.492  -3.494  -3.461  -3.269  -3.065  -2.915  -2.791  -2.732  -2.706  -2.688  -2.672  -2.660  -2.647  -2.634  -2.621  -2.607  -2.596  -2.601  -2.637  -2.660  -2.600  -2.491  -2.426  -2.392  -2.377  -2.373  -2.371  -2.351  -2.256  -2.146  -2.052  -1.957  -1.865  -1.775  -1.694  -1.628  -1.571  -1.513  -1.456  -1.401
   3.100  -3.416  -3.416  -3.416  -3.416  -3.417  -3.418  -3.419  -3.420  -3.421  -3.422  -3.423  -3.343  -3.182  -3.038  -2.890  -2.775  -2.719  -2.689  -2.664  -2.647  -2.632  -2.615  -2.598  -2.582  -2.566  -2.558  -2.579  -2.613  -2.601  -2.502  -2.417  -2.393  -2.380  -2.355  -2.323  -2.276  -2.206  -2.121  -2.034  -1.942  -1.855  -1.780  -1.711  -1.641  -1.570  -1.500
   3.110  -3.351  -3.349  -3.348  -3.348  -3.348  -3.349  -3.350  -3.351  -3.352  -3.353  -3.353  -3.354  -3.355  -3.355  -3.356  -3.357  -3.207  -2.936  -2.782  -2.713  -2.671  -2.642  -2.627  -2.608  -2.587  -2.568  -2.551  -2.538  -2.540  -2.563  -2.578  -2.533  -2.450  -2.399  -2.375  -2.345  -2.298  -2.240  -2.172  -2.091  -2.010  -1.935  -1.861  -1.784  -1.705  -1.624
   3.120  -3.303  -3.294  -3.287  -3.286  -3.285  -3.285  -3.286  -3.287  -3.287  -3.288  -3.288  -3.289  -3.290  -3.290  -3.291  -3.291  -3.291  -3.292  -3.269  -3.129  -2.972  -2.837  -2.714  -2.649  -2.620  -2.599  -2.575  -2.555  -2.536  -2.520  -2.505  -2.490  -2.473  -2.451  -2.422  -2.390  -2.356  -2.318  -2.268  -2.206  -2.139  -2.073  -2.002  -1.927  -1.847  -1.762
   3.130  -3.294  -3.265  -3.244  -3.234  -3.228  -3.226  -3.225  -3.225  -3.225  -3.226  -3.227  -3.227  -3.228  -3.228  -3.229  -3.229  -3.229  -3.230  -3.230  -3.230  -3.229  -3.171  -3.049  -2.930  -2.797  -2.687  -2.629  -2.598  -2.568  -2.542  -2.523  -2.514  -2.508  -2.491  -2.460  -2.428  -2.401  -2.373  -2.336  -2.290  -2.239  -2.184  -2.124  -2.056  -1.982  -1.900
   3.140  -3.380  -3.299  -3.239  -3.205  -3.187  -3.178  -3.172  -3.170  -3.169  -3.168  -3.168  -3.168  -3.169  -3.169  -3.170  -3.171  -3.171  -3.171  -3.171  -3.171  -3.171  -3.171  -3.170  -3.170  -3.170  -3.169  -3.041  -2.808  -2.673  -2.612  -2.572  -2.541  -2.523  -2.508  -2.498  -2.484  -2.459  -2.428  -2.394  -2.357  -2.316  -2.272  -2.223  -2.166  -2.100  -2.026
   3.150  -3.642  -3.462  -3.323  -3.229  -3.177  -3.150  -3.133  -3.125  -3.120  -3.116  -3.115  -3.114  -3.114  -3.114  -3.115  -3.115  -3.115  -3.116  -3.116  -3.116  -3.116  -3.116  -3.115  -3.115  -3.114  -3.114  -3.114  -3.113  -3.075  -2.876  -2.736  -2.724  -2.717  -2.691  -2.628  -2.566  -2.528  -2.496  -2.461  -2.424  -2.385  -2.347  -2.306  -2.257  -2.200  -2.135
   3.160  -4.039  -3.768  -3.546  -3.374  -3.254  -3.173  -3.124  -3.099  -3.083  -3.074  -3.069  -3.066  -3.064  -3.064  -3.063  -3.063  -3.063  -3.063  -3.063  -3.064  -3.064  -3.064  -3.063  -3.063  -3.063  -3.063  -3.063  -3.062  -3.062  -3.062  -3.061  -3.015  -2.922  -2.841  -2.760  -2.688  -2.634  -2.589  -2.544  -2.501  -2.460  -2.422  -2.384  -2.339  -2.287  -2.230
   3.170  -4.473  -4.181  -3.917  -3.680  -3.468  -3.298  -3.185  -3.114  -3.071  -3.048  -3.035  -3.027  -3.023  -3.019  -3.017  -3.016  -3.015  -3.015  -3.015  -3.015  -3.015  -3.015  -3.015  -3.015  -3.015  -3.015  -3.015  -3.015  -3.015  -3.014  -3.014  -3.014  -3.014  -2.998  -2.906  -2.809  -2.747  -2.693  -2.641  -2.591  -2.545  -2.504  -2.464  -2.419  -2.370  -2.317
   3.180  -4.866  -4.602  -4.340  -4.075  -3.802  -3.561  -3.373  -3.225  -3.119  -3.059  -3.024  -3.001  -2.989  -2.982  -2.977  -2.975  -2.973  -2.972  -2.972  -2.971  -2.971  -2.971  -2.971  -2.971  -2.971  -2.971  -2.971  -2.970  -2.970  -2.970  -2.970  -2.970  -2.970  -2.966  -2.936  -2.893  -2.844  -2.787  -2.734  -2.683  -2.633  -2.590  -2.547  -2.502  -2.454  -2.403
   3.190  -5.179  -4.965  -4.734  -4.482  -4.205  -3.937  -3.686  -3.455  -3.277  -3.149  -3.058  -3.003  -2.975  -2.957  -2.946  -2.940  -2.935  -2.933  -2.931  -2.931  -2.930  -2.929  -2.929  -2.929  -2.929  -2.929  -2.929  -2.929  -2.929  -2.929  -2.929  -2.929  -2.929  -2.929  -2.923  -2.912  -2.887  -2.846  -2.805  -2.759  -2.713  -2.670  -2.628  -2.583  -2.537  -2.490
   3.200  -5.404  -5.246  -5.060  -4.845  -4.595  -4.335  -4.063  -3.791  -3.556  -3.350  -3.185  -3.074  -3.003  -2.956  -2.931  -2.916  -2.905  -2.900  -2.896  -2.894  -2.893  -2.892  -2.891  -2.891  -2.891  -2.891  -2.891  -2.891  -2.891  -2.891  -2.891  -2.891  -2.891  -2.892  -2.892  -2.892  -2.884  -2.864  -2.838  -2.806  -2.770  -2.734  -2.695  -2.656  -2.614  -2.572
   3.210  -5.552  -5.443  -5.304  -5.133  -4.929  -4.702  -4.447  -4.175  -3.914  -3.654  -3.426  -3.246  -3.103  -3.002  -2.944  -2.910  -2.888  -2.877  -2.868  -2.863  -2.860  -2.858  -2.856  -2.856  -2.855  -2.855  -2.855  -2.855  -2.855  -2.855  -2.855  -2.855  -2.855  -2.856  -2.856  -2.856  -2.855  -2.850  -2.840  -2.822  -2.798  -2.772  -2.742  -2.710  -2.676  -2.641
   3.220  -5.645  -5.573  -5.473  -5.345  -5.189  -5.005  -4.786  -4.542  -4.286  -4.011  -3.751  -3.514  -3.302  -3.140  -3.027  -2.946  -2.895  -2.868  -2.849  -2.838  -2.832  -2.828  -2.826  -2.824  -2.823  -2.822  -2.821  -2.821  -2.821  -2.821  -2.821  -2.821  -2.821  -2.822  -2.822  -2.823  -2.822  -2.822  -2.820  -2.812  -2.800  -2.784  -2.764  -2.741  -2.717  -2.690
   3.230  -5.703  -5.655  -5.584  -5.491  -5.378  -5.236  -5.061  -4.858  -4.630  -4.371  -4.109  -3.847  -3.591  -3.375  -3.190  -3.045  -2.948  -2.888  -2.848  -2.826  -2.813  -2.804  -2.799  -2.795  -2.793  -2.792  -2.791  -2.790  -2.790  -2.789  -2.789  -2.789  -2.789  -2.790  -2.790  -2.791  -2.791  -2.791  -2.791  -2.789  -2.784  -2.776  -2.765  -2.751  -2.735  -2.716
   3.240  -5.735  -5.704  -5.656  -5.590  -5.509  -5.403  -5.269  -5.109  -4.918  -4.695  -4.455  -4.195  -3.926  -3.676  -3.438  -3.235  -3.082  -2.967  -2.884  -2.838  -2.809  -2.789  -2.779  -2.771  -2.767  -2.764  -2.762  -2.761  -2.761  -2.760  -2.760  -2.760  -2.760  -2.760  -2.760  -2.760  -2.761  -2.761  -2.761  -2.760  -2.759  -2.756  -2.751  -2.743  -2.734  -2.722
   3.250  -5.738  -5.724  -5.696  -5.653  -5.598  -5.521  -5.421  -5.297  -5.145  -4.964  -4.758  -4.520  -4.263  -4.007  -3.745  -3.504  -3.295  -3.116  -2.981  -2.890  -2.828  -2.790  -2.770  -2.755  -2.746  -2.741  -2.737  -2.735  -2.733  -2.733  -2.732  -2.732  -2.731  -2.731  -2.731  -2.732  -2.732  -2.732  -2.732  -2.732  -2.731  -2.730  -2.728  -2.724  -2.719  -2.712
   3.260  -5.711  -5.708  -5.700  -5.685  -5.651  -5.598  -5.527  -5.436  -5.318  -5.174  -5.004  -4.801  -4.574  -4.331  -4.067  -3.810  -3.564  -3.336  -3.151  -3.007  -2.897  -2.825  -2.782  -2.751  -2.733  -2.723  -2.716  -2.712  -2.708  -2.706  -2.705  -2.705  -2.704  -2.704  -2.704  -2.704  -2.704  -2.704  -2.704  -2.704  -2.704  -2.703  -2.702  -2.700  -2.697  -2.694
   3.270  -5.655  -5.668  -5.675  -5.674  -5.662  -5.637  -5.596  -5.533  -5.445  -5.335  -5.198  -5.033  -4.842  -4.624  -4.377  -4.124  -3.868  -3.614  -3.391  -3.191  -3.027  -2.909  -2.826  -2.767  -2.735  -2.715  -2.701  -2.693  -2.687  -2.683  -2.681  -2.680  -2.679  -2.678  -2.678  -2.678  -2.678  -2.678  -2.677  -2.677  -2.677  -2.676  -2.676  -2.674  -2.672  -2.670
   3.280  -5.579  -5.606  -5.625  -5.631  -5.634  -5.635  -5.622  -5.585  -5.528  -5.450  -5.346  -5.215  -5.058  -4.872  -4.656  -4.423  -4.172  -3.911  -3.665  -3.427  -3.218  -3.052  -2.920  -2.822  -2.763  -2.723  -2.696  -2.682  -2.671  -2.664  -2.660  -2.657  -2.655  -2.654  -2.654  -2.653  -2.653  -2.652  -2.652  -2.651  -2.651  -2.650  -2.649  -2.648  -2.647  -2.645
   3.290  -5.496  -5.525  -5.549  -5.571  -5.590  -5.599  -5.596  -5.587  -5.569  -5.523  -5.449  -5.351  -5.226  -5.074  -4.894  -4.689  -4.456  -4.204  -3.954  -3.700  -3.464  -3.255  -3.073  -2.931  -2.830  -2.756  -2.707  -2.680  -2.660  -2.649  -2.642  -2.637  -2.634  -2.632  -2.630  -2.629  -2.628  -2.627  -2.627  -2.626  -2.625  -2.625  -2.624  -2.623  -2.621  -2.619
   3.300  -5.411  -5.440  -5.468  -5.494  -5.519  -5.539  -5.553  -5.561  -5.560  -5.541  -5.504  -5.443  -5.353  -5.234  -5.087  -4.913  -4.708  -4.479  -4.239  -3.982  -3.732  -3.495  -3.274  -3.090  -2.942  -2.826  -2.748  -2.700  -2.663  -2.643  -2.630  -2.620  -2.616  -2.611  -2.608  -2.606  -2.605  -2.603  -2.602  -2.601  -2.601  -2.600  -2.599  -2.597  -2.596  -2.594
   3.310  -5.330  -5.359  -5.387  -5.415  -5.442  -5.466  -5.491  -5.511  -5.514  -5.513  -5.512  -5.489  -5.430  -5.346  -5.234  -5.094  -4.923  -4.725  -4.504  -4.256  -4.005  -3.756  -3.512  -3.297  -3.106  -2.948  -2.831  -2.747  -2.685  -2.649  -2.625  -2.608  -2.600  -2.592  -2.587  -2.584  -2.581  -2.580  -2.578  -2.577  -2.576  -2.575  -2.574  -2.572  -2.571  -2.569
   3.320  -5.255  -5.282  -5.309  -5.336  -5.363  -5.389  -5.415  -5.439  -5.458  -5.474  -5.481  -5.474  -5.452  -5.412  -5.337  -5.231  -5.096  -4.932  -4.738  -4.512  -4.273  -4.024  -3.770  -3.534  -3.309  -3.113  -2.954  -2.827  -2.733  -2.674  -2.634  -2.606  -2.590  -2.578  -2.571  -2.566  -2.562  -2.559  -2.557  -2.555  -2.553  -2.551  -2.550  -2.548  -2.547  -2.545
   3.330  -5.190  -5.212  -5.236  -5.261  -5.287  -5.313  -5.339  -5.365  -5.389  -5.413  -5.427  -5.431  -5.433  -5.428  -5.389  -5.318  -5.220  -5.091  -4.932  -4.740  -4.525  -4.286  -4.031  -3.784  -3.539  -3.315  -3.121  -2.955  -2.825  -2.733  -2.664  -2.618  -2.591  -2.570  -2.558  -2.550  -2.543  -2.539  -2.535  -2.533  -2.531  -2.529  -2.527  -2.525  -2.523  -2.521
   3.340  -5.133  -5.151  -5.171  -5.193  -5.217  -5.241  -5.266  -5.292  -5.316  -5.341  -5.363  -5.382  -5.396  -5.396  -5.383  -5.355  -5.299  -5.205  -5.082  -4.927  -4.744  -4.526  -4.284  -4.040  -3.786  -3.545  -3.323  -3.120  -2.954  -2.822  -2.719  -2.649  -2.604  -2.570  -2.551  -2.538  -2.528  -2.522  -2.516  -2.512  -2.509  -2.506  -2.504  -2.502  -2.499  -2.496
   3.350  -5.080  -5.097  -5.116  -5.135  -5.155  -5.176  -5.199  -5.222  -5.246  -5.271  -5.294  -5.318  -5.339  -5.346  -5.349  -5.350  -5.328  -5.270  -5.183  -5.067  -4.919  -4.735  -4.521  -4.291  -4.038  -3.787  -3.545  -3.315  -3.117  -2.947  -2.809  -2.709  -2.639  -2.586  -2.554  -2.532  -2.516  -2.506  -2.498  -2.493  -2.489  -2.485  -2.482  -2.478  -2.475  -2.471
   3.360  -5.030  -5.046  -5.063  -5.081  -5.098  -5.117  -5.137  -5.158  -5.180  -5.203  -5.226  -5.250  -5.272  -5.291  -5.307  -5.314  -5.306  -5.283  -5.241  -5.161  -5.047  -4.901  -4.725  -4.519  -4.279  -4.032  -3.782  -3.534  -3.312  -3.110  -2.937  -2.802  -2.698  -2.619  -2.569  -2.534  -2.509  -2.495  -2.483  -2.475  -2.469  -2.464  -2.459  -2.455  -2.450  -2.446
   3.370  -4.984  -4.999  -5.014  -5.030  -5.047  -5.065  -5.083  -5.101  -5.120  -5.141  -5.162  -5.184  -5.207  -5.228  -5.252  -5.263  -5.263  -5.262  -5.255  -5.209  -5.129  -5.021  -4.882  -4.708  -4.498  -4.269  -4.023  -3.768  -3.529  -3.299  -3.094  -2.923  -2.783  -2.675  -2.603  -2.550  -2.513  -2.490  -2.471  -2.459  -2.450  -2.442  -2.436  -2.430  -2.425  -2.420
   3.380  -4.947  -4.957  -4.969  -4.983  -4.999  -5.015  -5.031  -5.048  -5.066  -5.084  -5.103  -5.123  -5.144  -5.164  -5.186  -5.204  -5.219  -5.229  -5.228  -5.208  -5.168  -5.098  -4.993  -4.854  -4.681  -4.481  -4.251  -4.001  -3.755  -3.506  -3.277  -3.078  -2.904  -2.766  -2.662  -2.583  -2.527  -2.492  -2.464  -2.446  -2.433  -2.422  -2.414  -2.406  -2.399  -2.393
   3.390  -4.918  -4.924  -4.931  -4.941  -4.954  -4.968  -4.983  -5.000  -5.016  -5.033  -5.050  -5.068  -5.086  -5.105  -5.125  -5.144  -5.164  -5.180  -5.182  -5.178  -5.169  -5.134  -5.060  -4.956  -4.820  -4.653  -4.449  -4.219  -3.980  -3.726  -3.483  -3.258  -3.052  -2.881  -2.743  -2.634  -2.556  -2.503  -2.462  -2.437  -2.418  -2.403  -2.391  -2.381  -2.371  -2.363
   3.400  -4.896  -4.898  -4.902  -4.908  -4.917  -4.927  -4.939  -4.954  -4.968  -4.984  -5.000  -5.016  -5.033  -5.051  -5.068  -5.086  -5.104  -5.121  -5.133  -5.140  -5.142  -5.128  -5.086  -5.015  -4.915  -4.782  -4.610  -4.407  -4.185  -3.939  -3.693  -3.452  -3.221  -3.022  -2.851  -2.711  -2.607  -2.532  -2.473  -2.434  -2.406  -2.384  -2.368  -2.354  -2.342  -2.332
   3.410  -4.879  -4.879  -4.880  -4.882  -4.886  -4.893  -4.902  -4.912  -4.924  -4.938  -4.953  -4.968  -4.984  -5.000  -5.016  -5.032  -5.049  -5.065  -5.079  -5.092  -5.098  -5.092  -5.073  -5.038  -4.969  -4.866  -4.728  -4.558  -4.360  -4.129  -3.890  -3.646  -3.403  -3.185  -2.985  -2.814  -2.680  -2.576  -2.495  -2.439  -2.398  -2.367  -2.346  -2.326  -2.310  -2.298
   3.420  -4.866  -4.864  -4.863  -4.863  -4.864  -4.867  -4.871  -4.878  -4.886  -4.897  -4.909  -4.923  -4.938  -4.952  -4.967  -4.982  -4.997  -5.011  -5.025  -5.040  -5.047  -5.045  -5.039  -5.026  -4.983  -4.908  -4.803  -4.667  -4.496  -4.288  -4.063  -3.826  -3.582  -3.353  -3.132  -2.935  -2.771  -2.635  -2.529  -2.455  -2.398  -2.355  -2.325  -2.298  -2.277  -2.261
   3.430  -4.855  -4.852  -4.850  -4.848  -4.847  -4.847  -4.848  -4.851  -4.856  -4.862  -4.871  -4.882  -4.895  -4.908  -4.921  -4.935  -4.949  -4.962  -4.974  -4.988  -4.994  -4.994  -4.994  -4.991  -4.965  -4.914  -4.839  -4.735  -4.593  -4.412  -4.208  -3.982  -3.742  -3.509  -3.278  -3.065  -2.879  -2.716  -2.585  -2.485  -2.407  -2.348  -2.307  -2.270  -2.242  -2.221
   3.440  -4.843  -4.840  -4.838  -4.836  -4.834  -4.832  -4.831  -4.831  -4.831  -4.834  -4.839  -4.846  -4.855  -4.866  -4.878  -4.891  -4.903  -4.915  -4.925  -4.936  -4.942  -4.944  -4.945  -4.943  -4.925  -4.890  -4.837  -4.759  -4.645  -4.496  -4.318  -4.108  -3.877  -3.648  -3.415  -3.195  -2.992  -2.807  -2.653  -2.527  -2.425  -2.347  -2.290  -2.242  -2.205  -2.179
   3.450  -4.827  -4.827  -4.826  -4.824  -4.822  -4.819  -4.816  -4.814  -4.814  -4.814  -4.815  -4.818  -4.823  -4.830  -4.839  -4.849  -4.860  -4.870  -4.880  -4.889  -4.894  -4.894  -4.893  -4.890  -4.875  -4.847  -4.807  -4.748  -4.658  -4.539  -4.390  -4.202  -3.986  -3.766  -3.534  -3.309  -3.097  -2.899  -2.726  -2.577  -2.452  -2.356  -2.282  -2.220  -2.172  -2.137
   3.460  -4.804  -4.807  -4.809  -4.809  -4.808  -4.806  -4.804  -4.801  -4.799  -4.797  -4.796  -4.796  -4.797  -4.799  -4.805  -4.812  -4.820  -4.828  -4.836  -4.843  -4.847  -4.846  -4.843  -4.837  -4.822  -4.795  -4.759  -4.710  -4.636  -4.542  -4.418  -4.257  -4.067  -3.861  -3.633  -3.406  -3.190  -2.983  -2.798  -2.633  -2.490  -2.374  -2.280  -2.202  -2.140  -2.095
   3.470  -4.765  -4.776  -4.783  -4.788  -4.790  -4.791  -4.790  -4.788  -4.786  -4.783  -4.781  -4.779  -4.777  -4.777  -4.778  -4.781  -4.785  -4.791  -4.795  -4.801  -4.803  -4.801  -4.795  -4.785  -4.766  -4.738  -4.702  -4.654  -4.590  -4.510  -4.406  -4.271  -4.110  -3.924  -3.709  -3.489  -3.272  -3.058  -2.863  -2.686  -2.528  -2.394  -2.281  -2.187  -2.112  -2.055
   3.480  -4.703  -4.724  -4.741  -4.754  -4.763  -4.768  -4.771  -4.772  -4.772  -4.770  -4.767  -4.764  -4.761  -4.759  -4.757  -4.756  -4.757  -4.758  -4.760  -4.761  -4.761  -4.758  -4.749  -4.735  -4.713  -4.682  -4.642  -4.591  -4.528  -4.454  -4.361  -4.246  -4.110  -3.946  -3.755  -3.551  -3.337  -3.120  -2.919  -2.731  -2.561  -2.414  -2.287  -2.178  -2.089  -2.019
   3.490  -4.612  -4.646  -4.674  -4.698  -4.717  -4.731  -4.742  -4.749  -4.751  -4.752  -4.752  -4.751  -4.748  -4.745  -4.741  -4.738  -4.735  -4.732  -4.730  -4.727  -4.723  -4.716  -4.705  -4.687  -4.662  -4.627  -4.582  -4.527  -4.461  -4.384  -4.294  -4.190  -4.069  -3.927  -3.762  -3.581  -3.380  -3.169  -2.968  -2.771  -2.591  -2.433  -2.293  -2.172  -2.070  -1.986
   3.500  -4.494  -4.540  -4.581  -4.616  -4.647  -4.672  -4.692  -4.708  -4.719  -4.727  -4.730  -4.730  -4.730  -4.730  -4.726  -4.722  -4.717  -4.712  -4.706  -4.700  -4.691  -4.680  -4.664  -4.642  -4.613  -4.575  -4.525  -4.464  -4.393  -4.311  -4.218  -4.116  -4.002  -3.873  -3.729  -3.570  -3.390  -3.197  -3.003  -2.803  -2.616  -2.448  -2.296  -2.163  -2.049  -1.954
   3.525  -4.128  -4.193  -4.254  -4.310  -4.363  -4.412  -4.456  -4.495  -4.532  -4.564  -4.589  -4.610  -4.630  -4.647  -4.659  -4.665  -4.667  -4.666  -4.661  -4.654  -4.644  -4.629  -4.604  -4.568  -4.525  -4.471  -4.403  -4.324  -4.235  -4.136  -4.029  -3.917  -3.798  -3.674  -3.545  -3.407  -3.261  -3.093  -2.925  -2.754  -2.584  -2.422  -2.271  -2.129  -2.000  -1.878
   3.550  -3.708  -3.783  -3.856  -3.927  -3.995  -4.061  -4.125  -4.186  -4.244  -4.299  -4.350  -4.398  -4.441  -4.480  -4.514  -4.542  -4.566  -4.582  -4.584  -4.582  -4.579  -4.565  -4.534  -4.492  -4.439  -4.373  -4.292  -4.199  -4.095  -3.979  -3.857  -3.728  -3.594  -3.458  -3.318  -3.179  -3.042  -2.905  -2.767  -2.629  -2.489  -2.344  -2.196  -2.053  -1.911  -1.772
   3.575  -3.267  -3.351  -3.433  -3.514  -3.593  -3.670  -3.745  -3.817  -3.888  -3.956  -4.021  -4.082  -4.141  -4.195  -4.244  -4.291  -4.335  -4.371  -4.393  -4.410  -4.421  -4.417  -4.402  -4.379  -4.337  -4.277  -4.201  -4.107  -3.999  -3.875  -3.740  -3.598  -3.448  -3.298  -3.147  -2.998  -2.853  -2.710  -2.568  -2.428  -2.290  -2.152  -2.010  -1.869  -1.728  -1.595
   3.600  -2.819  -2.908  -2.996  -3.082  -3.168  -3.252  -3.334  -3.414  -3.492  -3.568  -3.642  -3.714  -3.783  -3.848  -3.911  -3.970  -4.025  -4.076  -4.120  -4.160  -4.185  -4.197  -4.203  -4.200  -4.172  -4.123  -4.056  -3.969  -3.864  -3.739  -3.602  -3.454  -3.297  -3.141  -2.981  -2.823  -2.667  -2.512  -2.359  -2.208  -2.061  -1.917  -1.778  -1.644  -1.514  -1.390
   3.625  -2.388  -2.479  -2.570  -2.660  -2.750  -2.838  -2.924  -3.009  -3.093  -3.176  -3.257  -3.336  -3.413  -3.486  -3.557  -3.624  -3.687  -3.745  -3.796  -3.841  -3.869  -3.883  -3.891  -3.890  -3.864  -3.819  -3.759  -3.682  -3.590  -3.483  -3.365  -3.238  -3.102  -2.962  -2.818  -2.670  -2.518  -2.364  -2.210  -2.055  -1.901  -1.749  -1.601  -1.457  -1.318  -1.183
   3.650  -1.974  -2.066  -2.158  -2.250  -2.341  -2.431  -2.520  -2.608  -2.696  -2.783  -2.868  -2.952  -3.033  -3.112  -3.188  -3.260  -3.327  -3.388  -3.440  -3.486  -3.513  -3.523  -3.528  -3.525  -3.496  -3.452  -3.396  -3.328  -3.250  -3.162  -3.066  -2.963  -2.854  -2.737  -2.612  -2.481  -2.342  -2.196  -2.047  -1.893  -1.738  -1.582  -1.427  -1.274  -1.125  -0.979
   3.675  -1.583  -1.676  -1.769  -1.861  -1.954  -2.046  -2.137  -2.227  -2.316  -2.405  -2.493  -2.579  -2.663  -2.745  -2.824  -2.898  -2.968  -3.032  -3.085  -3.132  -3.157  -3.161  -3.163  -3.157  -3.123  -3.074  -3.017  -2.949  -2.873  -2.791  -2.702  -2.609  -2.511  -2.408  -2.299  -2.184  -2.064  -1.938  -1.807  -1.672  -1.533  -1.390  -1.245  -1.100  -0.954  -0.808
   3.700  -1.227  -1.317  -1.408  -1.499  -1.590  -1.682  -1.773  -1.863  -1.953  -2.042  -2.130  -2.217  -2.302  -2.384  -2.464  -2.539  -2.610  -2.674  -2.728  -2.775  -2.796  -2.795  -2.793  -2.785  -2.745  -2.691  -2.630  -2.560  -2.485  -2.403  -2.317  -2.229  -2.137  -2.042  -1.945  -1.845  -1.742  -1.635  -1.524  -1.409  -1.289  -1.164  -1.034  -0.901  -0.764  -0.623
   3.725  -0.912  -0.993  -1.076  -1.161  -1.249  -1.338  -1.428  -1.517  -1.606  -1.695  -1.783  -1.870  -1.955  -2.038  -2.118  -2.193  -2.263  -2.327  -2.379  -2.425  -2.444  -2.442  -2.438  -2.426  -2.385  -2.330  -2.269  -2.199  -2.124  -2.043  -1.959  -1.873  -1.784  -1.693  -1.599  -1.504  -1.406  -1.306  -1.202  -1.096  -0.985  -0.871  -0.752  -0.630  -0.505  -0.376
   3.750  -0.660  -0.726  -0.796  -0.870  -0.949  -1.030  -1.113  -1.198  -1.283  -1.369  -1.454  -1.538  -1.622  -1.702  -1.780  -1.853  -1.921  -1.981  -2.031  -2.073  -2.091  -2.089  -2.083  -2.068  -2.027  -1.974  -1.914  -1.845  -1.772  -1.692  -1.609  -1.524  -1.436  -1.346  -1.254  -1.160  -1.064  -0.967  -0.867  -0.765  -0.660  -0.553  -0.444  -0.332  -0.217  -0.100
   3.775  -0.500  -0.539  -0.585  -0.639  -0.701  -0.767  -0.835  -0.907  -0.982  -1.060  -1.138  -1.217  -1.295  -1.371  -1.444  -1.513  -1.576  -1.632  -1.677  -1.715  -1.731  -1.729  -1.722  -1.707  -1.668  -1.617  -1.559  -1.492  -1.421  -1.344  -1.264  -1.181  -1.096  -1.009  -0.920  -0.829  -0.736  -0.642  -0.546  -0.447  -0.346  -0.244  -0.139  -0.031   0.078   0.190
   3.800  -0.424  -0.438  -0.459  -0.487  -0.522  -0.563  -0.612  -0.666  -0.725  -0.788  -0.853  -0.920  -0.988  -1.054  -1.118  -1.178  -1.233  -1.282  -1.321  -1.352  -1.365  -1.362  -1.355  -1.339  -1.303  -1.255  -1.200  -1.137  -1.070  -0.997  -0.921  -0.842  -0.761  -0.677  -0.591  -0.504  -0.415  -0.324  -0.231  -0.136  -0.038   0.062   0.164   0.268   0.375   0.484
   3.825  -0.401  -0.403  -0.408  -0.415  -0.425  -0.441  -0.464  -0.492  -0.526  -0.567  -0.610  -0.656  -0.704  -0.751  -0.800  -0.846  -0.888  -0.925  -0.954  -0.976  -0.985  -0.983  -0.973  -0.955  -0.923  -0.881  -0.831  -0.775  -0.713  -0.647  -0.576  -0.503  -0.426  -0.348  -0.268  -0.185  -0.101  -0.014   0.075   0.166   0.259   0.355   0.454   0.555   0.659   0.764
   3.850  -0.393  -0.392  -0.390  -0.390  -0.389  -0.389  -0.390  -0.393  -0.398  -0.409  -0.423  -0.442  -0.464  -0.487  -0.513  -0.538  -0.561  -0.581  -0.595  -0.604  -0.607  -0.602  -0.589  -0.567  -0.538  -0.501  -0.458  -0.408  -0.353  -0.293  -0.230  -0.163  -0.093  -0.021   0.053   0.130   0.209   0.290   0.374   0.460   0.549   0.641   0.736   0.833   0.933   1.036
   3.875  -0.393  -0.392  -0.389  -0.385  -0.381  -0.374  -0.365  -0.354  -0.339  -0.323  -0.309  -0.297  -0.287  -0.280  -0.277  -0.271  -0.265  -0.260  -0.253  -0.245  -0.235  -0.221  -0.202  -0.177  -0.149  -0.115  -0.077  -0.034   0.014   0.065   0.121   0.180   0.242   0.307   0.374   0.444   0.516   0.592   0.669   0.749   0.833   0.919   1.009   1.102   1.198   1.297
   3.900  -0.394  -0.392  -0.388  -0.384  -0.378  -0.369  -0.357  -0.341  -0.320  -0.293  -0.262  -0.225  -0.184  -0.142  -0.100  -0.059  -0.021   0.015   0.048   0.079   0.109   0.138   0.167   0.197   0.229   0.262   0.298   0.336   0.377   0.422   0.470   0.521   0.576   0.633   0.692   0.755   0.820   0.889   0.960   1.034   1.111   1.192   1.277   1.364   1.455   1.550
   3.925  -0.395  -0.393  -0.389  -0.385  -0.379  -0.371  -0.359  -0.343  -0.320  -0.291  -0.252  -0.202  -0.143  -0.074   0.004   0.078   0.152   0.223   0.287   0.347   0.405   0.456   0.502   0.544   0.583   0.621   0.658   0.695   0.733   0.773   0.816   0.860   0.907   0.957   1.009   1.065   1.123   1.183   1.247   1.315   1.385   1.460   1.539   1.621   1.707   1.797
   3.950  -0.396  -0.394  -0.391  -0.387  -0.382  -0.374  -0.362  -0.346  -0.322  -0.290  -0.248  -0.194  -0.129  -0.051   0.039   0.137   0.242   0.351   0.453   0.551   0.640   0.718   0.787   0.847   0.899   0.946   0.990   1.030   1.070   1.108   1.147   1.187   1.228   1.272   1.318   1.367   1.418   1.472   1.529   1.590   1.654   1.723   1.795   1.872   1.952   2.037
   3.975  -0.396  -0.395  -0.392  -0.388  -0.384  -0.377  -0.366  -0.351  -0.327  -0.296  -0.255  -0.201  -0.135  -0.055   0.038   0.145   0.270   0.404   0.540   0.677   0.803   0.910   1.005   1.086   1.158   1.223   1.279   1.328   1.374   1.416   1.456   1.495   1.533   1.574   1.615   1.659   1.704   1.752   1.803   1.858   1.916   1.978   2.045   2.116   2.191   2.269
   4.000  -0.396  -0.395  -0.393  -0.389  -0.386  -0.379  -0.370  -0.356  -0.334  -0.306  -0.267  -0.214  -0.148  -0.065   0.034   0.148   0.279   0.422   0.569   0.723   0.872   1.012   1.142   1.257   1.357   1.444   1.519   1.583   1.640   1.689   1.734   1.776   1.815   1.855   1.894   1.935   1.977   2.020   2.067   2.116   2.169   2.226   2.287   2.352   2.421   2.495
   4.025  -0.395  -0.394  -0.392  -0.390  -0.386  -0.380  -0.372  -0.359  -0.340  -0.314  -0.277  -0.227  -0.164  -0.083   0.016   0.131   0.262   0.407   0.558   0.718   0.873   1.039   1.203   1.354   1.490   1.605   1.699   1.779   1.854   1.917   1.972   2.022   2.066   2.108   2.149   2.190   2.231   2.272   2.316   2.362   2.411   2.464   2.520   2.580   2.645   2.715
   4.050  -0.394  -0.394  -0.392  -0.390  -0.387  -0.381  -0.373  -0.362  -0.344  -0.321  -0.287  -0.241  -0.181  -0.104  -0.010   0.101   0.230   0.376   0.532   0.701   0.874   1.049   1.223   1.387   1.543   1.685   1.811   1.922   2.018   2.099   2.170   2.231   2.284   2.333   2.379   2.422   2.464   2.506   2.549   2.594   2.641   2.690   2.742   2.799   2.861   2.927
   4.075  -0.393  -0.392  -0.391  -0.389  -0.386  -0.381  -0.374  -0.364  -0.348  -0.327  -0.295  -0.252  -0.197  -0.124  -0.035   0.072   0.197   0.338   0.492   0.663   0.842   1.020   1.200   1.373   1.539   1.703   1.863   2.010   2.133   2.232   2.321   2.399   2.466   2.526   2.579   2.627   2.674   2.718   2.763   2.808   2.854   2.903   2.953   3.008   3.067   3.129
   4.100  -0.391  -0.390  -0.389  -0.387  -0.384  -0.380  -0.374  -0.365  -0.350  -0.331  -0.302  -0.262  -0.211  -0.143  -0.059   0.042   0.161   0.297   0.447   0.612   0.786   0.968   1.155   1.341   1.529   1.709   1.880   2.041   2.186   2.316   2.430   2.528   2.612   2.687   2.751   2.808   2.861   2.910   2.958   3.005   3.053   3.102   3.153   3.206   3.263   3.323
   4.125  -0.389  -0.388  -0.386  -0.384  -0.382  -0.378  -0.373  -0.364  -0.350  -0.333  -0.307  -0.271  -0.223  -0.159  -0.081   0.014   0.127   0.257   0.401   0.562   0.734   0.915   1.103   1.294   1.491   1.681   1.862   2.036   2.196   2.359   2.504   2.620   2.723   2.815   2.894   2.964   3.026   3.081   3.135   3.187   3.237   3.288   3.339   3.394   3.451   3.510
   4.150  -0.387  -0.385  -0.383  -0.381  -0.379  -0.375  -0.370  -0.363  -0.350  -0.334  -0.310  -0.276  -0.233  -0.174  -0.100  -0.011   0.096   0.219   0.358   0.513   0.681   0.860   1.048   1.239   1.436   1.632   1.827   2.018   2.200   2.373   2.533   2.675   2.802   2.914   3.010   3.095   3.169   3.234   3.295   3.353   3.408   3.462   3.515   3.571   3.630   3.690
   4.175  -0.387  -0.384  -0.381  -0.379  -0.376  -0.372  -0.367  -0.360  -0.348  -0.333  -0.310  -0.280  -0.239  -0.184  -0.116  -0.032   0.069   0.186   0.319   0.470   0.633   0.809   0.996   1.187   1.385   1.585   1.785   1.984   2.180   2.364   2.534   2.704   2.855   2.985   3.100   3.203   3.291   3.369   3.440   3.504   3.566   3.625   3.682   3.741   3.802   3.864
   4.200  -0.387  -0.384  -0.381  -0.377  -0.374  -0.369  -0.363  -0.356  -0.345  -0.331  -0.310  -0.281  -0.243  -0.192  -0.129  -0.050   0.046   0.157   0.285   0.431   0.590   0.763   0.948   1.138   1.336   1.537   1.740   1.944   2.145   2.344   2.534   2.714   2.882   3.033   3.168   3.289   3.394   3.486   3.569   3.643   3.711   3.777   3.839   3.903   3.967   4.031
   4.225  -0.387  -0.384  -0.381  -0.377  -0.373  -0.367  -0.361  -0.354  -0.343  -0.329  -0.309  -0.281  -0.246  -0.197  -0.138  -0.063   0.027   0.133   0.257   0.398   0.553   0.723   0.906   1.095   1.293   1.495   1.700   1.907   2.113   2.319   2.521   2.709   2.893   3.063   3.217   3.356   3.478   3.586   3.683   3.768   3.846   3.919   3.988   4.057   4.124   4.191
   4.250  -0.388  -0.385  -0.381  -0.377  -0.372  -0.366  -0.359  -0.351  -0.340  -0.327  -0.307  -0.281  -0.247  -0.201  -0.144  -0.073   0.013   0.115   0.234   0.371   0.523   0.690   0.871   1.059   1.257   1.459   1.665   1.874   2.083   2.293   2.499   2.701   2.897   3.080   3.251   3.408   3.547   3.671   3.783   3.881   3.970   4.052   4.128   4.202   4.274   4.344
   4.275  -0.387  -0.384  -0.381  -0.376  -0.371  -0.365  -0.357  -0.349  -0.337  -0.324  -0.305  -0.279  -0.246  -0.202  -0.148  -0.080   0.003   0.101   0.217   0.351   0.500   0.665   0.843   1.031   1.228   1.430   1.637   1.847   2.058   2.271   2.482   2.691   2.895   3.090   3.275   3.447   3.603   3.744   3.870   3.982   4.083   4.175   4.259   4.340   4.417   4.490
   4.300  -0.387  -0.384  -0.380  -0.376  -0.370  -0.363  -0.355  -0.346  -0.334  -0.320  -0.301  -0.276  -0.245  -0.202  -0.149  -0.083  -0.003   0.092   0.205   0.336   0.483   0.646   0.823   1.009   1.206   1.409   1.616   1.827   2.040   2.255   2.469   2.683   2.894   3.097   3.293   3.478   3.648   3.805   3.946   4.071   4.185   4.288   4.381   4.468   4.550   4.626
   4.325  -0.387  -0.384  -0.380  -0.375  -0.369  -0.361  -0.352  -0.342  -0.329  -0.315  -0.296  -0.271  -0.241  -0.200  -0.148  -0.083  -0.005   0.087   0.198   0.327   0.473   0.634   0.810   0.995   1.192   1.395   1.603   1.815   2.028   2.245   2.462   2.680   2.895   3.104   3.310   3.505   3.688   3.858   4.013   4.151   4.277   4.390   4.491   4.585   4.669   4.745
   4.350  -0.387  -0.384  -0.381  -0.375  -0.368  -0.360  -0.350  -0.338  -0.324  -0.309  -0.289  -0.264  -0.234  -0.194  -0.145  -0.083  -0.006   0.085   0.196   0.324   0.469   0.630   0.805   0.990   1.187   1.390   1.598   1.810   2.025   2.242   2.460   2.679   2.898   3.113   3.326   3.530   3.723   3.906   4.072   4.223   4.361   4.485   4.595   4.694   4.782   4.858
   4.375  -0.387  -0.385  -0.381  -0.375  -0.369  -0.360  -0.349  -0.335  -0.320  -0.303  -0.282  -0.256  -0.225  -0.185  -0.137  -0.077  -0.001   0.089   0.198   0.327   0.471   0.632   0.807   0.992   1.189   1.393   1.600   1.813   2.028   2.246   2.465   2.686   2.908   3.128   3.346   3.556   3.758   3.949   4.127   4.291   4.441   4.577   4.698   4.806   4.898   4.977
   4.400  -0.388  -0.385  -0.382  -0.376  -0.370  -0.361  -0.349  -0.334  -0.317  -0.298  -0.275  -0.248  -0.216  -0.174  -0.126  -0.065   0.010   0.098   0.207   0.334   0.477   0.638   0.813   0.999   1.196   1.400   1.609   1.822   2.038   2.257   2.477   2.700   2.924   3.146   3.368   3.583   3.791   3.991   4.178   4.352   4.513   4.659   4.790   4.906   5.006   5.091
   4.425  -0.389  -0.386  -0.382  -0.377  -0.371  -0.362  -0.350  -0.335  -0.317  -0.295  -0.269  -0.240  -0.206  -0.163  -0.113  -0.052   0.023   0.112   0.220   0.347   0.490   0.651   0.827   1.013   1.210   1.415   1.624   1.839   2.055   2.274   2.495   2.719   2.945   3.169   3.393   3.612   3.826   4.033   4.226   4.409   4.575   4.723   4.856   4.980   5.094   5.197
   4.450  -0.389  -0.387  -0.383  -0.378  -0.373  -0.364  -0.352  -0.337  -0.318  -0.294  -0.266  -0.234  -0.197  -0.152  -0.100  -0.037   0.039   0.129   0.238   0.366   0.510   0.671   0.847   1.033   1.231   1.436   1.646   1.861   2.078   2.297   2.519   2.743   2.969   3.195   3.420   3.642   3.860   4.073   4.272   4.460   4.631   4.780   4.913   5.043   5.167   5.285
   4.475  -0.389  -0.388  -0.384  -0.380  -0.375  -0.366  -0.355  -0.340  -0.320  -0.295  -0.266  -0.231  -0.190  -0.142  -0.088  -0.022   0.056   0.148   0.258   0.388   0.533   0.695   0.872   1.059   1.257   1.462   1.672   1.887   2.104   2.324   2.546   2.771   2.997   3.223   3.450   3.674   3.895   4.110   4.313   4.506   4.683   4.836   4.974   5.105   5.228   5.344
   4.500  -0.389  -0.388  -0.386  -0.382  -0.377  -0.369  -0.358  -0.343  -0.323  -0.298  -0.267  -0.230  -0.186  -0.134  -0.076  -0.007   0.074   0.169   0.282   0.413   0.560   0.723   0.901   1.089   1.288   1.493   1.703   1.918   2.135   2.355   2.578   2.802   3.028   3.254   3.482   3.707   3.928   4.145   4.351   4.549   4.730   4.890   5.034   5.163   5.277   5.377

