low temperature opacities from Ferguson, Alexander, et al (2005) with gn93 metals
    form     version        X           Z          logRs    logR_min    logR_max       logTs    logT_min    logT_max
       1          38    0.200000    0.100000          46   -8.000000    1.000000          75    3.000000    4.100000

   logT                       logR = logRho - 3*logT + 18
          -8.000  -7.800  -7.600  -7.400  -7.200  -7.000  -6.800  -6.600  -6.400  -6.200  -6.000  -5.800  -5.600  -5.400  -5.200  -5.000  -4.800  -4.600  -4.400  -4.200  -4.000  -3.800  -3.600  -3.400  -3.200  -3.000  -2.800  -2.600  -2.400  -2.200  -2.000  -1.800  -1.600  -1.400  -1.200  -1.000  -0.800  -0.600  -0.400  -0.200   0.000   0.200   0.400   0.600   0.800   1.000

   3.000  -0.081  -0.057  -0.038  -0.026  -0.019  -0.015  -0.012  -0.010  -0.008  -0.008  -0.007   0.085   0.255   0.364   0.430   0.480   0.518   0.545   0.567   0.583   0.595   0.604   0.608   0.609   0.610   0.610   0.621   0.639   0.648   0.651   0.654   0.658   0.661   0.664   0.666   0.668   0.669   0.670   0.671   0.673   0.674   0.676   0.678   0.679   0.679   0.679
   3.010  -0.284  -0.188  -0.115  -0.066  -0.041  -0.026  -0.015  -0.009  -0.005  -0.002   0.000   0.001   0.002   0.033   0.198   0.359   0.436   0.483   0.524   0.555   0.578   0.596   0.608   0.617   0.621   0.626   0.636   0.647   0.656   0.662   0.666   0.669   0.671   0.673   0.675   0.677   0.679   0.680   0.681   0.683   0.685   0.688   0.691   0.691   0.691   0.692
   3.020  -0.928  -0.649  -0.425  -0.261  -0.160  -0.094  -0.052  -0.030  -0.014  -0.005   0.001   0.006   0.009   0.011   0.012   0.013   0.118   0.307   0.423   0.486   0.530   0.564   0.586   0.605   0.619   0.629   0.634   0.637   0.645   0.658   0.669   0.675   0.678   0.681   0.684   0.686   0.688   0.690   0.692   0.694   0.697   0.700   0.703   0.704   0.704   0.704
   3.030  -0.841  -0.840  -0.837  -0.796  -0.589  -0.377  -0.243  -0.139  -0.071  -0.036  -0.015   0.000   0.008   0.014   0.018   0.020   0.022   0.023   0.057   0.238   0.412   0.493   0.540   0.578   0.601   0.618   0.633   0.643   0.650   0.652   0.656   0.665   0.675   0.683   0.689   0.694   0.697   0.699   0.702   0.705   0.709   0.712   0.715   0.716   0.716   0.716
   3.040  -0.858  -0.842  -0.831  -0.825  -0.823  -0.820  -0.703  -0.485  -0.326  -0.202  -0.106  -0.049  -0.018   0.002   0.014   0.021   0.027   0.030   0.032   0.033   0.035   0.160   0.382   0.503   0.555   0.590   0.626   0.650   0.658   0.661   0.664   0.672   0.682   0.689   0.695   0.700   0.704   0.708   0.712   0.716   0.719   0.723   0.725   0.726   0.727   0.727
   3.050  -0.877  -0.857  -0.843  -0.837  -0.836  -0.833  -0.826  -0.811  -0.768  -0.626  -0.464  -0.308  -0.158  -0.069  -0.026   0.000   0.018   0.028   0.035   0.038   0.043   0.128   0.278   0.378   0.443   0.498   0.553   0.601   0.638   0.663   0.678   0.684   0.687   0.692   0.699   0.705   0.710   0.715   0.719   0.724   0.728   0.732   0.734   0.735   0.736   0.736
   3.060  -0.827  -0.840  -0.847  -0.845  -0.829  -0.819  -0.819  -0.819  -0.817  -0.803  -0.774  -0.685  -0.538  -0.392  -0.228  -0.100  -0.035  -0.002   0.022   0.036   0.044   0.049   0.052   0.084   0.234   0.383   0.463   0.521   0.573   0.617   0.651   0.673   0.686   0.696   0.702   0.707   0.713   0.719   0.724   0.730   0.734   0.738   0.741   0.743   0.744   0.744
   3.070  -0.702  -0.730  -0.756  -0.781  -0.806  -0.818  -0.819  -0.819  -0.818  -0.813  -0.802  -0.789  -0.770  -0.716  -0.572  -0.415  -0.274  -0.141  -0.053  -0.007   0.022   0.042   0.053   0.060   0.064   0.069   0.177   0.366   0.483   0.546   0.592   0.631   0.658   0.679   0.692   0.702   0.711   0.719   0.726   0.733   0.738   0.743   0.746   0.749   0.751   0.751
   3.080  -0.656  -0.658  -0.666  -0.679  -0.706  -0.734  -0.761  -0.784  -0.793  -0.797  -0.798  -0.795  -0.788  -0.776  -0.758  -0.723  -0.634  -0.499  -0.360  -0.201  -0.074  -0.007   0.028   0.050   0.063   0.071   0.076   0.079   0.121   0.315   0.495   0.568   0.606   0.640   0.665   0.684   0.700   0.712   0.722   0.731   0.739   0.745   0.750   0.754   0.756   0.757
   3.090  -0.641  -0.638  -0.637  -0.637  -0.641  -0.649  -0.665  -0.690  -0.715  -0.745  -0.766  -0.774  -0.778  -0.778  -0.768  -0.752  -0.734  -0.706  -0.645  -0.531  -0.399  -0.250  -0.103  -0.015   0.027   0.053   0.068   0.077   0.120   0.256   0.389   0.466   0.522   0.572   0.613   0.647   0.673   0.692   0.709   0.723   0.735   0.744   0.751   0.756   0.760   0.763
   3.100  -0.624  -0.622  -0.620  -0.620  -0.619  -0.619  -0.620  -0.623  -0.631  -0.650  -0.672  -0.694  -0.716  -0.733  -0.745  -0.750  -0.747  -0.738  -0.726  -0.712  -0.685  -0.574  -0.395  -0.251  -0.124  -0.025   0.030   0.059   0.080   0.089   0.103   0.185   0.319   0.423   0.511   0.582   0.626   0.654   0.680   0.704   0.722   0.737   0.747   0.756   0.763   0.768
   3.110  -0.615  -0.609  -0.604  -0.602  -0.601  -0.600  -0.599  -0.599  -0.599  -0.600  -0.601  -0.613  -0.635  -0.655  -0.676  -0.695  -0.711  -0.723  -0.724  -0.719  -0.709  -0.695  -0.672  -0.608  -0.435  -0.260  -0.136  -0.035   0.031   0.059   0.089   0.135   0.191   0.273   0.387   0.486   0.546   0.587   0.628   0.666   0.697   0.719   0.735   0.749   0.761   0.770
   3.120  -0.630  -0.611  -0.597  -0.589  -0.585  -0.582  -0.580  -0.578  -0.578  -0.577  -0.577  -0.581  -0.590  -0.598  -0.606  -0.617  -0.639  -0.662  -0.665  -0.663  -0.661  -0.666  -0.674  -0.673  -0.653  -0.613  -0.495  -0.317  -0.175  -0.048   0.037   0.065   0.082   0.137   0.251   0.361   0.432   0.489   0.547   0.605   0.653   0.686   0.709   0.731   0.751   0.767
   3.130  -0.714  -0.660  -0.619  -0.592  -0.578  -0.570  -0.564  -0.561  -0.559  -0.558  -0.557  -0.556  -0.556  -0.557  -0.561  -0.567  -0.575  -0.585  -0.600  -0.625  -0.638  -0.633  -0.625  -0.626  -0.640  -0.649  -0.642  -0.620  -0.554  -0.343  -0.145  -0.053   0.004   0.073   0.147   0.222   0.294   0.365   0.439   0.518   0.585   0.631   0.665   0.697   0.728   0.755
   3.140  -1.508  -1.076  -0.771  -0.655  -0.606  -0.579  -0.562  -0.553  -0.546  -0.542  -0.539  -0.537  -0.535  -0.535  -0.534  -0.534  -0.534  -0.535  -0.538  -0.551  -0.568  -0.587  -0.604  -0.605  -0.595  -0.588  -0.588  -0.588  -0.587  -0.581  -0.569  -0.438  -0.210  -0.069   0.005   0.071   0.148   0.225   0.310   0.406   0.490   0.549   0.596   0.642   0.687   0.729
   3.150  -3.413  -3.270  -2.924  -2.298  -1.275  -0.669  -0.605  -0.573  -0.549  -0.536  -0.528  -0.522  -0.518  -0.516  -0.514  -0.513  -0.512  -0.511  -0.512  -0.521  -0.530  -0.536  -0.541  -0.549  -0.561  -0.567  -0.565  -0.560  -0.558  -0.558  -0.557  -0.498  -0.380  -0.277  -0.178  -0.083  -0.001   0.077   0.169   0.273   0.369   0.441   0.501   0.563   0.625   0.685
   3.160  -3.894  -3.582  -3.282  -3.012  -2.803  -2.452  -1.657  -0.820  -0.611  -0.569  -0.543  -0.523  -0.513  -0.505  -0.500  -0.496  -0.493  -0.491  -0.489  -0.488  -0.488  -0.489  -0.491  -0.496  -0.510  -0.519  -0.520  -0.521  -0.521  -0.520  -0.518  -0.509  -0.486  -0.438  -0.339  -0.235  -0.152  -0.070   0.023   0.129   0.228   0.310   0.384   0.461   0.539   0.617
   3.170  -4.282  -4.027  -3.757  -3.483  -3.221  -2.858  -2.263  -1.597  -1.127  -0.812  -0.643  -0.578  -0.544  -0.517  -0.501  -0.491  -0.483  -0.477  -0.473  -0.470  -0.468  -0.466  -0.465  -0.465  -0.466  -0.468  -0.479  -0.494  -0.496  -0.493  -0.491  -0.494  -0.498  -0.489  -0.429  -0.354  -0.283  -0.203  -0.115  -0.017   0.080   0.166   0.251   0.339   0.431   0.525
   3.180  -4.551  -4.373  -4.160  -3.910  -3.616  -3.315  -3.015  -2.721  -2.485  -2.327  -2.062  -1.446  -0.791  -0.603  -0.555  -0.523  -0.497  -0.481  -0.468  -0.460  -0.454  -0.449  -0.446  -0.444  -0.442  -0.442  -0.442  -0.443  -0.447  -0.459  -0.468  -0.470  -0.471  -0.469  -0.452  -0.419  -0.369  -0.305  -0.232  -0.148  -0.061   0.025   0.113   0.207   0.306   0.410
   3.190  -4.711  -4.605  -4.456  -4.263  -4.023  -3.757  -3.463  -3.154  -2.864  -2.582  -2.335  -2.190  -2.050  -1.687  -1.055  -0.651  -0.575  -0.535  -0.500  -0.475  -0.457  -0.444  -0.435  -0.429  -0.426  -0.423  -0.420  -0.417  -0.418  -0.421  -0.425  -0.431  -0.436  -0.437  -0.435  -0.430  -0.409  -0.365  -0.313  -0.250  -0.178  -0.100  -0.015   0.076   0.175   0.280
   3.200  -4.783  -4.731  -4.639  -4.509  -4.338  -4.129  -3.874  -3.587  -3.295  -2.990  -2.702  -2.441  -2.208  -2.039  -1.953  -1.794  -1.338  -0.806  -0.615  -0.552  -0.510  -0.474  -0.450  -0.431  -0.419  -0.411  -0.405  -0.402  -0.398  -0.396  -0.395  -0.400  -0.408  -0.410  -0.412  -0.412  -0.405  -0.385  -0.355  -0.314  -0.262  -0.198  -0.124  -0.043   0.048   0.146
   3.210  -4.787  -4.772  -4.727  -4.653  -4.548  -4.402  -4.205  -3.969  -3.706  -3.410  -3.112  -2.818  -2.535  -2.294  -2.089  -1.924  -1.836  -1.767  -1.545  -1.048  -0.683  -0.582  -0.529  -0.482  -0.447  -0.422  -0.404  -0.394  -0.385  -0.378  -0.376  -0.376  -0.377  -0.379  -0.384  -0.386  -0.384  -0.378  -0.368  -0.344  -0.310  -0.264  -0.206  -0.140  -0.064   0.022
   3.220  -4.746  -4.743  -4.735  -4.717  -4.663  -4.570  -4.439  -4.268  -4.055  -3.795  -3.516  -3.222  -2.921  -2.642  -2.377  -2.148  -1.968  -1.827  -1.730  -1.691  -1.620  -1.387  -1.062  -0.817  -0.622  -0.497  -0.444  -0.416  -0.392  -0.375  -0.367  -0.365  -0.364  -0.364  -0.365  -0.365  -0.365  -0.364  -0.362  -0.350  -0.329  -0.299  -0.260  -0.210  -0.151  -0.082
   3.230  -4.684  -4.699  -4.706  -4.705  -4.685  -4.647  -4.579  -4.469  -4.314  -4.112  -3.877  -3.607  -3.313  -3.023  -2.728  -2.456  -2.219  -2.013  -1.853  -1.738  -1.654  -1.611  -1.585  -1.480  -1.195  -0.910  -0.701  -0.534  -0.449  -0.408  -0.385  -0.369  -0.361  -0.358  -0.356  -0.355  -0.355  -0.356  -0.354  -0.346  -0.331  -0.313  -0.289  -0.255  -0.211  -0.159
   3.240  -4.623  -4.641  -4.653  -4.655  -4.655  -4.654  -4.633  -4.573  -4.476  -4.341  -4.166  -3.940  -3.677  -3.401  -3.105  -2.815  -2.539  -2.280  -2.063  -1.884  -1.744  -1.649  -1.589  -1.546  -1.529  -1.500  -1.314  -1.008  -0.778  -0.586  -0.468  -0.422  -0.398  -0.385  -0.377  -0.373  -0.371  -0.370  -0.365  -0.350  -0.333  -0.320  -0.304  -0.280  -0.249  -0.210
   3.250  -4.579  -4.586  -4.593  -4.602  -4.612  -4.617  -4.610  -4.591  -4.554  -4.479  -4.360  -4.193  -3.985  -3.745  -3.466  -3.178  -2.889  -2.602  -2.345  -2.112  -1.915  -1.766  -1.656  -1.574  -1.525  -1.492  -1.469  -1.457  -1.448  -1.444  -1.436  -1.232  -0.871  -0.646  -0.512  -0.452  -0.440  -0.434  -0.414  -0.380  -0.350  -0.333  -0.320  -0.300  -0.273  -0.242
   3.260  -4.559  -4.554  -4.551  -4.552  -4.560  -4.565  -4.565  -4.564  -4.560  -4.526  -4.460  -4.358  -4.214  -4.024  -3.784  -3.522  -3.241  -2.949  -2.670  -2.399  -2.156  -1.951  -1.780  -1.652  -1.568  -1.509  -1.468  -1.445  -1.427  -1.420  -1.407  -1.318  -1.154  -0.977  -0.757  -0.615  -0.582  -0.564  -0.521  -0.455  -0.399  -0.371  -0.354  -0.329  -0.297  -0.261
   3.270  -4.560  -4.545  -4.533  -4.525  -4.521  -4.519  -4.521  -4.523  -4.523  -4.511  -4.487  -4.440  -4.352  -4.219  -4.039  -3.823  -3.568  -3.285  -3.005  -2.718  -2.448  -2.201  -1.979  -1.801  -1.666  -1.563  -1.492  -1.448  -1.415  -1.397  -1.385  -1.378  -1.373  -1.317  -1.059  -0.843  -0.785  -0.753  -0.683  -0.580  -0.491  -0.450  -0.426  -0.387  -0.337  -0.280
   3.280  -4.571  -4.553  -4.536  -4.520  -4.505  -4.493  -4.487  -4.483  -4.479  -4.475  -4.468  -4.449  -4.405  -4.328  -4.212  -4.053  -3.842  -3.592  -3.328  -3.043  -2.761  -2.490  -2.233  -2.012  -1.821  -1.666  -1.556  -1.482  -1.426  -1.393  -1.371  -1.359  -1.351  -1.313  -1.186  -1.062  -1.003  -0.956  -0.869  -0.740  -0.630  -0.582  -0.553  -0.492  -0.408  -0.304
   3.290  -4.583  -4.566  -4.548  -4.529  -4.510  -4.491  -4.474  -4.459  -4.448  -4.442  -4.433  -4.421  -4.403  -4.366  -4.302  -4.198  -4.044  -3.848  -3.619  -3.350  -3.072  -2.794  -2.519  -2.267  -2.032  -1.832  -1.676  -1.556  -1.466  -1.409  -1.369  -1.347  -1.335  -1.304  -1.257  -1.207  -1.165  -1.117  -1.034  -0.913  -0.808  -0.765  -0.738  -0.660  -0.521  -0.338
   3.300  -4.582  -4.574  -4.562  -4.545  -4.524  -4.502  -4.480  -4.457  -4.438  -4.421  -4.406  -4.394  -4.381  -4.356  -4.325  -4.266  -4.169  -4.035  -3.853  -3.620  -3.365  -3.094  -2.812  -2.545  -2.285  -2.050  -1.849  -1.678  -1.547  -1.456  -1.390  -1.347  -1.323  -1.299  -1.280  -1.258  -1.234  -1.203  -1.152  -1.076  -1.011  -0.983  -0.965  -0.896  -0.684  -0.381
   3.310  -4.557  -4.558  -4.559  -4.556  -4.540  -4.518  -4.495  -4.470  -4.446  -4.421  -4.398  -4.378  -4.358  -4.337  -4.317  -4.280  -4.223  -4.141  -4.011  -3.834  -3.623  -3.373  -3.097  -2.828  -2.556  -2.300  -2.063  -1.849  -1.677  -1.545  -1.443  -1.371  -1.325  -1.290  -1.269  -1.255  -1.244  -1.237  -1.231  -1.227  -1.224  -1.222  -1.219  -1.171  -0.875  -0.430
   3.320  -4.501  -4.526  -4.541  -4.542  -4.538  -4.529  -4.512  -4.489  -4.464  -4.436  -4.408  -4.380  -4.352  -4.325  -4.302  -4.271  -4.235  -4.186  -4.099  -3.979  -3.820  -3.608  -3.361  -3.104  -2.829  -2.560  -2.305  -2.064  -1.857  -1.679  -1.534  -1.428  -1.353  -1.298  -1.265  -1.243  -1.226  -1.216  -1.207  -1.201  -1.196  -1.192  -1.189  -1.186  -1.183  -1.181
   3.330  -4.416  -4.457  -4.488  -4.508  -4.519  -4.523  -4.517  -4.501  -4.481  -4.456  -4.427  -4.397  -4.364  -4.332  -4.299  -4.265  -4.233  -4.195  -4.135  -4.059  -3.947  -3.785  -3.585  -3.355  -3.090  -2.820  -2.557  -2.300  -2.065  -1.849  -1.665  -1.523  -1.414  -1.331  -1.279  -1.241  -1.214  -1.198  -1.185  -1.176  -1.169  -1.164  -1.160  -1.156  -1.153  -1.150
   3.340  -4.313  -4.364  -4.407  -4.444  -4.476  -4.491  -4.494  -4.495  -4.492  -4.473  -4.447  -4.419  -4.386  -4.351  -4.314  -4.275  -4.237  -4.197  -4.148  -4.095  -4.015  -3.900  -3.753  -3.562  -3.324  -3.071  -2.809  -2.541  -2.291  -2.051  -1.838  -1.659  -1.510  -1.394  -1.313  -1.253  -1.212  -1.187  -1.168  -1.154  -1.145  -1.138  -1.132  -1.128  -1.123  -1.120
   3.350  -4.204  -4.258  -4.308  -4.353  -4.396  -4.430  -4.456  -4.473  -4.474  -4.469  -4.457  -4.437  -4.408  -4.376  -4.339  -4.299  -4.256  -4.210  -4.161  -4.112  -4.048  -3.966  -3.860  -3.711  -3.518  -3.298  -3.047  -2.778  -2.521  -2.269  -2.035  -1.824  -1.638  -1.488  -1.375  -1.288  -1.227  -1.188  -1.158  -1.138  -1.124  -1.113  -1.106  -1.100  -1.094  -1.090
   3.360  -4.097  -4.150  -4.202  -4.252  -4.302  -4.347  -4.386  -4.417  -4.436  -4.446  -4.449  -4.441  -4.421  -4.396  -4.363  -4.326  -4.284  -4.237  -4.187  -4.134  -4.072  -4.004  -3.922  -3.807  -3.660  -3.481  -3.257  -3.005  -2.752  -2.491  -2.242  -2.010  -1.796  -1.617  -1.469  -1.350  -1.263  -1.203  -1.157  -1.129  -1.109  -1.093  -1.083  -1.073  -1.066  -1.061
   3.370  -3.997  -4.046  -4.096  -4.146  -4.198  -4.248  -4.295  -4.339  -4.374  -4.403  -4.416  -4.415  -4.413  -4.407  -4.382  -4.349  -4.312  -4.269  -4.220  -4.164  -4.102  -4.037  -3.963  -3.868  -3.756  -3.613  -3.426  -3.206  -2.969  -2.708  -2.450  -2.206  -1.975  -1.771  -1.590  -1.439  -1.323  -1.236  -1.170  -1.129  -1.099  -1.076  -1.061  -1.049  -1.039  -1.033
   3.380  -3.908  -3.951  -3.997  -4.044  -4.095  -4.145  -4.195  -4.245  -4.288  -4.328  -4.359  -4.380  -4.391  -4.391  -4.380  -4.361  -4.333  -4.296  -4.252  -4.200  -4.140  -4.075  -4.002  -3.916  -3.822  -3.703  -3.551  -3.371  -3.159  -2.911  -2.658  -2.408  -2.162  -1.938  -1.731  -1.552  -1.408  -1.293  -1.204  -1.143  -1.098  -1.065  -1.044  -1.026  -1.014  -1.006
   3.390  -3.831  -3.867  -3.906  -3.949  -3.996  -4.044  -4.094  -4.145  -4.193  -4.240  -4.281  -4.318  -4.345  -4.351  -4.353  -4.354  -4.342  -4.312  -4.277  -4.233  -4.180  -4.118  -4.046  -3.964  -3.875  -3.768  -3.642  -3.493  -3.310  -3.091  -2.856  -2.607  -2.350  -2.113  -1.889  -1.688  -1.517  -1.372  -1.256  -1.171  -1.107  -1.062  -1.033  -1.008  -0.990  -0.980
   3.400  -3.765  -3.794  -3.827  -3.864  -3.905  -3.949  -3.995  -4.044  -4.092  -4.142  -4.189  -4.232  -4.270  -4.298  -4.318  -4.326  -4.322  -4.309  -4.288  -4.254  -4.209  -4.155  -4.090  -4.014  -3.927  -3.827  -3.714  -3.584  -3.425  -3.238  -3.029  -2.790  -2.535  -2.292  -2.054  -1.835  -1.640  -1.469  -1.328  -1.218  -1.132  -1.070  -1.029  -0.994  -0.969  -0.954
   3.410  -3.710  -3.733  -3.760  -3.791  -3.825  -3.863  -3.904  -3.948  -3.994  -4.043  -4.091  -4.138  -4.182  -4.221  -4.256  -4.275  -4.281  -4.284  -4.281  -4.259  -4.224  -4.181  -4.127  -4.060  -3.979  -3.885  -3.778  -3.656  -3.513  -3.353  -3.168  -2.950  -2.712  -2.471  -2.222  -1.987  -1.773  -1.580  -1.416  -1.282  -1.173  -1.091  -1.032  -0.985  -0.951  -0.932
   3.420  -3.668  -3.684  -3.705  -3.728  -3.756  -3.787  -3.822  -3.861  -3.902  -3.948  -3.994  -4.041  -4.088  -4.131  -4.172  -4.205  -4.230  -4.245  -4.246  -4.237  -4.220  -4.191  -4.147  -4.090  -4.021  -3.937  -3.837  -3.721  -3.589  -3.443  -3.275  -3.081  -2.867  -2.637  -2.387  -2.143  -1.916  -1.704  -1.519  -1.361  -1.228  -1.124  -1.045  -0.983  -0.938  -0.912
   3.430  -3.640  -3.649  -3.661  -3.678  -3.698  -3.723  -3.751  -3.784  -3.819  -3.858  -3.900  -3.945  -3.991  -4.036  -4.081  -4.121  -4.157  -4.184  -4.192  -4.194  -4.195  -4.181  -4.147  -4.103  -4.047  -3.975  -3.885  -3.778  -3.656  -3.516  -3.360  -3.186  -2.994  -2.780  -2.541  -2.300  -2.063  -1.833  -1.629  -1.448  -1.293  -1.169  -1.071  -0.992  -0.933  -0.895
   3.440  -3.625  -3.627  -3.631  -3.640  -3.653  -3.670  -3.691  -3.716  -3.745  -3.778  -3.815  -3.855  -3.898  -3.942  -3.987  -4.029  -4.068  -4.102  -4.127  -4.143  -4.149  -4.143  -4.124  -4.093  -4.051  -3.992  -3.916  -3.823  -3.710  -3.579  -3.432  -3.271  -3.094  -2.896  -2.677  -2.448  -2.208  -1.966  -1.748  -1.547  -1.371  -1.225  -1.106  -1.008  -0.933  -0.881
   3.450  -3.621  -3.617  -3.614  -3.615  -3.620  -3.630  -3.643  -3.661  -3.683  -3.709  -3.739  -3.773  -3.810  -3.849  -3.893  -3.935  -3.976  -4.014  -4.045  -4.074  -4.086  -4.084  -4.078  -4.065  -4.032  -3.983  -3.921  -3.844  -3.745  -3.625  -3.489  -3.337  -3.170  -2.986  -2.787  -2.574  -2.341  -2.098  -1.871  -1.653  -1.457  -1.290  -1.149  -1.032  -0.940  -0.873
   3.460  -3.624  -3.615  -3.609  -3.606  -3.604  -3.603  -3.607  -3.618  -3.633  -3.651  -3.674  -3.700  -3.731  -3.765  -3.803  -3.842  -3.882  -3.920  -3.955  -3.989  -4.008  -4.014  -4.017  -4.014  -3.990  -3.951  -3.902  -3.838  -3.754  -3.650  -3.527  -3.386  -3.227  -3.056  -2.872  -2.673  -2.454  -2.223  -1.995  -1.764  -1.550  -1.363  -1.199  -1.063  -0.954  -0.872
   3.470  -3.630  -3.621  -3.612  -3.604  -3.595  -3.591  -3.591  -3.592  -3.594  -3.604  -3.620  -3.639  -3.663  -3.690  -3.721  -3.754  -3.790  -3.828  -3.862  -3.894  -3.920  -3.936  -3.944  -3.943  -3.927  -3.898  -3.858  -3.805  -3.734  -3.645  -3.538  -3.409  -3.262  -3.103  -2.930  -2.743  -2.541  -2.327  -2.105  -1.871  -1.648  -1.445  -1.261  -1.105  -0.977  -0.875
   3.480  -3.636  -3.628  -3.619  -3.609  -3.598  -3.589  -3.580  -3.574  -3.573  -3.575  -3.579  -3.589  -3.605  -3.625  -3.649  -3.675  -3.705  -3.737  -3.769  -3.800  -3.827  -3.847  -3.859  -3.860  -3.849  -3.828  -3.795  -3.749  -3.687  -3.612  -3.518  -3.404  -3.271  -3.125  -2.963  -2.788  -2.602  -2.404  -2.193  -1.967  -1.745  -1.531  -1.329  -1.155  -1.007  -0.883
   3.490  -3.638  -3.632  -3.625  -3.616  -3.605  -3.594  -3.583  -3.572  -3.563  -3.557  -3.554  -3.556  -3.562  -3.572  -3.587  -3.606  -3.629  -3.654  -3.680  -3.708  -3.732  -3.752  -3.766  -3.767  -3.759  -3.743  -3.715  -3.673  -3.618  -3.552  -3.469  -3.368  -3.250  -3.118  -2.968  -2.807  -2.635  -2.451  -2.255  -2.044  -1.830  -1.613  -1.400  -1.211  -1.045  -0.899
   3.500  -3.633  -3.632  -3.628  -3.622  -3.613  -3.602  -3.590  -3.576  -3.564  -3.552  -3.542  -3.535  -3.532  -3.532  -3.538  -3.549  -3.563  -3.580  -3.599  -3.621  -3.640  -3.657  -3.669  -3.670  -3.663  -3.648  -3.622  -3.582  -3.532  -3.471  -3.396  -3.306  -3.201  -3.081  -2.946  -2.798  -2.639  -2.467  -2.286  -2.092  -1.892  -1.681  -1.467  -1.272  -1.092  -0.925
   3.525  -3.551  -3.575  -3.589  -3.594  -3.594  -3.591  -3.585  -3.580  -3.573  -3.565  -3.557  -3.547  -3.537  -3.527  -3.510  -3.491  -3.473  -3.455  -3.444  -3.436  -3.427  -3.425  -3.426  -3.422  -3.408  -3.385  -3.354  -3.313  -3.264  -3.208  -3.143  -3.067  -2.981  -2.883  -2.774  -2.655  -2.528  -2.379  -2.221  -2.054  -1.869  -1.674  -1.492  -1.325  -1.158  -0.983
   3.550  -3.396  -3.440  -3.478  -3.511  -3.537  -3.558  -3.573  -3.581  -3.582  -3.578  -3.571  -3.559  -3.542  -3.522  -3.498  -3.472  -3.443  -3.413  -3.383  -3.353  -3.323  -3.293  -3.262  -3.227  -3.189  -3.147  -3.099  -3.046  -2.988  -2.926  -2.857  -2.782  -2.702  -2.614  -2.520  -2.419  -2.310  -2.193  -2.069  -1.938  -1.799  -1.653  -1.500  -1.343  -1.179  -1.011
   3.575  -3.196  -3.244  -3.289  -3.336  -3.379  -3.419  -3.454  -3.484  -3.503  -3.519  -3.531  -3.532  -3.525  -3.510  -3.495  -3.483  -3.464  -3.437  -3.405  -3.369  -3.327  -3.271  -3.204  -3.128  -3.050  -2.970  -2.891  -2.815  -2.740  -2.665  -2.583  -2.499  -2.415  -2.328  -2.240  -2.147  -2.051  -1.950  -1.842  -1.728  -1.617  -1.500  -1.366  -1.221  -1.071  -0.916
   3.600  -2.944  -2.994  -3.044  -3.094  -3.142  -3.191  -3.241  -3.290  -3.336  -3.379  -3.417  -3.450  -3.475  -3.486  -3.491  -3.493  -3.484  -3.460  -3.428  -3.385  -3.331  -3.263  -3.184  -3.095  -2.994  -2.888  -2.779  -2.668  -2.559  -2.453  -2.349  -2.248  -2.150  -2.055  -1.962  -1.869  -1.775  -1.680  -1.580  -1.476  -1.366  -1.249  -1.127  -1.000  -0.869  -0.734
   3.625  -2.629  -2.697  -2.763  -2.828  -2.891  -2.953  -3.013  -3.071  -3.127  -3.179  -3.228  -3.278  -3.325  -3.360  -3.390  -3.411  -3.422  -3.421  -3.398  -3.366  -3.325  -3.270  -3.198  -3.112  -3.009  -2.895  -2.771  -2.630  -2.488  -2.341  -2.206  -2.080  -1.960  -1.847  -1.737  -1.630  -1.527  -1.426  -1.323  -1.221  -1.115  -1.006  -0.894  -0.778  -0.657  -0.533
   3.650  -2.284  -2.368  -2.449  -2.528  -2.604  -2.676  -2.745  -2.810  -2.871  -2.930  -2.986  -3.041  -3.094  -3.144  -3.193  -3.236  -3.276  -3.306  -3.311  -3.309  -3.305  -3.276  -3.212  -3.129  -3.024  -2.902  -2.762  -2.609  -2.453  -2.291  -2.133  -1.981  -1.834  -1.694  -1.562  -1.435  -1.315  -1.200  -1.088  -0.980  -0.872  -0.764  -0.656  -0.543  -0.428  -0.310
   3.675  -1.922  -2.009  -2.095  -2.180  -2.263  -2.345  -2.423  -2.500  -2.573  -2.644  -2.712  -2.778  -2.843  -2.904  -2.964  -3.017  -3.068  -3.111  -3.140  -3.165  -3.183  -3.171  -3.131  -3.074  -2.986  -2.873  -2.738  -2.588  -2.434  -2.274  -2.112  -1.949  -1.781  -1.618  -1.463  -1.314  -1.174  -1.040  -0.911  -0.787  -0.667  -0.549  -0.434  -0.317  -0.200  -0.083
   3.700  -1.587  -1.668  -1.750  -1.833  -1.918  -2.003  -2.088  -2.172  -2.254  -2.335  -2.413  -2.489  -2.562  -2.631  -2.696  -2.757  -2.813  -2.864  -2.907  -2.946  -2.964  -2.961  -2.952  -2.932  -2.873  -2.787  -2.681  -2.555  -2.413  -2.256  -2.090  -1.919  -1.744  -1.571  -1.400  -1.234  -1.075  -0.922  -0.774  -0.633  -0.496  -0.364  -0.236  -0.110   0.014   0.135
   3.725  -1.323  -1.387  -1.457  -1.527  -1.603  -1.682  -1.763  -1.847  -1.929  -2.013  -2.095  -2.175  -2.254  -2.329  -2.402  -2.469  -2.533  -2.591  -2.643  -2.689  -2.714  -2.719  -2.720  -2.712  -2.668  -2.604  -2.523  -2.421  -2.302  -2.164  -2.015  -1.855  -1.692  -1.526  -1.355  -1.184  -1.015  -0.847  -0.685  -0.527  -0.373  -0.226  -0.083   0.057   0.192   0.323
   3.750  -1.149  -1.185  -1.229  -1.281  -1.340  -1.405  -1.475  -1.549  -1.625  -1.704  -1.783  -1.863  -1.942  -2.019  -2.095  -2.166  -2.233  -2.296  -2.349  -2.398  -2.426  -2.436  -2.440  -2.436  -2.401  -2.347  -2.280  -2.196  -2.101  -1.992  -1.872  -1.741  -1.600  -1.450  -1.290  -1.125  -0.955  -0.783  -0.612  -0.443  -0.277  -0.116   0.042   0.195   0.343   0.487
   3.775  -1.074  -1.086  -1.102  -1.128  -1.162  -1.204  -1.253  -1.309  -1.369  -1.433  -1.501  -1.571  -1.644  -1.716  -1.789  -1.858  -1.924  -1.985  -2.038  -2.086  -2.114  -2.126  -2.132  -2.130  -2.101  -2.054  -1.997  -1.926  -1.844  -1.752  -1.651  -1.540  -1.421  -1.292  -1.155  -1.009  -0.857  -0.698  -0.535  -0.368  -0.200  -0.031   0.137   0.301   0.462   0.619
   3.800  -1.047  -1.048  -1.051  -1.056  -1.067  -1.083  -1.105  -1.134  -1.170  -1.214  -1.264  -1.319  -1.378  -1.438  -1.500  -1.560  -1.618  -1.673  -1.720  -1.762  -1.787  -1.797  -1.802  -1.799  -1.772  -1.730  -1.679  -1.616  -1.546  -1.466  -1.380  -1.288  -1.188  -1.082  -0.969  -0.847  -0.717  -0.578  -0.431  -0.274  -0.112   0.056   0.228   0.398   0.566   0.734
   3.825  -1.042  -1.038  -1.034  -1.031  -1.030  -1.031  -1.034  -1.040  -1.053  -1.074  -1.098  -1.129  -1.167  -1.204  -1.245  -1.286  -1.328  -1.368  -1.403  -1.433  -1.451  -1.458  -1.458  -1.450  -1.425  -1.388  -1.343  -1.289  -1.228  -1.158  -1.083  -1.003  -0.917  -0.825  -0.727  -0.623  -0.511  -0.391  -0.262  -0.124   0.021   0.175   0.336   0.499   0.666   0.837
   3.850  -1.040  -1.034  -1.029  -1.023  -1.018  -1.013  -1.008  -1.003  -1.001  -1.000  -1.000  -1.003  -1.012  -1.023  -1.038  -1.055  -1.073  -1.092  -1.107  -1.120  -1.125  -1.122  -1.113  -1.098  -1.072  -1.038  -0.997  -0.949  -0.894  -0.833  -0.766  -0.695  -0.619  -0.538  -0.453  -0.362  -0.266  -0.163  -0.053   0.064   0.190   0.325   0.469   0.621   0.779   0.946
   3.875  -1.043  -1.037  -1.032  -1.025  -1.018  -1.011  -1.002  -0.992  -0.981  -0.969  -0.955  -0.940  -0.925  -0.913  -0.901  -0.890  -0.880  -0.868  -0.854  -0.839  -0.822  -0.802  -0.780  -0.754  -0.723  -0.687  -0.647  -0.602  -0.553  -0.498  -0.440  -0.377  -0.310  -0.239  -0.164  -0.084   0.001   0.091   0.188   0.292   0.403   0.523   0.651   0.788   0.932   1.085
   3.900  -1.046  -1.041  -1.034  -1.027  -1.019  -1.010  -1.000  -0.989  -0.975  -0.959  -0.940  -0.918  -0.892  -0.861  -0.825  -0.786  -0.743  -0.698  -0.652  -0.606  -0.561  -0.518  -0.476  -0.434  -0.392  -0.350  -0.306  -0.261  -0.214  -0.164  -0.111  -0.055   0.005   0.068   0.135   0.207   0.283   0.363   0.450   0.542   0.641   0.748   0.861   0.983   1.111   1.247
   3.925  -1.038  -1.036  -1.032  -1.027  -1.020  -1.012  -1.003  -0.992  -0.978  -0.961  -0.940  -0.914  -0.881  -0.840  -0.791  -0.734  -0.667  -0.596  -0.523  -0.445  -0.369  -0.297  -0.224  -0.158  -0.097  -0.039   0.014   0.064   0.114   0.164   0.214   0.267   0.320   0.377   0.437   0.501   0.569   0.641   0.719   0.802   0.891   0.986   1.089   1.198   1.314   1.437
   3.950  -1.015  -1.021  -1.025  -1.025  -1.021  -1.015  -1.006  -0.995  -0.980  -0.963  -0.941  -0.912  -0.877  -0.833  -0.780  -0.716  -0.640  -0.553  -0.456  -0.349  -0.241  -0.134  -0.030   0.065   0.151   0.229   0.298   0.359   0.418   0.472   0.524   0.576   0.627   0.680   0.734   0.792   0.854   0.919   0.990   1.065   1.146   1.233   1.326   1.425   1.531   1.643
   3.975  -0.940  -0.957  -0.971  -0.983  -0.991  -0.995  -0.994  -0.987  -0.976  -0.961  -0.941  -0.915  -0.881  -0.837  -0.783  -0.717  -0.635  -0.539  -0.429  -0.303  -0.171  -0.037   0.095   0.216   0.330   0.432   0.525   0.607   0.681   0.746   0.806   0.862   0.915   0.968   1.020   1.074   1.131   1.191   1.256   1.324   1.398   1.477   1.563   1.654   1.751   1.854
   4.000  -0.850  -0.871  -0.891  -0.911  -0.931  -0.947  -0.958  -0.963  -0.963  -0.955  -0.940  -0.917  -0.885  -0.842  -0.787  -0.718  -0.633  -0.534  -0.419  -0.288  -0.148   0.000   0.154   0.301   0.444   0.577   0.696   0.803   0.897   0.978   1.051   1.116   1.175   1.232   1.286   1.340   1.395   1.451   1.512   1.575   1.643   1.717   1.796   1.880   1.970   2.065
   4.025  -0.802  -0.814  -0.825  -0.838  -0.854  -0.868  -0.881  -0.895  -0.905  -0.910  -0.906  -0.893  -0.871  -0.834  -0.783  -0.717  -0.636  -0.539  -0.425  -0.293  -0.149   0.007   0.173   0.338   0.504   0.664   0.807   0.938   1.053   1.152   1.244   1.325   1.396   1.463   1.523   1.580   1.637   1.693   1.752   1.812   1.877   1.946   2.019   2.097   2.181   2.270
   4.050  -0.771  -0.771  -0.773  -0.776  -0.781  -0.789  -0.800  -0.812  -0.824  -0.837  -0.843  -0.840  -0.830  -0.811  -0.771  -0.713  -0.638  -0.544  -0.431  -0.298  -0.151   0.009   0.180   0.351   0.525   0.694   0.857   1.011   1.151   1.275   1.388   1.488   1.577   1.657   1.727   1.792   1.854   1.913   1.973   2.033   2.096   2.162   2.231   2.305   2.384   2.467
   4.075  -0.752  -0.751  -0.749  -0.748  -0.748  -0.750  -0.754  -0.758  -0.762  -0.767  -0.768  -0.764  -0.754  -0.741  -0.713  -0.667  -0.604  -0.522  -0.418  -0.290  -0.149   0.007   0.174   0.344   0.521   0.696   0.869   1.041   1.201   1.351   1.484   1.602   1.708   1.806   1.891   1.968   2.040   2.105   2.170   2.232   2.296   2.361   2.428   2.499   2.574   2.652
   4.100  -0.742  -0.739  -0.736  -0.734  -0.731  -0.727  -0.723  -0.718  -0.712  -0.706  -0.698  -0.688  -0.675  -0.654  -0.628  -0.589  -0.536  -0.468  -0.379  -0.269  -0.141   0.006   0.167   0.337   0.517   0.697   0.875   1.050   1.217   1.377   1.527   1.668   1.799   1.916   2.019   2.112   2.195   2.271   2.342   2.410   2.476   2.543   2.610   2.680   2.752   2.826

