low temperature opacities from Ferguson, Alexander, et al (2005) with gs98 metals
    form     version        X           Z          logRs    logR_min    logR_max       logTs    logT_min    logT_max
       1          38    0.000000    0.030000          46   -8.000000    1.000000         105    2.700000    4.500000

   logT                       logR = logRho - 3*logT + 18
          -8.000  -7.800  -7.600  -7.400  -7.200  -7.000  -6.800  -6.600  -6.400  -6.200  -6.000  -5.800  -5.600  -5.400  -5.200  -5.000  -4.800  -4.600  -4.400  -4.200  -4.000  -3.800  -3.600  -3.400  -3.200  -3.000  -2.800  -2.600  -2.400  -2.200  -2.000  -1.800  -1.600  -1.400  -1.200  -1.000  -0.800  -0.600  -0.400  -0.200   0.000   0.200   0.400   0.600   0.800   1.000

   2.700   0.067   0.064   0.063   0.065   0.079   0.087   0.087   0.087   0.087   0.087   0.087   0.087   0.087   0.087   0.087   0.087   0.064   0.030   0.028   0.052   0.067   0.059   0.045   0.044   0.048   0.054   0.060   0.066   0.067   0.065   0.064   0.065   0.068   0.089   0.181   0.240   0.185   0.101   0.094   0.142   0.173   0.146   0.104   0.100   0.129   0.186
   2.750   0.076   0.073   0.070   0.065   0.059   0.056   0.063   0.073   0.075   0.075   0.075   0.075   0.075   0.075   0.075   0.075   0.054   0.022   0.022   0.054   0.075   0.072   0.068   0.068   0.072   0.075   0.074   0.073   0.073   0.073   0.074   0.075   0.076   0.092   0.165   0.211   0.169   0.104   0.100   0.143   0.172   0.147   0.108   0.105   0.132   0.184
   2.800   0.090   0.096   0.099   0.096   0.082   0.072   0.080   0.092   0.094   0.094   0.094   0.094   0.094   0.094   0.093   0.093   0.093   0.093   0.093   0.093   0.093   0.088   0.081   0.081   0.088   0.093   0.093   0.093   0.093   0.093   0.093   0.094   0.096   0.106   0.142   0.164   0.144   0.113   0.114   0.147   0.168   0.149   0.118   0.116   0.138   0.181
   2.850   0.081   0.083   0.085   0.087   0.090   0.093   0.097   0.100   0.104   0.107   0.108   0.108   0.107   0.099   0.061   0.037   0.069   0.119   0.127   0.122   0.119   0.122   0.126   0.127   0.127   0.127   0.127   0.127   0.127   0.127   0.127   0.126   0.124   0.126   0.137   0.144   0.138   0.129   0.132   0.153   0.166   0.153   0.132   0.130   0.147   0.178
   2.900   0.078   0.080   0.082   0.082   0.083   0.083   0.083   0.084   0.086   0.094   0.099   0.100   0.100   0.097   0.079   0.068   0.085   0.114   0.126   0.130   0.133   0.138   0.142   0.146   0.149   0.151   0.151   0.152   0.152   0.153   0.154   0.152   0.148   0.147   0.147   0.147   0.147   0.148   0.150   0.160   0.167   0.159   0.147   0.146   0.157   0.177
   2.910   0.070   0.075   0.079   0.082   0.084   0.085   0.086   0.087   0.087   0.087   0.087   0.093   0.102   0.101   0.085   0.075   0.087   0.109   0.121   0.126   0.130   0.134   0.139   0.143   0.149   0.153   0.157   0.159   0.160   0.161   0.161   0.161   0.161   0.162   0.162   0.163   0.163   0.163   0.165   0.169   0.171   0.167   0.161   0.161   0.167   0.178
   2.920   0.037   0.054   0.067   0.076   0.081   0.084   0.087   0.088   0.090   0.091   0.091   0.091   0.090   0.089   0.085   0.083   0.092   0.108   0.117   0.121   0.125   0.130   0.136   0.142   0.146   0.151   0.156   0.160   0.164   0.167   0.169   0.169   0.169   0.170   0.171   0.172   0.174   0.175   0.176   0.177   0.177   0.176   0.174   0.174   0.177   0.182
   2.930  -0.053  -0.011   0.022   0.047   0.064   0.075   0.082   0.086   0.090   0.092   0.093   0.094   0.094   0.096   0.102   0.107   0.111   0.115   0.118   0.119   0.121   0.125   0.131   0.137   0.143   0.149   0.154   0.159   0.163   0.168   0.172   0.175   0.176   0.178   0.179   0.180   0.181   0.183   0.184   0.184   0.185   0.185   0.185   0.185   0.186   0.188
   2.940  -0.210  -0.141  -0.082  -0.033   0.006   0.037   0.058   0.072   0.083   0.089   0.093   0.096   0.097   0.099   0.099   0.100   0.104   0.110   0.115   0.119   0.122   0.125   0.128   0.132   0.138   0.144   0.150   0.156   0.162   0.168   0.173   0.177   0.181   0.183   0.185   0.186   0.188   0.189   0.190   0.191   0.192   0.193   0.194   0.194   0.195   0.196
   2.950  -0.662  -0.444  -0.274  -0.158  -0.099  -0.057  -0.011   0.026   0.053   0.070   0.082   0.091   0.096   0.100   0.102   0.103   0.104   0.104   0.107   0.117   0.124   0.125   0.126   0.129   0.134   0.140   0.145   0.151   0.157   0.164   0.171   0.177   0.182   0.186   0.189   0.192   0.194   0.195   0.197   0.198   0.200   0.201   0.202   0.203   0.204   0.204
   2.960  -0.658  -0.658  -0.658  -0.621  -0.413  -0.213  -0.125  -0.075  -0.027   0.014   0.045   0.067   0.081   0.092   0.098   0.102   0.105   0.107   0.109   0.109   0.110   0.117   0.128   0.132   0.134   0.136   0.141   0.147   0.153   0.160   0.167   0.174   0.180   0.185   0.191   0.195   0.198   0.200   0.203   0.205   0.207   0.209   0.210   0.211   0.212   0.213
   2.970  -0.656  -0.655  -0.654  -0.654  -0.653  -0.653  -0.522  -0.285  -0.148  -0.086  -0.042   0.003   0.038   0.064   0.082   0.094   0.102   0.107   0.111   0.114   0.115   0.115   0.115   0.117   0.130   0.141   0.144   0.145   0.149   0.155   0.161   0.168   0.176   0.183   0.189   0.195   0.200   0.204   0.207   0.210   0.213   0.215   0.218   0.219   0.221   0.222
   2.980  -0.659  -0.656  -0.653  -0.651  -0.650  -0.649  -0.649  -0.648  -0.609  -0.392  -0.185  -0.098  -0.053  -0.008   0.032   0.062   0.083   0.096   0.106   0.112   0.116   0.118   0.120   0.124   0.131   0.138   0.142   0.145   0.149   0.154   0.159   0.165   0.172   0.179   0.186   0.193   0.199   0.205   0.210   0.214   0.218   0.221   0.224   0.227   0.229   0.231
   2.990  -0.676  -0.666  -0.658  -0.652  -0.649  -0.646  -0.644  -0.643  -0.643  -0.642  -0.642  -0.500  -0.248  -0.112  -0.055  -0.015   0.027   0.060   0.084   0.099   0.110   0.117   0.121   0.124   0.126   0.128   0.135   0.144   0.149   0.152   0.156   0.162   0.168   0.175   0.183   0.191   0.198   0.204   0.211   0.216   0.222   0.226   0.230   0.233   0.237   0.240
   3.000  -0.723  -0.699  -0.680  -0.666  -0.657  -0.650  -0.645  -0.641  -0.639  -0.638  -0.637  -0.637  -0.636  -0.594  -0.361  -0.146  -0.061  -0.017   0.025   0.059   0.084   0.102   0.114   0.123   0.128   0.131   0.133   0.134   0.139   0.149   0.159   0.164   0.168   0.173   0.180   0.188   0.195   0.203   0.210   0.217   0.223   0.229   0.234   0.239   0.243   0.247
   3.010  -0.867  -0.799  -0.746  -0.707  -0.684  -0.668  -0.655  -0.647  -0.641  -0.637  -0.634  -0.632  -0.630  -0.630  -0.629  -0.629  -0.479  -0.213  -0.072  -0.014   0.026   0.063   0.090   0.110   0.123   0.131   0.138   0.141   0.142   0.143   0.143   0.151   0.166   0.175   0.181   0.187   0.194   0.201   0.209   0.217   0.224   0.231   0.237   0.243   0.248   0.253
   3.020  -1.244  -1.070  -0.931  -0.829  -0.767  -0.723  -0.691  -0.671  -0.655  -0.645  -0.637  -0.632  -0.628  -0.626  -0.624  -0.623  -0.622  -0.622  -0.574  -0.316  -0.090  -0.013   0.027   0.065   0.094   0.115   0.129   0.137   0.144   0.148   0.152   0.158   0.165   0.172   0.180   0.187   0.193   0.200   0.207   0.216   0.224   0.231   0.238   0.245   0.252   0.258
   3.030  -1.486  -1.409  -1.309  -1.181  -1.016  -0.875  -0.793  -0.742  -0.701  -0.674  -0.655  -0.641  -0.633  -0.627  -0.622  -0.619  -0.617  -0.616  -0.583  -0.403  -0.226  -0.138  -0.079  -0.022   0.031   0.073   0.103   0.124   0.139   0.148   0.155   0.161   0.165   0.172   0.180   0.187   0.193   0.199   0.206   0.215   0.223   0.231   0.239   0.247   0.254   0.261
   3.040  -1.415  -1.455  -1.475  -1.462  -1.368  -1.241  -1.093  -0.935  -0.826  -0.760  -0.713  -0.678  -0.656  -0.639  -0.629  -0.622  -0.616  -0.613  -0.610  -0.608  -0.606  -0.537  -0.399  -0.268  -0.127  -0.011   0.051   0.084   0.113   0.134   0.149   0.158   0.163   0.170   0.178   0.187   0.193   0.199   0.206   0.214   0.222   0.230   0.239   0.247   0.255   0.263
   3.050  -1.388  -1.391  -1.400  -1.417  -1.452  -1.471  -1.399  -1.252  -1.119  -0.983  -0.866  -0.785  -0.726  -0.682  -0.657  -0.639  -0.625  -0.617  -0.610  -0.605  -0.602  -0.600  -0.599  -0.558  -0.342  -0.136  -0.045   0.006   0.054   0.094   0.124   0.144   0.156   0.167   0.176   0.183   0.190   0.197   0.204   0.213   0.221   0.229   0.238   0.246   0.255   0.264
   3.060  -1.358  -1.360  -1.365  -1.374  -1.390  -1.408  -1.432  -1.455  -1.443  -1.342  -1.210  -1.063  -0.907  -0.800  -0.736  -0.690  -0.656  -0.636  -0.619  -0.610  -0.603  -0.597  -0.594  -0.591  -0.590  -0.588  -0.441  -0.180  -0.035   0.027   0.068   0.105   0.130   0.150   0.163   0.174   0.184   0.192   0.201   0.210   0.219   0.228   0.236   0.245   0.255   0.264
   3.070  -1.323  -1.331  -1.341  -1.352  -1.365  -1.378  -1.391  -1.403  -1.418  -1.435  -1.444  -1.377  -1.238  -1.102  -0.950  -0.822  -0.744  -0.695  -0.658  -0.636  -0.620  -0.606  -0.596  -0.589  -0.585  -0.582  -0.580  -0.579  -0.528  -0.258  -0.031   0.039   0.076   0.109   0.134   0.153   0.169   0.182   0.194   0.205   0.215   0.225   0.233   0.243   0.253   0.264
   3.080  -1.250  -1.277  -1.299  -1.315  -1.326  -1.335  -1.345  -1.355  -1.370  -1.391  -1.410  -1.427  -1.441  -1.416  -1.258  -1.085  -0.958  -0.844  -0.758  -0.699  -0.656  -0.627  -0.609  -0.595  -0.586  -0.580  -0.576  -0.574  -0.534  -0.335  -0.144  -0.059  -0.010   0.034   0.068   0.098   0.129   0.157   0.178   0.194   0.207   0.218   0.228   0.239   0.250   0.262
   3.090  -1.224  -1.235  -1.247  -1.262  -1.279  -1.295  -1.307  -1.316  -1.328  -1.343  -1.355  -1.361  -1.367  -1.383  -1.415  -1.434  -1.343  -1.164  -1.016  -0.878  -0.765  -0.696  -0.655  -0.622  -0.601  -0.587  -0.577  -0.571  -0.566  -0.563  -0.559  -0.459  -0.277  -0.155  -0.073  -0.005   0.057   0.108   0.147   0.171   0.190   0.206   0.219   0.232   0.245   0.259
   3.100  -1.214  -1.213  -1.213  -1.215  -1.225  -1.240  -1.257  -1.275  -1.289  -1.299  -1.310  -1.323  -1.338  -1.354  -1.370  -1.391  -1.426  -1.461  -1.429  -1.207  -0.984  -0.859  -0.767  -0.696  -0.649  -0.616  -0.593  -0.579  -0.568  -0.564  -0.555  -0.512  -0.435  -0.352  -0.258  -0.162  -0.067   0.024   0.089   0.129   0.160   0.183   0.200   0.218   0.236   0.252
   3.110  -1.212  -1.207  -1.204  -1.203  -1.202  -1.202  -1.205  -1.212  -1.226  -1.250  -1.271  -1.283  -1.292  -1.306  -1.323  -1.340  -1.353  -1.365  -1.381  -1.401  -1.412  -1.275  -1.022  -0.860  -0.765  -0.695  -0.646  -0.616  -0.590  -0.571  -0.557  -0.551  -0.547  -0.525  -0.435  -0.324  -0.210  -0.092  -0.003   0.060   0.109   0.144   0.168   0.193   0.218   0.241
   3.120  -1.342  -1.265  -1.213  -1.198  -1.193  -1.191  -1.190  -1.190  -1.193  -1.208  -1.226  -1.240  -1.254  -1.265  -1.274  -1.285  -1.304  -1.325  -1.343  -1.355  -1.373  -1.409  -1.446  -1.402  -1.122  -0.855  -0.743  -0.685  -0.634  -0.601  -0.577  -0.564  -0.556  -0.535  -0.506  -0.452  -0.350  -0.226  -0.125  -0.037   0.034   0.082   0.116   0.152   0.187   0.221
   3.130  -5.970  -3.395  -1.663  -1.299  -1.221  -1.191  -1.184  -1.181  -1.179  -1.178  -1.178  -1.189  -1.209  -1.225  -1.237  -1.250  -1.266  -1.284  -1.300  -1.316  -1.329  -1.340  -1.348  -1.340  -1.277  -1.177  -1.030  -0.863  -0.747  -0.673  -0.621  -0.588  -0.571  -0.553  -0.541  -0.517  -0.451  -0.352  -0.255  -0.153  -0.064  -0.005   0.041   0.089   0.139   0.188
   3.140  -5.813  -5.919  -5.971  -5.507  -3.024  -1.346  -1.242  -1.190  -1.175  -1.169  -1.167  -1.166  -1.166  -1.167  -1.176  -1.190  -1.208  -1.229  -1.248  -1.267  -1.284  -1.301  -1.317  -1.327  -1.333  -1.335  -1.267  -1.126  -0.994  -0.853  -0.735  -0.665  -0.623  -0.591  -0.577  -0.554  -0.509  -0.450  -0.372  -0.271  -0.177  -0.112  -0.056   0.005   0.070   0.137
   3.150  -5.685  -5.735  -5.790  -5.857  -5.943  -5.988  -4.370  -1.835  -1.261  -1.195  -1.168  -1.160  -1.156  -1.154  -1.153  -1.153  -1.159  -1.172  -1.188  -1.208  -1.229  -1.248  -1.267  -1.288  -1.314  -1.327  -1.323  -1.311  -1.271  -1.126  -0.970  -0.849  -0.741  -0.667  -0.629  -0.597  -0.563  -0.526  -0.464  -0.377  -0.293  -0.227  -0.166  -0.096  -0.018   0.066
   3.160  -5.589  -5.624  -5.666  -5.714  -5.769  -5.829  -5.912  -5.987  -5.521  -2.997  -1.301  -1.209  -1.163  -1.150  -1.144  -1.142  -1.141  -1.140  -1.142  -1.157  -1.176  -1.195  -1.215  -1.235  -1.255  -1.273  -1.291  -1.305  -1.306  -1.301  -1.290  -1.164  -0.947  -0.812  -0.739  -0.684  -0.636  -0.595  -0.540  -0.470  -0.400  -0.339  -0.278  -0.204  -0.119  -0.023
   3.170  -5.520  -5.542  -5.570  -5.605  -5.646  -5.693  -5.747  -5.807  -5.878  -5.967  -6.013  -4.367  -1.793  -1.222  -1.162  -1.139  -1.133  -1.130  -1.128  -1.127  -1.127  -1.137  -1.159  -1.182  -1.209  -1.233  -1.251  -1.265  -1.280  -1.295  -1.302  -1.244  -1.126  -1.020  -0.913  -0.817  -0.743  -0.681  -0.618  -0.556  -0.496  -0.440  -0.383  -0.310  -0.224  -0.125
   3.180  -5.470  -5.483  -5.501  -5.524  -5.551  -5.585  -5.626  -5.674  -5.727  -5.786  -5.850  -5.936  -6.014  -5.533  -2.941  -1.222  -1.162  -1.131  -1.121  -1.117  -1.115  -1.118  -1.124  -1.134  -1.147  -1.163  -1.185  -1.209  -1.233  -1.260  -1.273  -1.264  -1.237  -1.185  -1.083  -0.975  -0.882  -0.793  -0.716  -0.649  -0.588  -0.533  -0.480  -0.410  -0.327  -0.232
   3.190  -5.424  -5.434  -5.447  -5.463  -5.480  -5.503  -5.532  -5.566  -5.607  -5.654  -5.707  -5.765  -5.829  -5.902  -5.994  -6.041  -4.348  -1.714  -1.161  -1.125  -1.110  -1.104  -1.101  -1.102  -1.109  -1.120  -1.133  -1.149  -1.169  -1.195  -1.219  -1.241  -1.259  -1.252  -1.191  -1.110  -1.019  -0.919  -0.832  -0.755  -0.686  -0.627  -0.573  -0.505  -0.426  -0.338
   3.200  -5.370  -5.385  -5.399  -5.413  -5.426  -5.441  -5.460  -5.482  -5.511  -5.546  -5.587  -5.634  -5.686  -5.749  -5.832  -5.875  -4.608  -2.481  -1.624  -1.291  -1.157  -1.117  -1.097  -1.091  -1.088  -1.087  -1.090  -1.097  -1.112  -1.139  -1.167  -1.194  -1.216  -1.219  -1.207  -1.185  -1.125  -1.033  -0.950  -0.868  -0.792  -0.729  -0.669  -0.600  -0.523  -0.439
   3.210  -5.307  -5.327  -5.345  -5.361  -5.374  -5.388  -5.402  -5.417  -5.437  -5.461  -5.490  -5.525  -5.566  -5.612  -5.664  -5.722  -5.786  -5.854  -5.930  -6.023  -6.070  -4.337  -1.649  -1.107  -1.087  -1.078  -1.074  -1.072  -1.074  -1.085  -1.102  -1.126  -1.154  -1.174  -1.188  -1.194  -1.167  -1.109  -1.046  -0.973  -0.899  -0.835  -0.771  -0.700  -0.622  -0.538
   3.220  -5.242  -5.263  -5.283  -5.301  -5.318  -5.334  -5.348  -5.361  -5.376  -5.392  -5.412  -5.437  -5.467  -5.502  -5.543  -5.590  -5.642  -5.700  -5.769  -5.857  -5.902  -4.380  -1.955  -1.296  -1.153  -1.094  -1.074  -1.065  -1.060  -1.058  -1.057  -1.073  -1.105  -1.130  -1.152  -1.163  -1.157  -1.138  -1.104  -1.052  -0.992  -0.935  -0.872  -0.802  -0.723  -0.637
   3.230  -5.187  -5.203  -5.219  -5.237  -5.256  -5.274  -5.290  -5.306  -5.320  -5.333  -5.348  -5.365  -5.386  -5.412  -5.443  -5.479  -5.520  -5.567  -5.619  -5.676  -5.738  -5.824  -5.902  -5.443  -2.954  -1.265  -1.153  -1.096  -1.080  -1.072  -1.070  -1.072  -1.077  -1.088  -1.106  -1.120  -1.126  -1.130  -1.126  -1.098  -1.058  -1.014  -0.961  -0.897  -0.822  -0.737
   3.240  -5.148  -5.157  -5.168  -5.181  -5.196  -5.212  -5.229  -5.246  -5.262  -5.276  -5.290  -5.304  -5.318  -5.337  -5.359  -5.385  -5.417  -5.453  -5.494  -5.541  -5.593  -5.650  -5.712  -5.785  -5.878  -5.926  -4.275  -1.699  -1.141  -1.093  -1.073  -1.067  -1.063  -1.064  -1.073  -1.084  -1.097  -1.110  -1.112  -1.105  -1.091  -1.066  -1.027  -0.975  -0.910  -0.833
   3.250  -5.124  -5.127  -5.132  -5.139  -5.148  -5.159  -5.172  -5.186  -5.200  -5.215  -5.230  -5.244  -5.258  -5.273  -5.288  -5.307  -5.330  -5.357  -5.389  -5.425  -5.467  -5.513  -5.563  -5.626  -5.708  -5.751  -4.673  -2.772  -1.778  -1.307  -1.128  -1.089  -1.070  -1.066  -1.065  -1.065  -1.072  -1.084  -1.091  -1.096  -1.098  -1.089  -1.064  -1.027  -0.978  -0.917
   3.260  -5.113  -5.112  -5.111  -5.112  -5.115  -5.121  -5.127  -5.135  -5.145  -5.157  -5.170  -5.183  -5.197  -5.211  -5.223  -5.238  -5.255  -5.274  -5.298  -5.326  -5.358  -5.395  -5.436  -5.482  -5.532  -5.588  -5.651  -5.718  -5.791  -5.880  -5.924  -4.242  -1.642  -1.154  -1.203  -1.234  -1.183  -1.105  -1.090  -1.090  -1.090  -1.086  -1.075  -1.055  -1.022  -0.979
   3.270  -5.111  -5.104  -5.100  -5.097  -5.095  -5.095  -5.096  -5.100  -5.104  -5.110  -5.117  -5.127  -5.138  -5.150  -5.161  -5.174  -5.187  -5.202  -5.219  -5.240  -5.264  -5.293  -5.325  -5.361  -5.401  -5.445  -5.495  -5.551  -5.616  -5.701  -5.744  -4.854  -3.258  -2.381  -2.009  -1.749  -1.467  -1.256  -1.154  -1.102  -1.080  -1.074  -1.070  -1.059  -1.041  -1.017
   3.280  -5.111  -5.104  -5.098  -5.092  -5.086  -5.081  -5.078  -5.077  -5.077  -5.078  -5.079  -5.082  -5.087  -5.094  -5.103  -5.113  -5.124  -5.135  -5.149  -5.163  -5.181  -5.202  -5.227  -5.256  -5.287  -5.323  -5.362  -5.405  -5.458  -5.528  -5.564  -5.211  -4.503  -3.891  -3.306  -2.749  -2.220  -1.744  -1.401  -1.176  -1.081  -1.066  -1.058  -1.049  -1.040  -1.032
   3.290  -5.104  -5.102  -5.099  -5.093  -5.084  -5.076  -5.070  -5.064  -5.060  -5.057  -5.055  -5.053  -5.051  -5.051  -5.054  -5.058  -5.065  -5.073  -5.083  -5.094  -5.107  -5.122  -5.140  -5.161  -5.186  -5.214  -5.244  -5.278  -5.315  -5.355  -5.400  -5.464  -5.523  -5.410  -4.683  -3.869  -3.241  -2.640  -2.052  -1.427  -1.099  -1.062  -1.043  -1.035  -1.030  -1.028
   3.300  -5.074  -5.085  -5.091  -5.091  -5.085  -5.077  -5.068  -5.059  -5.052  -5.046  -5.040  -5.034  -5.028  -5.024  -5.019  -5.017  -5.017  -5.019  -5.022  -5.029  -5.039  -5.049  -5.062  -5.077  -5.096  -5.117  -5.140  -5.166  -5.194  -5.224  -5.258  -5.307  -5.353  -5.326  -5.094  -4.762  -4.430  -3.989  -3.183  -1.888  -1.137  -1.065  -1.029  -1.019  -1.015  -1.014
   3.310  -5.011  -5.043  -5.065  -5.072  -5.075  -5.076  -5.071  -5.061  -5.051  -5.041  -5.032  -5.024  -5.017  -5.009  -5.000  -4.992  -4.984  -4.977  -4.976  -4.977  -4.978  -4.982  -4.991  -5.001  -5.014  -5.029  -5.046  -5.066  -5.087  -5.110  -5.134  -5.159  -5.186  -5.215  -5.249  -5.280  -5.312  -5.338  -4.921  -2.701  -1.186  -1.073  -1.016  -1.002  -0.996  -0.994
   3.320  -4.919  -4.965  -5.002  -5.031  -5.052  -5.061  -5.060  -5.058  -5.053  -5.043  -5.031  -5.021  -5.010  -5.000  -4.990  -4.979  -4.967  -4.955  -4.945  -4.934  -4.929  -4.929  -4.930  -4.933  -4.939  -4.949  -4.961  -4.975  -4.990  -5.006  -5.023  -5.040  -5.057  -5.075  -5.095  -5.114  -5.137  -5.158  -5.161  -5.160  -5.157  -3.741  -1.532  -1.045  -0.996  -0.980
   3.330  -4.808  -4.862  -4.910  -4.953  -4.990  -5.019  -5.037  -5.046  -5.046  -5.041  -5.032  -5.021  -5.008  -4.996  -4.984  -4.972  -4.959  -4.945  -4.930  -4.914  -4.899  -4.887  -4.878  -4.877  -4.877  -4.877  -4.881  -4.890  -4.900  -4.911  -4.922  -4.933  -4.943  -4.953  -4.961  -4.969  -4.979  -4.987  -4.988  -4.986  -4.982  -3.809  -1.905  -1.281  -1.082  -1.016
   3.340  -4.691  -4.748  -4.802  -4.853  -4.902  -4.944  -4.981  -5.008  -5.020  -5.026  -5.028  -5.022  -5.010  -4.998  -4.984  -4.969  -4.955  -4.941  -4.924  -4.906  -4.887  -4.867  -4.847  -4.832  -4.821  -4.817  -4.817  -4.817  -4.818  -4.823  -4.829  -4.834  -4.839  -4.840  -4.841  -4.841  -4.840  -4.836  -4.830  -4.824  -4.811  -4.794  -4.768  -4.527  -3.175  -1.150
   3.350  -4.576  -4.631  -4.686  -4.740  -4.796  -4.847  -4.894  -4.936  -4.969  -4.995  -5.006  -5.005  -5.003  -4.999  -4.986  -4.970  -4.955  -4.939  -4.922  -4.904  -4.884  -4.860  -4.834  -4.811  -4.790  -4.772  -4.759  -4.750  -4.747  -4.745  -4.744  -4.743  -4.741  -4.738  -4.733  -4.725  -4.714  -4.701  -4.687  -4.671  -4.651  -4.628  -4.599  -4.562  -4.517  -4.464
   3.360  -4.469  -4.520  -4.571  -4.625  -4.681  -4.736  -4.790  -4.841  -4.886  -4.925  -4.956  -4.976  -4.987  -4.987  -4.980  -4.970  -4.956  -4.940  -4.922  -4.904  -4.884  -4.860  -4.835  -4.807  -4.776  -4.747  -4.723  -4.703  -4.687  -4.676  -4.667  -4.659  -4.652  -4.643  -4.632  -4.618  -4.601  -4.581  -4.558  -4.533  -4.505  -4.475  -4.441  -4.402  -4.358  -4.309
   3.370  -4.373  -4.417  -4.464  -4.514  -4.568  -4.622  -4.677  -4.733  -4.785  -4.835  -4.878  -4.915  -4.944  -4.955  -4.960  -4.962  -4.955  -4.940  -4.924  -4.905  -4.885  -4.863  -4.840  -4.811  -4.777  -4.742  -4.707  -4.674  -4.646  -4.622  -4.602  -4.585  -4.571  -4.555  -4.538  -4.519  -4.496  -4.470  -4.441  -4.408  -4.372  -4.334  -4.294  -4.251  -4.204  -4.154
   3.380  -4.292  -4.328  -4.369  -4.412  -4.460  -4.511  -4.565  -4.620  -4.674  -4.728  -4.779  -4.826  -4.868  -4.900  -4.926  -4.936  -4.935  -4.930  -4.922  -4.906  -4.886  -4.865  -4.842  -4.815  -4.784  -4.749  -4.709  -4.666  -4.626  -4.588  -4.553  -4.525  -4.500  -4.476  -4.452  -4.426  -4.397  -4.366  -4.331  -4.292  -4.250  -4.205  -4.158  -4.109  -4.058  -4.005
   3.390  -4.227  -4.255  -4.286  -4.323  -4.363  -4.408  -4.457  -4.509  -4.562  -4.617  -4.671  -4.724  -4.774  -4.817  -4.856  -4.884  -4.901  -4.909  -4.909  -4.899  -4.884  -4.866  -4.843  -4.818  -4.791  -4.758  -4.718  -4.672  -4.625  -4.575  -4.527  -4.484  -4.445  -4.408  -4.375  -4.341  -4.306  -4.269  -4.228  -4.184  -4.136  -4.085  -4.032  -3.977  -3.921  -3.863
   3.400  -4.177  -4.195  -4.219  -4.247  -4.280  -4.317  -4.359  -4.404  -4.453  -4.505  -4.559  -4.613  -4.667  -4.718  -4.765  -4.806  -4.842  -4.868  -4.872  -4.873  -4.873  -4.863  -4.842  -4.819  -4.794  -4.763  -4.726  -4.684  -4.634  -4.578  -4.520  -4.463  -4.406  -4.356  -4.311  -4.267  -4.223  -4.178  -4.131  -4.081  -4.029  -3.973  -3.915  -3.855  -3.793  -3.730
   3.410  -4.145  -4.155  -4.169  -4.188  -4.212  -4.240  -4.273  -4.311  -4.354  -4.400  -4.450  -4.502  -4.557  -4.609  -4.662  -4.710  -4.754  -4.793  -4.820  -4.838  -4.845  -4.841  -4.831  -4.815  -4.792  -4.764  -4.731  -4.692  -4.645  -4.589  -4.527  -4.460  -4.389  -4.324  -4.263  -4.204  -4.149  -4.096  -4.041  -3.985  -3.927  -3.866  -3.803  -3.739  -3.673  -3.605
   3.420  -4.127  -4.129  -4.135  -4.146  -4.160  -4.179  -4.203  -4.233  -4.267  -4.305  -4.348  -4.395  -4.446  -4.498  -4.552  -4.604  -4.654  -4.701  -4.740  -4.776  -4.795  -4.801  -4.804  -4.801  -4.784  -4.759  -4.731  -4.696  -4.652  -4.600  -4.539  -4.467  -4.389  -4.311  -4.232  -4.157  -4.089  -4.024  -3.960  -3.896  -3.832  -3.765  -3.697  -3.628  -3.558  -3.486
   3.430  -4.122  -4.119  -4.118  -4.119  -4.124  -4.135  -4.150  -4.169  -4.194  -4.223  -4.258  -4.298  -4.343  -4.390  -4.441  -4.493  -4.545  -4.596  -4.643  -4.687  -4.722  -4.748  -4.764  -4.765  -4.759  -4.746  -4.724  -4.693  -4.653  -4.605  -4.547  -4.476  -4.396  -4.311  -4.219  -4.129  -4.046  -3.966  -3.889  -3.816  -3.744  -3.671  -3.598  -3.524  -3.449  -3.373
   3.440  -4.125  -4.116  -4.110  -4.109  -4.108  -4.108  -4.112  -4.123  -4.138  -4.159  -4.184  -4.214  -4.250  -4.290  -4.336  -4.384  -4.435  -4.487  -4.537  -4.586  -4.629  -4.668  -4.698  -4.710  -4.715  -4.717  -4.706  -4.680  -4.646  -4.603  -4.549  -4.481  -4.403  -4.315  -4.216  -4.116  -4.018  -3.921  -3.831  -3.746  -3.664  -3.583  -3.504  -3.424  -3.344  -3.265
   3.450  -4.133  -4.123  -4.114  -4.106  -4.098  -4.095  -4.095  -4.096  -4.098  -4.109  -4.126  -4.146  -4.171  -4.202  -4.240  -4.281  -4.327  -4.375  -4.425  -4.476  -4.524  -4.568  -4.608  -4.638  -4.660  -4.669  -4.665  -4.652  -4.629  -4.592  -4.542  -4.479  -4.404  -4.317  -4.216  -4.110  -4.001  -3.890  -3.786  -3.688  -3.594  -3.504  -3.416  -3.330  -3.245  -3.162
   3.460  -4.142  -4.133  -4.123  -4.113  -4.102  -4.093  -4.085  -4.079  -4.078  -4.081  -4.085  -4.095  -4.111  -4.132  -4.159  -4.191  -4.229  -4.271  -4.316  -4.365  -4.413  -4.461  -4.506  -4.545  -4.582  -4.600  -4.602  -4.603  -4.599  -4.570  -4.524  -4.468  -4.397  -4.313  -4.213  -4.105  -3.990  -3.869  -3.754  -3.642  -3.535  -3.434  -3.337  -3.243  -3.152  -3.064
   3.470  -4.149  -4.142  -4.133  -4.123  -4.111  -4.099  -4.088  -4.077  -4.069  -4.063  -4.060  -4.062  -4.068  -4.078  -4.093  -4.115  -4.143  -4.176  -4.213  -4.256  -4.301  -4.348  -4.395  -4.438  -4.478  -4.510  -4.531  -4.542  -4.542  -4.525  -4.492  -4.443  -4.379  -4.299  -4.202  -4.095  -3.978  -3.854  -3.730  -3.606  -3.486  -3.374  -3.268  -3.165  -3.066  -2.972
   3.480  -4.152  -4.147  -4.141  -4.132  -4.122  -4.110  -4.097  -4.083  -4.071  -4.059  -4.050  -4.044  -4.040  -4.041  -4.047  -4.058  -4.074  -4.096  -4.124  -4.157  -4.195  -4.237  -4.281  -4.324  -4.367  -4.404  -4.436  -4.459  -4.462  -4.455  -4.440  -4.406  -4.347  -4.273  -4.181  -4.077  -3.961  -3.835  -3.708  -3.576  -3.447  -3.324  -3.206  -3.094  -2.987  -2.886
   3.490  -4.146  -4.145  -4.143  -4.140  -4.131  -4.120  -4.108  -4.094  -4.080  -4.065  -4.051  -4.038  -4.026  -4.021  -4.018  -4.017  -4.021  -4.033  -4.050  -4.072  -4.100  -4.133  -4.171  -4.210  -4.251  -4.290  -4.327  -4.357  -4.364  -4.366  -4.367  -4.346  -4.296  -4.230  -4.147  -4.049  -3.936  -3.812  -3.683  -3.548  -3.414  -3.283  -3.154  -3.032  -2.917  -2.807
   3.500  -4.126  -4.135  -4.139  -4.139  -4.135  -4.128  -4.118  -4.106  -4.092  -4.076  -4.060  -4.043  -4.026  -4.012  -4.000  -3.993  -3.991  -3.990  -3.992  -4.003  -4.021  -4.043  -4.069  -4.100  -4.136  -4.171  -4.205  -4.236  -4.257  -4.268  -4.272  -4.259  -4.223  -4.169  -4.096  -4.006  -3.899  -3.778  -3.652  -3.517  -3.381  -3.244  -3.108  -2.978  -2.854  -2.735
   3.525  -3.969  -4.005  -4.038  -4.065  -4.083  -4.096  -4.096  -4.094  -4.088  -4.084  -4.080  -4.069  -4.053  -4.040  -4.024  -4.010  -3.996  -3.976  -3.953  -3.930  -3.908  -3.889  -3.879  -3.874  -3.875  -3.889  -3.907  -3.928  -3.942  -3.949  -3.950  -3.943  -3.927  -3.896  -3.853  -3.794  -3.719  -3.628  -3.524  -3.407  -3.281  -3.147  -3.006  -2.868  -2.730  -2.592
   3.550  -3.769  -3.821  -3.870  -3.916  -3.960  -3.999  -4.031  -4.057  -4.075  -4.086  -4.090  -4.087  -4.080  -4.067  -4.049  -4.027  -4.001  -3.971  -3.940  -3.905  -3.871  -3.838  -3.805  -3.775  -3.748  -3.722  -3.699  -3.677  -3.657  -3.639  -3.621  -3.604  -3.585  -3.562  -3.535  -3.499  -3.451  -3.392  -3.316  -3.224  -3.119  -3.002  -2.874  -2.741  -2.603  -2.459
   3.575  -3.622  -3.654  -3.688  -3.724  -3.763  -3.803  -3.850  -3.894  -3.935  -3.968  -3.993  -4.013  -4.028  -4.037  -4.031  -4.019  -4.001  -3.987  -3.970  -3.943  -3.911  -3.875  -3.835  -3.788  -3.743  -3.681  -3.612  -3.539  -3.476  -3.413  -3.362  -3.318  -3.278  -3.235  -3.191  -3.144  -3.096  -3.044  -2.984  -2.918  -2.842  -2.756  -2.660  -2.553  -2.436  -2.308
   3.600  -3.499  -3.509  -3.523  -3.544  -3.570  -3.601  -3.639  -3.682  -3.727  -3.776  -3.823  -3.868  -3.911  -3.946  -3.978  -3.995  -4.000  -4.003  -4.000  -3.981  -3.950  -3.912  -3.865  -3.808  -3.742  -3.667  -3.584  -3.493  -3.402  -3.308  -3.215  -3.125  -3.038  -2.957  -2.880  -2.809  -2.745  -2.687  -2.630  -2.578  -2.523  -2.462  -2.395  -2.315  -2.222  -2.117
   3.625  -3.412  -3.430  -3.448  -3.468  -3.488  -3.509  -3.533  -3.560  -3.589  -3.621  -3.655  -3.693  -3.731  -3.770  -3.819  -3.858  -3.889  -3.911  -3.928  -3.934  -3.924  -3.895  -3.860  -3.828  -3.771  -3.702  -3.621  -3.527  -3.424  -3.311  -3.184  -3.051  -2.917  -2.796  -2.688  -2.590  -2.503  -2.421  -2.344  -2.274  -2.206  -2.139  -2.072  -1.998  -1.917  -1.832
   3.650  -3.333  -3.362  -3.387  -3.408  -3.425  -3.439  -3.450  -3.460  -3.472  -3.485  -3.502  -3.525  -3.552  -3.585  -3.624  -3.665  -3.708  -3.751  -3.789  -3.826  -3.844  -3.845  -3.845  -3.839  -3.800  -3.738  -3.659  -3.561  -3.446  -3.314  -3.173  -3.027  -2.877  -2.733  -2.593  -2.461  -2.338  -2.223  -2.115  -2.017  -1.924  -1.838  -1.757  -1.677  -1.600  -1.524
   3.675  -3.223  -3.244  -3.265  -3.285  -3.304  -3.323  -3.342  -3.362  -3.381  -3.399  -3.419  -3.439  -3.460  -3.483  -3.508  -3.535  -3.565  -3.596  -3.627  -3.662  -3.687  -3.711  -3.735  -3.740  -3.719  -3.686  -3.631  -3.543  -3.437  -3.311  -3.178  -3.034  -2.881  -2.728  -2.571  -2.411  -2.257  -2.112  -1.979  -1.854  -1.737  -1.628  -1.526  -1.428  -1.335  -1.247
   3.700  -3.131  -3.139  -3.151  -3.168  -3.188  -3.211  -3.238  -3.268  -3.296  -3.323  -3.347  -3.367  -3.384  -3.399  -3.410  -3.422  -3.435  -3.450  -3.469  -3.492  -3.516  -3.543  -3.567  -3.571  -3.571  -3.571  -3.547  -3.487  -3.408  -3.305  -3.183  -3.042  -2.885  -2.723  -2.552  -2.382  -2.215  -2.051  -1.895  -1.748  -1.607  -1.474  -1.348  -1.227  -1.112  -1.003
   3.725  -3.095  -3.097  -3.102  -3.109  -3.120  -3.134  -3.150  -3.169  -3.188  -3.208  -3.229  -3.249  -3.269  -3.288  -3.307  -3.325  -3.342  -3.358  -3.374  -3.390  -3.404  -3.418  -3.427  -3.424  -3.418  -3.410  -3.386  -3.344  -3.283  -3.203  -3.100  -2.977  -2.838  -2.687  -2.520  -2.354  -2.186  -2.018  -1.850  -1.685  -1.524  -1.370  -1.223  -1.081  -0.946  -0.817
   3.750  -3.075  -3.075  -3.076  -3.076  -3.077  -3.079  -3.082  -3.087  -3.094  -3.104  -3.118  -3.136  -3.158  -3.181  -3.208  -3.233  -3.256  -3.276  -3.291  -3.301  -3.305  -3.303  -3.297  -3.286  -3.269  -3.242  -3.207  -3.161  -3.101  -3.029  -2.942  -2.841  -2.726  -2.599  -2.458  -2.308  -2.148  -1.981  -1.811  -1.636  -1.464  -1.296  -1.131  -0.972  -0.819  -0.671
   3.775  -3.061  -3.060  -3.059  -3.056  -3.053  -3.051  -3.049  -3.049  -3.050  -3.053  -3.059  -3.068  -3.079  -3.092  -3.108  -3.125  -3.143  -3.159  -3.174  -3.188  -3.195  -3.195  -3.191  -3.185  -3.162  -3.124  -3.075  -3.014  -2.942  -2.858  -2.765  -2.665  -2.557  -2.441  -2.319  -2.188  -2.046  -1.894  -1.737  -1.573  -1.405  -1.234  -1.061  -0.891  -0.724  -0.558
   3.800  -3.042  -3.040  -3.038  -3.036  -3.034  -3.032  -3.030  -3.028  -3.026  -3.024  -3.023  -3.022  -3.022  -3.022  -3.025  -3.031  -3.040  -3.050  -3.063  -3.078  -3.088  -3.091  -3.093  -3.089  -3.062  -3.017  -2.956  -2.879  -2.792  -2.691  -2.586  -2.479  -2.370  -2.258  -2.145  -2.027  -1.903  -1.773  -1.634  -1.486  -1.329  -1.163  -0.991  -0.817  -0.641  -0.463
   3.825  -2.991  -2.997  -3.003  -3.008  -3.011  -3.012  -3.011  -3.010  -3.008  -3.005  -3.002  -2.997  -2.991  -2.987  -2.983  -2.981  -2.980  -2.982  -2.984  -2.988  -2.988  -2.984  -2.978  -2.965  -2.937  -2.893  -2.833  -2.758  -2.668  -2.563  -2.451  -2.334  -2.212  -2.092  -1.972  -1.851  -1.731  -1.608  -1.479  -1.345  -1.203  -1.052  -0.892  -0.726  -0.554  -0.376
   3.850  -2.870  -2.905  -2.932  -2.954  -2.969  -2.977  -2.981  -2.983  -2.983  -2.980  -2.976  -2.972  -2.967  -2.961  -2.955  -2.948  -2.941  -2.934  -2.926  -2.917  -2.905  -2.892  -2.875  -2.850  -2.819  -2.775  -2.716  -2.643  -2.553  -2.446  -2.329  -2.202  -2.068  -1.937  -1.806  -1.677  -1.553  -1.431  -1.307  -1.183  -1.053  -0.916  -0.772  -0.618  -0.455  -0.283
   3.875  -2.594  -2.658  -2.714  -2.763  -2.806  -2.840  -2.869  -2.893  -2.912  -2.925  -2.929  -2.934  -2.935  -2.933  -2.929  -2.924  -2.917  -2.908  -2.894  -2.879  -2.859  -2.837  -2.810  -2.773  -2.729  -2.673  -2.603  -2.519  -2.423  -2.314  -2.196  -2.070  -1.938  -1.805  -1.670  -1.536  -1.404  -1.273  -1.144  -1.017  -0.888  -0.756  -0.620  -0.475  -0.323  -0.163
   3.900  -2.238  -2.318  -2.394  -2.467  -2.537  -2.602  -2.662  -2.717  -2.764  -2.804  -2.836  -2.861  -2.878  -2.885  -2.888  -2.889  -2.885  -2.874  -2.861  -2.845  -2.824  -2.797  -2.763  -2.718  -2.661  -2.592  -2.508  -2.411  -2.307  -2.192  -2.072  -1.947  -1.817  -1.684  -1.546  -1.407  -1.267  -1.127  -0.990  -0.856  -0.723  -0.591  -0.458  -0.319  -0.176  -0.028
   3.925  -1.877  -1.963  -2.046  -2.128  -2.208  -2.286  -2.360  -2.431  -2.496  -2.558  -2.616  -2.667  -2.709  -2.741  -2.768  -2.790  -2.805  -2.811  -2.810  -2.802  -2.788  -2.766  -2.733  -2.687  -2.628  -2.551  -2.456  -2.347  -2.230  -2.101  -1.968  -1.833  -1.695  -1.557  -1.418  -1.278  -1.138  -0.997  -0.857  -0.718  -0.579  -0.442  -0.304  -0.165  -0.023   0.120
   3.950  -1.539  -1.619  -1.699  -1.779  -1.861  -1.942  -2.022  -2.101  -2.178  -2.253  -2.325  -2.393  -2.458  -2.517  -2.571  -2.618  -2.659  -2.692  -2.711  -2.721  -2.725  -2.715  -2.688  -2.645  -2.587  -2.511  -2.413  -2.298  -2.171  -2.029  -1.883  -1.736  -1.588  -1.443  -1.301  -1.159  -1.018  -0.877  -0.734  -0.590  -0.446  -0.302  -0.159  -0.015   0.128   0.271
   3.975  -1.268  -1.333  -1.402  -1.471  -1.546  -1.622  -1.701  -1.781  -1.860  -1.939  -2.016  -2.091  -2.165  -2.234  -2.300  -2.361  -2.417  -2.467  -2.507  -2.541  -2.567  -2.579  -2.574  -2.550  -2.509  -2.451  -2.364  -2.254  -2.130  -1.988  -1.837  -1.680  -1.519  -1.362  -1.208  -1.055  -0.907  -0.760  -0.614  -0.467  -0.321  -0.174  -0.028   0.119   0.265   0.412
   4.000  -1.085  -1.123  -1.168  -1.220  -1.280  -1.344  -1.412  -1.485  -1.558  -1.632  -1.707  -1.782  -1.856  -1.928  -1.998  -2.065  -2.129  -2.189  -2.244  -2.293  -2.334  -2.366  -2.386  -2.387  -2.370  -2.336  -2.274  -2.181  -2.067  -1.930  -1.780  -1.622  -1.456  -1.292  -1.127  -0.964  -0.807  -0.653  -0.502  -0.353  -0.204  -0.055   0.095   0.245   0.395   0.546
   4.025  -1.007  -1.019  -1.038  -1.066  -1.101  -1.142  -1.190  -1.246  -1.303  -1.365  -1.430  -1.497  -1.566  -1.634  -1.703  -1.769  -1.833  -1.893  -1.950  -2.002  -2.047  -2.086  -2.115  -2.122  -2.117  -2.104  -2.070  -2.003  -1.914  -1.802  -1.675  -1.537  -1.386  -1.229  -1.064  -0.897  -0.733  -0.569  -0.408  -0.251  -0.095   0.060   0.213   0.366   0.519   0.671
   4.050  -0.972  -0.974  -0.979  -0.987  -0.998  -1.015  -1.039  -1.069  -1.105  -1.149  -1.197  -1.250  -1.307  -1.365  -1.423  -1.481  -1.537  -1.591  -1.641  -1.687  -1.728  -1.765  -1.794  -1.800  -1.802  -1.803  -1.784  -1.738  -1.678  -1.602  -1.509  -1.398  -1.271  -1.131  -0.976  -0.815  -0.650  -0.482  -0.317  -0.152   0.010   0.169   0.327   0.483   0.638   0.791
   4.075  -0.954  -0.953  -0.954  -0.955  -0.958  -0.962  -0.969  -0.977  -0.992  -1.013  -1.037  -1.067  -1.103  -1.139  -1.178  -1.217  -1.257  -1.297  -1.335  -1.370  -1.401  -1.428  -1.448  -1.454  -1.455  -1.452  -1.436  -1.402  -1.359  -1.305  -1.237  -1.154  -1.056  -0.944  -0.816  -0.679  -0.533  -0.378  -0.220  -0.057   0.106   0.270   0.432   0.593   0.751   0.907
   4.100  -0.945  -0.943  -0.941  -0.939  -0.937  -0.935  -0.934  -0.933  -0.933  -0.934  -0.937  -0.943  -0.952  -0.964  -0.979  -0.995  -1.013  -1.032  -1.050  -1.066  -1.080  -1.090  -1.096  -1.096  -1.090  -1.077  -1.056  -1.027  -0.994  -0.958  -0.912  -0.853  -0.782  -0.698  -0.602  -0.493  -0.371  -0.238  -0.095   0.059   0.218   0.380   0.544   0.705   0.865   1.023
   4.125  -0.940  -0.935  -0.930  -0.925  -0.919  -0.914  -0.910  -0.906  -0.901  -0.896  -0.889  -0.881  -0.872  -0.863  -0.852  -0.841  -0.831  -0.819  -0.807  -0.795  -0.783  -0.771  -0.758  -0.744  -0.726  -0.704  -0.675  -0.644  -0.617  -0.597  -0.568  -0.522  -0.465  -0.399  -0.324  -0.237  -0.138  -0.028   0.094   0.228   0.369   0.518   0.672   0.827   0.983   1.140
   4.150  -0.938  -0.932  -0.925  -0.919  -0.912  -0.906  -0.900  -0.893  -0.885  -0.876  -0.864  -0.849  -0.831  -0.807  -0.777  -0.742  -0.702  -0.659  -0.616  -0.572  -0.530  -0.491  -0.453  -0.417  -0.382  -0.347  -0.308  -0.271  -0.246  -0.236  -0.218  -0.180  -0.130  -0.075  -0.015   0.054   0.133   0.222   0.321   0.432   0.553   0.684   0.824   0.967   1.115   1.267
   4.175  -0.941  -0.935  -0.928  -0.920  -0.913  -0.904  -0.894  -0.882  -0.871  -0.858  -0.842  -0.824  -0.802  -0.773  -0.737  -0.691  -0.634  -0.568  -0.499  -0.423  -0.348  -0.277  -0.207  -0.141  -0.081  -0.027   0.024   0.067   0.093   0.101   0.116   0.151   0.197   0.245   0.297   0.355   0.421   0.495   0.580   0.674   0.778   0.892   1.015   1.143   1.276   1.416
   4.200  -0.944  -0.938  -0.931  -0.923  -0.913  -0.903  -0.891  -0.879  -0.865  -0.850  -0.833  -0.813  -0.789  -0.757  -0.717  -0.666  -0.601  -0.524  -0.435  -0.333  -0.228  -0.122  -0.017   0.079   0.170   0.248   0.309   0.356   0.389   0.405   0.425   0.463   0.510   0.556   0.604   0.656   0.714   0.779   0.852   0.933   1.022   1.120   1.227   1.339   1.457   1.581
   4.225  -0.943  -0.938  -0.932  -0.925  -0.916  -0.907  -0.896  -0.883  -0.868  -0.852  -0.833  -0.811  -0.782  -0.746  -0.702  -0.647  -0.578  -0.497  -0.399  -0.286  -0.163  -0.031   0.103   0.233   0.365   0.472   0.532   0.571   0.614   0.653   0.694   0.742   0.793   0.842   0.890   0.941   0.996   1.054   1.120   1.192   1.270   1.356   1.449   1.548   1.653   1.765
   4.250  -0.942  -0.938  -0.932  -0.926  -0.919  -0.910  -0.900  -0.888  -0.873  -0.856  -0.835  -0.810  -0.780  -0.742  -0.697  -0.640  -0.571  -0.488  -0.387  -0.269  -0.138   0.008   0.164   0.320   0.481   0.613   0.684   0.726   0.784   0.854   0.922   0.985   1.044   1.101   1.153   1.206   1.261   1.318   1.379   1.445   1.516   1.593   1.675   1.763   1.856   1.955
   4.275  -0.939  -0.935  -0.930  -0.924  -0.917  -0.909  -0.900  -0.889  -0.876  -0.861  -0.841  -0.817  -0.787  -0.748  -0.702  -0.644  -0.573  -0.489  -0.387  -0.267  -0.131   0.025   0.193   0.358   0.526   0.670   0.764   0.823   0.902   1.003   1.099   1.180   1.254   1.322   1.383   1.442   1.501   1.559   1.620   1.682   1.748   1.818   1.892   1.971   2.054   2.142
   4.300  -0.934  -0.930  -0.925  -0.919  -0.913  -0.906  -0.898  -0.890  -0.878  -0.864  -0.846  -0.824  -0.796  -0.758  -0.712  -0.653  -0.580  -0.492  -0.388  -0.267  -0.129   0.031   0.203   0.371   0.541   0.689   0.791   0.873   0.980   1.108   1.230   1.332   1.423   1.506   1.580   1.649   1.714   1.777   1.839   1.901   1.964   2.030   2.099   2.170   2.245   2.323
   4.325  -0.913  -0.916  -0.915  -0.911  -0.907  -0.902  -0.895  -0.887  -0.876  -0.862  -0.845  -0.824  -0.798  -0.764  -0.721  -0.665  -0.593  -0.505  -0.400  -0.278  -0.139   0.023   0.198   0.364   0.526   0.673   0.787   0.901   1.031   1.176   1.315   1.437   1.548   1.649   1.738   1.820   1.895   1.964   2.031   2.094   2.158   2.222   2.287   2.353   2.422   2.491
   4.350  -0.867  -0.882  -0.892  -0.893  -0.893  -0.892  -0.888  -0.879  -0.869  -0.857  -0.842  -0.823  -0.799  -0.767  -0.727  -0.674  -0.606  -0.522  -0.419  -0.297  -0.158   0.007   0.184   0.345   0.496   0.640   0.776   0.910   1.055   1.213   1.366   1.506   1.637   1.756   1.862   1.959   2.045   2.123   2.196   2.264   2.330   2.394   2.457   2.521   2.585   2.649
   4.375  -0.787  -0.806  -0.824  -0.835  -0.847  -0.856  -0.862  -0.861  -0.855  -0.847  -0.835  -0.818  -0.796  -0.764  -0.726  -0.676  -0.613  -0.534  -0.436  -0.318  -0.179  -0.015   0.162   0.319   0.457   0.597   0.750   0.906   1.067   1.235   1.399   1.551   1.696   1.830   1.953   2.065   2.164   2.253   2.335   2.409   2.478   2.544   2.607   2.670   2.733   2.794
   4.400  -0.708  -0.725  -0.742  -0.760  -0.781  -0.798  -0.812  -0.822  -0.824  -0.821  -0.816  -0.805  -0.784  -0.757  -0.723  -0.676  -0.616  -0.541  -0.446  -0.332  -0.200  -0.039   0.134   0.285   0.415   0.554   0.720   0.898   1.071   1.242   1.410   1.573   1.731   1.879   2.017   2.144   2.257   2.358   2.450   2.531   2.606   2.676   2.741   2.805   2.868   2.929
   4.425  -0.671  -0.679  -0.687  -0.698  -0.711  -0.724  -0.736  -0.748  -0.755  -0.762  -0.766  -0.762  -0.751  -0.735  -0.707  -0.664  -0.607  -0.535  -0.444  -0.336  -0.215  -0.070   0.087   0.238   0.378   0.526   0.699   0.884   1.064   1.240   1.411   1.584   1.754   1.912   2.061   2.200   2.326   2.440   2.542   2.633   2.716   2.792   2.861   2.929   2.993   3.055
   4.450  -0.652  -0.650  -0.649  -0.649  -0.651  -0.655  -0.661  -0.669  -0.678  -0.688  -0.694  -0.693  -0.691  -0.685  -0.663  -0.628  -0.581  -0.519  -0.438  -0.338  -0.222  -0.089   0.057   0.203   0.350   0.507   0.682   0.866   1.049   1.231   1.411   1.588   1.761   1.927   2.088   2.238   2.376   2.502   2.616   2.717   2.809   2.893   2.968   3.041   3.109   3.172
   4.475  -0.637  -0.633  -0.629  -0.625  -0.621  -0.618  -0.617  -0.618  -0.620  -0.622  -0.621  -0.616  -0.610  -0.602  -0.584  -0.555  -0.517  -0.466  -0.396  -0.308  -0.203  -0.081   0.058   0.193   0.336   0.493   0.666   0.849   1.031   1.217   1.403   1.583   1.760   1.933   2.106   2.265   2.413   2.550   2.675   2.787   2.889   2.981   3.065   3.143   3.216   3.282
   4.500  -0.630  -0.627  -0.622  -0.617  -0.611  -0.604  -0.595  -0.584  -0.571  -0.556  -0.540  -0.524  -0.506  -0.488  -0.468  -0.443  -0.411  -0.370  -0.314  -0.243  -0.157  -0.055   0.061   0.190   0.332   0.485   0.652   0.829   1.010   1.197   1.384   1.570   1.756   1.935   2.112   2.279   2.436   2.582   2.717   2.841   2.954   3.056   3.149   3.235   3.314   3.385

