low temperature opacities from Ferguson, Alexander, et al (2005) with gs98 metals
    form     version        X           Z          logRs    logR_min    logR_max       logTs    logT_min    logT_max
       1          38    0.100000    0.001000          46   -8.000000    1.000000         105    2.700000    4.500000

   logT                       logR = logRho - 3*logT + 18
          -8.000  -7.800  -7.600  -7.400  -7.200  -7.000  -6.800  -6.600  -6.400  -6.200  -6.000  -5.800  -5.600  -5.400  -5.200  -5.000  -4.800  -4.600  -4.400  -4.200  -4.000  -3.800  -3.600  -3.400  -3.200  -3.000  -2.800  -2.600  -2.400  -2.200  -2.000  -1.800  -1.600  -1.400  -1.200  -1.000  -0.800  -0.600  -0.400  -0.200   0.000   0.200   0.400   0.600   0.800   1.000

   2.700  -1.426  -1.426  -1.426  -1.426  -1.426  -1.426  -1.426  -1.426  -1.426  -1.426  -1.426  -1.426  -1.426  -1.426  -1.426  -1.426  -1.426  -1.425  -1.425  -1.425  -1.425  -1.425  -1.425  -1.425  -1.425  -1.425  -1.418  -1.407  -1.407  -1.417  -1.424  -1.415  -1.402  -1.400  -1.403  -1.405  -1.401  -1.396  -1.392  -1.391  -1.389  -1.386  -1.383  -1.378  -1.372  -1.366
   2.750  -1.401  -1.402  -1.402  -1.402  -1.402  -1.402  -1.402  -1.402  -1.402  -1.402  -1.402  -1.402  -1.402  -1.402  -1.402  -1.402  -1.402  -1.402  -1.402  -1.403  -1.403  -1.403  -1.403  -1.403  -1.404  -1.404  -1.404  -1.404  -1.404  -1.404  -1.404  -1.402  -1.400  -1.400  -1.401  -1.402  -1.399  -1.394  -1.391  -1.390  -1.388  -1.386  -1.382  -1.378  -1.372  -1.366
   2.800  -1.395  -1.395  -1.395  -1.395  -1.396  -1.396  -1.396  -1.397  -1.397  -1.397  -1.397  -1.398  -1.399  -1.399  -1.399  -1.399  -1.399  -1.399  -1.399  -1.399  -1.399  -1.399  -1.400  -1.400  -1.400  -1.400  -1.400  -1.400  -1.400  -1.400  -1.400  -1.400  -1.399  -1.398  -1.398  -1.396  -1.394  -1.391  -1.389  -1.388  -1.386  -1.384  -1.381  -1.377  -1.373  -1.367
   2.850  -1.401  -1.399  -1.397  -1.397  -1.396  -1.396  -1.392  -1.386  -1.385  -1.386  -1.386  -1.386  -1.386  -1.386  -1.387  -1.387  -1.387  -1.388  -1.388  -1.388  -1.388  -1.389  -1.390  -1.390  -1.391  -1.391  -1.391  -1.391  -1.391  -1.391  -1.391  -1.390  -1.389  -1.389  -1.388  -1.388  -1.387  -1.386  -1.385  -1.384  -1.383  -1.381  -1.379  -1.376  -1.372  -1.368
   2.900  -1.518  -1.479  -1.448  -1.424  -1.409  -1.399  -1.392  -1.389  -1.386  -1.384  -1.383  -1.383  -1.382  -1.381  -1.379  -1.377  -1.376  -1.375  -1.375  -1.375  -1.375  -1.375  -1.375  -1.375  -1.375  -1.375  -1.375  -1.375  -1.375  -1.374  -1.374  -1.376  -1.378  -1.379  -1.379  -1.379  -1.379  -1.379  -1.379  -1.378  -1.378  -1.376  -1.375  -1.373  -1.370  -1.367
   2.910  -1.679  -1.614  -1.557  -1.509  -1.469  -1.437  -1.416  -1.402  -1.392  -1.387  -1.383  -1.380  -1.379  -1.377  -1.376  -1.376  -1.376  -1.376  -1.375  -1.371  -1.369  -1.369  -1.370  -1.370  -1.369  -1.369  -1.369  -1.369  -1.369  -1.370  -1.370  -1.370  -1.369  -1.369  -1.370  -1.371  -1.371  -1.371  -1.371  -1.371  -1.371  -1.371  -1.370  -1.368  -1.367  -1.365
   2.920  -2.026  -1.872  -1.747  -1.652  -1.590  -1.541  -1.494  -1.456  -1.427  -1.408  -1.394  -1.385  -1.380  -1.376  -1.373  -1.372  -1.371  -1.371  -1.371  -1.371  -1.370  -1.368  -1.366  -1.365  -1.364  -1.364  -1.364  -1.363  -1.363  -1.364  -1.364  -1.364  -1.364  -1.364  -1.364  -1.364  -1.364  -1.364  -1.364  -1.364  -1.364  -1.364  -1.364  -1.363  -1.362  -1.361
   2.930  -2.030  -2.029  -2.026  -1.997  -1.851  -1.706  -1.628  -1.573  -1.521  -1.476  -1.440  -1.414  -1.397  -1.384  -1.377  -1.373  -1.369  -1.367  -1.365  -1.364  -1.364  -1.364  -1.364  -1.363  -1.360  -1.358  -1.358  -1.358  -1.358  -1.357  -1.357  -1.357  -1.357  -1.357  -1.357  -1.357  -1.357  -1.357  -1.357  -1.357  -1.357  -1.357  -1.357  -1.357  -1.356  -1.356
   2.940  -2.057  -2.045  -2.035  -2.028  -2.026  -2.021  -1.931  -1.772  -1.668  -1.603  -1.550  -1.499  -1.456  -1.423  -1.402  -1.386  -1.375  -1.368  -1.364  -1.362  -1.360  -1.359  -1.358  -1.358  -1.357  -1.357  -1.355  -1.352  -1.351  -1.351  -1.351  -1.351  -1.351  -1.351  -1.351  -1.351  -1.350  -1.350  -1.350  -1.350  -1.350  -1.350  -1.350  -1.350  -1.350  -1.349
   2.950  -2.232  -2.155  -2.096  -2.061  -2.044  -2.033  -2.026  -2.022  -1.990  -1.849  -1.710  -1.632  -1.575  -1.521  -1.473  -1.434  -1.406  -1.388  -1.374  -1.365  -1.360  -1.356  -1.354  -1.352  -1.352  -1.351  -1.351  -1.350  -1.349  -1.346  -1.344  -1.344  -1.344  -1.344  -1.344  -1.344  -1.344  -1.344  -1.343  -1.343  -1.343  -1.343  -1.343  -1.343  -1.342  -1.342
   2.960  -2.967  -2.667  -2.430  -2.261  -2.164  -2.105  -2.067  -2.047  -2.032  -2.026  -2.016  -1.923  -1.766  -1.662  -1.596  -1.541  -1.489  -1.446  -1.413  -1.389  -1.372  -1.361  -1.355  -1.350  -1.347  -1.345  -1.344  -1.343  -1.343  -1.342  -1.342  -1.341  -1.339  -1.338  -1.337  -1.337  -1.337  -1.337  -1.337  -1.336  -1.336  -1.335  -1.335  -1.335  -1.335  -1.335
   2.970  -2.861  -2.903  -2.923  -2.889  -2.675  -2.452  -2.309  -2.193  -2.113  -2.070  -2.044  -2.031  -2.023  -1.981  -1.836  -1.695  -1.616  -1.559  -1.505  -1.456  -1.417  -1.390  -1.371  -1.358  -1.349  -1.344  -1.340  -1.338  -1.336  -1.336  -1.335  -1.334  -1.333  -1.332  -1.331  -1.330  -1.330  -1.330  -1.330  -1.329  -1.328  -1.328  -1.328  -1.328  -1.327  -1.327
   2.980  -2.910  -2.910  -2.909  -2.905  -2.890  -2.881  -2.910  -2.955  -2.894  -2.511  -2.201  -2.117  -2.073  -2.043  -2.032  -2.012  -1.906  -1.742  -1.635  -1.571  -1.518  -1.466  -1.423  -1.390  -1.369  -1.354  -1.344  -1.338  -1.333  -1.330  -1.328  -1.327  -1.327  -1.326  -1.325  -1.324  -1.324  -1.323  -1.323  -1.322  -1.321  -1.320  -1.320  -1.320  -1.320  -1.320
   2.990  -2.949  -2.925  -2.908  -2.900  -2.898  -2.894  -2.880  -2.865  -2.872  -2.925  -2.959  -2.748  -2.379  -2.195  -2.118  -2.071  -2.044  -2.029  -1.967  -1.808  -1.659  -1.579  -1.525  -1.473  -1.428  -1.392  -1.367  -1.350  -1.337  -1.330  -1.325  -1.322  -1.321  -1.319  -1.318  -1.317  -1.317  -1.316  -1.316  -1.314  -1.313  -1.313  -1.312  -1.312  -1.312  -1.312
   3.000  -2.891  -2.911  -2.923  -2.925  -2.922  -2.916  -2.903  -2.885  -2.868  -2.848  -2.838  -2.871  -2.921  -2.882  -2.600  -2.327  -2.196  -2.117  -2.064  -2.044  -2.010  -1.883  -1.706  -1.591  -1.527  -1.477  -1.430  -1.392  -1.363  -1.344  -1.331  -1.323  -1.319  -1.316  -1.314  -1.313  -1.311  -1.310  -1.309  -1.308  -1.306  -1.305  -1.305  -1.304  -1.304  -1.303
   3.010  -2.760  -2.801  -2.835  -2.864  -2.887  -2.899  -2.902  -2.904  -2.899  -2.875  -2.859  -2.861  -2.864  -2.864  -2.854  -2.834  -2.707  -2.490  -2.328  -2.199  -2.102  -2.060  -2.036  -1.952  -1.776  -1.617  -1.532  -1.479  -1.429  -1.389  -1.358  -1.340  -1.330  -1.322  -1.317  -1.313  -1.309  -1.307  -1.304  -1.302  -1.300  -1.299  -1.298  -1.297  -1.296  -1.295
   3.020  -2.705  -2.708  -2.718  -2.739  -2.784  -2.825  -2.847  -2.862  -2.875  -2.886  -2.891  -2.876  -2.852  -2.848  -2.853  -2.856  -2.851  -2.836  -2.790  -2.635  -2.464  -2.316  -2.178  -2.091  -2.061  -2.007  -1.852  -1.657  -1.534  -1.472  -1.429  -1.391  -1.365  -1.345  -1.333  -1.324  -1.316  -1.309  -1.304  -1.300  -1.297  -1.294  -1.292  -1.290  -1.289  -1.288
   3.030  -2.698  -2.694  -2.691  -2.691  -2.695  -2.702  -2.718  -2.743  -2.772  -2.806  -2.835  -2.854  -2.865  -2.862  -2.844  -2.832  -2.836  -2.841  -2.839  -2.821  -2.809  -2.829  -2.860  -2.800  -2.437  -2.142  -2.080  -2.045  -1.930  -1.723  -1.551  -1.474  -1.434  -1.399  -1.373  -1.354  -1.338  -1.326  -1.315  -1.307  -1.299  -1.294  -1.290  -1.286  -1.283  -1.281
   3.040  -2.687  -2.686  -2.685  -2.683  -2.680  -2.677  -2.675  -2.674  -2.676  -2.693  -2.720  -2.762  -2.807  -2.827  -2.837  -2.840  -2.831  -2.818  -2.816  -2.821  -2.824  -2.798  -2.757  -2.759  -2.811  -2.844  -2.629  -2.263  -2.107  -2.069  -2.001  -1.806  -1.583  -1.489  -1.453  -1.427  -1.397  -1.371  -1.349  -1.330  -1.314  -1.303  -1.295  -1.288  -1.281  -1.276
   3.050  -2.675  -2.673  -2.671  -2.671  -2.670  -2.670  -2.668  -2.665  -2.661  -2.658  -2.656  -2.661  -2.675  -2.697  -2.728  -2.758  -2.783  -2.805  -2.817  -2.825  -2.827  -2.822  -2.811  -2.795  -2.773  -2.761  -2.783  -2.817  -2.771  -2.471  -2.163  -1.979  -1.835  -1.721  -1.642  -1.577  -1.518  -1.467  -1.423  -1.384  -1.353  -1.331  -1.315  -1.301  -1.288  -1.277
   3.060  -2.684  -2.674  -2.666  -2.661  -2.658  -2.656  -2.655  -2.654  -2.652  -2.650  -2.648  -2.644  -2.641  -2.642  -2.657  -2.676  -2.693  -2.713  -2.735  -2.762  -2.783  -2.795  -2.801  -2.802  -2.799  -2.795  -2.776  -2.752  -2.749  -2.757  -2.763  -2.606  -2.310  -2.102  -1.952  -1.825  -1.719  -1.633  -1.554  -1.486  -1.430  -1.390  -1.361  -1.334  -1.309  -1.288
   3.070  -2.797  -2.749  -2.710  -2.683  -2.666  -2.655  -2.647  -2.643  -2.639  -2.637  -2.636  -2.635  -2.634  -2.631  -2.627  -2.624  -2.628  -2.637  -2.650  -2.667  -2.688  -2.719  -2.750  -2.766  -2.774  -2.777  -2.775  -2.770  -2.762  -2.750  -2.727  -2.679  -2.596  -2.473  -2.303  -2.135  -1.994  -1.865  -1.749  -1.646  -1.559  -1.495  -1.445  -1.398  -1.354  -1.316
   3.080  -3.399  -3.187  -3.013  -2.880  -2.789  -2.725  -2.684  -2.662  -2.645  -2.634  -2.628  -2.623  -2.621  -2.619  -2.618  -2.616  -2.612  -2.609  -2.608  -2.610  -2.613  -2.625  -2.646  -2.669  -2.696  -2.719  -2.737  -2.748  -2.750  -2.749  -2.746  -2.742  -2.734  -2.702  -2.571  -2.417  -2.273  -2.125  -1.987  -1.857  -1.742  -1.651  -1.574  -1.501  -1.433  -1.371
   3.090  -4.163  -4.161  -4.157  -4.079  -3.671  -3.259  -3.013  -2.836  -2.738  -2.691  -2.661  -2.637  -2.623  -2.613  -2.608  -2.604  -2.601  -2.600  -2.598  -2.595  -2.592  -2.589  -2.586  -2.589  -2.606  -2.629  -2.653  -2.678  -2.700  -2.722  -2.732  -2.729  -2.720  -2.704  -2.665  -2.596  -2.489  -2.356  -2.225  -2.089  -1.961  -1.849  -1.747  -1.647  -1.551  -1.460
   3.100  -4.129  -4.113  -4.102  -4.094  -4.089  -4.087  -4.086  -4.086  -3.976  -3.385  -2.906  -2.775  -2.708  -2.658  -2.630  -2.612  -2.599  -2.592  -2.586  -2.583  -2.581  -2.578  -2.576  -2.572  -2.567  -2.564  -2.572  -2.591  -2.612  -2.638  -2.660  -2.676  -2.687  -2.687  -2.677  -2.657  -2.603  -2.514  -2.415  -2.300  -2.180  -2.063  -1.944  -1.825  -1.707  -1.588
   3.110  -4.163  -4.111  -4.072  -4.050  -4.040  -4.033  -4.028  -4.025  -4.023  -4.022  -4.021  -3.787  -3.352  -3.055  -2.845  -2.714  -2.655  -2.625  -2.600  -2.585  -2.575  -2.568  -2.565  -2.561  -2.559  -2.556  -2.551  -2.547  -2.547  -2.557  -2.573  -2.598  -2.624  -2.636  -2.641  -2.643  -2.628  -2.587  -2.529  -2.452  -2.360  -2.255  -2.138  -2.015  -1.886  -1.749
   3.120  -4.358  -4.213  -4.104  -4.043  -4.012  -3.994  -3.981  -3.974  -3.969  -3.966  -3.964  -3.963  -3.962  -3.909  -3.611  -3.289  -3.050  -2.844  -2.718  -2.656  -2.617  -2.587  -2.571  -2.558  -2.551  -2.546  -2.542  -2.539  -2.535  -2.529  -2.526  -2.536  -2.555  -2.572  -2.589  -2.598  -2.596  -2.590  -2.576  -2.537  -2.477  -2.398  -2.300  -2.190  -2.066  -1.927
   3.130  -4.748  -4.493  -4.289  -4.138  -4.044  -3.986  -3.952  -3.934  -3.923  -3.917  -3.913  -3.910  -3.908  -3.906  -3.904  -3.903  -3.903  -3.902  -3.810  -3.305  -2.873  -2.732  -2.659  -2.605  -2.574  -2.555  -2.540  -2.532  -2.525  -2.520  -2.518  -2.518  -2.519  -2.522  -2.537  -2.551  -2.561  -2.567  -2.566  -2.554  -2.529  -2.483  -2.413  -2.327  -2.223  -2.100
   3.140  -5.219  -4.921  -4.657  -4.426  -4.227  -4.073  -3.978  -3.926  -3.895  -3.878  -3.868  -3.861  -3.858  -3.855  -3.853  -3.851  -3.850  -3.848  -3.848  -3.847  -3.847  -3.584  -3.111  -2.845  -2.728  -2.653  -2.594  -2.562  -2.536  -2.522  -2.513  -2.505  -2.501  -2.502  -2.508  -2.516  -2.527  -2.536  -2.538  -2.538  -2.538  -2.521  -2.477  -2.418  -2.342  -2.247
   3.150  -5.648  -5.380  -5.115  -4.847  -4.571  -4.331  -4.151  -4.014  -3.919  -3.867  -3.839  -3.823  -3.814  -3.808  -3.805  -3.803  -3.801  -3.799  -3.797  -3.797  -3.796  -3.795  -3.794  -3.794  -3.794  -3.794  -3.428  -2.830  -2.633  -2.576  -2.545  -2.525  -2.515  -2.513  -2.512  -2.512  -2.514  -2.519  -2.524  -2.531  -2.534  -2.527  -2.506  -2.470  -2.420  -2.356
   3.160  -5.972  -5.770  -5.546  -5.295  -5.011  -4.736  -4.478  -4.243  -4.066  -3.943  -3.861  -3.812  -3.787  -3.771  -3.762  -3.757  -3.754  -3.752  -3.750  -3.749  -3.748  -3.747  -3.746  -3.745  -3.744  -3.743  -3.743  -3.742  -3.649  -3.147  -2.758  -2.669  -2.624  -2.598  -2.586  -2.576  -2.560  -2.547  -2.546  -2.550  -2.552  -2.546  -2.529  -2.504  -2.471  -2.429
   3.170  -6.178  -6.049  -5.885  -5.682  -5.438  -5.176  -4.896  -4.612  -4.368  -4.156  -3.986  -3.872  -3.802  -3.758  -3.734  -3.721  -3.712  -3.708  -3.705  -3.703  -3.702  -3.701  -3.700  -3.699  -3.698  -3.697  -3.696  -3.695  -3.695  -3.694  -3.694  -3.493  -3.127  -2.911  -2.807  -2.736  -2.676  -2.640  -2.627  -2.624  -2.618  -2.599  -2.572  -2.544  -2.515  -2.483
   3.180  -6.281  -6.214  -6.109  -5.966  -5.784  -5.570  -5.318  -5.041  -4.771  -4.496  -4.253  -4.060  -3.908  -3.801  -3.742  -3.708  -3.685  -3.673  -3.665  -3.661  -3.658  -3.656  -3.654  -3.654  -3.653  -3.653  -3.652  -3.651  -3.651  -3.650  -3.649  -3.574  -3.420  -3.276  -3.124  -2.989  -2.886  -2.810  -2.773  -2.759  -2.741  -2.701  -2.654  -2.613  -2.576  -2.541
   3.190  -6.311  -6.286  -6.229  -6.142  -6.025  -5.872  -5.673  -5.440  -5.185  -4.901  -4.627  -4.372  -4.140  -3.961  -3.832  -3.741  -3.686  -3.657  -3.638  -3.627  -3.621  -3.616  -3.614  -3.612  -3.611  -3.610  -3.610  -3.609  -3.609  -3.608  -3.607  -3.607  -3.606  -3.578  -3.417  -3.247  -3.127  -3.026  -2.964  -2.939  -2.909  -2.849  -2.779  -2.720  -2.668  -2.623
   3.200  -6.305  -6.297  -6.271  -6.229  -6.165  -6.068  -5.931  -5.759  -5.549  -5.297  -5.032  -4.757  -4.481  -4.242  -4.030  -3.861  -3.750  -3.682  -3.634  -3.608  -3.593  -3.583  -3.578  -3.574  -3.572  -3.570  -3.569  -3.568  -3.568  -3.567  -3.567  -3.567  -3.566  -3.557  -3.505  -3.430  -3.335  -3.230  -3.162  -3.130  -3.090  -3.017  -2.932  -2.859  -2.794  -2.735
   3.210  -6.291  -6.287  -6.275  -6.256  -6.226  -6.172  -6.091  -5.980  -5.826  -5.630  -5.405  -5.146  -4.867  -4.601  -4.336  -4.105  -3.923  -3.781  -3.679  -3.620  -3.585  -3.563  -3.551  -3.542  -3.536  -3.533  -3.531  -3.529  -3.529  -3.528  -3.528  -3.528  -3.527  -3.526  -3.516  -3.496  -3.444  -3.370  -3.318  -3.288  -3.246  -3.173  -3.088  -3.011  -2.939  -2.872
   3.220  -6.280  -6.276  -6.267  -6.255  -6.241  -6.214  -6.171  -6.108  -6.007  -5.873  -5.703  -5.487  -5.239  -4.980  -4.701  -4.435  -4.192  -3.974  -3.810  -3.697  -3.617  -3.565  -3.538  -3.520  -3.509  -3.503  -3.498  -3.495  -3.493  -3.492  -3.491  -3.490  -3.490  -3.490  -3.490  -3.490  -3.471  -3.434  -3.405  -3.383  -3.349  -3.290  -3.218  -3.150  -3.082  -3.014
   3.230  -6.271  -6.266  -6.258  -6.250  -6.241  -6.225  -6.202  -6.168  -6.108  -6.027  -5.912  -5.752  -5.557  -5.330  -5.066  -4.797  -4.528  -4.267  -4.046  -3.862  -3.716  -3.618  -3.557  -3.516  -3.494  -3.480  -3.470  -3.465  -3.461  -3.459  -3.457  -3.456  -3.455  -3.455  -3.455  -3.455  -3.451  -3.441  -3.430  -3.418  -3.396  -3.357  -3.307  -3.255  -3.200  -3.141
   3.240  -6.258  -6.256  -6.251  -6.244  -6.236  -6.224  -6.210  -6.191  -6.156  -6.110  -6.037  -5.931  -5.794  -5.614  -5.391  -5.147  -4.883  -4.608  -4.353  -4.109  -3.901  -3.746  -3.631  -3.548  -3.500  -3.471  -3.451  -3.441  -3.433  -3.429  -3.426  -3.424  -3.422  -3.421  -3.421  -3.421  -3.420  -3.419  -3.416  -3.411  -3.401  -3.381  -3.351  -3.317  -3.278  -3.234
   3.250  -6.235  -6.236  -6.236  -6.235  -6.230  -6.221  -6.212  -6.198  -6.177  -6.149  -6.104  -6.038  -5.949  -5.820  -5.653  -5.453  -5.214  -4.950  -4.687  -4.417  -4.170  -3.958  -3.778  -3.642  -3.550  -3.487  -3.448  -3.428  -3.413  -3.403  -3.398  -3.394  -3.392  -3.391  -3.390  -3.389  -3.389  -3.388  -3.387  -3.385  -3.382  -3.374  -3.359  -3.340  -3.317  -3.288
   3.260  -6.199  -6.208  -6.214  -6.215  -6.214  -6.212  -6.207  -6.197  -6.183  -6.166  -6.138  -6.098  -6.042  -5.954  -5.839  -5.689  -5.493  -5.263  -5.017  -4.747  -4.483  -4.233  -3.999  -3.811  -3.664  -3.552  -3.479  -3.436  -3.405  -3.387  -3.377  -3.370  -3.366  -3.362  -3.361  -3.359  -3.358  -3.357  -3.356  -3.355  -3.354  -3.351  -3.345  -3.336  -3.323  -3.307
   3.270  -6.145  -6.163  -6.177  -6.186  -6.192  -6.194  -6.193  -6.188  -6.181  -6.171  -6.153  -6.128  -6.092  -6.035  -5.960  -5.853  -5.706  -5.526  -5.312  -5.062  -4.802  -4.538  -4.277  -4.048  -3.846  -3.680  -3.561  -3.477  -3.417  -3.385  -3.365  -3.351  -3.344  -3.338  -3.334  -3.332  -3.329  -3.328  -3.326  -3.325  -3.324  -3.322  -3.320  -3.316  -3.310  -3.302
   3.280  -6.073  -6.099  -6.121  -6.140  -6.154  -6.163  -6.168  -6.171  -6.170  -6.165  -6.154  -6.140  -6.118  -6.081  -6.033  -5.960  -5.857  -5.724  -5.552  -5.338  -5.103  -4.847  -4.579  -4.328  -4.085  -3.873  -3.702  -3.567  -3.468  -3.408  -3.369  -3.343  -3.329  -3.318  -3.312  -3.307  -3.303  -3.301  -3.298  -3.296  -3.295  -3.293  -3.292  -3.289  -3.286  -3.282
   3.290  -5.989  -6.022  -6.051  -6.076  -6.099  -6.117  -6.131  -6.141  -6.144  -6.145  -6.145  -6.140  -6.126  -6.103  -6.074  -6.026  -5.957  -5.864  -5.733  -5.565  -5.367  -5.133  -4.876  -4.620  -4.358  -4.116  -3.903  -3.718  -3.574  -3.471  -3.397  -3.350  -3.326  -3.307  -3.295  -3.287  -3.280  -3.275  -3.271  -3.268  -3.266  -3.264  -3.263  -3.260  -3.258  -3.255
   3.300  -5.897  -5.933  -5.967  -5.999  -6.028  -6.054  -6.076  -6.094  -6.108  -6.118  -6.122  -6.121  -6.117  -6.110  -6.093  -6.062  -6.018  -5.956  -5.862  -5.738  -5.581  -5.381  -5.151  -4.907  -4.643  -4.387  -4.145  -3.921  -3.733  -3.581  -3.463  -3.388  -3.343  -3.308  -3.286  -3.270  -3.259  -3.252  -3.246  -3.242  -3.238  -3.236  -3.234  -3.231  -3.229  -3.226
   3.310  -5.806  -5.842  -5.878  -5.912  -5.946  -5.978  -6.007  -6.033  -6.054  -6.072  -6.085  -6.093  -6.097  -6.097  -6.089  -6.074  -6.050  -6.010  -5.946  -5.860  -5.742  -5.583  -5.391  -5.171  -4.919  -4.662  -4.407  -4.158  -3.939  -3.743  -3.582  -3.464  -3.380  -3.318  -3.281  -3.256  -3.239  -3.229  -3.221  -3.215  -3.211  -3.208  -3.205  -3.203  -3.200  -3.197
   3.320  -5.722  -5.755  -5.789  -5.823  -5.859  -5.894  -5.927  -5.959  -5.987  -6.012  -6.033  -6.051  -6.064  -6.066  -6.067  -6.067  -6.059  -6.035  -5.996  -5.940  -5.856  -5.737  -5.586  -5.399  -5.172  -4.929  -4.674  -4.414  -4.173  -3.946  -3.747  -3.586  -3.457  -3.362  -3.303  -3.262  -3.233  -3.216  -3.203  -3.194  -3.188  -3.183  -3.179  -3.175  -3.172  -3.169
   3.330  -5.646  -5.675  -5.706  -5.739  -5.773  -5.808  -5.843  -5.877  -5.909  -5.940  -5.968  -5.992  -6.012  -6.027  -6.039  -6.044  -6.041  -6.033  -6.018  -5.986  -5.928  -5.845  -5.735  -5.584  -5.393  -5.177  -4.933  -4.672  -4.422  -4.174  -3.948  -3.750  -3.580  -3.447  -3.355  -3.286  -3.239  -3.211  -3.189  -3.175  -3.166  -3.158  -3.153  -3.148  -3.143  -3.140
   3.340  -5.580  -5.605  -5.632  -5.661  -5.692  -5.724  -5.758  -5.793  -5.827  -5.861  -5.893  -5.922  -5.949  -5.972  -5.992  -6.005  -6.011  -6.015  -6.013  -5.997  -5.965  -5.915  -5.838  -5.724  -5.575  -5.393  -5.171  -4.922  -4.673  -4.414  -4.169  -3.944  -3.741  -3.573  -3.440  -3.337  -3.266  -3.220  -3.185  -3.163  -3.148  -3.136  -3.128  -3.121  -3.115  -3.111
   3.350  -5.523  -5.544  -5.567  -5.592  -5.619  -5.648  -5.679  -5.712  -5.745  -5.779  -5.812  -5.845  -5.876  -5.905  -5.930  -5.952  -5.970  -5.983  -5.984  -5.980  -5.972  -5.949  -5.899  -5.819  -5.711  -5.567  -5.379  -5.157  -4.919  -4.658  -4.401  -4.159  -3.930  -3.731  -3.559  -3.418  -3.317  -3.247  -3.193  -3.159  -3.135  -3.117  -3.105  -3.095  -3.087  -3.081
   3.360  -5.474  -5.491  -5.510  -5.531  -5.554  -5.579  -5.606  -5.635  -5.666  -5.698  -5.731  -5.765  -5.798  -5.830  -5.860  -5.887  -5.911  -5.931  -5.945  -5.953  -5.956  -5.947  -5.921  -5.876  -5.804  -5.696  -5.547  -5.362  -5.147  -4.896  -4.639  -4.385  -4.136  -3.913  -3.710  -3.538  -3.403  -3.299  -3.220  -3.168  -3.130  -3.103  -3.086  -3.070  -3.058  -3.050
   3.370  -5.437  -5.448  -5.462  -5.479  -5.498  -5.519  -5.542  -5.567  -5.594  -5.623  -5.654  -5.686  -5.719  -5.751  -5.784  -5.815  -5.844  -5.870  -5.892  -5.911  -5.920  -5.918  -5.912  -5.899  -5.856  -5.779  -5.670  -5.526  -5.342  -5.116  -4.872  -4.615  -4.353  -4.111  -3.884  -3.684  -3.515  -3.376  -3.268  -3.193  -3.138  -3.097  -3.071  -3.048  -3.031  -3.020
   3.380  -5.409  -5.415  -5.425  -5.436  -5.450  -5.467  -5.486  -5.507  -5.530  -5.556  -5.583  -5.612  -5.642  -5.674  -5.707  -5.739  -5.770  -5.800  -5.827  -5.851  -5.870  -5.882  -5.887  -5.885  -5.864  -5.821  -5.751  -5.644  -5.496  -5.305  -5.087  -4.839  -4.574  -4.321  -4.075  -3.849  -3.651  -3.480  -3.342  -3.240  -3.160  -3.102  -3.062  -3.029  -3.005  -2.991
   3.390  -5.391  -5.392  -5.396  -5.403  -5.411  -5.423  -5.438  -5.455  -5.474  -5.495  -5.518  -5.544  -5.572  -5.601  -5.631  -5.662  -5.694  -5.726  -5.756  -5.784  -5.808  -5.830  -5.846  -5.847  -5.840  -5.827  -5.791  -5.716  -5.604  -5.455  -5.270  -5.043  -4.789  -4.535  -4.273  -4.027  -3.806  -3.608  -3.442  -3.307  -3.199  -3.120  -3.064  -3.018  -2.984  -2.963
   3.400  -5.379  -5.379  -5.379  -5.380  -5.383  -5.390  -5.399  -5.411  -5.426  -5.443  -5.462  -5.483  -5.507  -5.532  -5.560  -5.589  -5.619  -5.651  -5.681  -5.711  -5.739  -5.766  -5.788  -5.798  -5.802  -5.804  -5.789  -5.743  -5.666  -5.556  -5.408  -5.213  -4.984  -4.740  -4.474  -4.215  -3.975  -3.752  -3.558  -3.393  -3.256  -3.153  -3.078  -3.015  -2.968  -2.937
   3.410  -5.371  -5.368  -5.365  -5.365  -5.365  -5.366  -5.369  -5.376  -5.385  -5.397  -5.412  -5.429  -5.449  -5.471  -5.495  -5.521  -5.549  -5.577  -5.607  -5.637  -5.666  -5.694  -5.719  -5.738  -5.754  -5.760  -5.752  -5.730  -5.689  -5.613  -5.498  -5.340  -5.146  -4.923  -4.665  -4.405  -4.152  -3.906  -3.690  -3.499  -3.336  -3.206  -3.104  -3.021  -2.958  -2.917
   3.420  -5.366  -5.362  -5.359  -5.355  -5.352  -5.351  -5.351  -5.352  -5.355  -5.362  -5.372  -5.384  -5.399  -5.416  -5.436  -5.458  -5.482  -5.508  -5.535  -5.564  -5.592  -5.620  -5.646  -5.670  -5.692  -5.702  -5.699  -5.692  -5.675  -5.625  -5.539  -5.418  -5.261  -5.068  -4.833  -4.584  -4.326  -4.066  -3.831  -3.617  -3.429  -3.272  -3.143  -3.037  -2.957  -2.902
   3.430  -5.362  -5.358  -5.354  -5.350  -5.345  -5.341  -5.338  -5.336  -5.336  -5.338  -5.341  -5.347  -5.357  -5.370  -5.385  -5.403  -5.423  -5.444  -5.468  -5.494  -5.520  -5.546  -5.572  -5.596  -5.620  -5.633  -5.635  -5.636  -5.632  -5.600  -5.538  -5.448  -5.327  -5.166  -4.963  -4.737  -4.488  -4.227  -3.981  -3.746  -3.533  -3.351  -3.196  -3.068  -2.968  -2.894
   3.440  -5.354  -5.352  -5.349  -5.345  -5.341  -5.336  -5.331  -5.327  -5.323  -5.321  -5.320  -5.321  -5.326  -5.333  -5.343  -5.355  -5.370  -5.388  -5.408  -5.430  -5.452  -5.476  -5.500  -5.522  -5.543  -5.558  -5.566  -5.570  -5.567  -5.546  -5.502  -5.437  -5.343  -5.213  -5.045  -4.849  -4.621  -4.371  -4.125  -3.876  -3.645  -3.442  -3.263  -3.112  -2.989  -2.893
   3.450  -5.341  -5.341  -5.340  -5.339  -5.336  -5.331  -5.326  -5.321  -5.316  -5.311  -5.307  -5.305  -5.304  -5.305  -5.309  -5.316  -5.326  -5.339  -5.354  -5.371  -5.390  -5.410  -5.430  -5.449  -5.468  -5.482  -5.490  -5.494  -5.492  -5.475  -5.441  -5.391  -5.317  -5.213  -5.078  -4.913  -4.712  -4.486  -4.251  -4.001  -3.762  -3.542  -3.340  -3.166  -3.020  -2.900
   3.460  -5.319  -5.324  -5.328  -5.328  -5.326  -5.324  -5.321  -5.316  -5.311  -5.306  -5.300  -5.294  -5.289  -5.288  -5.287  -5.287  -5.290  -5.298  -5.308  -5.320  -5.334  -5.349  -5.365  -5.381  -5.397  -5.407  -5.411  -5.413  -5.411  -5.395  -5.364  -5.320  -5.259  -5.173  -5.062  -4.925  -4.755  -4.559  -4.345  -4.108  -3.872  -3.642  -3.422  -3.230  -3.064  -2.921
   3.470  -5.281  -5.294  -5.304  -5.310  -5.313  -5.314  -5.313  -5.310  -5.306  -5.301  -5.295  -5.289  -5.282  -5.276  -5.271  -5.268  -5.268  -5.269  -5.270  -5.277  -5.286  -5.296  -5.308  -5.318  -5.330  -5.335  -5.334  -5.332  -5.327  -5.309  -5.277  -5.234  -5.178  -5.102  -5.008  -4.892  -4.749  -4.583  -4.394  -4.181  -3.959  -3.731  -3.503  -3.299  -3.116  -2.951
   3.480  -5.223  -5.246  -5.264  -5.279  -5.289  -5.295  -5.297  -5.298  -5.297  -5.294  -5.289  -5.284  -5.277  -5.270  -5.263  -5.256  -5.250  -5.246  -5.245  -5.246  -5.247  -5.251  -5.257  -5.262  -5.267  -5.269  -5.266  -5.258  -5.244  -5.220  -5.186  -5.141  -5.085  -5.013  -4.928  -4.824  -4.701  -4.560  -4.396  -4.210  -4.011  -3.797  -3.576  -3.369  -3.173  -2.987
   3.490  -5.139  -5.173  -5.203  -5.228  -5.248  -5.263  -5.274  -5.280  -5.281  -5.281  -5.281  -5.278  -5.272  -5.266  -5.258  -5.250  -5.242  -5.234  -5.228  -5.222  -5.218  -5.217  -5.216  -5.214  -5.212  -5.209  -5.201  -5.187  -5.165  -5.135  -5.095  -5.045  -4.985  -4.914  -4.831  -4.734  -4.624  -4.499  -4.356  -4.196  -4.021  -3.828  -3.623  -3.422  -3.223  -3.024
   3.500  -5.030  -5.076  -5.117  -5.153  -5.184  -5.210  -5.230  -5.246  -5.257  -5.264  -5.266  -5.265  -5.263  -5.260  -5.254  -5.246  -5.237  -5.228  -5.218  -5.208  -5.199  -5.191  -5.184  -5.176  -5.168  -5.157  -5.142  -5.121  -5.092  -5.055  -5.009  -4.953  -4.887  -4.811  -4.726  -4.631  -4.526  -4.411  -4.284  -4.144  -3.990  -3.819  -3.635  -3.448  -3.255  -3.057
   3.525  -4.676  -4.743  -4.806  -4.864  -4.918  -4.968  -5.013  -5.054  -5.092  -5.124  -5.149  -5.171  -5.190  -5.203  -5.208  -5.210  -5.209  -5.205  -5.197  -5.188  -5.179  -5.171  -5.159  -5.142  -5.117  -5.084  -5.047  -5.005  -4.953  -4.892  -4.823  -4.746  -4.660  -4.569  -4.470  -4.367  -4.260  -4.149  -4.033  -3.914  -3.788  -3.654  -3.509  -3.348  -3.183  -3.013
   3.550  -4.258  -4.337  -4.414  -4.488  -4.559  -4.628  -4.695  -4.758  -4.819  -4.877  -4.930  -4.979  -5.023  -5.061  -5.094  -5.121  -5.143  -5.158  -5.160  -5.160  -5.159  -5.151  -5.133  -5.110  -5.080  -5.041  -4.992  -4.933  -4.862  -4.781  -4.690  -4.591  -4.483  -4.371  -4.254  -4.134  -4.013  -3.891  -3.769  -3.648  -3.526  -3.403  -3.279  -3.152  -3.021  -2.887
   3.575  -3.807  -3.895  -3.980  -4.064  -4.147  -4.227  -4.306  -4.383  -4.458  -4.530  -4.599  -4.665  -4.727  -4.786  -4.844  -4.896  -4.944  -4.983  -5.011  -5.034  -5.054  -5.067  -5.066  -5.049  -5.028  -5.000  -4.957  -4.898  -4.825  -4.739  -4.640  -4.522  -4.392  -4.258  -4.117  -3.976  -3.836  -3.697  -3.561  -3.428  -3.297  -3.169  -3.042  -2.915  -2.788  -2.660
   3.600  -3.347  -3.439  -3.529  -3.619  -3.707  -3.795  -3.881  -3.966  -4.049  -4.131  -4.210  -4.288  -4.363  -4.436  -4.507  -4.574  -4.638  -4.699  -4.754  -4.806  -4.851  -4.892  -4.923  -4.930  -4.932  -4.933  -4.912  -4.859  -4.789  -4.698  -4.589  -4.462  -4.320  -4.172  -4.016  -3.858  -3.702  -3.546  -3.393  -3.244  -3.098  -2.955  -2.814  -2.676  -2.541  -2.409
   3.625  -2.908  -3.002  -3.095  -3.187  -3.279  -3.370  -3.461  -3.550  -3.638  -3.725  -3.811  -3.896  -3.979  -4.060  -4.140  -4.218  -4.293  -4.365  -4.434  -4.498  -4.557  -4.611  -4.657  -4.686  -4.710  -4.727  -4.721  -4.688  -4.638  -4.561  -4.463  -4.352  -4.226  -4.089  -3.941  -3.785  -3.626  -3.462  -3.299  -3.135  -2.973  -2.814  -2.657  -2.505  -2.357  -2.213
   3.650  -2.496  -2.589  -2.681  -2.773  -2.865  -2.957  -3.049  -3.140  -3.230  -3.320  -3.409  -3.497  -3.584  -3.670  -3.755  -3.838  -3.919  -3.998  -4.073  -4.146  -4.213  -4.275  -4.330  -4.374  -4.411  -4.427  -4.423  -4.412  -4.388  -4.335  -4.263  -4.176  -4.074  -3.957  -3.825  -3.683  -3.531  -3.370  -3.205  -3.036  -2.866  -2.697  -2.529  -2.364  -2.204  -2.046
   3.675  -2.117  -2.205  -2.294  -2.384  -2.476  -2.568  -2.660  -2.752  -2.844  -2.935  -3.026  -3.116  -3.205  -3.293  -3.381  -3.467  -3.551  -3.634  -3.713  -3.791  -3.863  -3.929  -3.988  -4.038  -4.079  -4.097  -4.094  -4.086  -4.066  -4.018  -3.952  -3.876  -3.787  -3.687  -3.576  -3.456  -3.328  -3.191  -3.048  -2.898  -2.744  -2.585  -2.422  -2.259  -2.093  -1.926
   3.700  -1.799  -1.876  -1.956  -2.039  -2.125  -2.213  -2.302  -2.391  -2.481  -2.572  -2.662  -2.752  -2.841  -2.929  -3.017  -3.104  -3.189  -3.272  -3.353  -3.432  -3.506  -3.574  -3.634  -3.684  -3.724  -3.742  -3.738  -3.727  -3.705  -3.657  -3.595  -3.525  -3.445  -3.359  -3.267  -3.169  -3.065  -2.955  -2.837  -2.713  -2.581  -2.440  -2.290  -2.134  -1.973  -1.804
   3.725  -1.568  -1.620  -1.681  -1.749  -1.823  -1.898  -1.977  -2.059  -2.144  -2.231  -2.319  -2.407  -2.496  -2.584  -2.671  -2.758  -2.844  -2.927  -3.008  -3.087  -3.161  -3.228  -3.288  -3.336  -3.376  -3.393  -3.389  -3.377  -3.354  -3.307  -3.247  -3.181  -3.105  -3.025  -2.939  -2.849  -2.754  -2.654  -2.549  -2.439  -2.322  -2.197  -2.065  -1.927  -1.783  -1.631
   3.750  -1.440  -1.465  -1.498  -1.539  -1.588  -1.645  -1.709  -1.779  -1.852  -1.930  -2.011  -2.093  -2.177  -2.261  -2.345  -2.429  -2.512  -2.594  -2.673  -2.749  -2.820  -2.885  -2.942  -2.988  -3.024  -3.039  -3.035  -3.022  -2.998  -2.952  -2.895  -2.830  -2.757  -2.680  -2.596  -2.509  -2.419  -2.324  -2.227  -2.125  -2.020  -1.910  -1.796  -1.676  -1.551  -1.420
   3.775  -1.398  -1.405  -1.416  -1.430  -1.451  -1.483  -1.522  -1.568  -1.622  -1.683  -1.747  -1.815  -1.887  -1.961  -2.038  -2.115  -2.192  -2.269  -2.343  -2.415  -2.482  -2.542  -2.595  -2.637  -2.669  -2.682  -2.678  -2.666  -2.642  -2.599  -2.545  -2.484  -2.415  -2.340  -2.260  -2.176  -2.090  -2.000  -1.908  -1.812  -1.713  -1.611  -1.504  -1.393  -1.278  -1.157
   3.800  -1.383  -1.384  -1.386  -1.389  -1.395  -1.405  -1.420  -1.439  -1.467  -1.501  -1.542  -1.590  -1.644  -1.703  -1.766  -1.831  -1.897  -1.964  -2.028  -2.092  -2.150  -2.203  -2.248  -2.283  -2.310  -2.320  -2.316  -2.303  -2.281  -2.241  -2.191  -2.134  -2.069  -1.998  -1.922  -1.842  -1.760  -1.674  -1.585  -1.494  -1.399  -1.301  -1.200  -1.095  -0.986  -0.873
   3.825  -1.382  -1.381  -1.379  -1.378  -1.378  -1.379  -1.381  -1.385  -1.392  -1.401  -1.417  -1.441  -1.470  -1.504  -1.545  -1.588  -1.633  -1.680  -1.727  -1.775  -1.820  -1.860  -1.895  -1.920  -1.938  -1.946  -1.942  -1.928  -1.905  -1.869  -1.825  -1.773  -1.714  -1.650  -1.580  -1.506  -1.429  -1.349  -1.266  -1.180  -1.090  -0.998  -0.902  -0.803  -0.700  -0.593
   3.850  -1.381  -1.379  -1.377  -1.375  -1.372  -1.370  -1.368  -1.366  -1.364  -1.363  -1.362  -1.363  -1.366  -1.372  -1.383  -1.398  -1.417  -1.439  -1.463  -1.489  -1.513  -1.536  -1.555  -1.565  -1.571  -1.573  -1.566  -1.548  -1.524  -1.492  -1.453  -1.407  -1.354  -1.297  -1.234  -1.167  -1.097  -1.023  -0.946  -0.866  -0.783  -0.696  -0.606  -0.513  -0.415  -0.314
   3.875  -1.380  -1.378  -1.377  -1.376  -1.373  -1.371  -1.367  -1.364  -1.358  -1.352  -1.344  -1.334  -1.322  -1.308  -1.292  -1.281  -1.271  -1.262  -1.257  -1.252  -1.246  -1.240  -1.235  -1.226  -1.215  -1.204  -1.188  -1.166  -1.140  -1.109  -1.074  -1.033  -0.987  -0.936  -0.882  -0.823  -0.761  -0.695  -0.626  -0.553  -0.477  -0.397  -0.314  -0.227  -0.135  -0.040
   3.900  -1.378  -1.378  -1.377  -1.376  -1.374  -1.371  -1.367  -1.362  -1.356  -1.348  -1.338  -1.324  -1.307  -1.286  -1.259  -1.229  -1.193  -1.154  -1.114  -1.072  -1.032  -0.994  -0.958  -0.924  -0.893  -0.862  -0.832  -0.802  -0.770  -0.737  -0.702  -0.664  -0.623  -0.578  -0.531  -0.480  -0.426  -0.368  -0.307  -0.242  -0.173  -0.101  -0.025   0.056   0.140   0.229
   3.925  -1.343  -1.355  -1.361  -1.366  -1.367  -1.367  -1.364  -1.360  -1.355  -1.349  -1.339  -1.326  -1.309  -1.285  -1.253  -1.213  -1.164  -1.105  -1.037  -0.964  -0.892  -0.820  -0.749  -0.686  -0.624  -0.566  -0.515  -0.469  -0.425  -0.385  -0.346  -0.307  -0.268  -0.227  -0.185  -0.140  -0.092  -0.042   0.012   0.069   0.129   0.194   0.262   0.335   0.412   0.494
   3.950  -1.258  -1.289  -1.314  -1.333  -1.346  -1.353  -1.355  -1.356  -1.355  -1.350  -1.340  -1.327  -1.310  -1.284  -1.251  -1.208  -1.154  -1.089  -1.012  -0.922  -0.826  -0.722  -0.615  -0.514  -0.418  -0.329  -0.252  -0.183  -0.123  -0.070  -0.022   0.023   0.064   0.106   0.146   0.187   0.230   0.275   0.322   0.372   0.425   0.482   0.543   0.608   0.678   0.753
   3.975  -1.112  -1.150  -1.188  -1.223  -1.254  -1.280  -1.300  -1.318  -1.331  -1.334  -1.329  -1.319  -1.305  -1.284  -1.254  -1.212  -1.159  -1.093  -1.013  -0.917  -0.808  -0.685  -0.551  -0.417  -0.284  -0.165  -0.059   0.036   0.117   0.191   0.255   0.312   0.362   0.409   0.451   0.492   0.534   0.575   0.619   0.664   0.711   0.762   0.816   0.875   0.938   1.006
   4.000  -0.972  -1.006  -1.041  -1.080  -1.122  -1.162  -1.200  -1.235  -1.263  -1.286  -1.296  -1.295  -1.292  -1.283  -1.257  -1.216  -1.164  -1.097  -1.014  -0.915  -0.802  -0.672  -0.530  -0.385  -0.233  -0.086   0.051   0.180   0.294   0.392   0.479   0.553   0.617   0.674   0.723   0.769   0.813   0.854   0.896   0.939   0.983   1.029   1.078   1.131   1.189   1.250
   4.025  -0.908  -0.924  -0.945  -0.970  -0.999  -1.032  -1.069  -1.104  -1.136  -1.172  -1.198  -1.216  -1.231  -1.235  -1.222  -1.197  -1.153  -1.091  -1.013  -0.919  -0.810  -0.683  -0.541  -0.392  -0.233  -0.069   0.093   0.253   0.400   0.530   0.640   0.733   0.815   0.889   0.951   1.006   1.057   1.102   1.147   1.190   1.233   1.278   1.324   1.374   1.427   1.483
   4.050  -0.882  -0.884  -0.890  -0.899  -0.910  -0.926  -0.948  -0.974  -1.003  -1.037  -1.069  -1.102  -1.129  -1.137  -1.140  -1.141  -1.122  -1.073  -1.007  -0.922  -0.818  -0.693  -0.552  -0.399  -0.233  -0.064   0.107   0.277   0.437   0.589   0.728   0.851   0.960   1.054   1.134   1.204   1.265   1.319   1.370   1.416   1.462   1.508   1.553   1.601   1.652   1.704
   4.075  -0.872  -0.873  -0.874  -0.877  -0.880  -0.885  -0.891  -0.903  -0.918  -0.937  -0.957  -0.980  -1.001  -1.008  -1.013  -1.020  -1.017  -0.987  -0.941  -0.876  -0.789  -0.676  -0.544  -0.399  -0.245  -0.082   0.086   0.259   0.429   0.594   0.758   0.913   1.054   1.169   1.267   1.356   1.434   1.500   1.561   1.615   1.666   1.715   1.762   1.811   1.861   1.911
   4.100  -0.868  -0.867  -0.867  -0.867  -0.867  -0.867  -0.867  -0.868  -0.869  -0.871  -0.874  -0.878  -0.882  -0.883  -0.882  -0.881  -0.873  -0.853  -0.820  -0.774  -0.710  -0.625  -0.522  -0.399  -0.256  -0.101   0.066   0.241   0.417   0.595   0.768   0.933   1.090   1.230   1.356   1.468   1.564   1.648   1.722   1.786   1.845   1.900   1.951   2.003   2.054   2.105
   4.125  -0.867  -0.865  -0.863  -0.861  -0.859  -0.858  -0.856  -0.854  -0.851  -0.847  -0.841  -0.832  -0.821  -0.807  -0.790  -0.769  -0.745  -0.714  -0.674  -0.626  -0.566  -0.500  -0.422  -0.325  -0.205  -0.072   0.081   0.246   0.410   0.582   0.753   0.923   1.090   1.251   1.404   1.539   1.656   1.759   1.851   1.929   2.000   2.063   2.121   2.178   2.232   2.284
   4.150  -0.866  -0.864  -0.861  -0.859  -0.857  -0.854  -0.851  -0.847  -0.842  -0.836  -0.826  -0.812  -0.794  -0.768  -0.734  -0.694  -0.647  -0.593  -0.536  -0.476  -0.411  -0.343  -0.270  -0.187  -0.096   0.008   0.127   0.261   0.407   0.569   0.738   0.913   1.091   1.261   1.427   1.580   1.718   1.842   1.952   2.047   2.131   2.206   2.273   2.336   2.396   2.451
   4.175  -0.868  -0.865  -0.862  -0.859  -0.856  -0.852  -0.848  -0.843  -0.836  -0.829  -0.817  -0.803  -0.783  -0.753  -0.715  -0.666  -0.604  -0.531  -0.454  -0.371  -0.286  -0.205  -0.122  -0.034   0.056   0.150   0.246   0.348   0.470   0.610   0.760   0.926   1.098   1.268   1.437   1.599   1.754   1.897   2.026   2.139   2.240   2.328   2.407   2.479   2.546   2.606
   4.200  -0.869  -0.867  -0.864  -0.860  -0.856  -0.852  -0.847  -0.842  -0.834  -0.826  -0.814  -0.799  -0.778  -0.747  -0.708  -0.656  -0.589  -0.510  -0.419  -0.315  -0.208  -0.100   0.008   0.112   0.211   0.307   0.399   0.490   0.592   0.702   0.825   0.965   1.117   1.277   1.447   1.616   1.780   1.938   2.082   2.212   2.330   2.433   2.524   2.608   2.684   2.751
   4.225  -0.869  -0.867  -0.865  -0.862  -0.858  -0.854  -0.848  -0.842  -0.834  -0.825  -0.812  -0.797  -0.776  -0.745  -0.707  -0.655  -0.589  -0.510  -0.415  -0.304  -0.183  -0.052   0.084   0.208   0.326   0.436   0.537   0.635   0.735   0.837   0.946   1.061   1.189   1.330   1.487   1.649   1.811   1.974   2.127   2.271   2.404   2.521   2.627   2.722   2.809   2.885
   4.250  -0.869  -0.867  -0.865  -0.863  -0.859  -0.855  -0.850  -0.843  -0.835  -0.825  -0.812  -0.796  -0.775  -0.745  -0.706  -0.655  -0.589  -0.510  -0.414  -0.300  -0.175  -0.036   0.112   0.255   0.398   0.533   0.655   0.769   0.879   0.983   1.088   1.195   1.305   1.428   1.562   1.704   1.858   2.018   2.173   2.326   2.470   2.600   2.719   2.827   2.924   3.010
   4.275  -0.868  -0.867  -0.865  -0.862  -0.859  -0.855  -0.850  -0.844  -0.836  -0.826  -0.813  -0.797  -0.776  -0.746  -0.708  -0.658  -0.593  -0.515  -0.420  -0.307  -0.182  -0.041   0.110   0.264   0.425   0.583   0.728   0.863   0.990   1.110   1.226   1.335   1.443   1.557   1.676   1.802   1.942   2.088   2.236   2.389   2.536   2.674   2.804   2.923   3.031   3.128
   4.300  -0.864  -0.864  -0.863  -0.861  -0.859  -0.855  -0.851  -0.845  -0.837  -0.827  -0.814  -0.798  -0.777  -0.747  -0.711  -0.662  -0.600  -0.524  -0.430  -0.319  -0.193  -0.050   0.106   0.267   0.434   0.600   0.763   0.923   1.074   1.216   1.349   1.470   1.584   1.698   1.808   1.924   2.049   2.180   2.318   2.465   2.610   2.752   2.889   3.016   3.133   3.240
   4.325  -0.851  -0.855  -0.856  -0.856  -0.855  -0.853  -0.849  -0.844  -0.836  -0.827  -0.813  -0.797  -0.776  -0.747  -0.712  -0.665  -0.604  -0.531  -0.438  -0.329  -0.204  -0.060   0.097   0.260   0.429   0.600   0.776   0.953   1.122   1.283   1.435   1.575   1.705   1.828   1.944   2.060   2.179   2.301   2.430   2.566   2.704   2.842   2.980   3.110   3.232   3.347
   4.350  -0.820  -0.831  -0.840  -0.843  -0.845  -0.846  -0.844  -0.840  -0.833  -0.825  -0.812  -0.796  -0.775  -0.747  -0.712  -0.666  -0.607  -0.535  -0.445  -0.337  -0.213  -0.071   0.086   0.250   0.422   0.599   0.782   0.967   1.148   1.327   1.497   1.656   1.806   1.945   2.073   2.196   2.316   2.433   2.556   2.683   2.812   2.945   3.080   3.209   3.334   3.455
   4.375  -0.757  -0.774  -0.790  -0.802  -0.813  -0.822  -0.828  -0.830  -0.825  -0.818  -0.808  -0.793  -0.773  -0.745  -0.711  -0.665  -0.606  -0.535  -0.446  -0.341  -0.219  -0.078   0.078   0.243   0.418   0.598   0.784   0.974   1.163   1.352   1.535   1.710   1.878   2.034   2.178   2.315   2.444   2.567   2.690   2.813   2.937   3.065   3.195   3.321   3.446   3.570
   4.400  -0.693  -0.710  -0.727  -0.745  -0.764  -0.780  -0.793  -0.803  -0.804  -0.801  -0.797  -0.786  -0.767  -0.740  -0.706  -0.661  -0.604  -0.534  -0.447  -0.343  -0.222  -0.082   0.075   0.240   0.416   0.598   0.786   0.979   1.172   1.367   1.559   1.747   1.930   2.103   2.265   2.418   2.560   2.693   2.822   2.946   3.069   3.194   3.318   3.442   3.565   3.688
   4.425  -0.661  -0.670  -0.679  -0.691  -0.704  -0.718  -0.731  -0.743  -0.751  -0.758  -0.761  -0.756  -0.745  -0.726  -0.694  -0.651  -0.596  -0.528  -0.442  -0.339  -0.219  -0.080   0.076   0.241   0.417   0.601   0.791   0.985   1.181   1.380   1.578   1.774   1.968   2.152   2.330   2.498   2.654   2.801   2.940   3.071   3.198   3.324   3.448   3.570   3.690   3.809
   4.450  -0.648  -0.648  -0.650  -0.652  -0.656  -0.662  -0.670  -0.679  -0.688  -0.699  -0.704  -0.703  -0.699  -0.690  -0.666  -0.627  -0.576  -0.511  -0.428  -0.328  -0.211  -0.074   0.079   0.244   0.423   0.608   0.798   0.994   1.191   1.392   1.593   1.794   1.994   2.189   2.379   2.560   2.731   2.892   3.043   3.185   3.320   3.450   3.576   3.698   3.816   3.931
   4.475  -0.644  -0.643  -0.642  -0.640  -0.639  -0.637  -0.636  -0.638  -0.641  -0.644  -0.643  -0.638  -0.633  -0.624  -0.604  -0.571  -0.527  -0.468  -0.392  -0.299  -0.187  -0.056   0.094   0.256   0.434   0.619   0.809   1.005   1.203   1.405   1.609   1.813   2.017   2.218   2.417   2.609   2.791   2.964   3.128   3.281   3.426   3.562   3.691   3.816   3.937   4.053
   4.500  -0.643  -0.642  -0.639  -0.636  -0.633  -0.628  -0.621  -0.612  -0.601  -0.587  -0.573  -0.559  -0.545  -0.527  -0.509  -0.482  -0.445  -0.398  -0.332  -0.248  -0.146  -0.022   0.121   0.279   0.452   0.635   0.824   1.019   1.217   1.419   1.623   1.828   2.035   2.239   2.443   2.642   2.834   3.019   3.195   3.361   3.518   3.663   3.798   3.929   4.055   4.176

