low temperature opacities from Ferguson, Alexander, et al (2005) with gs98 metals
    form     version        X           Z          logRs    logR_min    logR_max       logTs    logT_min    logT_max
       1          38    0.000000    0.002000          46   -8.000000    1.000000         105    2.700000    4.500000

   logT                       logR = logRho - 3*logT + 18
          -8.000  -7.800  -7.600  -7.400  -7.200  -7.000  -6.800  -6.600  -6.400  -6.200  -6.000  -5.800  -5.600  -5.400  -5.200  -5.000  -4.800  -4.600  -4.400  -4.200  -4.000  -3.800  -3.600  -3.400  -3.200  -3.000  -2.800  -2.600  -2.400  -2.200  -2.000  -1.800  -1.600  -1.400  -1.200  -1.000  -0.800  -0.600  -0.400  -0.200   0.000   0.200   0.400   0.600   0.800   1.000

   2.700  -1.092  -1.094  -1.095  -1.094  -1.086  -1.081  -1.081  -1.081  -1.082  -1.087  -1.091  -1.087  -1.082  -1.083  -1.094  -1.101  -1.094  -1.083  -1.083  -1.094  -1.101  -1.101  -1.100  -1.098  -1.087  -1.081  -1.088  -1.099  -1.101  -1.100  -1.100  -1.100  -1.100  -1.099  -1.094  -1.090  -1.098  -1.111  -1.111  -1.097  -1.076  -1.040  -1.004  -0.996  -0.995  -0.994
   2.750  -1.087  -1.089  -1.091  -1.091  -1.092  -1.092  -1.092  -1.092  -1.092  -1.092  -1.092  -1.092  -1.091  -1.091  -1.092  -1.092  -1.092  -1.093  -1.093  -1.093  -1.093  -1.093  -1.093  -1.093  -1.093  -1.093  -1.093  -1.093  -1.093  -1.093  -1.093  -1.093  -1.092  -1.090  -1.086  -1.083  -1.090  -1.100  -1.101  -1.089  -1.070  -1.038  -1.006  -0.998  -0.997  -0.996
   2.800  -1.085  -1.101  -1.109  -1.107  -1.089  -1.078  -1.078  -1.079  -1.078  -1.073  -1.069  -1.069  -1.070  -1.072  -1.073  -1.074  -1.074  -1.074  -1.074  -1.074  -1.074  -1.074  -1.074  -1.074  -1.074  -1.074  -1.074  -1.074  -1.074  -1.075  -1.075  -1.074  -1.071  -1.069  -1.067  -1.066  -1.071  -1.078  -1.079  -1.071  -1.058  -1.034  -1.008  -1.002  -1.001  -1.000
   2.850  -1.096  -1.095  -1.094  -1.092  -1.090  -1.088  -1.086  -1.085  -1.083  -1.080  -1.077  -1.074  -1.071  -1.068  -1.065  -1.062  -1.059  -1.057  -1.055  -1.053  -1.052  -1.053  -1.054  -1.053  -1.045  -1.040  -1.040  -1.040  -1.040  -1.040  -1.041  -1.042  -1.043  -1.044  -1.045  -1.046  -1.049  -1.053  -1.053  -1.049  -1.042  -1.027  -1.010  -1.005  -1.003  -1.003
   2.900  -1.143  -1.125  -1.111  -1.101  -1.095  -1.092  -1.089  -1.088  -1.086  -1.086  -1.085  -1.085  -1.084  -1.083  -1.076  -1.071  -1.070  -1.070  -1.068  -1.065  -1.061  -1.057  -1.053  -1.049  -1.043  -1.038  -1.033  -1.029  -1.025  -1.021  -1.019  -1.020  -1.021  -1.023  -1.025  -1.026  -1.029  -1.030  -1.031  -1.029  -1.026  -1.017  -1.007  -1.004  -1.003  -1.002
   2.910  -1.247  -1.201  -1.163  -1.135  -1.118  -1.105  -1.096  -1.091  -1.087  -1.085  -1.084  -1.083  -1.081  -1.081  -1.080  -1.080  -1.075  -1.068  -1.065  -1.064  -1.063  -1.060  -1.056  -1.052  -1.048  -1.043  -1.038  -1.033  -1.028  -1.023  -1.019  -1.015  -1.012  -1.011  -1.012  -1.013  -1.013  -1.014  -1.014  -1.013  -1.011  -1.007  -1.002  -1.000  -0.999  -0.999
   2.920  -1.550  -1.412  -1.304  -1.226  -1.181  -1.151  -1.126  -1.111  -1.098  -1.091  -1.086  -1.083  -1.081  -1.079  -1.078  -1.077  -1.077  -1.076  -1.074  -1.066  -1.060  -1.059  -1.058  -1.056  -1.052  -1.047  -1.042  -1.037  -1.031  -1.026  -1.021  -1.016  -1.011  -1.008  -1.006  -1.005  -1.004  -1.003  -1.002  -1.001  -1.000  -0.997  -0.995  -0.993  -0.992  -0.992
   2.930  -1.836  -1.727  -1.616  -1.499  -1.372  -1.268  -1.207  -1.171  -1.140  -1.118  -1.102  -1.091  -1.085  -1.081  -1.078  -1.076  -1.074  -1.073  -1.073  -1.073  -1.073  -1.067  -1.056  -1.052  -1.051  -1.050  -1.046  -1.041  -1.035  -1.030  -1.024  -1.019  -1.014  -1.009  -1.005  -1.002  -0.999  -0.997  -0.995  -0.993  -0.992  -0.989  -0.987  -0.986  -0.985  -0.985
   2.940  -1.834  -1.834  -1.833  -1.801  -1.622  -1.445  -1.357  -1.298  -1.242  -1.194  -1.155  -1.127  -1.107  -1.092  -1.084  -1.078  -1.074  -1.072  -1.070  -1.069  -1.068  -1.069  -1.070  -1.068  -1.056  -1.046  -1.044  -1.043  -1.040  -1.035  -1.029  -1.023  -1.017  -1.012  -1.007  -1.002  -0.998  -0.994  -0.991  -0.988  -0.986  -0.983  -0.981  -0.979  -0.978  -0.977
   2.950  -1.832  -1.831  -1.830  -1.830  -1.830  -1.830  -1.722  -1.522  -1.398  -1.329  -1.273  -1.218  -1.171  -1.136  -1.112  -1.095  -1.083  -1.076  -1.071  -1.068  -1.066  -1.064  -1.063  -1.063  -1.064  -1.065  -1.056  -1.042  -1.037  -1.035  -1.033  -1.028  -1.021  -1.015  -1.010  -1.004  -0.999  -0.994  -0.989  -0.986  -0.982  -0.979  -0.976  -0.973  -0.971  -0.970
   2.960  -1.837  -1.833  -1.830  -1.828  -1.828  -1.827  -1.826  -1.826  -1.826  -1.826  -1.826  -1.653  -1.357  -1.228  -1.180  -1.148  -1.119  -1.098  -1.083  -1.075  -1.069  -1.065  -1.062  -1.060  -1.059  -1.058  -1.053  -1.045  -1.040  -1.038  -1.035  -1.030  -1.025  -1.019  -1.013  -1.007  -1.001  -0.995  -0.990  -0.985  -0.980  -0.976  -0.972  -0.969  -0.966  -0.963
   2.970  -1.857  -1.846  -1.837  -1.831  -1.827  -1.825  -1.823  -1.822  -1.822  -1.821  -1.821  -1.756  -1.624  -1.500  -1.367  -1.257  -1.194  -1.157  -1.124  -1.100  -1.083  -1.071  -1.065  -1.059  -1.056  -1.054  -1.053  -1.053  -1.050  -1.041  -1.032  -1.028  -1.025  -1.021  -1.016  -1.010  -1.004  -0.998  -0.992  -0.986  -0.980  -0.975  -0.970  -0.966  -0.962  -0.958
   2.980  -1.916  -1.888  -1.866  -1.849  -1.839  -1.831  -1.826  -1.822  -1.820  -1.818  -1.817  -1.817  -1.816  -1.783  -1.598  -1.416  -1.329  -1.273  -1.218  -1.169  -1.130  -1.102  -1.084  -1.069  -1.061  -1.055  -1.051  -1.049  -1.047  -1.047  -1.046  -1.041  -1.033  -1.026  -1.019  -1.012  -1.006  -1.000  -0.994  -0.988  -0.982  -0.975  -0.969  -0.964  -0.959  -0.954
   2.990  -2.082  -2.006  -1.945  -1.900  -1.874  -1.855  -1.840  -1.831  -1.824  -1.819  -1.816  -1.814  -1.813  -1.812  -1.811  -1.810  -1.742  -1.605  -1.477  -1.340  -1.228  -1.166  -1.132  -1.103  -1.082  -1.067  -1.057  -1.051  -1.046  -1.043  -1.041  -1.038  -1.034  -1.029  -1.021  -1.014  -1.008  -1.002  -0.996  -0.990  -0.983  -0.977  -0.970  -0.963  -0.957  -0.952
   3.000  -2.495  -2.306  -2.154  -2.042  -1.973  -1.924  -1.886  -1.861  -1.842  -1.831  -1.823  -1.816  -1.812  -1.808  -1.806  -1.805  -1.805  -1.804  -1.768  -1.568  -1.373  -1.284  -1.232  -1.181  -1.138  -1.104  -1.080  -1.064  -1.051  -1.045  -1.040  -1.037  -1.036  -1.031  -1.024  -1.016  -1.009  -1.004  -0.998  -0.992  -0.985  -0.978  -0.971  -0.964  -0.957  -0.951
   3.010  -2.663  -2.637  -2.570  -2.452  -2.272  -2.113  -2.018  -1.955  -1.905  -1.872  -1.849  -1.832  -1.822  -1.814  -1.808  -1.804  -1.801  -1.800  -1.798  -1.798  -1.797  -1.666  -1.429  -1.290  -1.227  -1.182  -1.136  -1.101  -1.074  -1.056  -1.044  -1.037  -1.034  -1.029  -1.023  -1.018  -1.011  -1.005  -0.999  -0.993  -0.987  -0.980  -0.972  -0.965  -0.958  -0.950
   3.020  -2.586  -2.615  -2.642  -2.671  -2.704  -2.720  -2.549  -2.238  -2.059  -1.980  -1.928  -1.884  -1.857  -1.835  -1.821  -1.811  -1.804  -1.799  -1.795  -1.793  -1.792  -1.791  -1.790  -1.747  -1.513  -1.301  -1.221  -1.179  -1.136  -1.098  -1.069  -1.051  -1.041  -1.033  -1.027  -1.021  -1.014  -1.007  -1.000  -0.995  -0.988  -0.981  -0.973  -0.966  -0.958  -0.951
   3.030  -2.558  -2.561  -2.571  -2.588  -2.611  -2.643  -2.702  -2.762  -2.719  -2.418  -2.134  -2.016  -1.955  -1.903  -1.868  -1.843  -1.823  -1.810  -1.800  -1.794  -1.790  -1.787  -1.785  -1.783  -1.782  -1.781  -1.630  -1.365  -1.226  -1.167  -1.128  -1.093  -1.070  -1.052  -1.040  -1.031  -1.021  -1.013  -1.005  -0.998  -0.991  -0.983  -0.975  -0.967  -0.960  -0.952
   3.040  -2.546  -2.546  -2.547  -2.551  -2.567  -2.588  -2.610  -2.637  -2.673  -2.724  -2.751  -2.571  -2.245  -2.058  -1.975  -1.921  -1.874  -1.844  -1.820  -1.807  -1.797  -1.789  -1.783  -1.779  -1.777  -1.775  -1.774  -1.774  -1.725  -1.461  -1.237  -1.165  -1.128  -1.095  -1.073  -1.056  -1.040  -1.028  -1.016  -1.006  -0.996  -0.987  -0.978  -0.970  -0.961  -0.953
   3.050  -2.504  -2.520  -2.531  -2.535  -2.536  -2.538  -2.553  -2.577  -2.595  -2.606  -2.626  -2.678  -2.732  -2.691  -2.398  -2.119  -2.000  -1.937  -1.884  -1.848  -1.822  -1.803  -1.792  -1.783  -1.776  -1.772  -1.768  -1.766  -1.766  -1.766  -1.766  -1.581  -1.277  -1.170  -1.139  -1.116  -1.088  -1.064  -1.043  -1.024  -1.008  -0.996  -0.985  -0.975  -0.965  -0.956
   3.060  -2.422  -2.452  -2.477  -2.498  -2.513  -2.522  -2.525  -2.526  -2.532  -2.548  -2.562  -2.567  -2.571  -2.589  -2.644  -2.677  -2.511  -2.210  -2.034  -1.952  -1.898  -1.854  -1.827  -1.804  -1.788  -1.777  -1.769  -1.765  -1.761  -1.760  -1.757  -1.660  -1.483  -1.364  -1.286  -1.224  -1.174  -1.135  -1.097  -1.062  -1.033  -1.014  -1.000  -0.986  -0.973  -0.961
   3.070  -2.413  -2.415  -2.421  -2.432  -2.452  -2.472  -2.490  -2.506  -2.512  -2.514  -2.517  -2.525  -2.535  -2.542  -2.547  -2.557  -2.626  -2.719  -2.679  -2.358  -2.069  -1.962  -1.907  -1.857  -1.821  -1.795  -1.779  -1.770  -1.763  -1.759  -1.752  -1.712  -1.637  -1.558  -1.467  -1.381  -1.311  -1.248  -1.187  -1.127  -1.079  -1.049  -1.029  -1.008  -0.989  -0.971
   3.080  -2.403  -2.403  -2.403  -2.403  -2.405  -2.408  -2.423  -2.447  -2.467  -2.486  -2.498  -2.501  -2.503  -2.508  -2.516  -2.532  -2.566  -2.601  -2.597  -2.530  -2.425  -2.277  -2.109  -1.991  -1.917  -1.862  -1.823  -1.799  -1.778  -1.763  -1.753  -1.748  -1.746  -1.725  -1.637  -1.538  -1.462  -1.388  -1.309  -1.223  -1.150  -1.107  -1.079  -1.048  -1.018  -0.989
   3.090  -2.406  -2.399  -2.394  -2.393  -2.392  -2.392  -2.392  -2.392  -2.396  -2.419  -2.444  -2.462  -2.478  -2.490  -2.498  -2.507  -2.520  -2.534  -2.544  -2.550  -2.560  -2.595  -2.636  -2.587  -2.278  -2.005  -1.908  -1.858  -1.816  -1.790  -1.772  -1.761  -1.753  -1.732  -1.702  -1.659  -1.600  -1.527  -1.442  -1.338  -1.248  -1.193  -1.153  -1.109  -1.065  -1.021
   3.100  -2.706  -2.535  -2.419  -2.393  -2.386  -2.383  -2.382  -2.381  -2.381  -2.381  -2.381  -2.394  -2.420  -2.440  -2.457  -2.473  -2.487  -2.499  -2.508  -2.515  -2.520  -2.523  -2.524  -2.512  -2.432  -2.319  -2.177  -2.023  -1.917  -1.855  -1.812  -1.783  -1.767  -1.752  -1.741  -1.722  -1.686  -1.635  -1.561  -1.458  -1.364  -1.301  -1.250  -1.193  -1.133  -1.070
   3.110  -6.911  -4.598  -3.017  -2.590  -2.449  -2.394  -2.380  -2.373  -2.371  -2.370  -2.370  -2.371  -2.374  -2.382  -2.401  -2.421  -2.437  -2.452  -2.468  -2.486  -2.500  -2.506  -2.509  -2.522  -2.549  -2.564  -2.479  -2.311  -2.169  -2.032  -1.921  -1.857  -1.820  -1.792  -1.776  -1.759  -1.737  -1.707  -1.650  -1.564  -1.481  -1.419  -1.361  -1.294  -1.220  -1.141
   3.120  -6.789  -6.865  -6.902  -6.555  -4.635  -3.089  -2.645  -2.422  -2.377  -2.365  -2.360  -2.359  -2.358  -2.358  -2.358  -2.358  -2.372  -2.400  -2.420  -2.434  -2.449  -2.466  -2.482  -2.495  -2.503  -2.512  -2.526  -2.538  -2.512  -2.349  -2.175  -2.053  -1.948  -1.876  -1.838  -1.809  -1.784  -1.759  -1.715  -1.652  -1.587  -1.531  -1.473  -1.403  -1.321  -1.230
   3.130  -6.697  -6.729  -6.766  -6.812  -6.873  -6.905  -5.716  -3.704  -2.854  -2.503  -2.376  -2.359  -2.351  -2.348  -2.346  -2.346  -2.346  -2.346  -2.350  -2.375  -2.401  -2.416  -2.429  -2.445  -2.465  -2.482  -2.491  -2.498  -2.520  -2.569  -2.597  -2.475  -2.247  -2.092  -1.986  -1.905  -1.854  -1.821  -1.778  -1.729  -1.678  -1.628  -1.575  -1.507  -1.426  -1.333
   3.140  -6.633  -6.652  -6.677  -6.707  -6.743  -6.784  -6.842  -6.895  -6.506  -4.376  -2.807  -2.530  -2.391  -2.356  -2.343  -2.337  -2.335  -2.334  -2.335  -2.340  -2.350  -2.365  -2.384  -2.401  -2.418  -2.435  -2.453  -2.470  -2.486  -2.502  -2.509  -2.478  -2.404  -2.305  -2.169  -2.047  -1.971  -1.916  -1.861  -1.810  -1.760  -1.713  -1.664  -1.602  -1.526  -1.440
   3.150  -6.590  -6.600  -6.615  -6.634  -6.658  -6.687  -6.722  -6.762  -6.810  -6.873  -6.905  -5.490  -3.224  -2.576  -2.418  -2.354  -2.335  -2.326  -2.323  -2.321  -2.321  -2.323  -2.329  -2.340  -2.361  -2.384  -2.404  -2.423  -2.442  -2.461  -2.477  -2.490  -2.498  -2.477  -2.346  -2.208  -2.119  -2.043  -1.972  -1.907  -1.847  -1.796  -1.747  -1.687  -1.620  -1.545
   3.160  -6.554  -6.561  -6.571  -6.583  -6.598  -6.616  -6.640  -6.668  -6.701  -6.740  -6.783  -6.842  -6.897  -6.552  -4.623  -3.061  -2.603  -2.374  -2.328  -2.316  -2.311  -2.309  -2.308  -2.311  -2.330  -2.350  -2.360  -2.369  -2.384  -2.405  -2.426  -2.445  -2.459  -2.454  -2.405  -2.338  -2.264  -2.180  -2.100  -2.021  -1.947  -1.886  -1.831  -1.771  -1.709  -1.645
   3.170  -6.513  -6.523  -6.533  -6.543  -6.552  -6.564  -6.579  -6.597  -6.620  -6.648  -6.681  -6.719  -6.762  -6.812  -6.876  -6.909  -5.453  -3.135  -2.509  -2.373  -2.320  -2.306  -2.300  -2.297  -2.295  -2.295  -2.301  -2.315  -2.329  -2.346  -2.366  -2.394  -2.421  -2.425  -2.418  -2.404  -2.363  -2.294  -2.221  -2.137  -2.057  -1.988  -1.923  -1.861  -1.800  -1.742
   3.180  -6.459  -6.476  -6.490  -6.503  -6.513  -6.523  -6.533  -6.544  -6.559  -6.577  -6.600  -6.629  -6.662  -6.699  -6.741  -6.786  -6.847  -6.903  -6.470  -4.136  -2.529  -2.391  -2.321  -2.298  -2.288  -2.284  -2.283  -2.282  -2.284  -2.296  -2.314  -2.336  -2.360  -2.379  -2.397  -2.404  -2.392  -2.358  -2.307  -2.236  -2.162  -2.092  -2.023  -1.958  -1.897  -1.841
   3.190  -6.397  -6.418  -6.436  -6.453  -6.467  -6.480  -6.491  -6.500  -6.512  -6.524  -6.539  -6.558  -6.581  -6.609  -6.642  -6.679  -6.720  -6.765  -6.816  -6.882  -6.916  -5.382  -2.970  -2.401  -2.321  -2.288  -2.277  -2.271  -2.269  -2.268  -2.268  -2.280  -2.304  -2.327  -2.354  -2.368  -2.367  -2.365  -2.354  -2.306  -2.245  -2.184  -2.119  -2.057  -1.998  -1.942
   3.200  -6.336  -6.356  -6.376  -6.394  -6.413  -6.430  -6.444  -6.457  -6.469  -6.479  -6.490  -6.502  -6.517  -6.536  -6.561  -6.589  -6.622  -6.658  -6.699  -6.744  -6.791  -6.853  -6.910  -6.459  -4.036  -2.408  -2.322  -2.278  -2.264  -2.258  -2.256  -2.258  -2.265  -2.277  -2.300  -2.322  -2.338  -2.349  -2.348  -2.328  -2.295  -2.251  -2.198  -2.147  -2.094  -2.041
   3.210  -6.288  -6.302  -6.318  -6.335  -6.354  -6.372  -6.389  -6.406  -6.420  -6.432  -6.444  -6.455  -6.466  -6.480  -6.496  -6.515  -6.540  -6.568  -6.601  -6.637  -6.677  -6.721  -6.769  -6.822  -6.888  -6.921  -5.330  -2.848  -2.314  -2.269  -2.252  -2.247  -2.245  -2.248  -2.265  -2.284  -2.302  -2.317  -2.319  -2.316  -2.311  -2.291  -2.253  -2.215  -2.174  -2.129
   3.220  -6.254  -6.263  -6.273  -6.285  -6.300  -6.315  -6.332  -6.349  -6.365  -6.381  -6.395  -6.408  -6.419  -6.431  -6.442  -6.455  -6.472  -6.493  -6.518  -6.546  -6.578  -6.614  -6.655  -6.698  -6.745  -6.793  -6.854  -6.907  -6.439  -3.938  -2.298  -2.266  -2.249  -2.248  -2.255  -2.265  -2.283  -2.301  -2.305  -2.305  -2.305  -2.298  -2.280  -2.258  -2.231  -2.197
   3.230  -6.233  -6.236  -6.242  -6.249  -6.257  -6.268  -6.281  -6.295  -6.310  -6.326  -6.341  -6.355  -6.369  -6.381  -6.392  -6.404  -6.417  -6.431  -6.448  -6.469  -6.494  -6.523  -6.555  -6.591  -6.631  -6.673  -6.729  -6.780  -6.382  -4.218  -2.680  -2.477  -2.376  -2.370  -2.405  -2.428  -2.413  -2.384  -2.355  -2.322  -2.300  -2.294  -2.291  -2.281  -2.264  -2.241
   3.240  -6.220  -6.220  -6.221  -6.223  -6.228  -6.235  -6.242  -6.251  -6.261  -6.274  -6.287  -6.301  -6.315  -6.328  -6.341  -6.353  -6.364  -6.376  -6.389  -6.404  -6.422  -6.444  -6.469  -6.498  -6.530  -6.565  -6.603  -6.643  -6.688  -6.744  -6.772  -5.928  -4.405  -3.545  -3.164  -2.927  -2.760  -2.672  -2.556  -2.415  -2.335  -2.323  -2.316  -2.303  -2.285  -2.262
   3.250  -6.208  -6.208  -6.208  -6.208  -6.209  -6.211  -6.214  -6.219  -6.225  -6.233  -6.242  -6.252  -6.263  -6.275  -6.288  -6.300  -6.312  -6.323  -6.335  -6.347  -6.360  -6.376  -6.394  -6.416  -6.441  -6.470  -6.501  -6.534  -6.572  -6.620  -6.645  -6.307  -5.624  -5.020  -4.416  -3.894  -3.541  -3.275  -2.985  -2.662  -2.468  -2.420  -2.395  -2.359  -2.318  -2.274
   3.260  -6.190  -6.194  -6.197  -6.197  -6.196  -6.196  -6.196  -6.197  -6.199  -6.203  -6.208  -6.214  -6.221  -6.229  -6.238  -6.248  -6.259  -6.270  -6.281  -6.292  -6.303  -6.315  -6.328  -6.345  -6.363  -6.385  -6.409  -6.436  -6.464  -6.495  -6.526  -6.565  -6.600  -6.480  -5.749  -4.985  -4.520  -4.122  -3.663  -3.121  -2.760  -2.644  -2.581  -2.495  -2.397  -2.293
   3.270  -6.157  -6.170  -6.179  -6.182  -6.184  -6.184  -6.183  -6.182  -6.182  -6.183  -6.184  -6.186  -6.190  -6.194  -6.198  -6.203  -6.211  -6.219  -6.229  -6.238  -6.248  -6.258  -6.269  -6.281  -6.294  -6.310  -6.329  -6.350  -6.372  -6.395  -6.419  -6.450  -6.478  -6.447  -6.210  -5.870  -5.482  -5.018  -4.460  -3.760  -3.240  -3.039  -2.931  -2.765  -2.564  -2.341
   3.280  -6.100  -6.124  -6.143  -6.157  -6.166  -6.170  -6.171  -6.171  -6.171  -6.168  -6.167  -6.167  -6.168  -6.168  -6.170  -6.172  -6.174  -6.177  -6.182  -6.188  -6.195  -6.203  -6.212  -6.222  -6.232  -6.243  -6.256  -6.271  -6.287  -6.305  -6.323  -6.346  -6.366  -6.365  -6.325  -6.245  -6.052  -5.701  -5.193  -4.476  -3.878  -3.618  -3.476  -3.210  -2.856  -2.436
   3.290  -6.017  -6.054  -6.086  -6.111  -6.130  -6.144  -6.153  -6.157  -6.158  -6.157  -6.156  -6.154  -6.151  -6.150  -6.149  -6.149  -6.148  -6.147  -6.147  -6.148  -6.150  -6.154  -6.159  -6.165  -6.173  -6.182  -6.191  -6.201  -6.212  -6.224  -6.236  -6.249  -6.261  -6.272  -6.284  -6.290  -6.228  -6.043  -5.698  -5.112  -4.592  -4.370  -4.219  -3.846  -3.294  -2.590
   3.300  -5.915  -5.961  -6.002  -6.039  -6.071  -6.097  -6.117  -6.131  -6.139  -6.144  -6.145  -6.143  -6.140  -6.137  -6.134  -6.131  -6.129  -6.126  -6.123  -6.120  -6.117  -6.115  -6.114  -6.115  -6.119  -6.124  -6.129  -6.135  -6.141  -6.149  -6.156  -6.163  -6.170  -6.174  -6.176  -6.177  -6.157  -6.097  -5.959  -5.621  -5.300  -5.161  -5.047  -4.712  -3.913  -2.798
   3.310  -5.805  -5.855  -5.902  -5.946  -5.988  -6.025  -6.057  -6.084  -6.105  -6.119  -6.126  -6.127  -6.128  -6.127  -6.124  -6.119  -6.115  -6.111  -6.107  -6.102  -6.096  -6.089  -6.082  -6.077  -6.074  -6.073  -6.074  -6.075  -6.077  -6.080  -6.082  -6.083  -6.083  -6.082  -6.077  -6.069  -6.058  -6.043  -6.025  -6.004  -5.978  -5.954  -5.920  -5.708  -4.636  -3.038
   3.320  -5.696  -5.745  -5.793  -5.841  -5.888  -5.933  -5.974  -6.012  -6.044  -6.071  -6.091  -6.105  -6.112  -6.113  -6.112  -6.109  -6.105  -6.099  -6.093  -6.088  -6.081  -6.073  -6.064  -6.054  -6.043  -6.033  -6.027  -6.023  -6.019  -6.017  -6.014  -6.011  -6.006  -5.999  -5.988  -5.974  -5.956  -5.934  -5.909  -5.879  -5.846  -5.810  -5.770  -5.725  -5.674  -5.618
   3.330  -5.595  -5.640  -5.686  -5.733  -5.782  -5.830  -5.877  -5.922  -5.963  -6.001  -6.033  -6.059  -6.078  -6.089  -6.095  -6.097  -6.095  -6.090  -6.084  -6.077  -6.069  -6.061  -6.051  -6.040  -6.026  -6.011  -5.997  -5.983  -5.972  -5.962  -5.953  -5.944  -5.933  -5.920  -5.904  -5.885  -5.861  -5.834  -5.801  -5.764  -5.723  -5.679  -5.633  -5.582  -5.529  -5.472
   3.340  -5.505  -5.544  -5.585  -5.629  -5.676  -5.724  -5.772  -5.821  -5.867  -5.912  -5.953  -5.989  -6.021  -6.046  -6.065  -6.074  -6.076  -6.077  -6.076  -6.069  -6.060  -6.052  -6.043  -6.031  -6.016  -6.000  -5.980  -5.959  -5.939  -5.920  -5.902  -5.885  -5.868  -5.849  -5.827  -5.802  -5.772  -5.738  -5.699  -5.655  -5.608  -5.557  -5.503  -5.447  -5.388  -5.327
   3.350  -5.428  -5.461  -5.496  -5.535  -5.577  -5.621  -5.667  -5.715  -5.763  -5.812  -5.858  -5.902  -5.943  -5.978  -6.008  -6.032  -6.049  -6.058  -6.059  -6.056  -6.052  -6.044  -6.034  -6.022  -6.010  -5.994  -5.973  -5.950  -5.924  -5.895  -5.867  -5.840  -5.813  -5.785  -5.757  -5.725  -5.688  -5.648  -5.603  -5.553  -5.500  -5.442  -5.381  -5.319  -5.254  -5.188
   3.360  -5.365  -5.390  -5.419  -5.452  -5.488  -5.527  -5.569  -5.614  -5.660  -5.708  -5.756  -5.804  -5.850  -5.893  -5.933  -5.967  -5.996  -6.018  -6.030  -6.036  -6.038  -6.034  -6.026  -6.016  -6.003  -5.988  -5.969  -5.947  -5.919  -5.885  -5.848  -5.810  -5.771  -5.733  -5.695  -5.655  -5.612  -5.565  -5.514  -5.457  -5.397  -5.333  -5.266  -5.198  -5.127  -5.055
   3.370  -5.317  -5.335  -5.357  -5.382  -5.411  -5.443  -5.479  -5.519  -5.561  -5.607  -5.653  -5.701  -5.749  -5.796  -5.842  -5.884  -5.922  -5.956  -5.983  -6.003  -6.012  -6.012  -6.011  -6.008  -5.997  -5.981  -5.964  -5.944  -5.916  -5.882  -5.843  -5.798  -5.748  -5.698  -5.647  -5.595  -5.543  -5.489  -5.430  -5.367  -5.300  -5.230  -5.158  -5.084  -5.008  -4.930
   3.380  -5.284  -5.294  -5.309  -5.326  -5.348  -5.373  -5.403  -5.436  -5.473  -5.513  -5.555  -5.600  -5.647  -5.695  -5.743  -5.789  -5.834  -5.875  -5.911  -5.942  -5.966  -5.982  -5.990  -5.990  -5.983  -5.972  -5.957  -5.938  -5.913  -5.882  -5.843  -5.795  -5.739  -5.680  -5.615  -5.550  -5.486  -5.421  -5.354  -5.283  -5.210  -5.134  -5.056  -4.976  -4.895  -4.812
   3.390  -5.264  -5.267  -5.274  -5.285  -5.299  -5.317  -5.339  -5.365  -5.394  -5.428  -5.465  -5.505  -5.549  -5.594  -5.641  -5.689  -5.736  -5.782  -5.825  -5.865  -5.900  -5.930  -5.951  -5.956  -5.958  -5.958  -5.950  -5.930  -5.907  -5.879  -5.842  -5.795  -5.738  -5.673  -5.599  -5.522  -5.444  -5.366  -5.287  -5.208  -5.128  -5.045  -4.960  -4.874  -4.788  -4.701
   3.400  -5.256  -5.256  -5.256  -5.257  -5.264  -5.275  -5.289  -5.307  -5.329  -5.356  -5.386  -5.420  -5.457  -5.498  -5.542  -5.588  -5.635  -5.683  -5.729  -5.774  -5.816  -5.853  -5.885  -5.909  -5.925  -5.931  -5.927  -5.916  -5.898  -5.872  -5.837  -5.792  -5.737  -5.671  -5.593  -5.508  -5.418  -5.325  -5.234  -5.143  -5.053  -4.962  -4.871  -4.779  -4.687  -4.595
   3.410  -5.254  -5.249  -5.246  -5.246  -5.247  -5.248  -5.253  -5.264  -5.279  -5.297  -5.319  -5.346  -5.376  -5.411  -5.449  -5.491  -5.535  -5.582  -5.628  -5.676  -5.722  -5.765  -5.806  -5.840  -5.870  -5.885  -5.887  -5.888  -5.885  -5.863  -5.828  -5.786  -5.733  -5.667  -5.588  -5.500  -5.402  -5.298  -5.195  -5.091  -4.989  -4.889  -4.789  -4.691  -4.593  -4.496
   3.420  -5.256  -5.250  -5.244  -5.240  -5.236  -5.234  -5.235  -5.238  -5.243  -5.253  -5.267  -5.286  -5.309  -5.336  -5.367  -5.402  -5.441  -5.484  -5.528  -5.575  -5.621  -5.667  -5.712  -5.753  -5.790  -5.819  -5.839  -5.850  -5.850  -5.838  -5.813  -5.776  -5.725  -5.661  -5.583  -5.493  -5.391  -5.280  -5.167  -5.051  -4.936  -4.826  -4.717  -4.611  -4.506  -4.403
   3.430  -5.260  -5.253  -5.247  -5.241  -5.235  -5.230  -5.226  -5.222  -5.222  -5.225  -5.231  -5.241  -5.256  -5.275  -5.298  -5.325  -5.357  -5.394  -5.433  -5.476  -5.521  -5.567  -5.613  -5.657  -5.700  -5.737  -5.770  -5.794  -5.798  -5.794  -5.786  -5.761  -5.712  -5.651  -5.574  -5.485  -5.382  -5.267  -5.148  -5.022  -4.896  -4.775  -4.655  -4.540  -4.427  -4.318
   3.440  -5.262  -5.257  -5.251  -5.245  -5.238  -5.231  -5.224  -5.218  -5.213  -5.210  -5.209  -5.211  -5.217  -5.228  -5.243  -5.262  -5.286  -5.314  -5.347  -5.384  -5.424  -5.467  -5.512  -5.556  -5.601  -5.643  -5.682  -5.714  -5.730  -5.739  -5.742  -5.727  -5.688  -5.634  -5.562  -5.474  -5.370  -5.254  -5.131  -4.999  -4.866  -4.734  -4.603  -4.478  -4.357  -4.241
   3.450  -5.261  -5.258  -5.254  -5.249  -5.242  -5.235  -5.227  -5.219  -5.211  -5.204  -5.199  -5.196  -5.195  -5.196  -5.203  -5.214  -5.229  -5.248  -5.272  -5.301  -5.335  -5.373  -5.413  -5.455  -5.499  -5.542  -5.583  -5.620  -5.648  -5.670  -5.679  -5.671  -5.647  -5.605  -5.540  -5.456  -5.355  -5.239  -5.115  -4.979  -4.841  -4.702  -4.562  -4.428  -4.298  -4.172
   3.460  -5.252  -5.252  -5.252  -5.251  -5.246  -5.239  -5.232  -5.223  -5.215  -5.206  -5.197  -5.188  -5.181  -5.180  -5.180  -5.180  -5.185  -5.197  -5.212  -5.232  -5.257  -5.287  -5.321  -5.358  -5.398  -5.439  -5.480  -5.520  -5.554  -5.584  -5.598  -5.595  -5.585  -5.563  -5.507  -5.429  -5.334  -5.220  -5.097  -4.960  -4.819  -4.675  -4.529  -4.388  -4.249  -4.113
   3.470  -5.232  -5.240  -5.244  -5.245  -5.244  -5.241  -5.236  -5.228  -5.220  -5.211  -5.201  -5.191  -5.180  -5.172  -5.164  -5.160  -5.161  -5.163  -5.167  -5.178  -5.194  -5.215  -5.240  -5.269  -5.303  -5.339  -5.377  -5.416  -5.451  -5.486  -5.503  -5.504  -5.505  -5.499  -5.455  -5.387  -5.300  -5.193  -5.073  -4.938  -4.796  -4.650  -4.501  -4.354  -4.208  -4.063
   3.480  -5.194  -5.211  -5.224  -5.231  -5.235  -5.236  -5.234  -5.230  -5.224  -5.215  -5.206  -5.196  -5.184  -5.173  -5.162  -5.152  -5.144  -5.139  -5.138  -5.141  -5.147  -5.158  -5.173  -5.194  -5.218  -5.246  -5.278  -5.312  -5.344  -5.376  -5.399  -5.410  -5.415  -5.412  -5.382  -5.328  -5.252  -5.155  -5.042  -4.910  -4.770  -4.624  -4.473  -4.323  -4.172  -4.021
   3.490  -5.135  -5.163  -5.186  -5.203  -5.217  -5.223  -5.224  -5.225  -5.224  -5.219  -5.211  -5.202  -5.191  -5.179  -5.166  -5.153  -5.141  -5.129  -5.121  -5.116  -5.114  -5.116  -5.122  -5.132  -5.147  -5.166  -5.189  -5.214  -5.240  -5.268  -5.290  -5.305  -5.313  -5.311  -5.291  -5.249  -5.185  -5.101  -4.998  -4.874  -4.739  -4.595  -4.444  -4.292  -4.140  -3.985
   3.500  -5.057  -5.095  -5.129  -5.156  -5.178  -5.195  -5.207  -5.214  -5.215  -5.214  -5.211  -5.205  -5.196  -5.185  -5.173  -5.159  -5.145  -5.130  -5.117  -5.105  -5.095  -5.089  -5.085  -5.086  -5.091  -5.100  -5.112  -5.128  -5.145  -5.165  -5.182  -5.194  -5.201  -5.200  -5.184  -5.152  -5.101  -5.030  -4.938  -4.826  -4.699  -4.560  -4.411  -4.261  -4.108  -3.951
   3.525  -4.847  -4.884  -4.921  -4.957  -4.993  -5.029  -5.063  -5.093  -5.116  -5.139  -5.161  -5.173  -5.174  -5.171  -5.165  -5.157  -5.148  -5.139  -5.130  -5.118  -5.105  -5.092  -5.078  -5.056  -5.035  -5.014  -4.992  -4.973  -4.958  -4.944  -4.937  -4.931  -4.925  -4.913  -4.888  -4.856  -4.815  -4.761  -4.692  -4.610  -4.514  -4.404  -4.281  -4.150  -4.011  -3.861
   3.550  -4.671  -4.693  -4.720  -4.752  -4.791  -4.832  -4.876  -4.921  -4.964  -5.007  -5.045  -5.078  -5.106  -5.127  -5.143  -5.150  -5.149  -5.147  -5.143  -5.131  -5.115  -5.096  -5.073  -5.046  -5.017  -4.985  -4.952  -4.917  -4.881  -4.844  -4.805  -4.764  -4.721  -4.675  -4.625  -4.574  -4.521  -4.465  -4.404  -4.340  -4.266  -4.182  -4.087  -3.979  -3.859  -3.726
   3.575  -4.601  -4.617  -4.636  -4.656  -4.679  -4.704  -4.731  -4.760  -4.792  -4.825  -4.859  -4.894  -4.935  -4.974  -5.011  -5.040  -5.062  -5.080  -5.093  -5.100  -5.095  -5.084  -5.067  -5.051  -5.031  -5.005  -4.974  -4.938  -4.895  -4.845  -4.782  -4.707  -4.624  -4.538  -4.452  -4.369  -4.291  -4.215  -4.140  -4.062  -3.979  -3.893  -3.804  -3.706  -3.602  -3.491
   3.600  -4.546  -4.560  -4.573  -4.583  -4.590  -4.598  -4.607  -4.617  -4.632  -4.651  -4.675  -4.705  -4.740  -4.779  -4.821  -4.864  -4.906  -4.946  -4.981  -5.011  -5.034  -5.049  -5.056  -5.056  -5.045  -5.025  -4.997  -4.958  -4.908  -4.847  -4.774  -4.688  -4.592  -4.490  -4.378  -4.265  -4.151  -4.038  -3.927  -3.820  -3.715  -3.615  -3.517  -3.419  -3.322  -3.226
   3.625  -4.417  -4.434  -4.450  -4.467  -4.484  -4.502  -4.519  -4.536  -4.554  -4.571  -4.590  -4.611  -4.633  -4.658  -4.685  -4.714  -4.746  -4.779  -4.813  -4.847  -4.885  -4.919  -4.949  -4.970  -4.980  -4.977  -4.963  -4.939  -4.900  -4.846  -4.782  -4.704  -4.610  -4.504  -4.383  -4.256  -4.115  -3.967  -3.821  -3.683  -3.553  -3.431  -3.313  -3.197  -3.083  -2.974
   3.650  -4.292  -4.310  -4.331  -4.354  -4.382  -4.410  -4.438  -4.464  -4.487  -4.506  -4.522  -4.534  -4.545  -4.555  -4.566  -4.579  -4.596  -4.617  -4.643  -4.674  -4.708  -4.745  -4.783  -4.817  -4.851  -4.871  -4.877  -4.880  -4.876  -4.844  -4.790  -4.719  -4.628  -4.519  -4.389  -4.247  -4.095  -3.935  -3.777  -3.618  -3.462  -3.312  -3.165  -3.024  -2.886  -2.753
   3.675  -4.234  -4.244  -4.256  -4.271  -4.288  -4.306  -4.325  -4.344  -4.363  -4.382  -4.400  -4.418  -4.436  -4.455  -4.473  -4.492  -4.510  -4.529  -4.548  -4.570  -4.592  -4.617  -4.642  -4.668  -4.696  -4.717  -4.732  -4.748  -4.760  -4.748  -4.715  -4.663  -4.587  -4.491  -4.370  -4.230  -4.081  -3.923  -3.764  -3.598  -3.429  -3.257  -3.087  -2.924  -2.764  -2.609
   3.700  -4.199  -4.201  -4.203  -4.207  -4.211  -4.216  -4.223  -4.232  -4.245  -4.261  -4.281  -4.305  -4.331  -4.357  -4.385  -4.411  -4.433  -4.452  -4.467  -4.480  -4.491  -4.502  -4.513  -4.526  -4.542  -4.558  -4.575  -4.590  -4.591  -4.586  -4.574  -4.543  -4.486  -4.409  -4.312  -4.197  -4.062  -3.911  -3.751  -3.579  -3.402  -3.222  -3.040  -2.861  -2.683  -2.507
   3.725  -4.172  -4.173  -4.172  -4.171  -4.171  -4.172  -4.174  -4.178  -4.184  -4.193  -4.205  -4.219  -4.235  -4.253  -4.272  -4.292  -4.312  -4.331  -4.350  -4.369  -4.386  -4.403  -4.418  -4.432  -4.444  -4.453  -4.460  -4.462  -4.454  -4.438  -4.416  -4.380  -4.326  -4.256  -4.175  -4.077  -3.961  -3.828  -3.681  -3.520  -3.352  -3.178  -2.997  -2.814  -2.627  -2.438
   3.750  -4.132  -4.133  -4.134  -4.136  -4.137  -4.138  -4.140  -4.142  -4.144  -4.146  -4.148  -4.151  -4.155  -4.161  -4.170  -4.181  -4.196  -4.214  -4.235  -4.260  -4.284  -4.307  -4.329  -4.344  -4.354  -4.358  -4.354  -4.343  -4.325  -4.296  -4.257  -4.208  -4.149  -4.078  -3.996  -3.902  -3.798  -3.682  -3.555  -3.417  -3.268  -3.107  -2.936  -2.757  -2.570  -2.376
   3.775  -4.048  -4.062  -4.074  -4.085  -4.093  -4.100  -4.105  -4.109  -4.112  -4.113  -4.114  -4.115  -4.114  -4.115  -4.116  -4.120  -4.127  -4.136  -4.148  -4.163  -4.178  -4.194  -4.210  -4.223  -4.235  -4.240  -4.237  -4.230  -4.216  -4.185  -4.139  -4.079  -4.008  -3.924  -3.829  -3.727  -3.618  -3.503  -3.381  -3.254  -3.117  -2.972  -2.817  -2.652  -2.477  -2.293
   3.800  -3.868  -3.916  -3.956  -3.988  -4.013  -4.032  -4.046  -4.054  -4.061  -4.065  -4.067  -4.069  -4.070  -4.072  -4.072  -4.073  -4.074  -4.075  -4.077  -4.080  -4.084  -4.090  -4.098  -4.107  -4.117  -4.123  -4.122  -4.119  -4.110  -4.078  -4.027  -3.959  -3.875  -3.779  -3.670  -3.555  -3.438  -3.316  -3.194  -3.070  -2.941  -2.807  -2.667  -2.516  -2.356  -2.187
   3.825  -3.514  -3.586  -3.652  -3.710  -3.762  -3.808  -3.849  -3.884  -3.915  -3.943  -3.966  -3.986  -4.003  -4.014  -4.022  -4.027  -4.032  -4.034  -4.035  -4.034  -4.032  -4.031  -4.030  -4.029  -4.029  -4.024  -4.014  -4.001  -3.981  -3.945  -3.893  -3.825  -3.742  -3.646  -3.536  -3.418  -3.295  -3.165  -3.034  -2.902  -2.767  -2.631  -2.492  -2.346  -2.194  -2.036
   3.850  -3.092  -3.172  -3.250  -3.326  -3.400  -3.472  -3.542  -3.610  -3.673  -3.732  -3.785  -3.832  -3.873  -3.905  -3.930  -3.949  -3.963  -3.971  -3.974  -3.975  -3.975  -3.973  -3.968  -3.960  -3.950  -3.936  -3.917  -3.893  -3.859  -3.817  -3.762  -3.693  -3.612  -3.517  -3.409  -3.291  -3.163  -3.026  -2.887  -2.745  -2.601  -2.458  -2.314  -2.167  -2.019  -1.868
   3.875  -2.684  -2.771  -2.856  -2.940  -3.022  -3.103  -3.182  -3.260  -3.334  -3.405  -3.472  -3.535  -3.595  -3.652  -3.701  -3.745  -3.783  -3.814  -3.838  -3.861  -3.880  -3.895  -3.903  -3.897  -3.889  -3.878  -3.858  -3.824  -3.778  -3.724  -3.657  -3.578  -3.486  -3.384  -3.272  -3.152  -3.025  -2.890  -2.751  -2.608  -2.461  -2.312  -2.161  -2.009  -1.855  -1.701
   3.900  -2.282  -2.371  -2.459  -2.545  -2.630  -2.713  -2.795  -2.875  -2.954  -3.031  -3.107  -3.181  -3.254  -3.324  -3.393  -3.459  -3.522  -3.581  -3.635  -3.685  -3.727  -3.763  -3.789  -3.793  -3.794  -3.794  -3.779  -3.742  -3.693  -3.632  -3.557  -3.468  -3.367  -3.259  -3.142  -3.019  -2.892  -2.760  -2.622  -2.479  -2.330  -2.176  -2.018  -1.860  -1.700  -1.538
   3.925  -1.898  -1.987  -2.076  -2.164  -2.252  -2.339  -2.425  -2.510  -2.594  -2.676  -2.757  -2.836  -2.915  -2.992  -3.067  -3.141  -3.212  -3.281  -3.345  -3.407  -3.462  -3.513  -3.556  -3.584  -3.608  -3.624  -3.623  -3.607  -3.580  -3.529  -3.461  -3.376  -3.276  -3.165  -3.043  -2.914  -2.780  -2.640  -2.496  -2.348  -2.196  -2.040  -1.881  -1.721  -1.558  -1.393
   3.950  -1.557  -1.640  -1.724  -1.810  -1.897  -1.984  -2.071  -2.157  -2.243  -2.327  -2.410  -2.492  -2.572  -2.651  -2.729  -2.804  -2.878  -2.949  -3.018  -3.085  -3.149  -3.210  -3.266  -3.317  -3.363  -3.394  -3.409  -3.417  -3.413  -3.380  -3.325  -3.251  -3.159  -3.053  -2.932  -2.801  -2.663  -2.517  -2.369  -2.217  -2.063  -1.907  -1.747  -1.586  -1.422  -1.255
   3.975  -1.281  -1.349  -1.422  -1.495  -1.573  -1.654  -1.736  -1.821  -1.906  -1.990  -2.075  -2.158  -2.241  -2.322  -2.402  -2.480  -2.556  -2.631  -2.703  -2.773  -2.839  -2.903  -2.964  -3.019  -3.069  -3.106  -3.131  -3.148  -3.149  -3.130  -3.094  -3.040  -2.966  -2.878  -2.775  -2.659  -2.532  -2.395  -2.250  -2.098  -1.942  -1.782  -1.618  -1.453  -1.287  -1.118
   4.000  -1.099  -1.140  -1.187  -1.243  -1.305  -1.373  -1.445  -1.522  -1.600  -1.681  -1.762  -1.843  -1.925  -2.005  -2.084  -2.162  -2.238  -2.313  -2.384  -2.453  -2.519  -2.582  -2.640  -2.692  -2.739  -2.777  -2.807  -2.826  -2.828  -2.819  -2.800  -2.765  -2.711  -2.644  -2.562  -2.466  -2.356  -2.233  -2.099  -1.953  -1.800  -1.641  -1.477  -1.311  -1.145  -0.977
   4.025  -1.022  -1.035  -1.055  -1.086  -1.123  -1.167  -1.219  -1.278  -1.342  -1.409  -1.479  -1.552  -1.627  -1.702  -1.777  -1.851  -1.924  -1.995  -2.063  -2.128  -2.190  -2.248  -2.302  -2.349  -2.391  -2.426  -2.453  -2.470  -2.472  -2.466  -2.452  -2.425  -2.381  -2.326  -2.258  -2.179  -2.087  -1.983  -1.868  -1.741  -1.605  -1.461  -1.309  -1.154  -0.994  -0.830
   4.050  -0.991  -0.994  -1.000  -1.010  -1.024  -1.043  -1.070  -1.103  -1.143  -1.192  -1.245  -1.303  -1.365  -1.429  -1.494  -1.559  -1.623  -1.686  -1.745  -1.803  -1.856  -1.906  -1.951  -1.991  -2.026  -2.053  -2.073  -2.085  -2.086  -2.079  -2.066  -2.042  -2.005  -1.959  -1.904  -1.839  -1.764  -1.680  -1.586  -1.481  -1.367  -1.242  -1.108  -0.966  -0.818  -0.661
   4.075  -0.980  -0.980  -0.982  -0.985  -0.989  -0.994  -1.002  -1.013  -1.029  -1.053  -1.083  -1.118  -1.158  -1.202  -1.246  -1.292  -1.339  -1.386  -1.431  -1.475  -1.516  -1.553  -1.587  -1.616  -1.640  -1.657  -1.668  -1.674  -1.674  -1.667  -1.653  -1.632  -1.603  -1.566  -1.521  -1.468  -1.407  -1.338  -1.259  -1.171  -1.074  -0.966  -0.849  -0.724  -0.590  -0.449
   4.100  -0.975  -0.974  -0.973  -0.973  -0.973  -0.973  -0.973  -0.975  -0.977  -0.982  -0.989  -0.999  -1.012  -1.029  -1.049  -1.071  -1.095  -1.120  -1.144  -1.168  -1.191  -1.211  -1.229  -1.244  -1.255  -1.260  -1.260  -1.259  -1.256  -1.247  -1.233  -1.214  -1.190  -1.160  -1.124  -1.081  -1.031  -0.975  -0.909  -0.836  -0.753  -0.661  -0.560  -0.452  -0.335  -0.211
   4.125  -0.973  -0.970  -0.968  -0.966  -0.964  -0.962  -0.960  -0.959  -0.956  -0.954  -0.951  -0.945  -0.938  -0.930  -0.924  -0.918  -0.912  -0.908  -0.905  -0.900  -0.896  -0.893  -0.891  -0.887  -0.883  -0.876  -0.866  -0.856  -0.848  -0.838  -0.825  -0.807  -0.786  -0.760  -0.731  -0.696  -0.656  -0.610  -0.556  -0.495  -0.426  -0.348  -0.262  -0.167  -0.064   0.047
   4.150  -0.972  -0.969  -0.966  -0.964  -0.961  -0.958  -0.955  -0.951  -0.947  -0.941  -0.933  -0.921  -0.906  -0.886  -0.861  -0.831  -0.796  -0.758  -0.722  -0.685  -0.651  -0.620  -0.592  -0.566  -0.543  -0.521  -0.499  -0.479  -0.463  -0.451  -0.437  -0.419  -0.397  -0.374  -0.349  -0.320  -0.287  -0.249  -0.205  -0.155  -0.097  -0.031   0.043   0.125   0.215   0.314
   4.175  -0.974  -0.970  -0.967  -0.964  -0.961  -0.957  -0.953  -0.947  -0.940  -0.933  -0.922  -0.909  -0.891  -0.866  -0.835  -0.794  -0.741  -0.680  -0.614  -0.545  -0.478  -0.417  -0.360  -0.305  -0.257  -0.213  -0.175  -0.143  -0.118  -0.101  -0.084  -0.062  -0.039  -0.015   0.009   0.036   0.065   0.097   0.135   0.177   0.226   0.282   0.344   0.415   0.493   0.578
   4.200  -0.975  -0.972  -0.969  -0.965  -0.961  -0.957  -0.952  -0.946  -0.938  -0.930  -0.919  -0.905  -0.886  -0.860  -0.826  -0.781  -0.722  -0.652  -0.571  -0.478  -0.383  -0.287  -0.192  -0.106  -0.028   0.040   0.096   0.141   0.178   0.205   0.231   0.259   0.287   0.314   0.340   0.367   0.395   0.426   0.459   0.496   0.538   0.586   0.639   0.699   0.766   0.839
   4.225  -0.975  -0.973  -0.970  -0.967  -0.963  -0.959  -0.954  -0.948  -0.940  -0.932  -0.920  -0.905  -0.887  -0.859  -0.825  -0.780  -0.720  -0.648  -0.561  -0.459  -0.347  -0.224  -0.095   0.024   0.138   0.235   0.301   0.354   0.407   0.456   0.499   0.538   0.574   0.607   0.637   0.667   0.697   0.727   0.760   0.794   0.832   0.874   0.921   0.973   1.030   1.093
   4.250  -0.975  -0.973  -0.970  -0.968  -0.965  -0.961  -0.956  -0.951  -0.943  -0.934  -0.922  -0.907  -0.887  -0.859  -0.825  -0.779  -0.720  -0.647  -0.558  -0.453  -0.335  -0.203  -0.062   0.077   0.220   0.345   0.435   0.507   0.581   0.654   0.720   0.774   0.820   0.863   0.900   0.935   0.969   1.001   1.035   1.069   1.106   1.145   1.187   1.233   1.283   1.337
   4.275  -0.974  -0.972  -0.970  -0.967  -0.964  -0.961  -0.956  -0.952  -0.945  -0.937  -0.926  -0.911  -0.892  -0.865  -0.831  -0.786  -0.727  -0.655  -0.566  -0.461  -0.342  -0.207  -0.064   0.083   0.237   0.381   0.504   0.611   0.707   0.802   0.889   0.962   1.024   1.079   1.126   1.169   1.208   1.245   1.281   1.317   1.353   1.390   1.430   1.472   1.517   1.565
   4.300  -0.969  -0.969  -0.968  -0.966  -0.963  -0.960  -0.956  -0.952  -0.946  -0.939  -0.929  -0.916  -0.899  -0.873  -0.841  -0.797  -0.740  -0.670  -0.582  -0.477  -0.357  -0.219  -0.068   0.085   0.243   0.393   0.526   0.651   0.774   0.898   1.010   1.104   1.185   1.256   1.316   1.369   1.417   1.459   1.500   1.538   1.576   1.614   1.652   1.693   1.735   1.779
   4.325  -0.947  -0.954  -0.957  -0.959  -0.958  -0.957  -0.954  -0.950  -0.945  -0.939  -0.929  -0.918  -0.902  -0.879  -0.850  -0.809  -0.754  -0.687  -0.601  -0.498  -0.379  -0.241  -0.087   0.066   0.221   0.373   0.515   0.650   0.798   0.949   1.088   1.203   1.303   1.392   1.469   1.536   1.595   1.646   1.693   1.735   1.775   1.815   1.853   1.893   1.934   1.975
   4.350  -0.898  -0.915  -0.929  -0.938  -0.945  -0.947  -0.947  -0.945  -0.942  -0.937  -0.929  -0.918  -0.904  -0.883  -0.856  -0.818  -0.767  -0.704  -0.622  -0.522  -0.406  -0.269  -0.118   0.031   0.181   0.334   0.490   0.648   0.806   0.966   1.117   1.255   1.381   1.491   1.587   1.671   1.743   1.805   1.861   1.909   1.954   1.996   2.037   2.077   2.118   2.159
   4.375  -0.816  -0.837  -0.858  -0.878  -0.896  -0.909  -0.919  -0.927  -0.930  -0.928  -0.923  -0.914  -0.901  -0.881  -0.856  -0.822  -0.777  -0.719  -0.643  -0.550  -0.437  -0.302  -0.154  -0.008   0.139   0.292   0.455   0.628   0.793   0.960   1.117   1.274   1.425   1.557   1.670   1.772   1.861   1.937   2.005   2.062   2.114   2.162   2.205   2.249   2.291   2.332
   4.400  -0.736  -0.756  -0.777  -0.800  -0.824  -0.847  -0.867  -0.884  -0.895  -0.901  -0.903  -0.900  -0.891  -0.876  -0.855  -0.823  -0.781  -0.727  -0.655  -0.566  -0.460  -0.333  -0.191  -0.048   0.096   0.249   0.417   0.593   0.768   0.944   1.115   1.281   1.440   1.587   1.722   1.844   1.951   2.044   2.125   2.194   2.256   2.311   2.360   2.408   2.454   2.497
   4.425  -0.698  -0.708  -0.720  -0.734  -0.750  -0.768  -0.787  -0.805  -0.820  -0.836  -0.847  -0.854  -0.855  -0.848  -0.834  -0.808  -0.769  -0.718  -0.649  -0.564  -0.468  -0.355  -0.226  -0.090   0.053   0.207   0.377   0.559   0.737   0.917   1.098   1.270   1.436   1.595   1.752   1.891   2.014   2.125   2.223   2.306   2.381   2.446   2.503   2.558   2.609   2.656
   4.450  -0.683  -0.684  -0.686  -0.689  -0.693  -0.700  -0.710  -0.723  -0.737  -0.754  -0.768  -0.779  -0.787  -0.787  -0.779  -0.762  -0.734  -0.691  -0.633  -0.560  -0.471  -0.366  -0.245  -0.114   0.030   0.184   0.351   0.528   0.706   0.889   1.070   1.250   1.427   1.597   1.761   1.915   2.056   2.185   2.299   2.399   2.488   2.566   2.634   2.697   2.756   2.808
   4.475  -0.678  -0.677  -0.675  -0.673  -0.671  -0.669  -0.669  -0.674  -0.679  -0.686  -0.692  -0.696  -0.699  -0.697  -0.689  -0.677  -0.656  -0.621  -0.573  -0.511  -0.432  -0.335  -0.223  -0.099   0.039   0.188   0.348   0.511   0.685   0.865   1.048   1.231   1.413   1.591   1.760   1.927   2.084   2.228   2.358   2.475   2.579   2.670   2.751   2.825   2.892   2.952
   4.500  -0.676  -0.674  -0.672  -0.668  -0.664  -0.659  -0.653  -0.645  -0.635  -0.622  -0.610  -0.599  -0.588  -0.577  -0.566  -0.551  -0.531  -0.504  -0.463  -0.411  -0.344  -0.261  -0.164  -0.055   0.067   0.201   0.347   0.504   0.670   0.845   1.025   1.209   1.394   1.577   1.757   1.931   2.097   2.254   2.399   2.532   2.653   2.760   2.856   2.942   3.020   3.088

