low temperature opacities from Ferguson, Alexander, et al (2005) with gs98 metals
    form     version        X           Z          logRs    logR_min    logR_max       logTs    logT_min    logT_max
       1          38    0.800000    0.010000          46   -8.000000    1.000000         105    2.700000    4.500000

   logT                       logR = logRho - 3*logT + 18
          -8.000  -7.800  -7.600  -7.400  -7.200  -7.000  -6.800  -6.600  -6.400  -6.200  -6.000  -5.800  -5.600  -5.400  -5.200  -5.000  -4.800  -4.600  -4.400  -4.200  -4.000  -3.800  -3.600  -3.400  -3.200  -3.000  -2.800  -2.600  -2.400  -2.200  -2.000  -1.800  -1.600  -1.400  -1.200  -1.000  -0.800  -0.600  -0.400  -0.200   0.000   0.200   0.400   0.600   0.800   1.000

   2.700  -0.541  -0.541  -0.541  -0.541  -0.541  -0.541  -0.541  -0.541  -0.541  -0.541  -0.541  -0.541  -0.541  -0.541  -0.541  -0.541  -0.541  -0.541  -0.541  -0.541  -0.541  -0.541  -0.541  -0.543  -0.551  -0.556  -0.551  -0.542  -0.540  -0.539  -0.539  -0.549  -0.565  -0.568  -0.566  -0.564  -0.564  -0.564  -0.563  -0.559  -0.555  -0.553  -0.552  -0.550  -0.548  -0.545
   2.750  -0.574  -0.574  -0.574  -0.574  -0.574  -0.574  -0.574  -0.575  -0.575  -0.575  -0.575  -0.575  -0.575  -0.575  -0.575  -0.575  -0.575  -0.575  -0.575  -0.575  -0.575  -0.574  -0.572  -0.572  -0.574  -0.575  -0.575  -0.575  -0.575  -0.575  -0.575  -0.573  -0.569  -0.567  -0.566  -0.566  -0.566  -0.566  -0.565  -0.561  -0.557  -0.555  -0.554  -0.553  -0.550  -0.548
   2.800  -0.570  -0.569  -0.568  -0.568  -0.567  -0.567  -0.567  -0.567  -0.567  -0.567  -0.567  -0.567  -0.567  -0.567  -0.567  -0.567  -0.567  -0.567  -0.567  -0.567  -0.567  -0.567  -0.567  -0.567  -0.567  -0.567  -0.567  -0.567  -0.567  -0.567  -0.567  -0.567  -0.567  -0.568  -0.568  -0.569  -0.569  -0.569  -0.569  -0.566  -0.562  -0.561  -0.560  -0.558  -0.555  -0.553
   2.850  -0.621  -0.592  -0.571  -0.565  -0.563  -0.562  -0.561  -0.560  -0.560  -0.559  -0.559  -0.559  -0.559  -0.559  -0.560  -0.560  -0.560  -0.560  -0.560  -0.560  -0.560  -0.560  -0.560  -0.560  -0.560  -0.560  -0.560  -0.560  -0.560  -0.560  -0.560  -0.565  -0.572  -0.574  -0.574  -0.575  -0.574  -0.574  -0.573  -0.571  -0.569  -0.567  -0.566  -0.564  -0.562  -0.559
   2.900  -0.631  -0.621  -0.612  -0.606  -0.603  -0.601  -0.599  -0.598  -0.598  -0.598  -0.598  -0.597  -0.595  -0.594  -0.593  -0.593  -0.593  -0.593  -0.593  -0.593  -0.593  -0.593  -0.593  -0.593  -0.594  -0.594  -0.594  -0.594  -0.594  -0.594  -0.594  -0.590  -0.583  -0.581  -0.581  -0.580  -0.580  -0.579  -0.578  -0.577  -0.575  -0.573  -0.572  -0.570  -0.568  -0.566
   2.910  -0.688  -0.663  -0.642  -0.626  -0.615  -0.607  -0.602  -0.599  -0.597  -0.596  -0.595  -0.595  -0.594  -0.593  -0.592  -0.590  -0.589  -0.589  -0.589  -0.589  -0.589  -0.589  -0.589  -0.589  -0.589  -0.589  -0.589  -0.590  -0.590  -0.590  -0.590  -0.590  -0.590  -0.589  -0.586  -0.584  -0.583  -0.582  -0.581  -0.580  -0.578  -0.577  -0.576  -0.574  -0.573  -0.571
   2.920  -0.771  -0.738  -0.707  -0.679  -0.654  -0.633  -0.618  -0.608  -0.601  -0.597  -0.594  -0.592  -0.590  -0.590  -0.589  -0.589  -0.589  -0.589  -0.589  -0.586  -0.585  -0.585  -0.585  -0.585  -0.585  -0.585  -0.585  -0.585  -0.585  -0.585  -0.585  -0.585  -0.585  -0.585  -0.584  -0.583  -0.582  -0.582  -0.581  -0.580  -0.579  -0.578  -0.577  -0.576  -0.575  -0.573
   2.930  -0.888  -0.839  -0.795  -0.757  -0.724  -0.695  -0.667  -0.641  -0.623  -0.610  -0.601  -0.595  -0.591  -0.588  -0.586  -0.585  -0.584  -0.584  -0.584  -0.584  -0.583  -0.582  -0.581  -0.580  -0.579  -0.579  -0.579  -0.579  -0.579  -0.580  -0.580  -0.580  -0.580  -0.580  -0.579  -0.579  -0.579  -0.578  -0.578  -0.577  -0.577  -0.576  -0.575  -0.574  -0.574  -0.573
   2.940  -0.883  -0.883  -0.882  -0.874  -0.825  -0.774  -0.739  -0.708  -0.679  -0.652  -0.629  -0.613  -0.601  -0.592  -0.587  -0.583  -0.581  -0.579  -0.579  -0.578  -0.578  -0.578  -0.577  -0.576  -0.575  -0.574  -0.574  -0.574  -0.574  -0.574  -0.574  -0.574  -0.574  -0.574  -0.573  -0.573  -0.573  -0.573  -0.573  -0.573  -0.572  -0.572  -0.571  -0.571  -0.570  -0.570
   2.950  -0.881  -0.879  -0.877  -0.877  -0.876  -0.876  -0.847  -0.793  -0.752  -0.719  -0.689  -0.660  -0.635  -0.615  -0.601  -0.590  -0.583  -0.579  -0.576  -0.574  -0.573  -0.572  -0.571  -0.571  -0.571  -0.571  -0.570  -0.569  -0.568  -0.567  -0.567  -0.567  -0.567  -0.567  -0.567  -0.567  -0.567  -0.567  -0.567  -0.567  -0.566  -0.566  -0.566  -0.565  -0.565  -0.565
   2.960  -0.893  -0.885  -0.879  -0.875  -0.873  -0.871  -0.870  -0.870  -0.860  -0.813  -0.763  -0.729  -0.698  -0.668  -0.640  -0.616  -0.599  -0.588  -0.579  -0.574  -0.570  -0.568  -0.567  -0.565  -0.564  -0.564  -0.564  -0.564  -0.564  -0.562  -0.561  -0.561  -0.561  -0.561  -0.561  -0.560  -0.560  -0.560  -0.560  -0.560  -0.560  -0.559  -0.559  -0.559  -0.559  -0.559
   2.970  -0.972  -0.934  -0.905  -0.888  -0.879  -0.873  -0.869  -0.866  -0.864  -0.863  -0.862  -0.832  -0.777  -0.736  -0.704  -0.674  -0.645  -0.619  -0.599  -0.585  -0.575  -0.568  -0.564  -0.561  -0.559  -0.558  -0.557  -0.556  -0.556  -0.556  -0.556  -0.556  -0.555  -0.554  -0.554  -0.553  -0.553  -0.553  -0.553  -0.552  -0.552  -0.552  -0.552  -0.552  -0.551  -0.551
   2.980  -1.345  -1.181  -1.054  -0.969  -0.925  -0.899  -0.881  -0.872  -0.865  -0.861  -0.858  -0.856  -0.855  -0.844  -0.794  -0.742  -0.707  -0.676  -0.648  -0.621  -0.598  -0.582  -0.571  -0.562  -0.557  -0.554  -0.551  -0.550  -0.549  -0.548  -0.548  -0.548  -0.548  -0.547  -0.547  -0.546  -0.546  -0.545  -0.545  -0.545  -0.544  -0.544  -0.544  -0.544  -0.543  -0.543
   2.990  -1.883  -1.718  -1.553  -1.383  -1.203  -1.056  -0.970  -0.922  -0.891  -0.875  -0.865  -0.857  -0.853  -0.849  -0.848  -0.845  -0.812  -0.752  -0.709  -0.677  -0.648  -0.620  -0.596  -0.578  -0.565  -0.556  -0.550  -0.546  -0.543  -0.541  -0.540  -0.540  -0.539  -0.539  -0.539  -0.538  -0.538  -0.537  -0.537  -0.537  -0.536  -0.536  -0.536  -0.535  -0.535  -0.535
   3.000  -1.934  -1.902  -1.880  -1.873  -1.872  -1.869  -1.636  -1.235  -1.043  -0.965  -0.918  -0.884  -0.867  -0.854  -0.847  -0.843  -0.840  -0.838  -0.825  -0.771  -0.715  -0.678  -0.646  -0.617  -0.592  -0.572  -0.558  -0.549  -0.542  -0.537  -0.534  -0.532  -0.532  -0.531  -0.531  -0.530  -0.530  -0.529  -0.529  -0.528  -0.528  -0.527  -0.527  -0.527  -0.526  -0.526
   3.010  -1.911  -1.911  -1.911  -1.907  -1.885  -1.864  -1.857  -1.852  -1.786  -1.464  -1.158  -1.024  -0.955  -0.902  -0.872  -0.855  -0.844  -0.838  -0.833  -0.830  -0.826  -0.787  -0.720  -0.673  -0.640  -0.612  -0.587  -0.567  -0.551  -0.540  -0.533  -0.529  -0.527  -0.525  -0.524  -0.523  -0.522  -0.521  -0.520  -0.520  -0.519  -0.518  -0.518  -0.517  -0.517  -0.517
   3.020  -1.954  -1.922  -1.900  -1.892  -1.889  -1.888  -1.904  -1.928  -1.929  -1.897  -1.833  -1.631  -1.334  -1.138  -1.017  -0.936  -0.886  -0.861  -0.843  -0.833  -0.826  -0.822  -0.819  -0.802  -0.739  -0.675  -0.637  -0.607  -0.582  -0.560  -0.544  -0.533  -0.527  -0.522  -0.519  -0.517  -0.515  -0.514  -0.512  -0.511  -0.510  -0.509  -0.509  -0.508  -0.508  -0.507
   3.030  -2.139  -2.066  -2.003  -1.951  -1.907  -1.879  -1.865  -1.858  -1.863  -1.895  -1.916  -1.897  -1.842  -1.729  -1.495  -1.269  -1.112  -0.989  -0.910  -0.869  -0.845  -0.828  -0.820  -0.813  -0.810  -0.805  -0.758  -0.680  -0.629  -0.597  -0.573  -0.553  -0.539  -0.528  -0.522  -0.517  -0.512  -0.509  -0.506  -0.504  -0.502  -0.501  -0.500  -0.499  -0.498  -0.497
   3.040  -1.955  -2.014  -2.045  -2.044  -2.011  -1.969  -1.923  -1.878  -1.853  -1.840  -1.836  -1.858  -1.892  -1.894  -1.858  -1.786  -1.623  -1.398  -1.220  -1.070  -0.954  -0.885  -0.849  -0.827  -0.819  -0.805  -0.769  -0.723  -0.686  -0.654  -0.624  -0.595  -0.568  -0.548  -0.535  -0.524  -0.516  -0.509  -0.504  -0.500  -0.497  -0.494  -0.492  -0.490  -0.489  -0.487
   3.050  -1.942  -1.927  -1.920  -1.924  -1.949  -1.967  -1.969  -1.970  -1.960  -1.902  -1.849  -1.826  -1.815  -1.812  -1.812  -1.811  -1.803  -1.780  -1.723  -1.558  -1.371  -1.190  -1.017  -0.913  -0.862  -0.831  -0.814  -0.804  -0.774  -0.722  -0.673  -0.638  -0.609  -0.584  -0.564  -0.547  -0.531  -0.518  -0.508  -0.501  -0.495  -0.490  -0.486  -0.483  -0.480  -0.478
   3.060  -1.937  -1.933  -1.927  -1.918  -1.904  -1.896  -1.902  -1.915  -1.931  -1.952  -1.963  -1.926  -1.859  -1.819  -1.798  -1.789  -1.787  -1.785  -1.781  -1.764  -1.732  -1.630  -1.461  -1.291  -1.102  -0.952  -0.875  -0.836  -0.808  -0.797  -0.780  -0.739  -0.690  -0.649  -0.616  -0.587  -0.561  -0.539  -0.522  -0.509  -0.499  -0.491  -0.484  -0.479  -0.474  -0.471
   3.070  -1.918  -1.916  -1.913  -1.909  -1.906  -1.901  -1.889  -1.877  -1.875  -1.877  -1.880  -1.917  -1.971  -1.965  -1.878  -1.804  -1.780  -1.767  -1.760  -1.757  -1.753  -1.744  -1.726  -1.677  -1.531  -1.360  -1.183  -1.008  -0.897  -0.844  -0.807  -0.774  -0.748  -0.717  -0.682  -0.647  -0.611  -0.576  -0.550  -0.530  -0.514  -0.500  -0.490  -0.480  -0.472  -0.466
   3.080  -1.932  -1.916  -1.903  -1.894  -1.889  -1.886  -1.884  -1.883  -1.878  -1.863  -1.854  -1.854  -1.856  -1.866  -1.909  -1.936  -1.901  -1.834  -1.785  -1.744  -1.726  -1.741  -1.764  -1.761  -1.724  -1.688  -1.676  -1.668  -1.583  -1.210  -0.926  -0.867  -0.835  -0.799  -0.762  -0.724  -0.680  -0.635  -0.598  -0.568  -0.542  -0.522  -0.506  -0.491  -0.478  -0.467
   3.090  -2.109  -2.028  -1.965  -1.921  -1.898  -1.883  -1.871  -1.865  -1.860  -1.858  -1.855  -1.846  -1.835  -1.828  -1.824  -1.823  -1.848  -1.886  -1.884  -1.834  -1.780  -1.738  -1.704  -1.696  -1.694  -1.692  -1.685  -1.671  -1.625  -1.476  -1.311  -1.169  -1.035  -0.940  -0.885  -0.836  -0.779  -0.723  -0.674  -0.630  -0.592  -0.562  -0.538  -0.515  -0.495  -0.478
   3.100  -2.775  -2.573  -2.391  -2.224  -2.068  -1.960  -1.910  -1.884  -1.863  -1.849  -1.840  -1.834  -1.831  -1.824  -1.816  -1.808  -1.799  -1.790  -1.794  -1.819  -1.836  -1.813  -1.768  -1.729  -1.689  -1.667  -1.663  -1.660  -1.661  -1.666  -1.669  -1.554  -1.336  -1.186  -1.081  -0.992  -0.914  -0.849  -0.785  -0.724  -0.670  -0.628  -0.592  -0.559  -0.529  -0.502
   3.110  -2.717  -2.713  -2.710  -2.709  -2.708  -2.708  -2.501  -2.144  -1.977  -1.910  -1.870  -1.841  -1.826  -1.814  -1.808  -1.802  -1.795  -1.788  -1.777  -1.761  -1.753  -1.769  -1.793  -1.791  -1.753  -1.710  -1.676  -1.646  -1.633  -1.629  -1.622  -1.589  -1.522  -1.430  -1.304  -1.183  -1.091  -1.009  -0.929  -0.850  -0.780  -0.723  -0.675  -0.628  -0.585  -0.545
   3.120  -2.676  -2.665  -2.657  -2.652  -2.649  -2.647  -2.646  -2.646  -2.598  -2.333  -2.079  -1.965  -1.902  -1.852  -1.823  -1.803  -1.789  -1.781  -1.773  -1.765  -1.757  -1.746  -1.737  -1.737  -1.750  -1.758  -1.737  -1.696  -1.661  -1.627  -1.603  -1.595  -1.590  -1.564  -1.469  -1.361  -1.271  -1.181  -1.092  -1.002  -0.919  -0.848  -0.786  -0.725  -0.667  -0.612
   3.130  -2.689  -2.649  -2.619  -2.604  -2.596  -2.592  -2.589  -2.587  -2.587  -2.586  -2.586  -2.491  -2.305  -2.151  -2.004  -1.891  -1.832  -1.802  -1.777  -1.763  -1.753  -1.743  -1.734  -1.724  -1.712  -1.706  -1.710  -1.717  -1.712  -1.678  -1.642  -1.621  -1.601  -1.571  -1.535  -1.485  -1.415  -1.333  -1.248  -1.157  -1.070  -0.992  -0.919  -0.846  -0.774  -0.703
   3.140  -2.822  -2.712  -2.630  -2.584  -2.561  -2.548  -2.539  -2.535  -2.533  -2.533  -2.532  -2.531  -2.529  -2.529  -2.529  -2.529  -2.337  -2.009  -1.867  -1.814  -1.780  -1.753  -1.736  -1.722  -1.713  -1.704  -1.689  -1.676  -1.676  -1.684  -1.689  -1.667  -1.624  -1.593  -1.573  -1.544  -1.498  -1.441  -1.374  -1.295  -1.214  -1.137  -1.060  -0.981  -0.899  -0.816
   3.150  -3.136  -2.924  -2.757  -2.638  -2.570  -2.531  -2.506  -2.493  -2.486  -2.481  -2.479  -2.478  -2.477  -2.477  -2.476  -2.475  -2.475  -2.474  -2.444  -2.270  -2.081  -1.935  -1.812  -1.752  -1.726  -1.708  -1.693  -1.682  -1.672  -1.662  -1.652  -1.643  -1.632  -1.616  -1.595  -1.570  -1.541  -1.506  -1.458  -1.397  -1.331  -1.264  -1.192  -1.115  -1.031  -0.942
   3.160  -3.588  -3.289  -3.037  -2.835  -2.682  -2.574  -2.510  -2.477  -2.455  -2.442  -2.435  -2.430  -2.428  -2.426  -2.426  -2.425  -2.425  -2.424  -2.424  -2.423  -2.422  -2.335  -2.164  -2.018  -1.873  -1.769  -1.723  -1.700  -1.678  -1.663  -1.651  -1.645  -1.640  -1.628  -1.607  -1.584  -1.564  -1.543  -1.509  -1.465  -1.415  -1.362  -1.303  -1.234  -1.156  -1.069
   3.170  -4.068  -3.747  -3.454  -3.187  -2.945  -2.747  -2.609  -2.517  -2.456  -2.424  -2.405  -2.393  -2.386  -2.382  -2.380  -2.378  -2.377  -2.376  -2.376  -2.375  -2.375  -2.375  -2.374  -2.354  -2.233  -2.090  -1.952  -1.817  -1.735  -1.695  -1.670  -1.652  -1.642  -1.631  -1.621  -1.608  -1.592  -1.572  -1.546  -1.511  -1.473  -1.433  -1.388  -1.332  -1.264  -1.186
   3.180  -4.507  -4.213  -3.922  -3.630  -3.331  -3.064  -2.842  -2.659  -2.528  -2.451  -2.404  -2.374  -2.358  -2.347  -2.341  -2.337  -2.334  -2.333  -2.331  -2.331  -2.330  -2.330  -2.329  -2.329  -2.328  -2.328  -2.328  -2.327  -2.274  -1.988  -1.767  -1.717  -1.691  -1.676  -1.671  -1.662  -1.642  -1.616  -1.587  -1.554  -1.521  -1.490  -1.456  -1.411  -1.354  -1.286
   3.190  -4.858  -4.618  -4.360  -4.080  -3.774  -3.477  -3.197  -2.940  -2.735  -2.580  -2.465  -2.392  -2.352  -2.326  -2.312  -2.303  -2.297  -2.293  -2.291  -2.289  -2.288  -2.287  -2.287  -2.287  -2.286  -2.286  -2.286  -2.285  -2.285  -2.285  -2.285  -2.168  -1.959  -1.847  -1.802  -1.767  -1.725  -1.687  -1.649  -1.611  -1.576  -1.548  -1.520  -1.481  -1.432  -1.373
   3.200  -5.097  -4.928  -4.726  -4.487  -4.207  -3.916  -3.618  -3.322  -3.058  -2.818  -2.623  -2.488  -2.399  -2.336  -2.302  -2.282  -2.268  -2.261  -2.255  -2.252  -2.250  -2.248  -2.247  -2.247  -2.246  -2.246  -2.246  -2.246  -2.246  -2.246  -2.245  -2.200  -2.111  -2.038  -1.971  -1.907  -1.847  -1.790  -1.738  -1.690  -1.649  -1.619  -1.593  -1.556  -1.509  -1.454
   3.210  -5.233  -5.133  -4.992  -4.808  -4.580  -4.325  -4.042  -3.740  -3.451  -3.165  -2.911  -2.703  -2.534  -2.411  -2.335  -2.286  -2.255  -2.239  -2.228  -2.221  -2.217  -2.214  -2.212  -2.210  -2.210  -2.209  -2.208  -2.208  -2.208  -2.208  -2.208  -2.208  -2.208  -2.196  -2.121  -2.037  -1.970  -1.905  -1.845  -1.789  -1.741  -1.707  -1.680  -1.641  -1.593  -1.537
   3.220  -5.296  -5.244  -5.155  -5.029  -4.866  -4.666  -4.421  -4.145  -3.861  -3.562  -3.275  -3.009  -2.768  -2.579  -2.440  -2.338  -2.273  -2.237  -2.212  -2.199  -2.190  -2.183  -2.180  -2.177  -2.175  -2.174  -2.173  -2.173  -2.173  -2.172  -2.172  -2.172  -2.172  -2.169  -2.148  -2.113  -2.064  -2.005  -1.948  -1.890  -1.839  -1.804  -1.775  -1.734  -1.685  -1.628
   3.230  -5.323  -5.296  -5.241  -5.161  -5.057  -4.915  -4.725  -4.498  -4.244  -3.957  -3.666  -3.377  -3.095  -2.852  -2.642  -2.472  -2.354  -2.276  -2.220  -2.190  -2.172  -2.159  -2.153  -2.148  -2.145  -2.143  -2.141  -2.140  -2.140  -2.139  -2.139  -2.139  -2.139  -2.138  -2.134  -2.127  -2.104  -2.066  -2.023  -1.973  -1.927  -1.895  -1.866  -1.827  -1.778  -1.722
   3.240  -5.340  -5.319  -5.283  -5.231  -5.168  -5.074  -4.942  -4.776  -4.568  -4.316  -4.045  -3.759  -3.465  -3.189  -2.925  -2.695  -2.514  -2.374  -2.272  -2.212  -2.174  -2.148  -2.135  -2.124  -2.118  -2.114  -2.111  -2.110  -2.108  -2.107  -2.107  -2.107  -2.107  -2.107  -2.107  -2.107  -2.100  -2.083  -2.059  -2.024  -1.990  -1.965  -1.940  -1.905  -1.862  -1.812
   3.250  -5.357  -5.337  -5.308  -5.271  -5.229  -5.166  -5.080  -4.967  -4.811  -4.612  -4.383  -4.120  -3.833  -3.550  -3.262  -2.995  -2.760  -2.556  -2.399  -2.289  -2.209  -2.157  -2.129  -2.109  -2.098  -2.091  -2.085  -2.082  -2.080  -2.078  -2.077  -2.077  -2.076  -2.076  -2.076  -2.076  -2.075  -2.071  -2.062  -2.043  -2.021  -2.004  -1.986  -1.959  -1.925  -1.885
   3.260  -5.363  -5.349  -5.327  -5.300  -5.268  -5.222  -5.164  -5.087  -4.976  -4.834  -4.655  -4.431  -4.173  -3.904  -3.616  -3.334  -3.064  -2.811  -2.600  -2.427  -2.293  -2.204  -2.150  -2.110  -2.088  -2.074  -2.064  -2.058  -2.054  -2.052  -2.050  -2.049  -2.048  -2.048  -2.047  -2.047  -2.047  -2.046  -2.044  -2.036  -2.025  -2.016  -2.004  -1.987  -1.963  -1.934
   3.270  -5.347  -5.344  -5.335  -5.319  -5.295  -5.261  -5.219  -5.163  -5.084  -4.985  -4.853  -4.677  -4.467  -4.228  -3.955  -3.675  -3.393  -3.115  -2.866  -2.642  -2.454  -2.315  -2.213  -2.139  -2.096  -2.069  -2.050  -2.040  -2.032  -2.027  -2.024  -2.022  -2.021  -2.020  -2.020  -2.019  -2.019  -2.019  -2.018  -2.015  -2.011  -2.007  -2.001  -1.991  -1.976  -1.959
   3.280  -5.304  -5.314  -5.318  -5.318  -5.307  -5.286  -5.257  -5.216  -5.159  -5.087  -4.989  -4.859  -4.699  -4.499  -4.258  -3.998  -3.723  -3.439  -3.170  -2.909  -2.677  -2.484  -2.326  -2.208  -2.134  -2.083  -2.049  -2.031  -2.016  -2.007  -2.002  -1.998  -1.997  -1.995  -1.994  -1.993  -1.992  -1.991  -1.991  -1.990  -1.989  -1.987  -1.984  -1.978  -1.971  -1.961
   3.290  -5.237  -5.263  -5.280  -5.285  -5.287  -5.288  -5.278  -5.250  -5.210  -5.157  -5.084  -4.989  -4.869  -4.710  -4.512  -4.287  -4.031  -3.755  -3.481  -3.204  -2.945  -2.712  -2.505  -2.341  -2.221  -2.131  -2.071  -2.035  -2.009  -1.994  -1.985  -1.978  -1.974  -1.971  -1.969  -1.968  -1.966  -1.965  -1.964  -1.964  -1.963  -1.962  -1.960  -1.957  -1.954  -1.949
   3.300  -5.153  -5.185  -5.213  -5.235  -5.253  -5.261  -5.259  -5.253  -5.240  -5.207  -5.154  -5.084  -4.993  -4.869  -4.716  -4.530  -4.303  -4.048  -3.785  -3.507  -3.236  -2.977  -2.735  -2.529  -2.356  -2.219  -2.124  -2.061  -2.015  -1.990  -1.974  -1.962  -1.955  -1.950  -1.947  -1.944  -1.942  -1.940  -1.939  -1.938  -1.937  -1.936  -1.934  -1.932  -1.930  -1.928
   3.310  -5.062  -5.099  -5.132  -5.161  -5.188  -5.209  -5.224  -5.233  -5.232  -5.219  -5.193  -5.150  -5.083  -4.990  -4.872  -4.721  -4.532  -4.311  -4.068  -3.799  -3.526  -3.257  -2.993  -2.757  -2.542  -2.361  -2.225  -2.124  -2.049  -2.004  -1.973  -1.951  -1.940  -1.931  -1.925  -1.921  -1.918  -1.916  -1.914  -1.913  -1.911  -1.909  -1.908  -1.906  -1.905  -1.904
   3.320  -4.969  -5.007  -5.044  -5.078  -5.111  -5.140  -5.167  -5.187  -5.194  -5.196  -5.197  -5.183  -5.142  -5.077  -4.990  -4.872  -4.719  -4.534  -4.319  -4.068  -3.806  -3.537  -3.264  -3.009  -2.766  -2.551  -2.372  -2.226  -2.114  -2.040  -1.987  -1.952  -1.933  -1.918  -1.908  -1.902  -1.897  -1.893  -1.891  -1.889  -1.887  -1.885  -1.884  -1.882  -1.880  -1.878
   3.330  -4.878  -4.916  -4.954  -4.990  -5.026  -5.060  -5.091  -5.118  -5.141  -5.161  -5.169  -5.165  -5.152  -5.128  -5.073  -4.986  -4.868  -4.718  -4.534  -4.312  -4.070  -3.809  -3.535  -3.271  -3.011  -2.771  -2.556  -2.366  -2.217  -2.109  -2.027  -1.971  -1.938  -1.912  -1.896  -1.886  -1.878  -1.873  -1.869  -1.866  -1.863  -1.861  -1.859  -1.857  -1.855  -1.853
   3.340  -4.795  -4.830  -4.865  -4.901  -4.938  -4.974  -5.009  -5.042  -5.071  -5.098  -5.118  -5.130  -5.135  -5.133  -5.108  -5.057  -4.978  -4.864  -4.714  -4.525  -4.309  -4.063  -3.795  -3.531  -3.262  -3.007  -2.769  -2.550  -2.367  -2.217  -2.098  -2.014  -1.958  -1.916  -1.891  -1.875  -1.862  -1.854  -1.848  -1.843  -1.840  -1.837  -1.835  -1.833  -1.830  -1.828
   3.350  -4.724  -4.753  -4.785  -4.818  -4.853  -4.889  -4.925  -4.960  -4.993  -5.025  -5.052  -5.077  -5.096  -5.098  -5.093  -5.082  -5.046  -4.968  -4.855  -4.704  -4.520  -4.297  -4.046  -3.788  -3.516  -3.250  -2.997  -2.757  -2.544  -2.356  -2.200  -2.084  -2.000  -1.936  -1.898  -1.871  -1.852  -1.840  -1.830  -1.823  -1.818  -1.814  -1.811  -1.807  -1.805  -1.802
   3.360  -4.662  -4.687  -4.714  -4.743  -4.774  -4.807  -4.842  -4.878  -4.912  -4.946  -4.978  -5.007  -5.033  -5.051  -5.064  -5.068  -5.055  -5.017  -4.950  -4.843  -4.696  -4.505  -4.279  -4.035  -3.764  -3.493  -3.230  -2.974  -2.741  -2.525  -2.339  -2.190  -2.071  -1.981  -1.921  -1.878  -1.847  -1.829  -1.814  -1.805  -1.798  -1.792  -1.787  -1.783  -1.779  -1.776
   3.370  -4.605  -4.627  -4.651  -4.677  -4.704  -4.733  -4.764  -4.797  -4.831  -4.866  -4.900  -4.932  -4.963  -4.989  -5.015  -5.027  -5.024  -5.016  -4.996  -4.932  -4.825  -4.675  -4.486  -4.265  -4.006  -3.738  -3.469  -3.200  -2.950  -2.714  -2.503  -2.321  -2.168  -2.047  -1.961  -1.896  -1.852  -1.825  -1.804  -1.790  -1.779  -1.770  -1.764  -1.758  -1.753  -1.749
   3.380  -4.553  -4.574  -4.596  -4.619  -4.642  -4.668  -4.696  -4.725  -4.756  -4.789  -4.822  -4.855  -4.888  -4.918  -4.946  -4.969  -4.984  -4.993  -4.990  -4.960  -4.900  -4.800  -4.655  -4.467  -4.233  -3.978  -3.709  -3.430  -3.168  -2.915  -2.683  -2.474  -2.290  -2.140  -2.025  -1.936  -1.873  -1.831  -1.799  -1.777  -1.762  -1.750  -1.741  -1.733  -1.726  -1.721
   3.390  -4.508  -4.526  -4.545  -4.565  -4.587  -4.610  -4.635  -4.660  -4.688  -4.717  -4.747  -4.779  -4.812  -4.844  -4.875  -4.903  -4.929  -4.948  -4.950  -4.941  -4.924  -4.873  -4.771  -4.624  -4.429  -4.202  -3.943  -3.663  -3.393  -3.125  -2.873  -2.644  -2.436  -2.260  -2.114  -1.996  -1.909  -1.848  -1.800  -1.770  -1.748  -1.731  -1.719  -1.709  -1.700  -1.693
   3.400  -4.473  -4.485  -4.500  -4.517  -4.536  -4.557  -4.579  -4.602  -4.626  -4.652  -4.679  -4.708  -4.739  -4.769  -4.801  -4.831  -4.861  -4.886  -4.899  -4.906  -4.908  -4.888  -4.829  -4.729  -4.583  -4.395  -4.160  -3.892  -3.621  -3.341  -3.073  -2.826  -2.597  -2.396  -2.220  -2.074  -1.962  -1.877  -1.812  -1.770  -1.739  -1.715  -1.698  -1.684  -1.672  -1.663
   3.410  -4.448  -4.454  -4.463  -4.476  -4.491  -4.509  -4.528  -4.549  -4.571  -4.594  -4.618  -4.644  -4.671  -4.699  -4.729  -4.759  -4.788  -4.816  -4.839  -4.858  -4.866  -4.857  -4.831  -4.783  -4.683  -4.536  -4.338  -4.100  -3.844  -3.561  -3.282  -3.018  -2.767  -2.544  -2.344  -2.173  -2.035  -1.925  -1.839  -1.780  -1.735  -1.701  -1.678  -1.658  -1.642  -1.631
   3.420  -4.431  -4.433  -4.438  -4.445  -4.455  -4.467  -4.482  -4.500  -4.520  -4.541  -4.563  -4.586  -4.610  -4.635  -4.662  -4.690  -4.718  -4.746  -4.771  -4.796  -4.808  -4.806  -4.801  -4.786  -4.725  -4.619  -4.466  -4.271  -4.041  -3.769  -3.491  -3.216  -2.946  -2.703  -2.481  -2.287  -2.123  -1.987  -1.878  -1.798  -1.737  -1.692  -1.662  -1.635  -1.614  -1.599
   3.430  -4.420  -4.420  -4.421  -4.422  -4.427  -4.435  -4.445  -4.459  -4.474  -4.492  -4.512  -4.533  -4.555  -4.577  -4.601  -4.625  -4.650  -4.676  -4.700  -4.724  -4.741  -4.749  -4.753  -4.749  -4.715  -4.647  -4.540  -4.389  -4.194  -3.951  -3.689  -3.414  -3.133  -2.873  -2.630  -2.412  -2.223  -2.060  -1.928  -1.828  -1.749  -1.690  -1.647  -1.612  -1.584  -1.566
   3.440  -4.412  -4.409  -4.408  -4.408  -4.409  -4.412  -4.417  -4.425  -4.436  -4.449  -4.465  -4.483  -4.503  -4.523  -4.544  -4.565  -4.587  -4.610  -4.632  -4.653  -4.671  -4.683  -4.690  -4.689  -4.669  -4.629  -4.560  -4.449  -4.293  -4.089  -3.856  -3.594  -3.314  -3.047  -2.785  -2.545  -2.334  -2.149  -1.995  -1.870  -1.770  -1.693  -1.637  -1.591  -1.555  -1.531
   3.450  -4.405  -4.402  -4.400  -4.398  -4.397  -4.396  -4.397  -4.400  -4.406  -4.415  -4.426  -4.440  -4.456  -4.474  -4.492  -4.511  -4.530  -4.550  -4.568  -4.586  -4.601  -4.612  -4.619  -4.618  -4.605  -4.579  -4.533  -4.454  -4.334  -4.173  -3.978  -3.742  -3.478  -3.214  -2.942  -2.686  -2.456  -2.248  -2.070  -1.922  -1.799  -1.703  -1.630  -1.571  -1.526  -1.496
   3.460  -4.397  -4.395  -4.393  -4.391  -4.388  -4.386  -4.385  -4.384  -4.385  -4.388  -4.395  -4.404  -4.416  -4.429  -4.445  -4.461  -4.478  -4.494  -4.509  -4.523  -4.534  -4.541  -4.545  -4.545  -4.533  -4.510  -4.474  -4.415  -4.323  -4.201  -4.043  -3.841  -3.607  -3.359  -3.091  -2.829  -2.584  -2.353  -2.153  -1.981  -1.836  -1.721  -1.632  -1.558  -1.500  -1.461
   3.470  -4.385  -4.385  -4.384  -4.383  -4.381  -4.378  -4.375  -4.372  -4.371  -4.371  -4.372  -4.375  -4.382  -4.391  -4.402  -4.415  -4.429  -4.443  -4.455  -4.467  -4.473  -4.473  -4.472  -4.470  -4.457  -4.431  -4.397  -4.348  -4.274  -4.178  -4.051  -3.886  -3.689  -3.467  -3.216  -2.961  -2.709  -2.463  -2.245  -2.052  -1.885  -1.749  -1.639  -1.548  -1.477  -1.426
   3.480  -4.367  -4.371  -4.373  -4.373  -4.371  -4.369  -4.366  -4.363  -4.361  -4.357  -4.356  -4.356  -4.358  -4.361  -4.368  -4.376  -4.385  -4.396  -4.404  -4.412  -4.416  -4.414  -4.408  -4.397  -4.378  -4.349  -4.313  -4.265  -4.199  -4.118  -4.012  -3.877  -3.715  -3.524  -3.302  -3.067  -2.821  -2.571  -2.342  -2.129  -1.941  -1.784  -1.652  -1.543  -1.457  -1.393
   3.490  -4.338  -4.347  -4.354  -4.357  -4.359  -4.359  -4.358  -4.355  -4.353  -4.349  -4.346  -4.343  -4.340  -4.340  -4.341  -4.343  -4.348  -4.354  -4.359  -4.362  -4.363  -4.359  -4.347  -4.328  -4.302  -4.268  -4.226  -4.175  -4.110  -4.034  -3.939  -3.825  -3.690  -3.529  -3.340  -3.133  -2.905  -2.665  -2.435  -2.209  -2.003  -1.826  -1.674  -1.546  -1.444  -1.366
   3.500  -4.293  -4.310  -4.324  -4.334  -4.340  -4.343  -4.344  -4.344  -4.344  -4.341  -4.337  -4.333  -4.329  -4.325  -4.322  -4.320  -4.320  -4.320  -4.320  -4.318  -4.314  -4.305  -4.289  -4.265  -4.233  -4.192  -4.143  -4.085  -4.017  -3.938  -3.847  -3.743  -3.625  -3.486  -3.328  -3.151  -2.949  -2.731  -2.510  -2.281  -2.067  -1.876  -1.704  -1.559  -1.439  -1.343
   3.525  -4.061  -4.105  -4.144  -4.180  -4.210  -4.235  -4.257  -4.276  -4.287  -4.294  -4.298  -4.300  -4.300  -4.297  -4.293  -4.291  -4.287  -4.280  -4.268  -4.253  -4.233  -4.208  -4.176  -4.134  -4.083  -4.024  -3.956  -3.879  -3.795  -3.703  -3.604  -3.499  -3.388  -3.270  -3.146  -3.007  -2.840  -2.663  -2.476  -2.271  -2.088  -1.923  -1.757  -1.594  -1.446  -1.317
   3.550  -3.721  -3.790  -3.855  -3.916  -3.973  -4.026  -4.074  -4.117  -4.154  -4.185  -4.211  -4.231  -4.245  -4.252  -4.255  -4.256  -4.252  -4.242  -4.227  -4.206  -4.177  -4.140  -4.094  -4.037  -3.971  -3.894  -3.807  -3.712  -3.608  -3.496  -3.379  -3.258  -3.133  -3.009  -2.885  -2.760  -2.635  -2.508  -2.376  -2.239  -2.095  -1.939  -1.776  -1.614  -1.453  -1.290
   3.575  -3.309  -3.391  -3.469  -3.545  -3.619  -3.688  -3.755  -3.817  -3.879  -3.936  -3.987  -4.032  -4.070  -4.101  -4.126  -4.147  -4.161  -4.166  -4.163  -4.150  -4.130  -4.098  -4.051  -3.992  -3.919  -3.830  -3.724  -3.606  -3.481  -3.347  -3.211  -3.074  -2.936  -2.800  -2.667  -2.536  -2.407  -2.280  -2.156  -2.044  -1.916  -1.773  -1.626  -1.481  -1.336  -1.178
   3.600  -2.864  -2.952  -3.038  -3.123  -3.207  -3.289  -3.369  -3.447  -3.522  -3.595  -3.664  -3.730  -3.792  -3.849  -3.903  -3.950  -3.992  -4.025  -4.041  -4.050  -4.053  -4.038  -3.997  -3.938  -3.860  -3.763  -3.647  -3.515  -3.376  -3.228  -3.076  -2.925  -2.773  -2.623  -2.475  -2.328  -2.183  -2.041  -1.902  -1.766  -1.633  -1.503  -1.374  -1.248  -1.123  -1.000
   3.625  -2.436  -2.527  -2.618  -2.707  -2.796  -2.884  -2.970  -3.055  -3.139  -3.220  -3.300  -3.377  -3.451  -3.522  -3.590  -3.651  -3.707  -3.756  -3.792  -3.824  -3.843  -3.841  -3.820  -3.783  -3.717  -3.634  -3.533  -3.415  -3.285  -3.141  -2.989  -2.832  -2.671  -2.510  -2.347  -2.187  -2.029  -1.875  -1.724  -1.577  -1.434  -1.295  -1.160  -1.028  -0.900  -0.775
   3.650  -2.021  -2.113  -2.205  -2.297  -2.387  -2.477  -2.566  -2.654  -2.741  -2.827  -2.912  -2.995  -3.077  -3.155  -3.230  -3.301  -3.367  -3.427  -3.478  -3.524  -3.546  -3.548  -3.549  -3.543  -3.501  -3.437  -3.358  -3.261  -3.148  -3.018  -2.876  -2.724  -2.562  -2.399  -2.231  -2.064  -1.899  -1.736  -1.575  -1.417  -1.262  -1.110  -0.961  -0.818  -0.679  -0.545
   3.675  -1.630  -1.723  -1.816  -1.908  -2.000  -2.092  -2.183  -2.273  -2.363  -2.451  -2.539  -2.625  -2.710  -2.792  -2.871  -2.946  -3.017  -3.082  -3.139  -3.189  -3.215  -3.219  -3.223  -3.221  -3.184  -3.127  -3.059  -2.975  -2.879  -2.769  -2.650  -2.521  -2.384  -2.242  -2.093  -1.939  -1.783  -1.623  -1.462  -1.299  -1.136  -0.975  -0.816  -0.662  -0.512  -0.367
   3.700  -1.275  -1.365  -1.455  -1.545  -1.636  -1.727  -1.818  -1.908  -1.998  -2.087  -2.175  -2.262  -2.347  -2.430  -2.511  -2.587  -2.659  -2.726  -2.783  -2.833  -2.859  -2.863  -2.866  -2.860  -2.823  -2.770  -2.708  -2.634  -2.552  -2.462  -2.365  -2.262  -2.153  -2.035  -1.911  -1.778  -1.637  -1.488  -1.334  -1.173  -1.010  -0.847  -0.684  -0.523  -0.366  -0.210
   3.725  -0.965  -1.044  -1.125  -1.209  -1.296  -1.384  -1.472  -1.562  -1.651  -1.739  -1.827  -1.914  -2.000  -2.084  -2.165  -2.242  -2.314  -2.380  -2.437  -2.487  -2.511  -2.514  -2.515  -2.510  -2.473  -2.420  -2.361  -2.290  -2.214  -2.131  -2.042  -1.948  -1.850  -1.746  -1.636  -1.520  -1.397  -1.267  -1.132  -0.990  -0.843  -0.693  -0.540  -0.386  -0.230  -0.074
   3.750  -0.721  -0.783  -0.850  -0.922  -0.998  -1.078  -1.160  -1.244  -1.328  -1.413  -1.498  -1.582  -1.666  -1.747  -1.827  -1.902  -1.972  -2.036  -2.089  -2.137  -2.158  -2.159  -2.159  -2.153  -2.116  -2.064  -2.006  -1.937  -1.863  -1.782  -1.697  -1.608  -1.515  -1.420  -1.321  -1.219  -1.113  -1.002  -0.887  -0.766  -0.640  -0.507  -0.369  -0.226  -0.079   0.073
   3.775  -0.572  -0.608  -0.650  -0.700  -0.758  -0.822  -0.888  -0.959  -1.032  -1.108  -1.186  -1.264  -1.342  -1.419  -1.493  -1.564  -1.629  -1.688  -1.738  -1.781  -1.800  -1.800  -1.799  -1.792  -1.757  -1.707  -1.652  -1.587  -1.516  -1.439  -1.358  -1.274  -1.186  -1.096  -1.004  -0.908  -0.810  -0.708  -0.603  -0.493  -0.379  -0.259  -0.134  -0.005   0.130   0.269
   3.800  -0.507  -0.518  -0.536  -0.560  -0.590  -0.628  -0.673  -0.725  -0.782  -0.843  -0.907  -0.973  -1.041  -1.107  -1.172  -1.233  -1.290  -1.341  -1.384  -1.420  -1.436  -1.435  -1.432  -1.423  -1.390  -1.345  -1.293  -1.232  -1.166  -1.093  -1.016  -0.936  -0.853  -0.768  -0.680  -0.589  -0.496  -0.400  -0.301  -0.199  -0.093   0.016   0.129   0.246   0.367   0.492
   3.825  -0.487  -0.489  -0.492  -0.497  -0.505  -0.517  -0.538  -0.564  -0.595  -0.633  -0.675  -0.719  -0.766  -0.813  -0.862  -0.908  -0.951  -0.990  -1.022  -1.048  -1.060  -1.059  -1.054  -1.041  -1.011  -0.972  -0.925  -0.870  -0.810  -0.744  -0.673  -0.600  -0.522  -0.443  -0.360  -0.276  -0.188  -0.098  -0.005   0.091   0.190   0.293   0.399   0.508   0.621   0.738
   3.850  -0.481  -0.479  -0.477  -0.475  -0.474  -0.473  -0.474  -0.476  -0.479  -0.487  -0.500  -0.517  -0.538  -0.561  -0.586  -0.611  -0.634  -0.655  -0.671  -0.683  -0.687  -0.683  -0.673  -0.655  -0.628  -0.593  -0.551  -0.503  -0.450  -0.391  -0.328  -0.261  -0.190  -0.117  -0.042   0.037   0.118   0.203   0.290   0.380   0.474   0.571   0.672   0.776   0.884   0.994
   3.875  -0.482  -0.480  -0.477  -0.472  -0.467  -0.460  -0.452  -0.441  -0.428  -0.412  -0.397  -0.386  -0.376  -0.369  -0.364  -0.358  -0.352  -0.347  -0.340  -0.332  -0.322  -0.309  -0.291  -0.268  -0.240  -0.208  -0.171  -0.129  -0.083  -0.032   0.023   0.082   0.145   0.210   0.278   0.349   0.424   0.501   0.582   0.665   0.753   0.844   0.939   1.038   1.139   1.244
   3.900  -0.484  -0.481  -0.477  -0.471  -0.465  -0.456  -0.445  -0.430  -0.411  -0.387  -0.358  -0.324  -0.286  -0.246  -0.203  -0.162  -0.123  -0.086  -0.051  -0.019   0.012   0.042   0.072   0.102   0.134   0.167   0.202   0.240   0.281   0.325   0.373   0.424   0.479   0.536   0.596   0.660   0.727   0.797   0.870   0.947   1.028   1.113   1.202   1.295   1.391   1.491
   3.925  -0.485  -0.483  -0.479  -0.474  -0.467  -0.458  -0.447  -0.432  -0.412  -0.386  -0.351  -0.305  -0.251  -0.188  -0.114  -0.040   0.033   0.106   0.172   0.234   0.295   0.349   0.398   0.444   0.484   0.523   0.561   0.598   0.637   0.678   0.720   0.765   0.812   0.862   0.914   0.970   1.029   1.091   1.157   1.227   1.301   1.378   1.460   1.546   1.636   1.731
   3.950  -0.486  -0.484  -0.481  -0.477  -0.471  -0.462  -0.451  -0.436  -0.414  -0.386  -0.348  -0.299  -0.240  -0.168  -0.084   0.009   0.111   0.219   0.322   0.423   0.517   0.600   0.673   0.738   0.794   0.844   0.890   0.931   0.972   1.012   1.052   1.093   1.134   1.178   1.224   1.273   1.325   1.380   1.439   1.501   1.568   1.638   1.713   1.792   1.876   1.965
   3.975  -0.482  -0.482  -0.480  -0.476  -0.472  -0.465  -0.455  -0.441  -0.420  -0.392  -0.355  -0.306  -0.246  -0.172  -0.085   0.016   0.134   0.264   0.398   0.536   0.666   0.778   0.880   0.967   1.043   1.113   1.173   1.226   1.274   1.318   1.359   1.400   1.439   1.480   1.521   1.565   1.611   1.661   1.713   1.769   1.829   1.893   1.961   2.033   2.111   2.194
   4.000  -0.475  -0.476  -0.476  -0.476  -0.472  -0.466  -0.457  -0.445  -0.426  -0.401  -0.365  -0.318  -0.258  -0.182  -0.089   0.018   0.142   0.279   0.423   0.575   0.725   0.868   1.005   1.125   1.231   1.325   1.405   1.473   1.535   1.587   1.635   1.679   1.720   1.760   1.800   1.841   1.884   1.928   1.976   2.027   2.081   2.139   2.201   2.268   2.340   2.416
   4.025  -0.467  -0.467  -0.468  -0.468  -0.466  -0.461  -0.454  -0.444  -0.427  -0.406  -0.374  -0.330  -0.271  -0.197  -0.105   0.003   0.127   0.265   0.413   0.570   0.725   0.891   1.055   1.210   1.352   1.476   1.577   1.663   1.741   1.809   1.868   1.921   1.968   2.012   2.054   2.095   2.137   2.179   2.224   2.271   2.322   2.376   2.433   2.495   2.562   2.632
   4.050  -0.459  -0.459  -0.458  -0.458  -0.456  -0.453  -0.449  -0.441  -0.428  -0.409  -0.379  -0.338  -0.284  -0.214  -0.127  -0.023   0.100   0.238   0.389   0.555   0.725   0.898   1.072   1.238   1.398   1.545   1.676   1.794   1.896   1.983   2.059   2.125   2.181   2.234   2.280   2.325   2.368   2.411   2.455   2.501   2.549   2.600   2.654   2.713   2.775   2.841
   4.075  -0.454  -0.454  -0.453  -0.451  -0.450  -0.446  -0.442  -0.435  -0.422  -0.405  -0.377  -0.339  -0.292  -0.226  -0.145  -0.046   0.072   0.206   0.355   0.520   0.695   0.871   1.050   1.223   1.392   1.553   1.716   1.868   2.001   2.108   2.201   2.284   2.356   2.420   2.475   2.527   2.575   2.620   2.667   2.712   2.760   2.810   2.863   2.918   2.977   3.039
   4.100  -0.451  -0.450  -0.448  -0.446  -0.444  -0.440  -0.435  -0.427  -0.414  -0.398  -0.374  -0.340  -0.295  -0.235  -0.159  -0.067   0.045   0.173   0.317   0.476   0.645   0.823   1.007   1.191   1.376   1.556   1.729   1.893   2.043   2.179   2.300   2.404   2.494   2.573   2.641   2.702   2.758   2.809   2.859   2.907   2.956   3.006   3.058   3.112   3.169   3.228
   4.125  -0.447  -0.444  -0.442  -0.440  -0.438  -0.434  -0.429  -0.421  -0.409  -0.394  -0.371  -0.339  -0.296  -0.239  -0.167  -0.080   0.026   0.147   0.284   0.436   0.600   0.775   0.959   1.145   1.336   1.527   1.708   1.883   2.043   2.208   2.361   2.487   2.595   2.693   2.777   2.851   2.917   2.976   3.032   3.085   3.137   3.188   3.240   3.295   3.351   3.410
   4.150  -0.444  -0.441  -0.438  -0.436  -0.433  -0.429  -0.424  -0.416  -0.405  -0.390  -0.367  -0.336  -0.296  -0.241  -0.172  -0.089   0.010   0.125   0.255   0.401   0.559   0.729   0.910   1.095   1.286   1.477   1.669   1.859   2.041   2.218   2.382   2.530   2.665   2.783   2.885   2.975   3.054   3.123   3.188   3.247   3.303   3.358   3.411   3.467   3.525   3.585
   4.175  -0.444  -0.441  -0.438  -0.433  -0.429  -0.424  -0.418  -0.410  -0.399  -0.384  -0.363  -0.334  -0.295  -0.244  -0.179  -0.099  -0.004   0.107   0.233   0.375   0.529   0.695   0.872   1.053   1.240   1.431   1.626   1.823   2.018   2.204   2.379   2.547   2.708   2.843   2.966   3.074   3.168   3.251   3.326   3.393   3.455   3.515   3.573   3.632   3.693   3.754
   4.200  -0.445  -0.441  -0.437  -0.433  -0.427  -0.421  -0.414  -0.406  -0.394  -0.380  -0.359  -0.331  -0.295  -0.246  -0.184  -0.108  -0.015   0.093   0.216   0.354   0.505   0.668   0.841   1.018   1.200   1.388   1.584   1.784   1.982   2.179   2.370   2.552   2.724   2.882   3.024   3.152   3.263   3.360   3.447   3.524   3.595   3.662   3.725   3.789   3.853   3.916
   4.225  -0.446  -0.442  -0.438  -0.433  -0.427  -0.420  -0.413  -0.404  -0.391  -0.377  -0.355  -0.328  -0.293  -0.245  -0.187  -0.114  -0.025   0.078   0.198   0.335   0.485   0.648   0.822   0.997   1.173   1.356   1.550   1.751   1.951   2.153   2.352   2.544   2.728   2.903   3.064   3.210   3.338   3.452   3.554   3.643   3.724   3.799   3.869   3.938   4.006   4.071
   4.250  -0.446  -0.443  -0.438  -0.433  -0.427  -0.420  -0.412  -0.403  -0.390  -0.374  -0.353  -0.325  -0.291  -0.245  -0.188  -0.118  -0.033   0.066   0.183   0.318   0.467   0.631   0.807   0.980   1.152   1.332   1.525   1.725   1.926   2.130   2.332   2.532   2.729   2.914   3.091   3.253   3.399   3.530   3.647   3.748   3.841   3.926   4.003   4.078   4.151   4.220
   4.275  -0.446  -0.442  -0.438  -0.433  -0.427  -0.420  -0.412  -0.402  -0.389  -0.374  -0.352  -0.326  -0.291  -0.246  -0.190  -0.122  -0.040   0.057   0.171   0.304   0.450   0.612   0.785   0.958   1.133   1.316   1.509   1.708   1.910   2.114   2.319   2.524   2.728   2.921   3.109   3.285   3.446   3.594   3.726   3.842   3.947   4.042   4.129   4.211   4.289   4.362
   4.300  -0.445  -0.442  -0.437  -0.432  -0.426  -0.419  -0.410  -0.400  -0.387  -0.372  -0.352  -0.326  -0.292  -0.247  -0.192  -0.125  -0.044   0.050   0.162   0.292   0.436   0.594   0.764   0.939   1.118   1.305   1.500   1.701   1.903   2.108   2.313   2.520   2.726   2.927   3.124   3.311   3.485   3.648   3.794   3.925   4.043   4.149   4.245   4.335   4.419   4.495
   4.325  -0.444  -0.441  -0.437  -0.432  -0.426  -0.418  -0.408  -0.397  -0.384  -0.369  -0.349  -0.324  -0.291  -0.247  -0.194  -0.128  -0.049   0.044   0.155   0.284   0.427   0.582   0.749   0.924   1.107   1.297   1.495   1.699   1.904   2.109   2.316   2.524   2.731   2.937   3.141   3.336   3.521   3.695   3.854   3.999   4.131   4.248   4.352   4.447   4.534   4.611
   4.350  -0.442  -0.439  -0.435  -0.430  -0.424  -0.416  -0.406  -0.394  -0.380  -0.364  -0.344  -0.319  -0.288  -0.246  -0.194  -0.130  -0.052   0.041   0.152   0.281   0.423   0.577   0.742   0.917   1.102   1.294   1.494   1.699   1.905   2.114   2.323   2.533   2.744   2.952   3.160   3.361   3.554   3.738   3.909   4.067   4.211   4.338   4.451   4.553   4.643   4.722
   4.375  -0.437  -0.435  -0.432  -0.427  -0.422  -0.414  -0.404  -0.391  -0.376  -0.359  -0.338  -0.312  -0.281  -0.240  -0.191  -0.128  -0.050   0.042   0.152   0.281   0.423   0.577   0.743   0.918   1.104   1.298   1.499   1.704   1.912   2.123   2.335   2.548   2.761   2.972   3.183   3.389   3.588   3.780   3.960   4.129   4.283   4.423   4.549   4.660   4.757   4.838
   4.400  -0.430  -0.429  -0.427  -0.423  -0.418  -0.411  -0.401  -0.388  -0.372  -0.354  -0.331  -0.304  -0.272  -0.231  -0.182  -0.121  -0.045   0.045   0.154   0.282   0.424   0.578   0.746   0.923   1.113   1.309   1.510   1.717   1.926   2.138   2.352   2.567   2.783   2.997   3.211   3.420   3.625   3.823   4.010   4.187   4.351   4.501   4.638   4.758   4.862   4.951
   4.425  -0.425  -0.423  -0.420  -0.416  -0.412  -0.405  -0.395  -0.382  -0.366  -0.347  -0.323  -0.295  -0.262  -0.220  -0.171  -0.109  -0.035   0.054   0.162   0.289   0.430   0.586   0.756   0.936   1.127   1.324   1.527   1.734   1.944   2.158   2.373   2.590   2.809   3.026   3.243   3.456   3.665   3.868   4.062   4.247   4.418   4.568   4.704   4.831   4.949   5.057
   4.450  -0.422  -0.419  -0.415  -0.411  -0.405  -0.398  -0.389  -0.377  -0.360  -0.340  -0.315  -0.285  -0.250  -0.206  -0.156  -0.094  -0.019   0.070   0.177   0.303   0.444   0.602   0.775   0.956   1.147   1.345   1.548   1.757   1.968   2.182   2.399   2.618   2.838   3.058   3.278   3.494   3.706   3.914   4.113   4.305   4.481   4.630   4.763   4.895   5.023   5.146
   4.475  -0.420  -0.417  -0.413  -0.408  -0.402  -0.394  -0.384  -0.372  -0.354  -0.332  -0.305  -0.274  -0.236  -0.191  -0.139  -0.075   0.001   0.090   0.197   0.322   0.464   0.623   0.797   0.979   1.172   1.371   1.574   1.784   1.996   2.211   2.429   2.649   2.871   3.092   3.314   3.533   3.749   3.960   4.162   4.358   4.537   4.692   4.830   4.962   5.088   5.205
   4.500  -0.419  -0.416  -0.413  -0.407  -0.401  -0.392  -0.381  -0.367  -0.348  -0.324  -0.295  -0.261  -0.220  -0.172  -0.118  -0.053   0.024   0.114   0.222   0.348   0.490   0.649   0.824   1.007   1.201   1.401   1.606   1.815   2.028   2.244   2.463   2.684   2.906   3.128   3.352   3.573   3.792   4.006   4.210   4.406   4.588   4.752   4.899   5.029   5.142   5.239

