low temperature opacities from Ferguson, Alexander, et al (2005) with gn93 metals
    form     version        X           Z          logRs    logR_min    logR_max       logTs    logT_min    logT_max
       1          38    0.000000    0.010000          46   -8.000000    1.000000          75    3.000000    4.100000

   logT                       logR = logRho - 3*logT + 18
          -8.000  -7.800  -7.600  -7.400  -7.200  -7.000  -6.800  -6.600  -6.400  -6.200  -6.000  -5.800  -5.600  -5.400  -5.200  -5.000  -4.800  -4.600  -4.400  -4.200  -4.000  -3.800  -3.600  -3.400  -3.200  -3.000  -2.800  -2.600  -2.400  -2.200  -2.000  -1.800  -1.600  -1.400  -1.200  -1.000  -0.800  -0.600  -0.400  -0.200   0.000   0.200   0.400   0.600   0.800   1.000

   3.000  -1.079  -1.076  -1.074  -1.072  -1.071  -1.070  -1.070  -1.070  -1.067  -1.050  -1.030  -1.012  -0.994  -0.978  -0.964  -0.952  -0.945  -0.940  -0.933  -0.925  -0.917  -0.910  -0.904  -0.898  -0.892  -0.889  -0.894  -0.901  -0.900  -0.889  -0.882  -0.883  -0.886  -0.890  -0.897  -0.900  -0.898  -0.894  -0.894  -0.899  -0.901  -0.897  -0.891  -0.890  -0.891  -0.893
   3.010  -1.090  -1.082  -1.076  -1.071  -1.068  -1.066  -1.065  -1.064  -1.064  -1.063  -1.063  -1.051  -1.029  -1.008  -0.989  -0.971  -0.957  -0.946  -0.937  -0.933  -0.928  -0.919  -0.910  -0.902  -0.895  -0.892  -0.892  -0.892  -0.910  -1.004  -1.065  -0.998  -0.894  -0.874  -0.879  -0.884  -0.887  -0.890  -0.890  -0.890  -0.890  -0.888  -0.883  -0.882  -0.884  -0.887
   3.020  -1.134  -1.111  -1.092  -1.079  -1.071  -1.066  -1.062  -1.060  -1.058  -1.057  -1.056  -1.056  -1.057  -1.053  -1.030  -1.004  -0.986  -0.969  -0.954  -0.940  -0.930  -0.924  -0.921  -0.914  -0.905  -0.896  -0.890  -0.885  -0.879  -0.874  -0.870  -0.868  -0.867  -0.867  -0.868  -0.870  -0.874  -0.878  -0.879  -0.879  -0.879  -0.878  -0.875  -0.874  -0.877  -0.881
   3.030  -1.307  -1.222  -1.157  -1.115  -1.093  -1.079  -1.068  -1.062  -1.057  -1.053  -1.051  -1.049  -1.048  -1.048  -1.048  -1.048  -1.032  -1.002  -0.978  -0.958  -0.942  -0.931  -0.923  -0.916  -0.912  -0.907  -0.899  -0.889  -0.881  -0.875  -0.870  -0.866  -0.863  -0.861  -0.860  -0.860  -0.861  -0.864  -0.867  -0.868  -0.868  -0.867  -0.865  -0.865  -0.869  -0.874
   3.040  -2.125  -1.712  -1.408  -1.249  -1.174  -1.128  -1.095  -1.078  -1.064  -1.056  -1.051  -1.047  -1.044  -1.042  -1.041  -1.040  -1.041  -1.042  -1.036  -1.005  -0.972  -0.953  -0.939  -0.926  -0.915  -0.906  -0.901  -0.899  -0.892  -0.882  -0.873  -0.867  -0.862  -0.858  -0.855  -0.853  -0.853  -0.854  -0.855  -0.857  -0.858  -0.857  -0.855  -0.855  -0.859  -0.865
   3.050  -2.090  -2.105  -2.113  -2.044  -1.654  -1.316  -1.199  -1.139  -1.098  -1.076  -1.062  -1.051  -1.045  -1.040  -1.036  -1.034  -1.033  -1.032  -1.028  -1.015  -0.999  -0.981  -0.961  -0.944  -0.929  -0.916  -0.906  -0.897  -0.889  -0.881  -0.874  -0.868  -0.862  -0.857  -0.853  -0.850  -0.847  -0.846  -0.846  -0.847  -0.847  -0.846  -0.844  -0.845  -0.848  -0.854
   3.060  -2.129  -2.115  -2.100  -2.087  -2.075  -2.054  -1.814  -1.424  -1.233  -1.154  -1.107  -1.075  -1.059  -1.046  -1.038  -1.033  -1.029  -1.026  -1.024  -1.023  -1.021  -1.010  -0.990  -0.971  -0.951  -0.933  -0.918  -0.906  -0.895  -0.887  -0.880  -0.872  -0.865  -0.859  -0.853  -0.848  -0.845  -0.842  -0.840  -0.838  -0.837  -0.835  -0.834  -0.834  -0.837  -0.842
   3.070  -2.063  -2.102  -2.121  -2.119  -2.091  -2.067  -2.061  -2.058  -1.981  -1.598  -1.274  -1.169  -1.115  -1.076  -1.054  -1.040  -1.030  -1.024  -1.020  -1.016  -1.014  -1.014  -1.013  -1.009  -0.984  -0.958  -0.940  -0.923  -0.907  -0.893  -0.881  -0.872  -0.866  -0.860  -0.854  -0.848  -0.844  -0.839  -0.835  -0.832  -0.829  -0.826  -0.824  -0.824  -0.825  -0.828
   3.080  -1.906  -1.969  -2.021  -2.066  -2.104  -2.120  -2.102  -2.074  -2.072  -2.085  -2.094  -1.832  -1.387  -1.193  -1.118  -1.076  -1.048  -1.034  -1.022  -1.016  -1.011  -1.008  -1.006  -1.001  -0.993  -0.981  -0.964  -0.944  -0.927  -0.911  -0.897  -0.884  -0.872  -0.863  -0.856  -0.849  -0.844  -0.838  -0.833  -0.827  -0.822  -0.818  -0.815  -0.815  -0.815  -0.815
   3.090  -1.875  -1.880  -1.895  -1.923  -1.975  -2.026  -2.071  -2.106  -2.102  -2.052  -2.019  -2.018  -2.018  -1.944  -1.546  -1.219  -1.125  -1.077  -1.044  -1.026  -1.015  -1.006  -1.001  -0.997  -0.993  -0.992  -0.993  -0.994  -0.987  -0.949  -0.912  -0.893  -0.881  -0.869  -0.860  -0.852  -0.845  -0.839  -0.832  -0.825  -0.818  -0.813  -0.809  -0.806  -0.804  -0.803
   3.100  -1.866  -1.865  -1.864  -1.865  -1.876  -1.898  -1.939  -1.991  -2.031  -2.065  -2.081  -2.052  -2.007  -2.005  -2.040  -2.063  -1.776  -1.301  -1.130  -1.075  -1.042  -1.018  -1.006  -0.996  -0.991  -0.987  -0.985  -0.983  -0.976  -0.956  -0.934  -0.915  -0.897  -0.882  -0.869  -0.858  -0.849  -0.841  -0.833  -0.824  -0.816  -0.810  -0.805  -0.801  -0.797  -0.794
   3.110  -1.885  -1.868  -1.857  -1.854  -1.853  -1.853  -1.857  -1.870  -1.898  -1.963  -2.003  -2.005  -2.006  -2.005  -1.997  -1.982  -1.881  -1.691  -1.504  -1.292  -1.138  -1.074  -1.040  -1.013  -0.997  -0.987  -0.979  -0.976  -0.973  -0.972  -0.970  -0.952  -0.921  -0.898  -0.882  -0.868  -0.856  -0.846  -0.836  -0.825  -0.816  -0.809  -0.803  -0.797  -0.791  -0.786
   3.120  -6.495  -3.883  -2.148  -1.867  -1.850  -1.844  -1.843  -1.842  -1.844  -1.856  -1.880  -1.929  -1.982  -1.998  -2.002  -2.004  -1.999  -1.983  -1.928  -1.722  -1.500  -1.314  -1.150  -1.065  -1.026  -1.002  -0.985  -0.976  -0.969  -0.965  -0.960  -0.949  -0.935  -0.919  -0.900  -0.882  -0.868  -0.854  -0.841  -0.830  -0.819  -0.810  -0.802  -0.794  -0.787  -0.781
   3.130  -6.345  -6.444  -6.493  -6.020  -3.510  -1.870  -1.847  -1.835  -1.832  -1.830  -1.830  -1.842  -1.870  -1.904  -1.950  -1.979  -1.985  -1.989  -1.987  -1.969  -1.933  -1.771  -1.508  -1.313  -1.155  -1.056  -1.015  -0.994  -0.976  -0.965  -0.956  -0.949  -0.943  -0.932  -0.916  -0.899  -0.882  -0.865  -0.850  -0.837  -0.825  -0.813  -0.803  -0.794  -0.785  -0.778
   3.140  -6.220  -6.302  -6.343  -6.025  -4.239  -2.714  -2.175  -1.904  -1.846  -1.828  -1.821  -1.818  -1.817  -1.819  -1.833  -1.857  -1.901  -1.946  -1.954  -1.951  -1.948  -1.945  -1.940  -1.877  -1.562  -1.261  -1.121  -1.044  -1.000  -0.976  -0.962  -0.953  -0.948  -0.939  -0.927  -0.913  -0.897  -0.878  -0.862  -0.847  -0.833  -0.820  -0.807  -0.796  -0.785  -0.776
   3.150  -6.130  -6.160  -6.197  -6.246  -6.315  -6.352  -5.042  -2.900  -2.176  -1.943  -1.850  -1.824  -1.810  -1.807  -1.805  -1.805  -1.813  -1.833  -1.867  -1.922  -1.952  -1.948  -1.940  -1.931  -1.924  -1.909  -1.672  -1.282  -1.103  -1.030  -0.990  -0.966  -0.954  -0.942  -0.934  -0.924  -0.909  -0.892  -0.875  -0.860  -0.845  -0.829  -0.814  -0.800  -0.788  -0.776
   3.160  -6.069  -6.085  -6.108  -6.138  -6.175  -6.219  -6.271  -6.329  -6.395  -6.478  -6.521  -4.878  -2.330  -1.820  -1.803  -1.796  -1.793  -1.792  -1.797  -1.827  -1.857  -1.875  -1.889  -1.905  -1.924  -1.934  -1.859  -1.694  -1.505  -1.261  -1.087  -1.022  -0.989  -0.963  -0.949  -0.938  -0.922  -0.906  -0.890  -0.874  -0.858  -0.840  -0.823  -0.807  -0.793  -0.779
   3.170  -6.020  -6.031  -6.046  -6.065  -6.086  -6.115  -6.152  -6.197  -6.252  -6.328  -6.367  -5.014  -2.816  -2.110  -1.897  -1.814  -1.794  -1.784  -1.781  -1.779  -1.779  -1.803  -1.848  -1.874  -1.888  -1.898  -1.911  -1.920  -1.884  -1.659  -1.422  -1.255  -1.117  -1.039  -1.003  -0.977  -0.951  -0.930  -0.910  -0.892  -0.874  -0.855  -0.835  -0.817  -0.800  -0.785
   3.180  -5.967  -5.981  -5.995  -6.009  -6.023  -6.041  -6.064  -6.093  -6.129  -6.173  -6.224  -6.297  -6.365  -5.952  -3.698  -2.106  -1.915  -1.819  -1.788  -1.774  -1.768  -1.766  -1.765  -1.774  -1.823  -1.861  -1.870  -1.875  -1.877  -1.879  -1.879  -1.740  -1.478  -1.297  -1.169  -1.072  -1.012  -0.979  -0.947  -0.920  -0.896  -0.873  -0.852  -0.831  -0.812  -0.793
   3.190  -5.901  -5.921  -5.940  -5.956  -5.969  -5.983  -5.998  -6.016  -6.040  -6.069  -6.105  -6.150  -6.201  -6.264  -6.346  -6.389  -4.941  -2.629  -1.987  -1.838  -1.779  -1.763  -1.755  -1.755  -1.765  -1.782  -1.811  -1.843  -1.859  -1.867  -1.870  -1.822  -1.712  -1.574  -1.394  -1.236  -1.140  -1.076  -1.019  -0.973  -0.935  -0.903  -0.877  -0.851  -0.828  -0.806
   3.200  -5.822  -5.848  -5.872  -5.893  -5.911  -5.927  -5.941  -5.955  -5.972  -5.990  -6.014  -6.044  -6.081  -6.125  -6.178  -6.236  -6.316  -6.390  -5.952  -3.577  -1.955  -1.833  -1.772  -1.752  -1.743  -1.740  -1.745  -1.757  -1.775  -1.802  -1.824  -1.835  -1.841  -1.810  -1.628  -1.438  -1.321  -1.224  -1.137  -1.062  -0.999  -0.952  -0.916  -0.882  -0.851  -0.825
   3.210  -5.743  -5.769  -5.794  -5.818  -5.842  -5.863  -5.881  -5.897  -5.913  -5.926  -5.943  -5.963  -5.987  -6.019  -6.056  -6.101  -6.154  -6.214  -6.283  -6.372  -6.417  -4.846  -2.386  -1.830  -1.768  -1.741  -1.731  -1.726  -1.729  -1.755  -1.781  -1.800  -1.815  -1.804  -1.721  -1.616  -1.513  -1.402  -1.295  -1.190  -1.099  -1.031  -0.979  -0.931  -0.889  -0.853
   3.220  -5.674  -5.694  -5.716  -5.739  -5.764  -5.788  -5.810  -5.831  -5.850  -5.865  -5.881  -5.896  -5.913  -5.934  -5.959  -5.990  -6.029  -6.075  -6.129  -6.190  -6.255  -6.341  -6.418  -5.957  -3.467  -1.816  -1.759  -1.730  -1.718  -1.711  -1.709  -1.734  -1.774  -1.779  -1.760  -1.721  -1.654  -1.563  -1.460  -1.340  -1.229  -1.143  -1.069  -1.003  -0.946  -0.897
   3.230  -5.630  -5.639  -5.651  -5.668  -5.688  -5.710  -5.733  -5.757  -5.779  -5.799  -5.817  -5.833  -5.848  -5.864  -5.881  -5.902  -5.929  -5.961  -6.001  -6.048  -6.102  -6.181  -6.254  -5.960  -4.251  -2.732  -2.130  -1.828  -1.759  -1.736  -1.728  -1.735  -1.746  -1.749  -1.749  -1.749  -1.728  -1.675  -1.596  -1.486  -1.375  -1.277  -1.184  -1.101  -1.027  -0.962
   3.240  -5.614  -5.613  -5.612  -5.614  -5.625  -5.641  -5.659  -5.680  -5.702  -5.724  -5.745  -5.764  -5.781  -5.797  -5.812  -5.829  -5.848  -5.869  -5.897  -5.930  -5.971  -6.020  -6.076  -6.138  -6.208  -6.279  -6.365  -6.440  -5.966  -3.422  -1.761  -1.739  -1.728  -1.728  -1.736  -1.740  -1.735  -1.719  -1.686  -1.607  -1.512  -1.415  -1.313  -1.219  -1.132  -1.051
   3.250  -5.616  -5.603  -5.594  -5.592  -5.591  -5.591  -5.598  -5.612  -5.628  -5.648  -5.668  -5.688  -5.709  -5.727  -5.743  -5.759  -5.774  -5.790  -5.810  -5.833  -5.862  -5.897  -5.938  -5.988  -6.046  -6.110  -6.196  -6.274  -5.850  -3.543  -1.963  -1.838  -1.775  -1.755  -1.746  -1.743  -1.745  -1.748  -1.742  -1.699  -1.633  -1.544  -1.440  -1.343  -1.251  -1.161
   3.260  -5.625  -5.611  -5.599  -5.587  -5.574  -5.568  -5.567  -5.567  -5.569  -5.580  -5.596  -5.613  -5.633  -5.651  -5.670  -5.688  -5.704  -5.719  -5.735  -5.752  -5.772  -5.796  -5.825  -5.861  -5.904  -5.954  -6.013  -6.079  -6.151  -6.240  -6.285  -5.436  -3.870  -2.865  -2.222  -1.930  -1.880  -1.854  -1.826  -1.804  -1.763  -1.672  -1.555  -1.454  -1.364  -1.281
   3.270  -5.629  -5.620  -5.609  -5.596  -5.580  -5.566  -5.553  -5.543  -5.541  -5.540  -5.540  -5.547  -5.561  -5.577  -5.594  -5.612  -5.629  -5.645  -5.661  -5.675  -5.691  -5.709  -5.730  -5.755  -5.785  -5.821  -5.866  -5.917  -5.980  -6.064  -6.107  -5.798  -5.107  -4.280  -3.175  -2.448  -2.247  -2.143  -2.067  -2.039  -1.989  -1.844  -1.661  -1.534  -1.449  -1.397
   3.280  -5.615  -5.614  -5.612  -5.606  -5.593  -5.577  -5.561  -5.544  -5.530  -5.516  -5.510  -5.510  -5.510  -5.512  -5.523  -5.538  -5.553  -5.570  -5.586  -5.600  -5.615  -5.630  -5.645  -5.663  -5.684  -5.709  -5.740  -5.777  -5.821  -5.873  -5.929  -6.003  -6.069  -5.850  -4.557  -3.391  -2.942  -2.710  -2.573  -2.523  -2.436  -2.132  -1.756  -1.593  -1.520  -1.496
   3.290  -5.570  -5.589  -5.599  -5.600  -5.596  -5.587  -5.573  -5.555  -5.537  -5.520  -5.504  -5.488  -5.476  -5.474  -5.475  -5.476  -5.483  -5.496  -5.510  -5.524  -5.539  -5.552  -5.566  -5.580  -5.595  -5.613  -5.634  -5.658  -5.689  -5.726  -5.768  -5.831  -5.891  -5.786  -5.117  -4.419  -3.953  -3.584  -3.390  -3.328  -3.220  -2.632  -1.858  -1.643  -1.588  -1.570
   3.300  -5.492  -5.529  -5.557  -5.572  -5.581  -5.584  -5.579  -5.566  -5.551  -5.532  -5.512  -5.492  -5.472  -5.456  -5.442  -5.435  -5.435  -5.436  -5.438  -5.449  -5.462  -5.474  -5.488  -5.500  -5.513  -5.526  -5.541  -5.557  -5.578  -5.601  -5.630  -5.677  -5.723  -5.696  -5.481  -5.212  -4.920  -4.628  -4.481  -4.437  -4.360  -3.393  -1.994  -1.676  -1.634  -1.620
   3.310  -5.389  -5.438  -5.479  -5.514  -5.543  -5.557  -5.560  -5.562  -5.560  -5.545  -5.526  -5.506  -5.483  -5.461  -5.438  -5.419  -5.402  -5.391  -5.389  -5.390  -5.393  -5.400  -5.411  -5.421  -5.432  -5.444  -5.455  -5.467  -5.480  -5.494  -5.512  -5.533  -5.557  -5.586  -5.620  -5.654  -5.691  -5.723  -5.730  -5.732  -5.732  -4.334  -2.157  -1.699  -1.667  -1.656
   3.320  -5.274  -5.329  -5.379  -5.424  -5.466  -5.500  -5.526  -5.542  -5.544  -5.540  -5.534  -5.520  -5.498  -5.475  -5.450  -5.425  -5.401  -5.378  -5.359  -5.344  -5.338  -5.339  -5.342  -5.347  -5.355  -5.364  -5.373  -5.382  -5.390  -5.399  -5.409  -5.420  -5.433  -5.448  -5.466  -5.486  -5.511  -5.535  -5.548  -5.556  -5.558  -4.337  -2.386  -1.842  -1.711  -1.667
   3.330  -5.160  -5.215  -5.267  -5.319  -5.369  -5.415  -5.454  -5.487  -5.509  -5.522  -5.526  -5.521  -5.508  -5.490  -5.467  -5.441  -5.413  -5.385  -5.358  -5.331  -5.309  -5.294  -5.284  -5.283  -5.284  -5.287  -5.292  -5.299  -5.305  -5.310  -5.315  -5.320  -5.324  -5.330  -5.335  -5.342  -5.352  -5.363  -5.370  -5.374  -5.376  -5.368  -5.343  -5.113  -3.784  -1.789
   3.340  -5.053  -5.104  -5.155  -5.207  -5.261  -5.312  -5.361  -5.406  -5.443  -5.475  -5.492  -5.497  -5.500  -5.497  -5.481  -5.458  -5.432  -5.402  -5.371  -5.338  -5.307  -5.279  -5.254  -5.236  -5.225  -5.221  -5.221  -5.222  -5.223  -5.225  -5.227  -5.227  -5.226  -5.224  -5.221  -5.217  -5.214  -5.211  -5.207  -5.204  -5.198  -5.186  -5.165  -5.135  -5.094  -5.045
   3.350  -4.958  -5.002  -5.049  -5.098  -5.150  -5.203  -5.255  -5.306  -5.353  -5.396  -5.431  -5.458  -5.475  -5.478  -5.474  -5.466  -5.449  -5.421  -5.392  -5.359  -5.324  -5.286  -5.248  -5.217  -5.192  -5.172  -5.160  -5.153  -5.148  -5.146  -5.144  -5.140  -5.134  -5.127  -5.117  -5.106  -5.093  -5.078  -5.064  -5.050  -5.033  -5.014  -4.991  -4.961  -4.924  -4.880
   3.360  -4.875  -4.913  -4.954  -4.999  -5.046  -5.096  -5.148  -5.200  -5.251  -5.301  -5.346  -5.385  -5.418  -5.439  -5.451  -5.455  -5.449  -5.432  -5.410  -5.381  -5.347  -5.308  -5.266  -5.226  -5.185  -5.149  -5.121  -5.100  -5.084  -5.074  -5.066  -5.057  -5.049  -5.037  -5.022  -5.005  -4.985  -4.962  -4.938  -4.912  -4.884  -4.856  -4.826  -4.792  -4.755  -4.713
   3.370  -4.805  -4.837  -4.872  -4.910  -4.952  -4.996  -5.044  -5.095  -5.146  -5.198  -5.248  -5.295  -5.338  -5.374  -5.406  -5.420  -5.421  -5.421  -5.418  -5.396  -5.366  -5.332  -5.293  -5.249  -5.200  -5.153  -5.110  -5.072  -5.041  -5.017  -4.997  -4.981  -4.967  -4.950  -4.932  -4.910  -4.884  -4.856  -4.824  -4.788  -4.751  -4.714  -4.675  -4.634  -4.592  -4.548
   3.380  -4.748  -4.773  -4.801  -4.833  -4.869  -4.908  -4.950  -4.996  -5.043  -5.094  -5.145  -5.195  -5.244  -5.288  -5.329  -5.361  -5.384  -5.397  -5.398  -5.390  -5.375  -5.350  -5.317  -5.277  -5.230  -5.179  -5.126  -5.072  -5.024  -4.982  -4.946  -4.918  -4.895  -4.871  -4.847  -4.821  -4.791  -4.757  -4.720  -4.677  -4.633  -4.587  -4.538  -4.490  -4.441  -4.391
   3.390  -4.703  -4.722  -4.744  -4.769  -4.798  -4.831  -4.867  -4.906  -4.949  -4.995  -5.043  -5.093  -5.144  -5.192  -5.239  -5.281  -5.318  -5.346  -5.358  -5.364  -5.366  -5.356  -5.330  -5.298  -5.258  -5.210  -5.154  -5.093  -5.034  -4.975  -4.921  -4.876  -4.837  -4.801  -4.770  -4.738  -4.703  -4.665  -4.622  -4.575  -4.524  -4.470  -4.414  -4.358  -4.302  -4.245
   3.400  -4.671  -4.682  -4.697  -4.716  -4.739  -4.765  -4.794  -4.827  -4.864  -4.904  -4.948  -4.995  -5.044  -5.092  -5.142  -5.189  -5.233  -5.272  -5.302  -5.325  -5.334  -5.331  -5.323  -5.308  -5.277  -5.236  -5.185  -5.126  -5.062  -4.991  -4.922  -4.858  -4.799  -4.747  -4.704  -4.662  -4.619  -4.576  -4.529  -4.477  -4.422  -4.363  -4.300  -4.238  -4.174  -4.110
   3.410  -4.652  -4.656  -4.665  -4.676  -4.692  -4.711  -4.734  -4.761  -4.791  -4.825  -4.862  -4.903  -4.948  -4.994  -5.043  -5.091  -5.138  -5.184  -5.223  -5.259  -5.282  -5.293  -5.298  -5.297  -5.279  -5.249  -5.209  -5.158  -5.096  -5.022  -4.945  -4.867  -4.788  -4.718  -4.657  -4.599  -4.546  -4.495  -4.442  -4.385  -4.326  -4.262  -4.194  -4.126  -4.056  -3.985
   3.420  -4.644  -4.644  -4.646  -4.649  -4.657  -4.669  -4.685  -4.706  -4.729  -4.756  -4.787  -4.822  -4.861  -4.902  -4.948  -4.994  -5.042  -5.090  -5.134  -5.176  -5.211  -5.239  -5.258  -5.260  -5.255  -5.244  -5.219  -5.177  -5.123  -5.056  -4.979  -4.892  -4.800  -4.713  -4.629  -4.552  -4.485  -4.424  -4.361  -4.299  -4.234  -4.165  -4.094  -4.021  -3.946  -3.869
   3.430  -4.644  -4.639  -4.636  -4.636  -4.638  -4.641  -4.649  -4.662  -4.679  -4.699  -4.723  -4.751  -4.784  -4.819  -4.859  -4.901  -4.946  -4.993  -5.039  -5.084  -5.125  -5.163  -5.194  -5.209  -5.216  -5.219  -5.208  -5.180  -5.137  -5.080  -5.010  -4.924  -4.827  -4.729  -4.627  -4.530  -4.444  -4.365  -4.290  -4.219  -4.148  -4.074  -3.999  -3.922  -3.843  -3.761
   3.440  -4.649  -4.642  -4.636  -4.632  -4.628  -4.626  -4.628  -4.632  -4.641  -4.654  -4.671  -4.692  -4.717  -4.746  -4.779  -4.816  -4.856  -4.899  -4.943  -4.989  -5.033  -5.075  -5.112  -5.142  -5.165  -5.175  -5.171  -5.158  -5.135  -5.092  -5.030  -4.951  -4.856  -4.753  -4.640  -4.528  -4.424  -4.324  -4.233  -4.150  -4.069  -3.989  -3.909  -3.827  -3.743  -3.658
   3.450  -4.654  -4.648  -4.641  -4.635  -4.628  -4.622  -4.618  -4.616  -4.617  -4.622  -4.631  -4.644  -4.662  -4.684  -4.710  -4.740  -4.774  -4.811  -4.851  -4.895  -4.938  -4.981  -5.023  -5.060  -5.095  -5.113  -5.116  -5.118  -5.114  -5.082  -5.031  -4.963  -4.878  -4.778  -4.661  -4.540  -4.420  -4.301  -4.192  -4.094  -4.000  -3.910  -3.824  -3.736  -3.648  -3.560
   3.460  -4.658  -4.653  -4.647  -4.640  -4.633  -4.625  -4.617  -4.610  -4.607  -4.605  -4.605  -4.609  -4.619  -4.634  -4.652  -4.675  -4.702  -4.732  -4.767  -4.805  -4.845  -4.887  -4.929  -4.968  -5.006  -5.036  -5.056  -5.067  -5.066  -5.049  -5.014  -4.960  -4.885  -4.792  -4.678  -4.555  -4.426  -4.293  -4.169  -4.053  -3.943  -3.842  -3.746  -3.652  -3.558  -3.467
   3.470  -4.656  -4.655  -4.651  -4.646  -4.639  -4.631  -4.622  -4.613  -4.605  -4.596  -4.592  -4.592  -4.593  -4.595  -4.605  -4.621  -4.641  -4.665  -4.692  -4.724  -4.758  -4.796  -4.836  -4.874  -4.913  -4.947  -4.977  -4.999  -5.001  -4.993  -4.976  -4.939  -4.874  -4.790  -4.684  -4.565  -4.433  -4.293  -4.158  -4.025  -3.899  -3.784  -3.677  -3.573  -3.473  -3.377
   3.480  -4.646  -4.648  -4.649  -4.648  -4.644  -4.637  -4.629  -4.621  -4.611  -4.601  -4.591  -4.582  -4.576  -4.575  -4.577  -4.581  -4.591  -4.607  -4.627  -4.651  -4.679  -4.711  -4.745  -4.781  -4.819  -4.854  -4.889  -4.917  -4.921  -4.921  -4.920  -4.898  -4.843  -4.770  -4.675  -4.563  -4.434  -4.293  -4.152  -4.008  -3.869  -3.741  -3.619  -3.504  -3.395  -3.293
   3.490  -4.621  -4.633  -4.641  -4.642  -4.641  -4.640  -4.636  -4.627  -4.618  -4.607  -4.596  -4.585  -4.574  -4.565  -4.559  -4.556  -4.558  -4.564  -4.574  -4.590  -4.611  -4.635  -4.662  -4.693  -4.726  -4.759  -4.791  -4.820  -4.835  -4.844  -4.847  -4.832  -4.791  -4.730  -4.647  -4.546  -4.424  -4.286  -4.144  -3.995  -3.848  -3.707  -3.572  -3.445  -3.326  -3.216
   3.500  -4.580  -4.601  -4.617  -4.628  -4.634  -4.636  -4.634  -4.630  -4.623  -4.614  -4.604  -4.592  -4.579  -4.567  -4.555  -4.545  -4.538  -4.535  -4.535  -4.542  -4.554  -4.570  -4.589  -4.612  -4.639  -4.666  -4.694  -4.721  -4.741  -4.755  -4.760  -4.750  -4.720  -4.670  -4.599  -4.509  -4.397  -4.268  -4.130  -3.981  -3.830  -3.681  -3.535  -3.398  -3.269  -3.147
   3.525  -4.391  -4.427  -4.461  -4.494  -4.524  -4.551  -4.573  -4.589  -4.597  -4.597  -4.594  -4.588  -4.583  -4.578  -4.568  -4.560  -4.550  -4.540  -4.530  -4.513  -4.496  -4.480  -4.464  -4.457  -4.453  -4.451  -4.458  -4.473  -4.488  -4.497  -4.496  -4.487  -4.468  -4.434  -4.387  -4.323  -4.242  -4.144  -4.031  -3.901  -3.763  -3.616  -3.463  -3.314  -3.167  -3.021
   3.550  -4.192  -4.232  -4.273  -4.316  -4.362  -4.406  -4.447  -4.485  -4.517  -4.543  -4.563  -4.577  -4.585  -4.586  -4.582  -4.574  -4.562  -4.545  -4.526  -4.502  -4.477  -4.450  -4.422  -4.395  -4.370  -4.346  -4.325  -4.305  -4.285  -4.267  -4.246  -4.222  -4.194  -4.159  -4.119  -4.070  -4.010  -3.938  -3.851  -3.749  -3.634  -3.505  -3.365  -3.220  -3.070  -2.913
   3.575  -4.101  -4.125  -4.151  -4.179  -4.208  -4.239  -4.272  -4.306  -4.342  -4.383  -4.420  -4.455  -4.485  -4.505  -4.521  -4.533  -4.537  -4.531  -4.516  -4.502  -4.490  -4.472  -4.447  -4.419  -4.387  -4.351  -4.304  -4.247  -4.184  -4.122  -4.060  -3.998  -3.943  -3.890  -3.840  -3.779  -3.714  -3.646  -3.570  -3.487  -3.396  -3.295  -3.185  -3.065  -2.936  -2.796
   3.600  -4.024  -4.033  -4.044  -4.054  -4.065  -4.080  -4.100  -4.124  -4.154  -4.190  -4.229  -4.272  -4.316  -4.358  -4.398  -4.433  -4.463  -4.487  -4.497  -4.501  -4.503  -4.494  -4.472  -4.442  -4.404  -4.356  -4.297  -4.228  -4.150  -4.063  -3.972  -3.878  -3.783  -3.690  -3.600  -3.513  -3.430  -3.350  -3.273  -3.198  -3.121  -3.042  -2.959  -2.864  -2.758  -2.642
   3.625  -3.883  -3.906  -3.928  -3.951  -3.973  -3.995  -4.016  -4.039  -4.062  -4.086  -4.112  -4.140  -4.170  -4.202  -4.235  -4.269  -4.306  -4.346  -4.377  -4.405  -4.424  -4.435  -4.435  -4.418  -4.390  -4.353  -4.309  -4.248  -4.173  -4.084  -3.984  -3.874  -3.746  -3.613  -3.476  -3.354  -3.241  -3.136  -3.039  -2.947  -2.856  -2.767  -2.680  -2.587  -2.490  -2.390
   3.650  -3.743  -3.779  -3.814  -3.848  -3.883  -3.914  -3.940  -3.962  -3.980  -3.994  -4.007  -4.020  -4.034  -4.052  -4.074  -4.100  -4.132  -4.168  -4.205  -4.244  -4.280  -4.315  -4.343  -4.347  -4.346  -4.344  -4.321  -4.268  -4.196  -4.105  -3.996  -3.869  -3.728  -3.583  -3.430  -3.280  -3.136  -2.997  -2.866  -2.743  -2.627  -2.517  -2.412  -2.310  -2.211  -2.116
   3.675  -3.646  -3.666  -3.688  -3.713  -3.739  -3.766  -3.791  -3.817  -3.842  -3.866  -3.890  -3.913  -3.936  -3.959  -3.981  -4.005  -4.029  -4.053  -4.079  -4.107  -4.134  -4.164  -4.191  -4.207  -4.226  -4.242  -4.232  -4.200  -4.153  -4.079  -3.978  -3.856  -3.718  -3.577  -3.424  -3.267  -3.108  -2.944  -2.785  -2.634  -2.492  -2.358  -2.230  -2.107  -1.990  -1.879
   3.700  -3.578  -3.582  -3.589  -3.598  -3.610  -3.626  -3.648  -3.674  -3.703  -3.737  -3.772  -3.806  -3.840  -3.869  -3.895  -3.917  -3.934  -3.948  -3.962  -3.976  -3.991  -4.010  -4.030  -4.049  -4.071  -4.081  -4.078  -4.070  -4.052  -4.000  -3.924  -3.826  -3.707  -3.571  -3.417  -3.254  -3.085  -2.911  -2.740  -2.571  -2.407  -2.250  -2.098  -1.952  -1.811  -1.677
   3.725  -3.545  -3.546  -3.549  -3.552  -3.556  -3.562  -3.574  -3.589  -3.606  -3.628  -3.651  -3.675  -3.701  -3.727  -3.754  -3.780  -3.804  -3.828  -3.850  -3.871  -3.890  -3.909  -3.924  -3.935  -3.945  -3.947  -3.939  -3.923  -3.898  -3.851  -3.790  -3.710  -3.610  -3.492  -3.354  -3.203  -3.041  -2.875  -2.706  -2.532  -2.358  -2.186  -2.016  -1.851  -1.691  -1.535
   3.750  -3.524  -3.525  -3.526  -3.526  -3.527  -3.528  -3.530  -3.532  -3.536  -3.541  -3.549  -3.560  -3.574  -3.593  -3.617  -3.644  -3.675  -3.708  -3.738  -3.767  -3.792  -3.812  -3.825  -3.827  -3.823  -3.817  -3.801  -3.772  -3.732  -3.682  -3.619  -3.542  -3.452  -3.349  -3.233  -3.105  -2.965  -2.814  -2.655  -2.486  -2.312  -2.134  -1.954  -1.777  -1.602  -1.429
   3.775  -3.501  -3.503  -3.505  -3.505  -3.505  -3.505  -3.503  -3.501  -3.500  -3.500  -3.501  -3.505  -3.510  -3.519  -3.532  -3.547  -3.566  -3.587  -3.609  -3.632  -3.654  -3.675  -3.692  -3.699  -3.702  -3.701  -3.687  -3.655  -3.609  -3.549  -3.475  -3.389  -3.290  -3.185  -3.072  -2.951  -2.823  -2.687  -2.543  -2.390  -2.230  -2.062  -1.888  -1.712  -1.532  -1.348
   3.800  -3.461  -3.467  -3.471  -3.473  -3.474  -3.474  -3.474  -3.473  -3.473  -3.472  -3.472  -3.472  -3.471  -3.471  -3.472  -3.475  -3.479  -3.486  -3.495  -3.508  -3.523  -3.541  -3.560  -3.573  -3.582  -3.585  -3.574  -3.542  -3.491  -3.421  -3.337  -3.238  -3.128  -3.015  -2.898  -2.778  -2.657  -2.532  -2.401  -2.265  -2.121  -1.968  -1.806  -1.636  -1.459  -1.273
   3.825  -3.303  -3.334  -3.362  -3.385  -3.405  -3.416  -3.425  -3.433  -3.438  -3.442  -3.444  -3.444  -3.444  -3.442  -3.440  -3.436  -3.434  -3.433  -3.434  -3.436  -3.440  -3.445  -3.452  -3.454  -3.454  -3.448  -3.431  -3.400  -3.351  -3.285  -3.203  -3.106  -2.995  -2.879  -2.754  -2.627  -2.500  -2.371  -2.240  -2.108  -1.970  -1.827  -1.678  -1.520  -1.353  -1.178
   3.850  -3.027  -3.092  -3.151  -3.205  -3.254  -3.295  -3.329  -3.355  -3.375  -3.389  -3.397  -3.401  -3.404  -3.404  -3.402  -3.400  -3.397  -3.394  -3.390  -3.385  -3.379  -3.373  -3.365  -3.354  -3.342  -3.323  -3.297  -3.263  -3.213  -3.150  -3.072  -2.977  -2.867  -2.748  -2.618  -2.484  -2.349  -2.211  -2.076  -1.942  -1.807  -1.670  -1.530  -1.382  -1.228  -1.067
   3.875  -2.666  -2.745  -2.820  -2.891  -2.959  -3.026  -3.086  -3.138  -3.185  -3.224  -3.256  -3.283  -3.306  -3.324  -3.338  -3.348  -3.353  -3.355  -3.352  -3.348  -3.343  -3.333  -3.318  -3.299  -3.276  -3.245  -3.205  -3.157  -3.095  -3.020  -2.933  -2.833  -2.722  -2.604  -2.478  -2.347  -2.212  -2.074  -1.935  -1.796  -1.657  -1.516  -1.375  -1.229  -1.080  -0.927
   3.900  -2.269  -2.355  -2.439  -2.521  -2.602  -2.680  -2.756  -2.829  -2.898  -2.964  -3.026  -3.083  -3.134  -3.178  -3.216  -3.247  -3.271  -3.287  -3.291  -3.292  -3.292  -3.286  -3.270  -3.249  -3.222  -3.184  -3.134  -3.072  -2.996  -2.907  -2.808  -2.701  -2.585  -2.466  -2.342  -2.214  -2.081  -1.943  -1.802  -1.658  -1.512  -1.367  -1.220  -1.073  -0.926  -0.777
   3.925  -1.891  -1.979  -2.066  -2.153  -2.239  -2.324  -2.408  -2.490  -2.570  -2.647  -2.721  -2.792  -2.858  -2.919  -2.976  -3.029  -3.077  -3.116  -3.143  -3.166  -3.184  -3.196  -3.198  -3.186  -3.166  -3.136  -3.089  -3.024  -2.941  -2.842  -2.732  -2.611  -2.481  -2.350  -2.216  -2.080  -1.943  -1.805  -1.664  -1.521  -1.376  -1.229  -1.081  -0.931  -0.781  -0.630
   3.950  -1.551  -1.633  -1.715  -1.799  -1.884  -1.969  -2.054  -2.138  -2.221  -2.303  -2.383  -2.461  -2.536  -2.609  -2.680  -2.747  -2.811  -2.871  -2.926  -2.975  -3.016  -3.051  -3.074  -3.077  -3.070  -3.057  -3.022  -2.959  -2.878  -2.777  -2.662  -2.532  -2.391  -2.249  -2.103  -1.958  -1.816  -1.674  -1.532  -1.389  -1.245  -1.097  -0.947  -0.795  -0.641  -0.486
   3.975  -1.276  -1.343  -1.414  -1.486  -1.563  -1.642  -1.723  -1.806  -1.889  -1.972  -2.055  -2.136  -2.216  -2.294  -2.370  -2.444  -2.516  -2.584  -2.648  -2.708  -2.761  -2.808  -2.847  -2.870  -2.884  -2.888  -2.869  -2.827  -2.771  -2.687  -2.584  -2.462  -2.325  -2.181  -2.028  -1.873  -1.720  -1.566  -1.414  -1.265  -1.115  -0.965  -0.813  -0.660  -0.506  -0.351
   4.000  -1.093  -1.133  -1.180  -1.234  -1.296  -1.363  -1.434  -1.508  -1.584  -1.663  -1.742  -1.821  -1.900  -1.978  -2.054  -2.129  -2.201  -2.271  -2.338  -2.401  -2.460  -2.514  -2.561  -2.600  -2.632  -2.646  -2.641  -2.627  -2.599  -2.537  -2.453  -2.349  -2.226  -2.090  -1.939  -1.782  -1.623  -1.461  -1.302  -1.145  -0.990  -0.836  -0.683  -0.529  -0.374  -0.219
   4.025  -1.016  -1.029  -1.049  -1.079  -1.115  -1.158  -1.209  -1.267  -1.328  -1.392  -1.460  -1.531  -1.605  -1.677  -1.750  -1.822  -1.892  -1.959  -2.024  -2.085  -2.143  -2.195  -2.241  -2.281  -2.316  -2.332  -2.332  -2.327  -2.314  -2.271  -2.207  -2.128  -2.031  -1.920  -1.792  -1.655  -1.510  -1.357  -1.201  -1.041  -0.881  -0.722  -0.562  -0.403  -0.245  -0.088
   4.050  -0.984  -0.986  -0.993  -1.002  -1.015  -1.033  -1.059  -1.090  -1.129  -1.176  -1.227  -1.284  -1.344  -1.406  -1.469  -1.531  -1.592  -1.651  -1.708  -1.762  -1.812  -1.857  -1.897  -1.930  -1.960  -1.973  -1.973  -1.971  -1.965  -1.936  -1.891  -1.836  -1.768  -1.685  -1.587  -1.476  -1.352  -1.217  -1.073  -0.918  -0.759  -0.598  -0.436  -0.275  -0.115   0.044
   4.075  -0.970  -0.971  -0.972  -0.974  -0.977  -0.983  -0.990  -1.000  -1.016  -1.038  -1.066  -1.100  -1.138  -1.179  -1.221  -1.265  -1.309  -1.354  -1.396  -1.437  -1.475  -1.509  -1.538  -1.561  -1.581  -1.590  -1.589  -1.585  -1.576  -1.554  -1.522  -1.481  -1.430  -1.367  -1.291  -1.204  -1.105  -0.994  -0.872  -0.739  -0.598  -0.450  -0.296  -0.141   0.016   0.175
   4.100  -0.964  -0.963  -0.962  -0.960  -0.959  -0.959  -0.959  -0.960  -0.961  -0.964  -0.970  -0.979  -0.990  -1.005  -1.023  -1.043  -1.065  -1.088  -1.110  -1.132  -1.151  -1.168  -1.182  -1.191  -1.196  -1.198  -1.194  -1.183  -1.169  -1.151  -1.127  -1.095  -1.056  -1.008  -0.951  -0.884  -0.808  -0.722  -0.625  -0.517  -0.398  -0.268  -0.129   0.014   0.164   0.319

