low temperature opacities from Ferguson, Alexander, et al (2005) with gs98 metals
    form     version        X           Z          logRs    logR_min    logR_max       logTs    logT_min    logT_max
       1          38    0.940000    0.060000          46   -8.000000    1.000000         105    2.700000    4.500000

   logT                       logR = logRho - 3*logT + 18
          -8.000  -7.800  -7.600  -7.400  -7.200  -7.000  -6.800  -6.600  -6.400  -6.200  -6.000  -5.800  -5.600  -5.400  -5.200  -5.000  -4.800  -4.600  -4.400  -4.200  -4.000  -3.800  -3.600  -3.400  -3.200  -3.000  -2.800  -2.600  -2.400  -2.200  -2.000  -1.800  -1.600  -1.400  -1.200  -1.000  -0.800  -0.600  -0.400  -0.200   0.000   0.200   0.400   0.600   0.800   1.000

   2.700   0.214   0.214   0.214   0.214   0.214   0.214   0.214   0.214   0.214   0.214   0.214   0.214   0.214   0.215   0.221   0.225   0.221   0.215   0.214   0.214   0.214   0.214   0.214   0.214   0.214   0.214   0.219   0.227   0.228   0.227   0.226   0.226   0.228   0.230   0.234   0.239   0.245   0.251   0.258   0.265   0.271   0.276   0.281   0.285   0.289   0.293
   2.750   0.226   0.226   0.226   0.226   0.226   0.226   0.226   0.226   0.226   0.226   0.226   0.226   0.226   0.226   0.226   0.226   0.226   0.227   0.227   0.227   0.227   0.227   0.226   0.226   0.226   0.226   0.226   0.226   0.226   0.226   0.226   0.231   0.239   0.245   0.247   0.250   0.255   0.260   0.266   0.272   0.277   0.282   0.286   0.290   0.293   0.297
   2.800   0.259   0.261   0.263   0.265   0.265   0.266   0.266   0.267   0.267   0.268   0.268   0.268   0.268   0.268   0.268   0.268   0.268   0.268   0.268   0.268   0.268   0.268   0.269   0.269   0.269   0.269   0.269   0.269   0.269   0.269   0.269   0.268   0.266   0.266   0.270   0.274   0.277   0.280   0.283   0.287   0.292   0.295   0.298   0.301   0.304   0.307
   2.850   0.259   0.263   0.268   0.272   0.277   0.281   0.285   0.288   0.290   0.293   0.295   0.297   0.298   0.298   0.297   0.296   0.296   0.297   0.297   0.298   0.298   0.298   0.298   0.298   0.298   0.298   0.298   0.298   0.298   0.298   0.299   0.303   0.309   0.310   0.307   0.306   0.306   0.306   0.306   0.308   0.310   0.312   0.313   0.315   0.318   0.320
   2.900   0.281   0.283   0.284   0.284   0.284   0.284   0.292   0.306   0.314   0.318   0.320   0.322   0.323   0.325   0.327   0.329   0.331   0.332   0.333   0.334   0.334   0.337   0.343   0.349   0.358   0.362   0.362   0.362   0.362   0.362   0.362   0.356   0.346   0.339   0.337   0.335   0.332   0.331   0.330   0.330   0.330   0.330   0.331   0.331   0.333   0.335
   2.910   0.284   0.288   0.291   0.293   0.294   0.295   0.295   0.296   0.298   0.311   0.323   0.328   0.331   0.333   0.334   0.335   0.341   0.351   0.358   0.364   0.366   0.366   0.366   0.366   0.365   0.365   0.365   0.365   0.365   0.364   0.364   0.365   0.365   0.365   0.361   0.356   0.353   0.351   0.350   0.348   0.348   0.347   0.346   0.346   0.347   0.348
   2.920   0.285   0.300   0.312   0.321   0.326   0.329   0.331   0.332   0.332   0.333   0.333   0.341   0.355   0.362   0.365   0.367   0.369   0.370   0.372   0.373   0.373   0.373   0.373   0.373   0.373   0.373   0.373   0.372   0.372   0.372   0.372   0.372   0.370   0.370   0.369   0.368   0.366   0.365   0.363   0.362   0.361   0.360   0.359   0.359   0.359   0.359
   2.930   0.206   0.244   0.275   0.297   0.311   0.321   0.328   0.332   0.335   0.337   0.338   0.338   0.339   0.342   0.356   0.367   0.370   0.371   0.373   0.374   0.375   0.376   0.376   0.376   0.376   0.376   0.376   0.376   0.376   0.375   0.375   0.375   0.375   0.375   0.375   0.374   0.374   0.373   0.372   0.371   0.370   0.369   0.368   0.368   0.368   0.368
   2.940   0.080   0.136   0.184   0.226   0.261   0.289   0.309   0.322   0.331   0.337   0.340   0.342   0.343   0.344   0.345   0.346   0.355   0.369   0.374   0.376   0.377   0.378   0.379   0.379   0.380   0.380   0.380   0.380   0.380   0.379   0.379   0.379   0.379   0.379   0.378   0.378   0.377   0.377   0.377   0.376   0.375   0.375   0.374   0.374   0.374   0.374
   2.950  -0.172  -0.058   0.036   0.112   0.166   0.210   0.249   0.281   0.305   0.321   0.333   0.341   0.345   0.348   0.350   0.351   0.352   0.352   0.356   0.370   0.380   0.382   0.383   0.383   0.384   0.384   0.384   0.384   0.384   0.384   0.384   0.384   0.384   0.383   0.382   0.380   0.380   0.380   0.379   0.379   0.379   0.378   0.378   0.378   0.378   0.378
   2.960  -0.168  -0.168  -0.167  -0.145  -0.029   0.087   0.149   0.194   0.236   0.273   0.302   0.322   0.335   0.344   0.350   0.354   0.357   0.359   0.359   0.360   0.360   0.360   0.360   0.363   0.378   0.388   0.389   0.389   0.389   0.389   0.389   0.386   0.382   0.381   0.381   0.381   0.381   0.381   0.381   0.381   0.381   0.381   0.381   0.381   0.381   0.381
   2.970  -0.166  -0.164  -0.162  -0.160  -0.160  -0.159  -0.086   0.049   0.134   0.184   0.225   0.264   0.297   0.321   0.337   0.348   0.356   0.360   0.364   0.366   0.367   0.367   0.368   0.369   0.371   0.373   0.373   0.373   0.373   0.373   0.373   0.376   0.380   0.381   0.382   0.382   0.383   0.383   0.384   0.384   0.384   0.385   0.385   0.385   0.385   0.385
   2.980  -0.180  -0.170  -0.163  -0.158  -0.155  -0.153  -0.152  -0.152  -0.130  -0.012   0.107   0.172   0.219   0.260   0.294   0.321   0.340   0.353   0.362   0.368   0.371   0.373   0.375   0.375   0.376   0.376   0.378   0.380   0.381   0.382   0.382   0.382   0.382   0.382   0.384   0.385   0.386   0.387   0.387   0.388   0.388   0.389   0.389   0.389   0.389   0.389
   2.990  -0.263  -0.222  -0.190  -0.171  -0.161  -0.155  -0.150  -0.147  -0.145  -0.144  -0.142  -0.064   0.077   0.166   0.216   0.255   0.292   0.322   0.344   0.358   0.368   0.375   0.378   0.381   0.383   0.384   0.384   0.385   0.386   0.388   0.390   0.390   0.390   0.390   0.391   0.391   0.392   0.392   0.393   0.393   0.394   0.394   0.395   0.395   0.395   0.395
   3.000  -0.678  -0.488  -0.344  -0.252  -0.203  -0.177  -0.161  -0.153  -0.146  -0.141  -0.138  -0.136  -0.135  -0.109   0.019   0.146   0.211   0.254   0.293   0.324   0.348   0.364   0.375   0.383   0.387   0.390   0.392   0.394   0.394   0.395   0.395   0.396   0.397   0.398   0.399   0.399   0.400   0.400   0.400   0.401   0.401   0.401   0.402   0.402   0.402   0.402
   3.010  -1.060  -0.958  -0.832  -0.676  -0.477  -0.318  -0.240  -0.200  -0.170  -0.152  -0.142  -0.135  -0.131  -0.128  -0.126  -0.124  -0.039   0.113   0.207   0.257   0.295   0.328   0.353   0.371   0.383   0.391   0.397   0.400   0.402   0.403   0.404   0.405   0.405   0.406   0.407   0.408   0.408   0.408   0.409   0.409   0.409   0.410   0.410   0.410   0.411   0.411
   3.020  -1.176  -1.098  -1.052  -1.052  -1.084  -1.104  -0.869  -0.468  -0.293  -0.225  -0.185  -0.156  -0.141  -0.130  -0.124  -0.120  -0.118  -0.116  -0.087   0.060   0.200   0.263   0.299   0.332   0.358   0.377   0.390   0.399   0.405   0.408   0.410   0.412   0.413   0.414   0.415   0.416   0.416   0.417   0.418   0.418   0.418   0.419   0.419   0.419   0.420   0.420
   3.030  -1.153  -1.154  -1.155  -1.143  -1.077  -1.035  -1.042  -1.054  -0.998  -0.675  -0.380  -0.264  -0.204  -0.164  -0.142  -0.128  -0.120  -0.115  -0.089   0.004   0.099   0.160   0.210   0.258   0.303   0.340   0.367   0.386   0.400   0.409   0.414   0.418   0.420   0.422   0.423   0.424   0.425   0.426   0.427   0.427   0.428   0.428   0.429   0.429   0.429   0.430
   3.040  -1.223  -1.167  -1.134  -1.132  -1.150  -1.162  -1.108  -1.026  -1.011  -1.015  -1.017  -0.841  -0.519  -0.330  -0.238  -0.183  -0.146  -0.127  -0.113  -0.108  -0.099  -0.029   0.088   0.168   0.222   0.268   0.312   0.350   0.378   0.397   0.410   0.419   0.424   0.427   0.430   0.431   0.433   0.434   0.435   0.436   0.437   0.438   0.439   0.439   0.440   0.440
   3.050  -1.083  -1.138  -1.171  -1.172  -1.152  -1.130  -1.116  -1.101  -1.077  -1.040  -1.016  -1.011  -1.008  -0.953  -0.674  -0.406  -0.280  -0.208  -0.155  -0.125  -0.108  -0.099  -0.094  -0.062   0.054   0.169   0.234   0.282   0.325   0.362   0.390   0.408   0.418   0.427   0.432   0.435   0.439   0.441   0.443   0.445   0.446   0.447   0.448   0.449   0.450   0.450
   3.060  -0.948  -0.965  -0.994  -1.039  -1.108  -1.146  -1.136  -1.114  -1.090  -1.061  -1.036  -1.019  -1.006  -0.997  -0.994  -0.987  -0.822  -0.528  -0.343  -0.238  -0.169  -0.127  -0.106  -0.090  -0.085  -0.075   0.012   0.157   0.249   0.302   0.341   0.373   0.396   0.413   0.424   0.433   0.440   0.445   0.449   0.452   0.454   0.456   0.458   0.459   0.460   0.461
   3.070  -0.931  -0.923  -0.919  -0.922  -0.941  -0.971  -1.023  -1.075  -1.081  -1.063  -1.043  -1.029  -1.015  -1.003  -0.993  -0.981  -0.968  -0.950  -0.881  -0.641  -0.409  -0.280  -0.192  -0.133  -0.101  -0.083  -0.073  -0.068  -0.029   0.120   0.259   0.320   0.352   0.381   0.402   0.418   0.431   0.441   0.449   0.455   0.459   0.463   0.466   0.468   0.470   0.471
   3.080  -0.914  -0.914  -0.912  -0.909  -0.903  -0.900  -0.905  -0.920  -0.951  -1.012  -1.047  -1.037  -1.018  -1.004  -0.991  -0.980  -0.970  -0.959  -0.947  -0.935  -0.913  -0.752  -0.486  -0.316  -0.216  -0.146  -0.111  -0.090  -0.028   0.075   0.170   0.233   0.281   0.323   0.358   0.386   0.409   0.425   0.440   0.451   0.459   0.466   0.471   0.475   0.479   0.481
   3.090  -0.895  -0.894  -0.893  -0.893  -0.892  -0.892  -0.887  -0.881  -0.881  -0.888  -0.901  -0.942  -0.992  -0.998  -0.981  -0.965  -0.960  -0.957  -0.950  -0.938  -0.927  -0.920  -0.912  -0.855  -0.604  -0.361  -0.234  -0.153  -0.104  -0.088  -0.058   0.021   0.122   0.204   0.274   0.331   0.368   0.392   0.415   0.435   0.451   0.462   0.471   0.478   0.484   0.489
   3.100  -0.885  -0.880  -0.877  -0.874  -0.872  -0.871  -0.870  -0.870  -0.867  -0.862  -0.859  -0.861  -0.869  -0.886  -0.927  -0.951  -0.946  -0.937  -0.927  -0.914  -0.906  -0.905  -0.904  -0.900  -0.885  -0.854  -0.690  -0.425  -0.259  -0.169  -0.100  -0.043   0.006   0.075   0.166   0.246   0.296   0.333   0.368   0.401   0.429   0.448   0.462   0.474   0.485   0.493
   3.110  -0.911  -0.893  -0.878  -0.867  -0.860  -0.855  -0.852  -0.850  -0.848  -0.847  -0.846  -0.842  -0.838  -0.837  -0.840  -0.845  -0.873  -0.911  -0.917  -0.908  -0.898  -0.890  -0.883  -0.878  -0.876  -0.872  -0.862  -0.840  -0.764  -0.507  -0.277  -0.190  -0.144  -0.071   0.023   0.110   0.179   0.237   0.292   0.344   0.387   0.416   0.438   0.458   0.476   0.491
   3.120  -1.046  -0.991  -0.945  -0.909  -0.883  -0.864  -0.850  -0.841  -0.834  -0.830  -0.827  -0.825  -0.824  -0.821  -0.817  -0.815  -0.815  -0.817  -0.825  -0.856  -0.875  -0.872  -0.866  -0.860  -0.852  -0.845  -0.841  -0.838  -0.832  -0.826  -0.815  -0.661  -0.394  -0.230  -0.147  -0.073   0.016   0.103   0.182   0.255   0.317   0.361   0.393   0.425   0.454   0.480
   3.130  -2.080  -1.661  -1.339  -1.128  -1.020  -0.952  -0.900  -0.872  -0.848  -0.832  -0.820  -0.812  -0.807  -0.803  -0.802  -0.800  -0.796  -0.793  -0.792  -0.793  -0.796  -0.816  -0.844  -0.848  -0.839  -0.829  -0.821  -0.815  -0.810  -0.809  -0.806  -0.730  -0.587  -0.478  -0.390  -0.296  -0.184  -0.066   0.039   0.133   0.214   0.274   0.321   0.368   0.412   0.452
   3.140  -2.182  -2.153  -2.066  -1.907  -1.648  -1.399  -1.210  -1.054  -0.949  -0.895  -0.860  -0.831  -0.813  -0.798  -0.789  -0.783  -0.779  -0.777  -0.774  -0.770  -0.768  -0.768  -0.769  -0.776  -0.805  -0.823  -0.815  -0.800  -0.790  -0.786  -0.778  -0.760  -0.726  -0.670  -0.591  -0.496  -0.377  -0.247  -0.129  -0.018   0.079   0.155   0.219   0.283   0.345   0.404
   3.150  -2.468  -2.275  -2.125  -2.020  -1.962  -1.929  -1.912  -1.902  -1.810  -1.415  -1.075  -0.956  -0.894  -0.843  -0.812  -0.791  -0.775  -0.767  -0.760  -0.755  -0.752  -0.748  -0.744  -0.743  -0.742  -0.742  -0.757  -0.780  -0.782  -0.770  -0.759  -0.755  -0.752  -0.741  -0.700  -0.633  -0.533  -0.413  -0.299  -0.185  -0.079   0.010   0.090   0.170   0.251   0.329
   3.160  -2.894  -2.605  -2.367  -2.181  -2.051  -1.960  -1.904  -1.876  -1.857  -1.850  -1.838  -1.681  -1.401  -1.187  -1.005  -0.880  -0.822  -0.792  -0.767  -0.752  -0.742  -0.735  -0.731  -0.726  -0.721  -0.719  -0.720  -0.721  -0.721  -0.722  -0.722  -0.726  -0.731  -0.730  -0.715  -0.683  -0.624  -0.539  -0.447  -0.343  -0.240  -0.147  -0.056   0.036   0.131   0.226
   3.170  -3.377  -3.053  -2.763  -2.506  -2.281  -2.101  -1.979  -1.901  -1.849  -1.821  -1.805  -1.794  -1.788  -1.784  -1.782  -1.778  -1.486  -1.013  -0.849  -0.800  -0.769  -0.743  -0.728  -0.717  -0.710  -0.705  -0.699  -0.694  -0.693  -0.695  -0.697  -0.701  -0.704  -0.704  -0.698  -0.685  -0.658  -0.612  -0.550  -0.469  -0.381  -0.294  -0.202  -0.106  -0.005   0.100
   3.180  -3.841  -3.529  -3.227  -2.932  -2.639  -2.382  -2.179  -2.020  -1.905  -1.839  -1.798  -1.771  -1.758  -1.747  -1.741  -1.737  -1.735  -1.733  -1.660  -1.273  -0.944  -0.836  -0.780  -0.739  -0.717  -0.702  -0.691  -0.684  -0.677  -0.671  -0.668  -0.672  -0.679  -0.679  -0.674  -0.665  -0.655  -0.638  -0.605  -0.551  -0.486  -0.413  -0.331  -0.242  -0.144  -0.039
   3.190  -4.231  -3.963  -3.684  -3.390  -3.077  -2.780  -2.510  -2.267  -2.078  -1.941  -1.841  -1.778  -1.745  -1.723  -1.710  -1.702  -1.696  -1.692  -1.690  -1.689  -1.687  -1.464  -1.075  -0.880  -0.799  -0.748  -0.710  -0.690  -0.674  -0.664  -0.658  -0.654  -0.651  -0.650  -0.649  -0.647  -0.644  -0.637  -0.623  -0.593  -0.550  -0.496  -0.432  -0.357  -0.271  -0.176
   3.200  -4.511  -4.312  -4.083  -3.822  -3.523  -3.220  -2.918  -2.623  -2.370  -2.150  -1.975  -1.856  -1.779  -1.725  -1.696  -1.678  -1.665  -1.658  -1.652  -1.649  -1.647  -1.646  -1.645  -1.583  -1.247  -0.942  -0.825  -0.764  -0.713  -0.681  -0.662  -0.650  -0.643  -0.640  -0.638  -0.636  -0.634  -0.631  -0.624  -0.607  -0.581  -0.546  -0.501  -0.444  -0.376  -0.296
   3.210  -4.674  -4.554  -4.390  -4.182  -3.925  -3.646  -3.348  -3.039  -2.750  -2.472  -2.230  -2.038  -1.888  -1.778  -1.714  -1.673  -1.646  -1.633  -1.622  -1.616  -1.612  -1.609  -1.607  -1.605  -1.605  -1.604  -1.473  -1.220  -1.020  -0.837  -0.724  -0.684  -0.664  -0.662  -0.664  -0.665  -0.659  -0.645  -0.631  -0.615  -0.596  -0.574  -0.546  -0.506  -0.454  -0.392
   3.220  -4.740  -4.685  -4.585  -4.440  -4.248  -4.020  -3.752  -3.456  -3.161  -2.857  -2.573  -2.318  -2.093  -1.920  -1.800  -1.713  -1.657  -1.626  -1.603  -1.590  -1.582  -1.576  -1.573  -1.571  -1.569  -1.568  -1.567  -1.567  -1.528  -1.312  -1.089  -0.940  -0.830  -0.791  -0.779  -0.765  -0.736  -0.703  -0.672  -0.643  -0.616  -0.599  -0.583  -0.555  -0.515  -0.465
   3.230  -4.743  -4.726  -4.676  -4.593  -4.473  -4.309  -4.092  -3.835  -3.559  -3.258  -2.960  -2.672  -2.398  -2.167  -1.973  -1.820  -1.715  -1.649  -1.602  -1.578  -1.562  -1.550  -1.544  -1.539  -1.536  -1.534  -1.532  -1.531  -1.531  -1.530  -1.529  -1.398  -1.166  -1.044  -0.998  -0.956  -0.891  -0.823  -0.761  -0.704  -0.661  -0.641  -0.630  -0.605  -0.570  -0.526
   3.240  -4.721  -4.714  -4.694  -4.659  -4.596  -4.492  -4.340  -4.145  -3.913  -3.638  -3.349  -3.054  -2.757  -2.485  -2.230  -2.014  -1.851  -1.730  -1.641  -1.590  -1.557  -1.534  -1.522  -1.512  -1.507  -1.503  -1.500  -1.499  -1.497  -1.497  -1.495  -1.454  -1.374  -1.305  -1.240  -1.167  -1.081  -0.988  -0.899  -0.806  -0.740  -0.715  -0.701  -0.674  -0.635  -0.589
   3.250  -4.702  -4.698  -4.685  -4.666  -4.638  -4.583  -4.494  -4.367  -4.191  -3.963  -3.707  -3.426  -3.129  -2.841  -2.556  -2.297  -2.075  -1.886  -1.743  -1.647  -1.579  -1.535  -1.512  -1.494  -1.484  -1.477  -1.472  -1.468  -1.466  -1.464  -1.463  -1.462  -1.462  -1.454  -1.404  -1.333  -1.252  -1.158  -1.057  -0.941  -0.854  -0.819  -0.801  -0.766  -0.720  -0.667
   3.260  -4.698  -4.687  -4.672  -4.656  -4.641  -4.612  -4.565  -4.493  -4.374  -4.212  -4.010  -3.762  -3.483  -3.200  -2.906  -2.624  -2.359  -2.115  -1.918  -1.765  -1.648  -1.570  -1.523  -1.488  -1.469  -1.457  -1.448  -1.442  -1.438  -1.435  -1.433  -1.432  -1.431  -1.428  -1.418  -1.398  -1.355  -1.286  -1.198  -1.082  -0.986  -0.943  -0.920  -0.879  -0.826  -0.764
   3.270  -4.705  -4.688  -4.671  -4.654  -4.638  -4.615  -4.588  -4.548  -4.475  -4.374  -4.232  -4.035  -3.797  -3.539  -3.252  -2.964  -2.681  -2.407  -2.168  -1.957  -1.784  -1.658  -1.570  -1.505  -1.468  -1.445  -1.428  -1.420  -1.413  -1.408  -1.405  -1.403  -1.401  -1.400  -1.400  -1.399  -1.385  -1.349  -1.288  -1.194  -1.111  -1.069  -1.041  -0.997  -0.941  -0.876
   3.280  -4.712  -4.697  -4.680  -4.661  -4.641  -4.618  -4.596  -4.567  -4.521  -4.462  -4.368  -4.229  -4.052  -3.834  -3.571  -3.294  -3.011  -2.725  -2.459  -2.205  -1.983  -1.805  -1.664  -1.560  -1.497  -1.453  -1.423  -1.406  -1.393  -1.385  -1.380  -1.376  -1.374  -1.372  -1.371  -1.369  -1.365  -1.354  -1.329  -1.267  -1.206  -1.172  -1.145  -1.104  -1.052  -0.992
   3.290  -4.706  -4.699  -4.688  -4.673  -4.653  -4.630  -4.607  -4.579  -4.544  -4.504  -4.441  -4.351  -4.230  -4.061  -3.843  -3.598  -3.329  -3.042  -2.765  -2.490  -2.237  -2.015  -1.823  -1.673  -1.566  -1.487  -1.435  -1.404  -1.381  -1.368  -1.359  -1.353  -1.349  -1.346  -1.344  -1.342  -1.340  -1.337  -1.327  -1.295  -1.260  -1.238  -1.216  -1.184  -1.145  -1.098
   3.300  -4.676  -4.679  -4.681  -4.679  -4.665  -4.645  -4.622  -4.595  -4.563  -4.530  -4.482  -4.421  -4.339  -4.216  -4.054  -3.857  -3.615  -3.343  -3.070  -2.790  -2.520  -2.266  -2.032  -1.837  -1.679  -1.556  -1.473  -1.421  -1.382  -1.359  -1.344  -1.333  -1.327  -1.322  -1.318  -1.315  -1.314  -1.312  -1.306  -1.293  -1.279  -1.267  -1.255  -1.237  -1.215  -1.189
   3.310  -4.621  -4.644  -4.658  -4.660  -4.657  -4.651  -4.637  -4.613  -4.586  -4.555  -4.514  -4.466  -4.405  -4.316  -4.203  -4.052  -3.851  -3.614  -3.361  -3.083  -2.807  -2.537  -2.278  -2.050  -1.849  -1.682  -1.559  -1.469  -1.403  -1.364  -1.338  -1.319  -1.308  -1.299  -1.294  -1.290  -1.286  -1.283  -1.281  -1.279  -1.277  -1.275  -1.274  -1.272  -1.270  -1.268
   3.320  -4.543  -4.577  -4.603  -4.623  -4.635  -4.639  -4.634  -4.622  -4.603  -4.577  -4.543  -4.503  -4.453  -4.385  -4.302  -4.187  -4.031  -3.842  -3.618  -3.356  -3.085  -2.814  -2.544  -2.294  -2.058  -1.852  -1.686  -1.553  -1.453  -1.389  -1.344  -1.313  -1.296  -1.282  -1.273  -1.267  -1.262  -1.259  -1.255  -1.253  -1.250  -1.248  -1.246  -1.244  -1.242  -1.239
   3.330  -4.449  -4.492  -4.529  -4.561  -4.589  -4.604  -4.608  -4.611  -4.609  -4.592  -4.566  -4.535  -4.494  -4.439  -4.372  -4.281  -4.163  -4.017  -3.829  -3.599  -3.349  -3.084  -2.810  -2.547  -2.290  -2.057  -1.854  -1.679  -1.542  -1.445  -1.373  -1.324  -1.294  -1.271  -1.257  -1.248  -1.240  -1.235  -1.231  -1.227  -1.224  -1.221  -1.219  -1.217  -1.214  -1.211
   3.340  -4.349  -4.396  -4.439  -4.478  -4.515  -4.545  -4.569  -4.584  -4.586  -4.582  -4.574  -4.556  -4.524  -4.482  -4.428  -4.356  -4.264  -4.148  -3.994  -3.803  -3.585  -3.335  -3.065  -2.800  -2.535  -2.285  -2.054  -1.845  -1.673  -1.536  -1.429  -1.354  -1.305  -1.268  -1.247  -1.232  -1.220  -1.213  -1.207  -1.203  -1.199  -1.196  -1.193  -1.189  -1.186  -1.183
   3.350  -4.249  -4.296  -4.342  -4.386  -4.429  -4.467  -4.501  -4.528  -4.547  -4.558  -4.562  -4.556  -4.538  -4.510  -4.472  -4.416  -4.342  -4.248  -4.122  -3.968  -3.783  -3.558  -3.306  -3.049  -2.780  -2.519  -2.271  -2.037  -1.834  -1.659  -1.515  -1.411  -1.337  -1.282  -1.248  -1.224  -1.206  -1.195  -1.186  -1.179  -1.174  -1.170  -1.166  -1.162  -1.158  -1.155
   3.360  -4.157  -4.201  -4.245  -4.289  -4.335  -4.378  -4.419  -4.456  -4.487  -4.515  -4.527  -4.527  -4.526  -4.522  -4.499  -4.457  -4.402  -4.329  -4.228  -4.102  -3.945  -3.750  -3.525  -3.282  -3.015  -2.750  -2.493  -2.244  -2.020  -1.815  -1.640  -1.502  -1.394  -1.313  -1.260  -1.223  -1.196  -1.180  -1.167  -1.157  -1.150  -1.144  -1.139  -1.135  -1.130  -1.126
   3.370  -4.073  -4.112  -4.153  -4.195  -4.240  -4.284  -4.328  -4.371  -4.409  -4.444  -4.471  -4.491  -4.502  -4.503  -4.493  -4.474  -4.442  -4.389  -4.311  -4.209  -4.078  -3.912  -3.716  -3.493  -3.239  -2.978  -2.717  -2.458  -2.217  -1.990  -1.789  -1.618  -1.476  -1.366  -1.290  -1.234  -1.195  -1.170  -1.151  -1.137  -1.127  -1.119  -1.113  -1.107  -1.102  -1.097
   3.380  -4.000  -4.034  -4.070  -4.109  -4.150  -4.192  -4.236  -4.280  -4.322  -4.363  -4.399  -4.431  -4.455  -4.464  -4.467  -4.468  -4.456  -4.421  -4.366  -4.292  -4.188  -4.049  -3.880  -3.679  -3.445  -3.196  -2.936  -2.669  -2.417  -2.175  -1.954  -1.757  -1.586  -1.448  -1.343  -1.263  -1.206  -1.169  -1.139  -1.120  -1.106  -1.095  -1.087  -1.079  -1.073  -1.067
   3.390  -3.937  -3.965  -3.997  -4.030  -4.066  -4.105  -4.146  -4.190  -4.232  -4.276  -4.316  -4.353  -4.386  -4.412  -4.430  -4.438  -4.433  -4.419  -4.394  -4.346  -4.268  -4.158  -4.018  -3.843  -3.632  -3.400  -3.146  -2.878  -2.620  -2.366  -2.129  -1.913  -1.717  -1.553  -1.418  -1.310  -1.231  -1.177  -1.134  -1.108  -1.088  -1.072  -1.061  -1.051  -1.042  -1.035
   3.400  -3.881  -3.905  -3.932  -3.961  -3.993  -4.027  -4.064  -4.103  -4.144  -4.186  -4.228  -4.269  -4.308  -4.342  -4.372  -4.389  -4.393  -4.395  -4.392  -4.365  -4.311  -4.232  -4.125  -3.979  -3.794  -3.583  -3.343  -3.082  -2.823  -2.560  -2.308  -2.075  -1.860  -1.672  -1.509  -1.374  -1.273  -1.198  -1.140  -1.102  -1.073  -1.051  -1.035  -1.021  -1.010  -1.002
   3.410  -3.834  -3.854  -3.876  -3.901  -3.928  -3.957  -3.989  -4.024  -4.061  -4.101  -4.141  -4.182  -4.223  -4.260  -4.296  -4.324  -4.344  -4.356  -4.356  -4.344  -4.318  -4.272  -4.195  -4.080  -3.928  -3.743  -3.523  -3.276  -3.021  -2.753  -2.491  -2.244  -2.010  -1.802  -1.618  -1.460  -1.334  -1.234  -1.156  -1.102  -1.062  -1.031  -1.010  -0.992  -0.977  -0.967
   3.420  -3.799  -3.812  -3.829  -3.848  -3.870  -3.895  -3.923  -3.953  -3.986  -4.020  -4.057  -4.096  -4.137  -4.175  -4.214  -4.247  -4.277  -4.300  -4.303  -4.300  -4.296  -4.275  -4.222  -4.138  -4.022  -3.871  -3.677  -3.450  -3.207  -2.941  -2.676  -2.418  -2.167  -1.941  -1.737  -1.558  -1.407  -1.282  -1.183  -1.111  -1.056  -1.015  -0.987  -0.963  -0.944  -0.931
   3.430  -3.775  -3.781  -3.791  -3.804  -3.822  -3.842  -3.865  -3.890  -3.918  -3.948  -3.981  -4.016  -4.054  -4.091  -4.129  -4.164  -4.197  -4.225  -4.240  -4.248  -4.251  -4.240  -4.207  -4.153  -4.072  -3.955  -3.794  -3.597  -3.374  -3.119  -2.857  -2.593  -2.330  -2.088  -1.863  -1.662  -1.489  -1.342  -1.223  -1.133  -1.061  -1.007  -0.968  -0.935  -0.910  -0.893
   3.440  -3.761  -3.762  -3.766  -3.773  -3.783  -3.797  -3.815  -3.836  -3.859  -3.885  -3.913  -3.944  -3.976  -4.010  -4.046  -4.080  -4.113  -4.143  -4.165  -4.182  -4.188  -4.182  -4.163  -4.131  -4.077  -3.990  -3.864  -3.703  -3.507  -3.274  -3.025  -2.763  -2.494  -2.240  -1.996  -1.774  -1.582  -1.415  -1.275  -1.162  -1.071  -1.002  -0.951  -0.909  -0.876  -0.854
   3.450  -3.755  -3.752  -3.751  -3.752  -3.755  -3.763  -3.774  -3.789  -3.806  -3.828  -3.852  -3.878  -3.905  -3.935  -3.967  -3.999  -4.030  -4.060  -4.083  -4.103  -4.112  -4.109  -4.099  -4.082  -4.044  -3.978  -3.884  -3.760  -3.597  -3.394  -3.167  -2.918  -2.653  -2.394  -2.137  -1.897  -1.684  -1.494  -1.332  -1.198  -1.088  -1.003  -0.938  -0.884  -0.843  -0.815
   3.460  -3.753  -3.747  -3.743  -3.741  -3.740  -3.740  -3.744  -3.752  -3.764  -3.780  -3.798  -3.819  -3.843  -3.868  -3.895  -3.922  -3.950  -3.977  -4.000  -4.021  -4.030  -4.028  -4.022  -4.010  -3.981  -3.930  -3.860  -3.767  -3.635  -3.467  -3.270  -3.043  -2.794  -2.541  -2.278  -2.026  -1.794  -1.580  -1.397  -1.243  -1.115  -1.012  -0.931  -0.864  -0.812  -0.775
   3.470  -3.753  -3.748  -3.743  -3.737  -3.731  -3.728  -3.728  -3.729  -3.732  -3.740  -3.753  -3.769  -3.787  -3.807  -3.829  -3.852  -3.875  -3.898  -3.918  -3.936  -3.944  -3.942  -3.937  -3.926  -3.901  -3.858  -3.803  -3.729  -3.623  -3.488  -3.324  -3.126  -2.902  -2.664  -2.407  -2.154  -1.910  -1.677  -1.474  -1.298  -1.148  -1.026  -0.929  -0.847  -0.783  -0.736
   3.480  -3.751  -3.747  -3.742  -3.736  -3.730  -3.724  -3.718  -3.714  -3.713  -3.715  -3.719  -3.727  -3.740  -3.754  -3.771  -3.789  -3.807  -3.825  -3.840  -3.853  -3.859  -3.856  -3.849  -3.835  -3.809  -3.770  -3.721  -3.658  -3.570  -3.461  -3.325  -3.158  -2.966  -2.752  -2.513  -2.269  -2.023  -1.780  -1.561  -1.362  -1.189  -1.047  -0.930  -0.833  -0.756  -0.700
   3.490  -3.745  -3.743  -3.740  -3.736  -3.730  -3.723  -3.716  -3.709  -3.703  -3.699  -3.697  -3.698  -3.703  -3.710  -3.722  -3.734  -3.747  -3.759  -3.768  -3.775  -3.778  -3.774  -3.761  -3.741  -3.713  -3.675  -3.627  -3.567  -3.489  -3.396  -3.281  -3.142  -2.979  -2.794  -2.582  -2.358  -2.121  -1.878  -1.650  -1.433  -1.239  -1.077  -0.942  -0.828  -0.736  -0.668
   3.500  -3.732  -3.733  -3.734  -3.733  -3.729  -3.723  -3.716  -3.708  -3.700  -3.692  -3.685  -3.680  -3.677  -3.678  -3.682  -3.687  -3.695  -3.702  -3.703  -3.703  -3.702  -3.694  -3.675  -3.650  -3.617  -3.576  -3.526  -3.465  -3.392  -3.306  -3.204  -3.084  -2.947  -2.787  -2.606  -2.408  -2.190  -1.959  -1.733  -1.507  -1.299  -1.119  -0.961  -0.829  -0.721  -0.638
   3.525  -3.636  -3.658  -3.676  -3.690  -3.696  -3.698  -3.698  -3.694  -3.689  -3.682  -3.678  -3.673  -3.668  -3.662  -3.652  -3.638  -3.623  -3.603  -3.580  -3.557  -3.536  -3.510  -3.477  -3.439  -3.390  -3.334  -3.271  -3.201  -3.123  -3.038  -2.946  -2.846  -2.737  -2.620  -2.477  -2.314  -2.136  -1.935  -1.731  -1.556  -1.385  -1.205  -1.026  -0.864  -0.726  -0.604
   3.550  -3.446  -3.492  -3.533  -3.569  -3.600  -3.625  -3.645  -3.659  -3.666  -3.669  -3.670  -3.666  -3.658  -3.646  -3.630  -3.611  -3.588  -3.560  -3.527  -3.489  -3.446  -3.396  -3.341  -3.278  -3.207  -3.131  -3.048  -2.960  -2.867  -2.770  -2.670  -2.567  -2.461  -2.352  -2.239  -2.120  -1.995  -1.864  -1.723  -1.572  -1.413  -1.242  -1.065  -0.895  -0.730  -0.569
   3.575  -3.142  -3.207  -3.267  -3.328  -3.383  -3.434  -3.479  -3.518  -3.549  -3.576  -3.597  -3.611  -3.614  -3.608  -3.601  -3.589  -3.569  -3.549  -3.522  -3.483  -3.433  -3.370  -3.290  -3.198  -3.100  -2.996  -2.886  -2.775  -2.663  -2.549  -2.434  -2.321  -2.208  -2.096  -1.983  -1.869  -1.754  -1.649  -1.539  -1.405  -1.263  -1.113  -0.958  -0.807  -0.657  -0.491
   3.600  -2.774  -2.852  -2.928  -3.001  -3.072  -3.140  -3.205  -3.267  -3.324  -3.378  -3.425  -3.466  -3.501  -3.527  -3.547  -3.555  -3.551  -3.538  -3.516  -3.476  -3.420  -3.347  -3.258  -3.154  -3.036  -2.910  -2.779  -2.643  -2.508  -2.374  -2.241  -2.111  -1.982  -1.856  -1.732  -1.609  -1.488  -1.368  -1.248  -1.127  -1.005  -0.881  -0.755  -0.627  -0.497  -0.365
   3.625  -2.376  -2.462  -2.547  -2.630  -2.712  -2.791  -2.869  -2.944  -3.015  -3.084  -3.149  -3.209  -3.268  -3.321  -3.367  -3.402  -3.426  -3.439  -3.432  -3.409  -3.371  -3.305  -3.222  -3.122  -3.004  -2.877  -2.739  -2.590  -2.435  -2.279  -2.125  -1.974  -1.827  -1.683  -1.544  -1.408  -1.276  -1.147  -1.020  -0.896  -0.772  -0.649  -0.526  -0.402  -0.278  -0.153
   3.650  -1.969  -2.059  -2.149  -2.237  -2.325  -2.411  -2.495  -2.578  -2.659  -2.738  -2.815  -2.889  -2.960  -3.027  -3.090  -3.145  -3.197  -3.236  -3.247  -3.250  -3.251  -3.224  -3.160  -3.076  -2.968  -2.843  -2.700  -2.543  -2.381  -2.212  -2.043  -1.877  -1.712  -1.553  -1.398  -1.247  -1.101  -0.958  -0.819  -0.683  -0.550  -0.419  -0.290  -0.163  -0.038   0.085
   3.675  -1.582  -1.674  -1.766  -1.857  -1.948  -2.037  -2.126  -2.213  -2.299  -2.384  -2.467  -2.548  -2.627  -2.702  -2.774  -2.839  -2.900  -2.951  -2.980  -3.000  -3.013  -3.007  -2.966  -2.906  -2.820  -2.714  -2.588  -2.447  -2.302  -2.145  -1.982  -1.816  -1.646  -1.477  -1.308  -1.142  -0.981  -0.822  -0.669  -0.520  -0.374  -0.233  -0.094   0.041   0.172   0.301
   3.700  -1.225  -1.314  -1.403  -1.493  -1.583  -1.673  -1.762  -1.851  -1.939  -2.026  -2.111  -2.195  -2.277  -2.355  -2.430  -2.500  -2.563  -2.619  -2.662  -2.695  -2.708  -2.700  -2.678  -2.639  -2.576  -2.496  -2.402  -2.292  -2.170  -2.035  -1.889  -1.733  -1.568  -1.399  -1.226  -1.053  -0.882  -0.713  -0.548  -0.387  -0.229  -0.076   0.074   0.219   0.361   0.498
   3.725  -0.910  -0.989  -1.071  -1.155  -1.241  -1.329  -1.417  -1.505  -1.593  -1.681  -1.768  -1.852  -1.935  -2.015  -2.093  -2.164  -2.229  -2.286  -2.332  -2.368  -2.383  -2.377  -2.360  -2.329  -2.275  -2.205  -2.125  -2.032  -1.928  -1.814  -1.690  -1.557  -1.415  -1.267  -1.112  -0.953  -0.789  -0.623  -0.456  -0.288  -0.121   0.043   0.204   0.360   0.513   0.661
   3.750  -0.658  -0.722  -0.789  -0.862  -0.939  -1.019  -1.101  -1.184  -1.268  -1.353  -1.437  -1.520  -1.601  -1.679  -1.755  -1.825  -1.888  -1.944  -1.988  -2.021  -2.035  -2.030  -2.013  -1.984  -1.934  -1.871  -1.800  -1.718  -1.630  -1.534  -1.432  -1.324  -1.209  -1.085  -0.955  -0.816  -0.668  -0.513  -0.352  -0.185  -0.016   0.152   0.320   0.485   0.645   0.803
   3.775  -0.498  -0.535  -0.580  -0.633  -0.693  -0.756  -0.822  -0.894  -0.968  -1.044  -1.122  -1.199  -1.276  -1.349  -1.421  -1.486  -1.546  -1.597  -1.638  -1.668  -1.680  -1.675  -1.659  -1.632  -1.586  -1.529  -1.464  -1.390  -1.311  -1.225  -1.133  -1.037  -0.936  -0.829  -0.715  -0.594  -0.466  -0.330  -0.188  -0.037   0.117   0.276   0.438   0.600   0.762   0.924
   3.800  -0.422  -0.435  -0.454  -0.480  -0.512  -0.552  -0.599  -0.653  -0.710  -0.773  -0.837  -0.903  -0.970  -1.034  -1.096  -1.153  -1.204  -1.249  -1.283  -1.307  -1.316  -1.311  -1.295  -1.268  -1.226  -1.174  -1.114  -1.046  -0.973  -0.893  -0.809  -0.722  -0.630  -0.535  -0.435  -0.330  -0.220  -0.105   0.017   0.146   0.282   0.426   0.576   0.729   0.887   1.049
   3.825  -0.397  -0.398  -0.400  -0.406  -0.414  -0.430  -0.452  -0.480  -0.513  -0.554  -0.596  -0.640  -0.687  -0.734  -0.781  -0.824  -0.864  -0.898  -0.920  -0.935  -0.942  -0.937  -0.920  -0.894  -0.856  -0.810  -0.757  -0.696  -0.630  -0.558  -0.482  -0.403  -0.319  -0.232  -0.142  -0.047   0.052   0.155   0.265   0.381   0.502   0.632   0.767   0.907   1.053   1.203
   3.850  -0.389  -0.385  -0.382  -0.380  -0.377  -0.376  -0.377  -0.379  -0.384  -0.394  -0.409  -0.427  -0.449  -0.472  -0.497  -0.520  -0.542  -0.559  -0.567  -0.570  -0.571  -0.563  -0.543  -0.517  -0.482  -0.441  -0.393  -0.340  -0.281  -0.217  -0.149  -0.077   0.000   0.079   0.162   0.249   0.340   0.436   0.536   0.640   0.750   0.866   0.987   1.113   1.244   1.380
   3.875  -0.391  -0.386  -0.382  -0.375  -0.368  -0.359  -0.348  -0.335  -0.320  -0.305  -0.293  -0.284  -0.275  -0.269  -0.263  -0.256  -0.249  -0.242  -0.231  -0.218  -0.206  -0.189  -0.165  -0.137  -0.104  -0.067  -0.025   0.022   0.074   0.130   0.189   0.253   0.321   0.392   0.467   0.546   0.629   0.716   0.808   0.904   1.005   1.111   1.223   1.339   1.460   1.585
   3.900  -0.394  -0.389  -0.382  -0.374  -0.365  -0.353  -0.338  -0.320  -0.298  -0.272  -0.242  -0.207  -0.169  -0.129  -0.086  -0.045  -0.006   0.031   0.066   0.100   0.132   0.164   0.196   0.229   0.263   0.300   0.339   0.382   0.427   0.476   0.528   0.584   0.643   0.706   0.774   0.845   0.920   1.000   1.083   1.172   1.265   1.364   1.468   1.576   1.688   1.804
   3.925  -0.397  -0.392  -0.385  -0.377  -0.368  -0.356  -0.341  -0.322  -0.298  -0.267  -0.227  -0.178  -0.120  -0.053   0.020   0.092   0.164   0.235   0.300   0.364   0.424   0.477   0.525   0.570   0.612   0.653   0.693   0.734   0.776   0.820   0.865   0.914   0.966   1.021   1.080   1.143   1.211   1.282   1.358   1.438   1.523   1.615   1.711   1.812   1.916   2.025
   3.950  -0.399  -0.395  -0.390  -0.382  -0.373  -0.361  -0.346  -0.326  -0.299  -0.265  -0.222  -0.168  -0.103  -0.027   0.061   0.157   0.260   0.367   0.469   0.568   0.658   0.737   0.808   0.870   0.925   0.975   1.021   1.065   1.107   1.149   1.191   1.235   1.281   1.330   1.382   1.437   1.497   1.560   1.629   1.701   1.779   1.863   1.952   2.045   2.143   2.245
   3.975  -0.399  -0.396  -0.391  -0.385  -0.377  -0.366  -0.351  -0.332  -0.305  -0.272  -0.228  -0.173  -0.107  -0.028   0.068   0.177   0.300   0.433   0.568   0.700   0.820   0.927   1.023   1.108   1.184   1.251   1.309   1.361   1.409   1.453   1.496   1.539   1.582   1.627   1.674   1.723   1.776   1.833   1.894   1.959   2.030   2.106   2.187   2.273   2.364   2.459
   4.000  -0.399  -0.396  -0.392  -0.386  -0.379  -0.369  -0.356  -0.339  -0.314  -0.282  -0.239  -0.183  -0.115  -0.031   0.070   0.184   0.314   0.455   0.600   0.753   0.900   1.038   1.168   1.283   1.384   1.473   1.549   1.615   1.674   1.725   1.773   1.818   1.861   1.905   1.949   1.995   2.043   2.094   2.149   2.209   2.273   2.342   2.416   2.495   2.579   2.667
   4.025  -0.397  -0.394  -0.390  -0.385  -0.378  -0.369  -0.357  -0.342  -0.320  -0.290  -0.249  -0.195  -0.129  -0.044   0.057   0.172   0.303   0.448   0.597   0.755   0.921   1.084   1.244   1.392   1.522   1.634   1.729   1.811   1.887   1.952   2.010   2.062   2.109   2.156   2.200   2.245   2.292   2.339   2.391   2.446   2.505   2.569   2.637   2.710   2.787   2.870
   4.050  -0.392  -0.390  -0.386  -0.382  -0.376  -0.368  -0.358  -0.344  -0.323  -0.295  -0.257  -0.206  -0.143  -0.062   0.035   0.149   0.282   0.430   0.587   0.756   0.928   1.100   1.270   1.430   1.583   1.723   1.846   1.955   2.051   2.133   2.206   2.270   2.325   2.378   2.426   2.473   2.520   2.567   2.617   2.669   2.725   2.784   2.848   2.916   2.988   3.065
   4.075  -0.385  -0.383  -0.380  -0.376  -0.372  -0.365  -0.355  -0.342  -0.322  -0.296  -0.262  -0.216  -0.156  -0.078   0.016   0.126   0.256   0.402   0.560   0.732   0.906   1.081   1.258   1.426   1.590   1.754   1.908   2.049   2.167   2.266   2.356   2.435   2.504   2.567   2.622   2.674   2.725   2.774   2.825   2.876   2.930   2.987   3.048   3.111   3.179   3.250
   4.100  -0.377  -0.375  -0.373  -0.369  -0.365  -0.358  -0.349  -0.337  -0.319  -0.297  -0.264  -0.220  -0.164  -0.091  -0.002   0.104   0.229   0.370   0.524   0.692   0.867   1.048   1.232   1.413   1.593   1.765   1.929   2.084   2.224   2.352   2.465   2.563   2.648   2.724   2.790   2.851   2.908   2.961   3.015   3.067   3.121   3.177   3.236   3.297   3.361   3.427
   4.125  -0.369  -0.366  -0.362  -0.359  -0.354  -0.348  -0.340  -0.329  -0.313  -0.293  -0.262  -0.220  -0.168  -0.101  -0.017   0.085   0.205   0.341   0.491   0.656   0.829   1.010   1.196   1.381   1.567   1.745   1.917   2.081   2.241   2.399   2.538   2.653   2.756   2.849   2.930   3.002   3.067   3.127   3.185   3.241   3.297   3.353   3.411   3.470   3.532   3.597
   4.150  -0.364  -0.360  -0.355  -0.349  -0.344  -0.337  -0.329  -0.319  -0.304  -0.284  -0.256  -0.218  -0.169  -0.105  -0.025   0.071   0.186   0.317   0.463   0.624   0.794   0.973   1.159   1.342   1.524   1.706   1.890   2.073   2.247   2.414   2.569   2.708   2.834   2.946   3.043   3.129   3.205   3.273   3.338   3.400   3.459   3.517   3.574   3.634   3.696   3.760
   4.175  -0.365  -0.360  -0.353  -0.345  -0.337  -0.328  -0.318  -0.307  -0.292  -0.273  -0.246  -0.211  -0.165  -0.103  -0.026   0.063   0.174   0.301   0.443   0.601   0.769   0.950   1.136   1.315   1.486   1.661   1.850   2.045   2.230   2.407   2.573   2.738   2.886   3.015   3.130   3.232   3.323   3.402   3.476   3.544   3.608   3.669   3.729   3.791   3.854   3.917
   4.200  -0.366  -0.360  -0.352  -0.344  -0.334  -0.323  -0.312  -0.299  -0.282  -0.262  -0.235  -0.200  -0.156  -0.098  -0.027   0.061   0.167   0.291   0.430   0.587   0.754   0.933   1.118   1.289   1.447   1.614   1.805   2.005   2.199   2.390   2.574   2.748   2.913   3.061   3.195   3.315   3.421   3.514   3.599   3.674   3.744   3.811   3.876   3.940   4.005   4.069
   4.225  -0.368  -0.361  -0.354  -0.346  -0.336  -0.325  -0.313  -0.299  -0.279  -0.256  -0.227  -0.192  -0.147  -0.090  -0.023   0.063   0.165   0.284   0.422   0.582   0.749   0.921   1.096   1.260   1.411   1.574   1.765   1.969   2.169   2.367   2.562   2.745   2.923   3.090   3.241   3.378   3.500   3.608   3.706   3.791   3.870   3.944   4.014   4.083   4.150   4.216
   4.250  -0.369  -0.363  -0.356  -0.348  -0.338  -0.327  -0.314  -0.299  -0.278  -0.254  -0.224  -0.187  -0.142  -0.085  -0.018   0.064   0.163   0.280   0.417   0.579   0.745   0.909   1.074   1.231   1.378   1.539   1.730   1.936   2.139   2.342   2.542   2.737   2.927   3.104   3.272   3.426   3.564   3.688   3.799   3.897   3.986   4.068   4.144   4.218   4.289   4.358
   4.275  -0.368  -0.362  -0.356  -0.348  -0.338  -0.328  -0.315  -0.300  -0.281  -0.258  -0.228  -0.190  -0.144  -0.086  -0.019   0.064   0.162   0.275   0.412   0.573   0.737   0.892   1.047   1.200   1.349   1.511   1.702   1.909   2.114   2.320   2.524   2.726   2.924   3.113   3.293   3.461   3.614   3.754   3.879   3.990   4.091   4.182   4.266   4.346   4.423   4.495
   4.300  -0.367  -0.361  -0.355  -0.347  -0.338  -0.328  -0.316  -0.302  -0.283  -0.261  -0.231  -0.194  -0.148  -0.090  -0.021   0.062   0.159   0.270   0.405   0.566   0.727   0.875   1.020   1.171   1.326   1.494   1.686   1.890   2.095   2.303   2.510   2.717   2.921   3.117   3.308   3.488   3.655   3.809   3.949   4.073   4.186   4.288   4.380   4.467   4.549   4.624
   4.325  -0.367  -0.361  -0.354  -0.346  -0.338  -0.327  -0.314  -0.300  -0.281  -0.260  -0.231  -0.196  -0.152  -0.096  -0.029   0.054   0.150   0.262   0.397   0.556   0.715   0.856   0.994   1.146   1.311   1.489   1.681   1.882   2.086   2.295   2.504   2.714   2.922   3.123   3.322   3.512   3.690   3.858   4.010   4.147   4.272   4.384   4.485   4.577   4.662   4.738
   4.350  -0.367  -0.361  -0.354  -0.346  -0.336  -0.325  -0.312  -0.296  -0.278  -0.257  -0.230  -0.197  -0.155  -0.101  -0.036   0.045   0.141   0.254   0.387   0.545   0.702   0.841   0.978   1.134   1.305   1.487   1.679   1.880   2.083   2.292   2.502   2.713   2.924   3.131   3.337   3.534   3.722   3.901   4.065   4.215   4.351   4.474   4.583   4.682   4.770   4.846
   4.375  -0.366  -0.361  -0.354  -0.345  -0.336  -0.324  -0.310  -0.294  -0.275  -0.253  -0.226  -0.193  -0.152  -0.099  -0.035   0.042   0.135   0.245   0.376   0.533   0.691   0.832   0.976   1.136   1.311   1.495   1.688   1.887   2.090   2.298   2.509   2.720   2.933   3.145   3.354   3.558   3.754   3.942   4.116   4.278   4.426   4.560   4.682   4.789   4.882   4.961
   4.400  -0.365  -0.360  -0.353  -0.345  -0.335  -0.323  -0.309  -0.292  -0.271  -0.248  -0.219  -0.185  -0.145  -0.094  -0.034   0.041   0.132   0.240   0.369   0.523   0.680   0.827   0.976   1.142   1.323   1.512   1.705   1.903   2.106   2.314   2.524   2.736   2.950   3.162   3.376   3.584   3.787   3.982   4.165   4.336   4.494   4.639   4.769   4.885   4.985   5.071
   4.425  -0.364  -0.359  -0.352  -0.344  -0.334  -0.322  -0.307  -0.289  -0.268  -0.243  -0.214  -0.179  -0.137  -0.086  -0.027   0.047   0.137   0.242   0.370   0.514   0.668   0.822   0.979   1.153   1.339   1.531   1.725   1.924   2.128   2.335   2.546   2.758   2.972   3.186   3.402   3.613   3.821   4.022   4.211   4.390   4.554   4.700   4.833   4.956   5.070   5.174
   4.450  -0.362  -0.357  -0.350  -0.342  -0.332  -0.320  -0.305  -0.287  -0.265  -0.239  -0.208  -0.171  -0.128  -0.076  -0.015   0.059   0.147   0.250   0.371   0.510   0.661   0.820   0.989   1.168   1.357   1.552   1.749   1.949   2.154   2.362   2.573   2.786   3.000   3.215   3.431   3.645   3.856   4.062   4.256   4.439   4.608   4.755   4.888   5.017   5.141   5.259
   4.475  -0.357  -0.352  -0.346  -0.338  -0.329  -0.317  -0.302  -0.284  -0.261  -0.235  -0.202  -0.163  -0.118  -0.064  -0.002   0.073   0.161   0.264   0.381   0.518   0.667   0.828   1.003   1.185   1.377   1.574   1.774   1.976   2.182   2.392   2.603   2.816   3.031   3.247   3.464   3.679   3.892   4.100   4.297   4.486   4.659   4.811   4.947   5.078   5.200   5.315
   4.500  -0.349  -0.345  -0.339  -0.332  -0.324  -0.313  -0.299  -0.282  -0.259  -0.230  -0.195  -0.154  -0.106  -0.050   0.014   0.090   0.180   0.283   0.402   0.536   0.685   0.847   1.022   1.206   1.399   1.598   1.800   2.006   2.214   2.425   2.637   2.851   3.067   3.283   3.501   3.716   3.928   4.136   4.336   4.528   4.706   4.864   5.006   5.134   5.247   5.345

