low temperature opacities from Ferguson, Alexander, et al (2005) with gn93 metals
    form     version        X           Z          logRs    logR_min    logR_max       logTs    logT_min    logT_max
       1          38    0.100000    0.000000          46   -8.000000    1.000000          75    3.000000    4.100000

   logT                       logR = logRho - 3*logT + 18
          -8.000  -7.800  -7.600  -7.400  -7.200  -7.000  -6.800  -6.600  -6.400  -6.200  -6.000  -5.800  -5.600  -5.400  -5.200  -5.000  -4.800  -4.600  -4.400  -4.200  -4.000  -3.800  -3.600  -3.400  -3.200  -3.000  -2.800  -2.600  -2.400  -2.200  -2.000  -1.800  -1.600  -1.400  -1.200  -1.000  -0.800  -0.600  -0.400  -0.200   0.000   0.200   0.400   0.600   0.800   1.000

   3.000 -10.250 -10.249 -10.246 -10.242 -10.236 -10.227 -10.213 -10.194 -10.166 -10.129 -10.084 -10.029  -9.964  -9.894  -9.816  -9.733  -9.647  -9.558  -9.468  -9.376  -9.284  -9.193  -9.102  -9.012  -8.924  -8.837  -8.752  -8.668  -8.584  -8.502  -8.420  -8.339  -8.258  -8.177  -8.097  -8.018  -7.940  -7.862  -7.786  -7.711  -7.634  -7.558  -7.479  -7.394  -7.304  -7.208
   3.010 -10.219 -10.218 -10.216 -10.212 -10.206 -10.195 -10.180 -10.160 -10.131 -10.094 -10.048  -9.991  -9.926  -9.854  -9.775  -9.692  -9.606  -9.516  -9.426  -9.334  -9.242  -9.151  -9.060  -8.971  -8.883  -8.797  -8.712  -8.628  -8.545  -8.463  -8.382  -8.301  -8.220  -8.140  -8.061  -7.983  -7.905  -7.828  -7.752  -7.677  -7.601  -7.524  -7.445  -7.359  -7.266  -7.168
   3.020 -10.188 -10.187 -10.185 -10.181 -10.175 -10.164 -10.149 -10.128 -10.098 -10.059 -10.011  -9.953  -9.886  -9.814  -9.735  -9.651  -9.564  -9.474  -9.384  -9.292  -9.200  -9.109  -9.019  -8.930  -8.842  -8.756  -8.671  -8.588  -8.506  -8.425  -8.344  -8.264  -8.184  -8.104  -8.026  -7.948  -7.871  -7.795  -7.720  -7.645  -7.569  -7.492  -7.411  -7.324  -7.229  -7.128
   3.030 -10.157 -10.156 -10.153 -10.149 -10.143 -10.132 -10.116 -10.094 -10.063 -10.023  -9.974  -9.915  -9.848  -9.774  -9.694  -9.610  -9.523  -9.432  -9.342  -9.250  -9.158  -9.067  -8.977  -8.888  -8.801  -8.715  -8.631  -8.548  -8.466  -8.386  -8.306  -8.226  -8.147  -8.069  -7.991  -7.914  -7.838  -7.762  -7.687  -7.613  -7.537  -7.459  -7.378  -7.289  -7.192  -7.088
   3.040 -10.124 -10.123 -10.121 -10.117 -10.111 -10.100 -10.084 -10.061 -10.029  -9.987  -9.937  -9.877  -9.808  -9.734  -9.653  -9.569  -9.482  -9.391  -9.300  -9.208  -9.116  -9.025  -8.935  -8.847  -8.760  -8.674  -8.591  -8.509  -8.427  -8.347  -8.267  -8.188  -8.110  -8.033  -7.956  -7.879  -7.804  -7.730  -7.655  -7.581  -7.505  -7.427  -7.345  -7.254  -7.155  -7.047
   3.050 -10.090 -10.090 -10.088 -10.085 -10.079 -10.067 -10.050 -10.026  -9.993  -9.951  -9.900  -9.839  -9.769  -9.694  -9.613  -9.528  -9.440  -9.349  -9.258  -9.167  -9.075  -8.984  -8.894  -8.806  -8.719  -8.634  -8.551  -8.469  -8.388  -8.308  -8.229  -8.151  -8.073  -7.997  -7.920  -7.845  -7.771  -7.697  -7.623  -7.549  -7.473  -7.394  -7.311  -7.218  -7.117  -7.007
   3.060 -10.053 -10.053 -10.053 -10.052 -10.046 -10.034 -10.017  -9.993  -9.959  -9.915  -9.863  -9.801  -9.730  -9.654  -9.572  -9.487  -9.399  -9.308  -9.216  -9.125  -9.033  -8.942  -8.852  -8.764  -8.678  -8.593  -8.510  -8.429  -8.349  -8.270  -8.191  -8.113  -8.037  -7.961  -7.885  -7.811  -7.737  -7.664  -7.590  -7.517  -7.441  -7.361  -7.277  -7.182  -7.078  -6.965
   3.070 -10.015 -10.016 -10.017 -10.016 -10.011 -10.000  -9.983  -9.958  -9.923  -9.879  -9.825  -9.762  -9.691  -9.614  -9.532  -9.446  -9.357  -9.266  -9.174  -9.082  -8.991  -8.901  -8.811  -8.723  -8.637  -8.553  -8.470  -8.389  -8.309  -8.231  -8.153  -8.076  -8.000  -7.925  -7.850  -7.776  -7.703  -7.631  -7.558  -7.485  -7.408  -7.327  -7.242  -7.145  -7.038  -6.922
   3.080  -9.972  -9.976  -9.979  -9.978  -9.974  -9.964  -9.948  -9.923  -9.888  -9.843  -9.788  -9.724  -9.652  -9.575  -9.492  -9.405  -9.316  -9.225  -9.133  -9.041  -8.949  -8.858  -8.769  -8.682  -8.596  -8.512  -8.430  -8.350  -8.271  -8.193  -8.116  -8.039  -7.964  -7.889  -7.815  -7.742  -7.670  -7.598  -7.525  -7.452  -7.374  -7.293  -7.205  -7.107  -6.997  -6.878
   3.090  -9.927  -9.935  -9.939  -9.939  -9.935  -9.928  -9.913  -9.888  -9.852  -9.806  -9.751  -9.686  -9.613  -9.535  -9.451  -9.364  -9.274  -9.183  -9.091  -8.999  -8.908  -8.817  -8.728  -8.641  -8.555  -8.472  -8.390  -8.311  -8.232  -8.154  -8.078  -8.002  -7.927  -7.853  -7.780  -7.707  -7.636  -7.564  -7.491  -7.418  -7.340  -7.257  -7.168  -7.067  -6.955  -6.833
   3.100  -9.879  -9.889  -9.894  -9.895  -9.893  -9.889  -9.877  -9.852  -9.817  -9.771  -9.715  -9.650  -9.576  -9.497  -9.412  -9.324  -9.234  -9.142  -9.050  -8.958  -8.866  -8.776  -8.687  -8.600  -8.515  -8.432  -8.351  -8.271  -8.193  -8.116  -8.040  -7.965  -7.891  -7.817  -7.745  -7.673  -7.602  -7.530  -7.458  -7.384  -7.305  -7.221  -7.129  -7.026  -6.911  -6.786
   3.110  -9.833  -9.843  -9.849  -9.850  -9.850  -9.849  -9.840  -9.817  -9.782  -9.736  -9.680  -9.614  -9.538  -9.458  -9.373  -9.284  -9.193  -9.101  -9.009  -8.917  -8.825  -8.735  -8.646  -8.559  -8.474  -8.391  -8.310  -8.231  -8.153  -8.077  -8.002  -7.928  -7.854  -7.781  -7.709  -7.638  -7.567  -7.496  -7.423  -7.349  -7.270  -7.183  -7.090  -6.984  -6.867  -6.738
   3.120  -9.790  -9.797  -9.802  -9.806  -9.808  -9.809  -9.802  -9.781  -9.748  -9.702  -9.646  -9.579  -9.503  -9.422  -9.335  -9.246  -9.155  -9.061  -8.969  -8.876  -8.784  -8.694  -8.605  -8.518  -8.434  -8.351  -8.271  -8.192  -8.115  -8.039  -7.964  -7.890  -7.817  -7.745  -7.674  -7.603  -7.533  -7.462  -7.389  -7.314  -7.233  -7.145  -7.049  -6.941  -6.821  -6.689
   3.130  -9.752  -9.756  -9.760  -9.764  -9.767  -9.768  -9.762  -9.744  -9.714  -9.671  -9.616  -9.548  -9.470  -9.387  -9.300  -9.209  -9.117  -9.023  -8.929  -8.836  -8.744  -8.654  -8.565  -8.478  -8.393  -8.311  -8.231  -8.153  -8.076  -8.000  -7.926  -7.853  -7.780  -7.709  -7.638  -7.568  -7.498  -7.427  -7.353  -7.278  -7.196  -7.106  -7.007  -6.896  -6.774  -6.640
   3.140  -9.717  -9.720  -9.723  -9.725  -9.727  -9.728  -9.724  -9.710  -9.686  -9.644  -9.589  -9.520  -9.441  -9.356  -9.266  -9.174  -9.080  -8.985  -8.891  -8.797  -8.704  -8.613  -8.525  -8.438  -8.354  -8.272  -8.192  -8.114  -8.038  -7.963  -7.889  -7.816  -7.743  -7.672  -7.602  -7.532  -7.462  -7.392  -7.318  -7.241  -7.158  -7.065  -6.964  -6.850  -6.726  -6.590
   3.150  -9.685  -9.686  -9.687  -9.689  -9.690  -9.691  -9.688  -9.678  -9.660  -9.620  -9.566  -9.498  -9.417  -9.331  -9.238  -9.142  -9.046  -8.950  -8.854  -8.759  -8.665  -8.574  -8.485  -8.398  -8.314  -8.232  -8.153  -8.075  -7.999  -7.925  -7.851  -7.778  -7.707  -7.636  -7.566  -7.497  -7.427  -7.356  -7.281  -7.204  -7.119  -7.024  -6.919  -6.804  -6.677  -6.539
   3.160  -9.653  -9.654  -9.655  -9.656  -9.657  -9.658  -9.656  -9.648  -9.634  -9.602  -9.552  -9.484  -9.402  -9.313  -9.216  -9.116  -9.017  -8.917  -8.819  -8.723  -8.628  -8.536  -8.446  -8.359  -8.275  -8.193  -8.114  -8.036  -7.960  -7.886  -7.813  -7.741  -7.670  -7.600  -7.530  -7.461  -7.391  -7.320  -7.245  -7.166  -7.078  -6.981  -6.874  -6.756  -6.627  -6.488
   3.170  -9.621  -9.622  -9.623  -9.623  -9.624  -9.625  -9.624  -9.619  -9.610  -9.586  -9.543  -9.477  -9.394  -9.303  -9.202  -9.098  -8.994  -8.890  -8.789  -8.690  -8.593  -8.499  -8.408  -8.321  -8.237  -8.155  -8.075  -7.998  -7.922  -7.849  -7.776  -7.704  -7.633  -7.563  -7.494  -7.425  -7.355  -7.284  -7.207  -7.126  -7.037  -6.937  -6.827  -6.707  -6.577  -6.437
   3.180  -9.584  -9.586  -9.588  -9.590  -9.591  -9.591  -9.590  -9.588  -9.584  -9.568  -9.535  -9.477  -9.397  -9.306  -9.199  -9.089  -8.980  -8.870  -8.763  -8.661  -8.561  -8.465  -8.373  -8.284  -8.199  -8.117  -8.037  -7.960  -7.884  -7.811  -7.738  -7.667  -7.596  -7.527  -7.458  -7.388  -7.318  -7.246  -7.169  -7.086  -6.995  -6.892  -6.779  -6.657  -6.526  -6.386
   3.190  -9.537  -9.541  -9.545  -9.549  -9.552  -9.554  -9.555  -9.555  -9.554  -9.543  -9.522  -9.479  -9.409  -9.320  -9.209  -9.092  -8.976  -8.859  -8.747  -8.638  -8.534  -8.435  -8.340  -8.249  -8.163  -8.080  -8.000  -7.923  -7.847  -7.774  -7.701  -7.630  -7.560  -7.490  -7.421  -7.352  -7.281  -7.209  -7.129  -7.045  -6.951  -6.846  -6.730  -6.607  -6.475  -6.335
   3.200  -9.466  -9.477  -9.486  -9.494  -9.500  -9.506  -9.511  -9.514  -9.514  -9.510  -9.501  -9.474  -9.419  -9.338  -9.228  -9.109  -8.987  -8.860  -8.740  -8.623  -8.512  -8.408  -8.310  -8.217  -8.129  -8.045  -7.964  -7.886  -7.810  -7.736  -7.664  -7.593  -7.523  -7.453  -7.385  -7.315  -7.244  -7.170  -7.090  -7.003  -6.907  -6.799  -6.681  -6.556  -6.424  -6.285
   3.210  -9.365  -9.382  -9.398  -9.412  -9.425  -9.437  -9.447  -9.456  -9.459  -9.461  -9.462  -9.450  -9.414  -9.351  -9.254  -9.139  -9.012  -8.875  -8.745  -8.619  -8.500  -8.389  -8.286  -8.188  -8.097  -8.011  -7.929  -7.850  -7.774  -7.700  -7.627  -7.556  -7.486  -7.417  -7.348  -7.278  -7.206  -7.131  -7.049  -6.960  -6.861  -6.750  -6.631  -6.505  -6.374  -6.236
   3.220  -9.242  -9.264  -9.284  -9.304  -9.322  -9.339  -9.355  -9.369  -9.381  -9.392  -9.397  -9.392  -9.377  -9.346  -9.271  -9.170  -9.045  -8.902  -8.764  -8.628  -8.499  -8.379  -8.268  -8.165  -8.070  -7.981  -7.896  -7.816  -7.738  -7.664  -7.591  -7.520  -7.450  -7.380  -7.311  -7.241  -7.168  -7.092  -7.008  -6.916  -6.815  -6.702  -6.580  -6.454  -6.324  -6.188
   3.230  -9.107  -9.131  -9.154  -9.176  -9.198  -9.219  -9.239  -9.258  -9.276  -9.293  -9.302  -9.303  -9.303  -9.297  -9.256  -9.182  -9.073  -8.938  -8.799  -8.653  -8.511  -8.381  -8.259  -8.148  -8.048  -7.954  -7.866  -7.784  -7.705  -7.629  -7.556  -7.484  -7.414  -7.344  -7.275  -7.203  -7.129  -7.052  -6.965  -6.871  -6.768  -6.652  -6.529  -6.403  -6.274  -6.141
   3.240  -8.968  -8.993  -9.017  -9.041  -9.065  -9.088  -9.110  -9.132  -9.152  -9.171  -9.186  -9.198  -9.205  -9.204  -9.186  -9.150  -9.077  -8.965  -8.838  -8.687  -8.536  -8.396  -8.263  -8.142  -8.033  -7.932  -7.840  -7.755  -7.674  -7.597  -7.522  -7.450  -7.379  -7.308  -7.238  -7.166  -7.091  -7.011  -6.923  -6.826  -6.720  -6.603  -6.478  -6.353  -6.226  -6.096
   3.250  -8.828  -8.853  -8.878  -8.902  -8.927  -8.952  -8.976  -8.999  -9.021  -9.042  -9.060  -9.077  -9.089  -9.090  -9.085  -9.075  -9.038  -8.963  -8.858  -8.719  -8.571  -8.425  -8.279  -8.147  -8.027  -7.917  -7.819  -7.730  -7.645  -7.565  -7.489  -7.415  -7.344  -7.273  -7.202  -7.128  -7.052  -6.971  -6.880  -6.780  -6.672  -6.553  -6.428  -6.303  -6.178  -6.052
   3.260  -8.688  -8.714  -8.739  -8.765  -8.789  -8.814  -8.839  -8.863  -8.887  -8.910  -8.930  -8.949  -8.964  -8.970  -8.973  -8.974  -8.960  -8.918  -8.846  -8.734  -8.604  -8.459  -8.304  -8.164  -8.032  -7.912  -7.806  -7.711  -7.621  -7.538  -7.459  -7.384  -7.311  -7.238  -7.166  -7.091  -7.013  -6.930  -6.836  -6.734  -6.623  -6.504  -6.378  -6.255  -6.132  -6.010
   3.270  -8.549  -8.575  -8.601  -8.627  -8.653  -8.678  -8.703  -8.728  -8.752  -8.775  -8.797  -8.817  -8.835  -8.848  -8.857  -8.861  -8.855  -8.835  -8.799  -8.723  -8.620  -8.487  -8.334  -8.190  -8.049  -7.918  -7.802  -7.696  -7.600  -7.514  -7.432  -7.354  -7.279  -7.204  -7.131  -7.055  -6.974  -6.889  -6.793  -6.688  -6.575  -6.455  -6.329  -6.208  -6.088  -5.970
   3.280  -8.412  -8.438  -8.464  -8.490  -8.516  -8.542  -8.567  -8.593  -8.617  -8.642  -8.665  -8.687  -8.707  -8.723  -8.737  -8.743  -8.741  -8.735  -8.721  -8.678  -8.605  -8.496  -8.361  -8.222  -8.074  -7.932  -7.807  -7.692  -7.587  -7.495  -7.408  -7.326  -7.249  -7.172  -7.097  -7.019  -6.937  -6.849  -6.751  -6.642  -6.528  -6.407  -6.282  -6.162  -6.046  -5.932
   3.290  -8.278  -8.303  -8.329  -8.355  -8.382  -8.408  -8.434  -8.459  -8.485  -8.510  -8.534  -8.557  -8.578  -8.596  -8.613  -8.622  -8.623  -8.624  -8.621  -8.599  -8.555  -8.479  -8.372  -8.248  -8.100  -7.954  -7.821  -7.695  -7.582  -7.482  -7.389  -7.303  -7.222  -7.142  -7.066  -6.986  -6.901  -6.810  -6.709  -6.598  -6.482  -6.360  -6.236  -6.118  -6.005  -5.895
   3.300  -8.145  -8.170  -8.195  -8.221  -8.248  -8.275  -8.301  -8.327  -8.353  -8.378  -8.403  -8.427  -8.449  -8.469  -8.487  -8.500  -8.508  -8.512  -8.511  -8.499  -8.475  -8.430  -8.356  -8.255  -8.120  -7.980  -7.843  -7.708  -7.586  -7.476  -7.375  -7.284  -7.200  -7.117  -7.037  -6.954  -6.866  -6.773  -6.669  -6.555  -6.437  -6.315  -6.192  -6.076  -5.965  -5.860
   3.310  -8.008  -8.035  -8.062  -8.089  -8.116  -8.143  -8.170  -8.196  -8.222  -8.249  -8.274  -8.298  -8.321  -8.342  -8.361  -8.377  -8.388  -8.395  -8.395  -8.389  -8.376  -8.352  -8.307  -8.231  -8.123  -8.001  -7.867  -7.725  -7.597  -7.480  -7.371  -7.273  -7.182  -7.093  -7.010  -6.924  -6.833  -6.737  -6.630  -6.513  -6.393  -6.271  -6.148  -6.034  -5.927  -5.826
   3.320  -7.878  -7.909  -7.937  -7.964  -7.988  -8.012  -8.039  -8.066  -8.093  -8.119  -8.145  -8.170  -8.195  -8.217  -8.238  -8.255  -8.269  -8.278  -8.279  -8.276  -8.271  -8.259  -8.230  -8.179  -8.104  -8.007  -7.883  -7.744  -7.615  -7.490  -7.373  -7.268  -7.170  -7.077  -6.991  -6.902  -6.808  -6.709  -6.600  -6.481  -6.359  -6.237  -6.115  -6.003  -5.899  -5.801
   3.330  -7.741  -7.769  -7.798  -7.826  -7.856  -7.884  -7.911  -7.938  -7.964  -7.991  -8.018  -8.044  -8.069  -8.092  -8.114  -8.133  -8.150  -8.162  -8.164  -8.164  -8.163  -8.156  -8.138  -8.107  -8.059  -7.988  -7.884  -7.759  -7.635  -7.505  -7.381  -7.269  -7.165  -7.067  -6.976  -6.883  -6.785  -6.683  -6.572  -6.450  -6.327  -6.204  -6.084  -5.973  -5.871  -5.777
   3.340  -7.609  -7.638  -7.668  -7.696  -7.725  -7.753  -7.782  -7.810  -7.838  -7.865  -7.892  -7.919  -7.945  -7.969  -7.992  -8.012  -8.030  -8.045  -8.052  -8.055  -8.056  -8.052  -8.040  -8.021  -7.992  -7.942  -7.863  -7.762  -7.649  -7.520  -7.392  -7.276  -7.165  -7.061  -6.965  -6.868  -6.767  -6.663  -6.548  -6.423  -6.298  -6.174  -6.053  -5.944  -5.844  -5.754
   3.350  -7.476  -7.506  -7.536  -7.566  -7.596  -7.625  -7.654  -7.682  -7.710  -7.738  -7.766  -7.793  -7.820  -7.846  -7.870  -7.892  -7.911  -7.928  -7.939  -7.946  -7.948  -7.945  -7.938  -7.926  -7.908  -7.874  -7.819  -7.746  -7.651  -7.530  -7.406  -7.287  -7.170  -7.060  -6.958  -6.856  -6.752  -6.645  -6.527  -6.399  -6.271  -6.146  -6.026  -5.917  -5.819  -5.731
   3.360  -7.343  -7.374  -7.405  -7.435  -7.466  -7.496  -7.526  -7.555  -7.584  -7.613  -7.641  -7.669  -7.697  -7.723  -7.749  -7.772  -7.793  -7.812  -7.826  -7.836  -7.840  -7.839  -7.834  -7.827  -7.815  -7.791  -7.756  -7.707  -7.631  -7.529  -7.417  -7.300  -7.178  -7.065  -6.958  -6.851  -6.743  -6.633  -6.511  -6.378  -6.247  -6.121  -6.001  -5.893  -5.795  -5.709
   3.370  -7.209  -7.241  -7.273  -7.305  -7.336  -7.367  -7.398  -7.428  -7.458  -7.487  -7.516  -7.545  -7.573  -7.601  -7.627  -7.652  -7.675  -7.695  -7.712  -7.726  -7.732  -7.732  -7.730  -7.727  -7.717  -7.699  -7.677  -7.644  -7.589  -7.511  -7.418  -7.307  -7.186  -7.071  -6.960  -6.849  -6.737  -6.623  -6.498  -6.362  -6.228  -6.100  -5.977  -5.869  -5.773  -5.689
   3.380  -7.073  -7.107  -7.140  -7.173  -7.206  -7.238  -7.270  -7.301  -7.331  -7.362  -7.392  -7.422  -7.451  -7.479  -7.507  -7.533  -7.557  -7.579  -7.598  -7.614  -7.623  -7.626  -7.627  -7.626  -7.618  -7.604  -7.588  -7.565  -7.525  -7.472  -7.401  -7.304  -7.191  -7.079  -6.966  -6.850  -6.735  -6.618  -6.490  -6.350  -6.213  -6.081  -5.956  -5.846  -5.751  -5.669
   3.390  -6.936  -6.972  -7.007  -7.041  -7.075  -7.108  -7.141  -7.173  -7.205  -7.236  -7.267  -7.298  -7.328  -7.358  -7.386  -7.413  -7.439  -7.462  -7.483  -7.501  -7.513  -7.520  -7.524  -7.523  -7.517  -7.506  -7.493  -7.475  -7.447  -7.412  -7.360  -7.282  -7.187  -7.083  -6.969  -6.852  -6.737  -6.618  -6.487  -6.343  -6.201  -6.066  -5.939  -5.828  -5.731  -5.649
   3.400  -6.797  -6.834  -6.871  -6.907  -6.942  -6.977  -7.011  -7.044  -7.077  -7.110  -7.142  -7.174  -7.205  -7.235  -7.265  -7.293  -7.321  -7.346  -7.369  -7.388  -7.403  -7.413  -7.419  -7.419  -7.415  -7.407  -7.396  -7.381  -7.360  -7.336  -7.298  -7.241  -7.167  -7.078  -6.971  -6.856  -6.741  -6.620  -6.486  -6.338  -6.193  -6.054  -5.923  -5.810  -5.712  -5.630
   3.410  -6.656  -6.695  -6.733  -6.771  -6.808  -6.844  -6.880  -6.915  -6.949  -6.983  -7.016  -7.049  -7.081  -7.113  -7.144  -7.174  -7.203  -7.230  -7.254  -7.275  -7.293  -7.306  -7.315  -7.316  -7.313  -7.308  -7.299  -7.285  -7.267  -7.248  -7.219  -7.179  -7.127  -7.055  -6.961  -6.856  -6.744  -6.622  -6.488  -6.339  -6.191  -6.048  -5.911  -5.794  -5.695  -5.612
   3.420  -6.511  -6.552  -6.593  -6.633  -6.672  -6.710  -6.747  -6.784  -6.820  -6.855  -6.890  -6.924  -6.958  -6.990  -7.022  -7.053  -7.083  -7.112  -7.138  -7.161  -7.181  -7.198  -7.209  -7.211  -7.210  -7.208  -7.201  -7.188  -7.172  -7.155  -7.132  -7.103  -7.066  -7.009  -6.935  -6.846  -6.742  -6.623  -6.491  -6.342  -6.193  -6.045  -5.902  -5.781  -5.679  -5.596
   3.430  -6.363  -6.407  -6.450  -6.492  -6.533  -6.573  -6.612  -6.651  -6.689  -6.726  -6.762  -6.798  -6.833  -6.867  -6.900  -6.932  -6.964  -6.994  -7.022  -7.047  -7.069  -7.088  -7.102  -7.106  -7.108  -7.108  -7.103  -7.090  -7.076  -7.059  -7.039  -7.017  -6.988  -6.946  -6.891  -6.820  -6.729  -6.620  -6.493  -6.346  -6.196  -6.044  -5.895  -5.770  -5.665  -5.580
   3.440  -6.212  -6.259  -6.305  -6.349  -6.393  -6.435  -6.476  -6.516  -6.556  -6.595  -6.633  -6.670  -6.706  -6.742  -6.777  -6.811  -6.844  -6.875  -6.905  -6.933  -6.957  -6.977  -6.993  -7.001  -7.006  -7.007  -7.003  -6.992  -6.979  -6.964  -6.945  -6.925  -6.901  -6.868  -6.828  -6.773  -6.698  -6.605  -6.489  -6.348  -6.199  -6.045  -5.892  -5.763  -5.655  -5.565
   3.450  -6.057  -6.107  -6.155  -6.202  -6.248  -6.293  -6.337  -6.379  -6.421  -6.462  -6.502  -6.541  -6.579  -6.616  -6.653  -6.688  -6.723  -6.756  -6.787  -6.817  -6.843  -6.866  -6.884  -6.896  -6.903  -6.905  -6.902  -6.893  -6.882  -6.867  -6.849  -6.830  -6.807  -6.780  -6.750  -6.707  -6.650  -6.576  -6.474  -6.344  -6.202  -6.048  -5.891  -5.758  -5.645  -5.550
   3.460  -5.898  -5.951  -6.003  -6.053  -6.102  -6.149  -6.195  -6.240  -6.284  -6.327  -6.369  -6.410  -6.450  -6.489  -6.527  -6.564  -6.600  -6.635  -6.668  -6.700  -6.728  -6.753  -6.774  -6.789  -6.799  -6.803  -6.801  -6.795  -6.784  -6.769  -6.752  -6.733  -6.712  -6.688  -6.661  -6.626  -6.582  -6.525  -6.440  -6.327  -6.198  -6.047  -5.888  -5.753  -5.637  -5.538
   3.470  -5.735  -5.791  -5.845  -5.898  -5.950  -6.001  -6.050  -6.098  -6.144  -6.190  -6.234  -6.277  -6.319  -6.360  -6.400  -6.439  -6.477  -6.514  -6.549  -6.582  -6.612  -6.639  -6.662  -6.680  -6.694  -6.699  -6.698  -6.694  -6.687  -6.672  -6.655  -6.636  -6.616  -6.592  -6.567  -6.536  -6.501  -6.457  -6.388  -6.295  -6.182  -6.040  -5.884  -5.749  -5.630  -5.524
   3.480  -5.568  -5.628  -5.686  -5.742  -5.797  -5.850  -5.902  -5.952  -6.001  -6.049  -6.096  -6.142  -6.186  -6.230  -6.272  -6.313  -6.353  -6.391  -6.428  -6.463  -6.495  -6.524  -6.550  -6.571  -6.588  -6.595  -6.594  -6.592  -6.588  -6.574  -6.557  -6.538  -6.517  -6.495  -6.470  -6.442  -6.412  -6.374  -6.317  -6.245  -6.150  -6.022  -5.876  -5.745  -5.623  -5.508
   3.490  -5.396  -5.459  -5.521  -5.581  -5.639  -5.695  -5.750  -5.804  -5.856  -5.907  -5.956  -6.004  -6.051  -6.097  -6.141  -6.184  -6.226  -6.266  -6.305  -6.342  -6.377  -6.409  -6.437  -6.460  -6.480  -6.489  -6.490  -6.490  -6.488  -6.476  -6.459  -6.441  -6.419  -6.396  -6.372  -6.344  -6.315  -6.281  -6.234  -6.177  -6.099  -5.988  -5.859  -5.735  -5.613  -5.490
   3.500  -5.221  -5.288  -5.353  -5.416  -5.477  -5.537  -5.595  -5.652  -5.707  -5.761  -5.813  -5.864  -5.914  -5.962  -6.009  -6.054  -6.098  -6.140  -6.181  -6.221  -6.258  -6.292  -6.322  -6.347  -6.370  -6.382  -6.386  -6.388  -6.386  -6.375  -6.359  -6.341  -6.320  -6.297  -6.272  -6.244  -6.215  -6.183  -6.141  -6.094  -6.028  -5.936  -5.826  -5.712  -5.591  -5.463
   3.525  -4.765  -4.841  -4.916  -4.988  -5.058  -5.126  -5.193  -5.259  -5.322  -5.384  -5.443  -5.502  -5.558  -5.613  -5.667  -5.719  -5.769  -5.817  -5.864  -5.910  -5.952  -5.992  -6.028  -6.060  -6.088  -6.109  -6.121  -6.129  -6.129  -6.121  -6.109  -6.092  -6.071  -6.046  -6.019  -5.988  -5.955  -5.920  -5.880  -5.836  -5.782  -5.713  -5.632  -5.538  -5.432  -5.312
   3.550  -4.296  -4.381  -4.463  -4.544  -4.623  -4.700  -4.775  -4.849  -4.921  -4.990  -5.058  -5.124  -5.188  -5.250  -5.311  -5.370  -5.427  -5.481  -5.534  -5.586  -5.635  -5.681  -5.724  -5.761  -5.795  -5.822  -5.842  -5.854  -5.855  -5.850  -5.840  -5.822  -5.797  -5.768  -5.734  -5.696  -5.655  -5.609  -5.560  -5.507  -5.448  -5.384  -5.313  -5.230  -5.138  -5.035
   3.575  -3.822  -3.912  -4.000  -4.087  -4.173  -4.257  -4.340  -4.422  -4.501  -4.579  -4.655  -4.729  -4.801  -4.871  -4.940  -5.006  -5.071  -5.132  -5.192  -5.250  -5.305  -5.356  -5.404  -5.447  -5.485  -5.517  -5.541  -5.556  -5.558  -5.551  -5.538  -5.513  -5.479  -5.439  -5.392  -5.339  -5.283  -5.221  -5.157  -5.089  -5.017  -4.944  -4.866  -4.782  -4.691  -4.594
   3.600  -3.358  -3.450  -3.542  -3.634  -3.724  -3.814  -3.902  -3.990  -4.076  -4.161  -4.244  -4.325  -4.405  -4.483  -4.558  -4.632  -4.703  -4.773  -4.839  -4.903  -4.963  -5.020  -5.073  -5.120  -5.162  -5.195  -5.219  -5.234  -5.235  -5.224  -5.203  -5.169  -5.124  -5.072  -5.010  -4.943  -4.871  -4.794  -4.714  -4.631  -4.545  -4.457  -4.368  -4.276  -4.183  -4.088
   3.625  -2.917  -3.011  -3.105  -3.198  -3.291  -3.383  -3.474  -3.564  -3.653  -3.742  -3.830  -3.916  -4.001  -4.084  -4.166  -4.247  -4.325  -4.400  -4.473  -4.544  -4.610  -4.672  -4.729  -4.778  -4.823  -4.852  -4.868  -4.878  -4.877  -4.856  -4.823  -4.778  -4.722  -4.659  -4.588  -4.512  -4.431  -4.347  -4.261  -4.172  -4.081  -3.989  -3.894  -3.799  -3.703  -3.605
   3.650  -2.507  -2.600  -2.693  -2.785  -2.878  -2.970  -3.062  -3.153  -3.243  -3.334  -3.424  -3.513  -3.601  -3.689  -3.776  -3.861  -3.944  -4.026  -4.104  -4.180  -4.251  -4.317  -4.377  -4.428  -4.474  -4.498  -4.504  -4.508  -4.503  -4.472  -4.426  -4.372  -4.307  -4.236  -4.158  -4.076  -3.991  -3.903  -3.814  -3.724  -3.631  -3.536  -3.440  -3.342  -3.242  -3.140
   3.675  -2.128  -2.217  -2.307  -2.398  -2.489  -2.581  -2.674  -2.766  -2.858  -2.949  -3.041  -3.131  -3.221  -3.310  -3.398  -3.486  -3.571  -3.655  -3.736  -3.815  -3.889  -3.958  -4.020  -4.072  -4.118  -4.140  -4.141  -4.139  -4.130  -4.092  -4.039  -3.979  -3.909  -3.835  -3.754  -3.670  -3.584  -3.496  -3.406  -3.314  -3.220  -3.125  -3.027  -2.928  -2.826  -2.722
   3.700  -1.812  -1.890  -1.971  -2.054  -2.140  -2.228  -2.317  -2.408  -2.498  -2.589  -2.679  -2.769  -2.858  -2.947  -3.036  -3.123  -3.209  -3.294  -3.376  -3.456  -3.531  -3.601  -3.664  -3.716  -3.761  -3.781  -3.779  -3.774  -3.760  -3.717  -3.661  -3.598  -3.526  -3.451  -3.370  -3.286  -3.200  -3.113  -3.023  -2.932  -2.838  -2.743  -2.645  -2.544  -2.442  -2.336
   3.725  -1.583  -1.636  -1.697  -1.765  -1.840  -1.915  -1.994  -2.078  -2.163  -2.250  -2.338  -2.427  -2.516  -2.604  -2.692  -2.780  -2.866  -2.950  -3.032  -3.112  -3.187  -3.256  -3.318  -3.369  -3.412  -3.430  -3.427  -3.420  -3.404  -3.360  -3.304  -3.241  -3.170  -3.094  -3.014  -2.931  -2.846  -2.759  -2.669  -2.578  -2.484  -2.389  -2.291  -2.190  -2.087  -1.981
   3.750  -1.459  -1.484  -1.516  -1.558  -1.608  -1.665  -1.729  -1.799  -1.874  -1.952  -2.033  -2.116  -2.200  -2.284  -2.369  -2.454  -2.538  -2.620  -2.699  -2.777  -2.849  -2.916  -2.975  -3.023  -3.062  -3.079  -3.076  -3.068  -3.051  -3.008  -2.954  -2.893  -2.824  -2.751  -2.673  -2.591  -2.507  -2.421  -2.333  -2.242  -2.149  -2.054  -1.957  -1.857  -1.754  -1.648
   3.775  -1.420  -1.428  -1.439  -1.454  -1.475  -1.507  -1.546  -1.591  -1.645  -1.707  -1.772  -1.840  -1.912  -1.987  -2.064  -2.141  -2.219  -2.297  -2.371  -2.444  -2.512  -2.574  -2.629  -2.673  -2.709  -2.724  -2.721  -2.713  -2.696  -2.656  -2.604  -2.546  -2.480  -2.409  -2.333  -2.253  -2.172  -2.087  -2.001  -1.912  -1.821  -1.728  -1.633  -1.535  -1.434  -1.331
   3.800  -1.406  -1.407  -1.410  -1.415  -1.421  -1.432  -1.447  -1.467  -1.495  -1.529  -1.570  -1.619  -1.673  -1.732  -1.794  -1.859  -1.925  -1.992  -2.057  -2.122  -2.181  -2.235  -2.282  -2.320  -2.350  -2.363  -2.360  -2.351  -2.334  -2.298  -2.250  -2.196  -2.133  -2.066  -1.993  -1.917  -1.839  -1.757  -1.674  -1.589  -1.501  -1.411  -1.319  -1.224  -1.127  -1.027
   3.825  -1.403  -1.403  -1.404  -1.405  -1.406  -1.409  -1.413  -1.418  -1.426  -1.436  -1.451  -1.474  -1.502  -1.535  -1.575  -1.618  -1.663  -1.710  -1.757  -1.806  -1.851  -1.892  -1.928  -1.956  -1.978  -1.987  -1.985  -1.974  -1.955  -1.922  -1.880  -1.831  -1.774  -1.713  -1.646  -1.575  -1.502  -1.425  -1.347  -1.266  -1.183  -1.098  -1.011  -0.920  -0.827  -0.731
   3.850  -1.401  -1.401  -1.401  -1.401  -1.400  -1.400  -1.400  -1.400  -1.400  -1.400  -1.400  -1.401  -1.404  -1.409  -1.418  -1.432  -1.450  -1.472  -1.495  -1.521  -1.545  -1.567  -1.586  -1.600  -1.609  -1.612  -1.607  -1.592  -1.570  -1.540  -1.503  -1.459  -1.409  -1.354  -1.294  -1.230  -1.163  -1.093  -1.021  -0.946  -0.869  -0.789  -0.707  -0.622  -0.534  -0.443
   3.875  -1.399  -1.399  -1.399  -1.399  -1.398  -1.398  -1.398  -1.396  -1.394  -1.391  -1.384  -1.376  -1.365  -1.352  -1.335  -1.320  -1.308  -1.297  -1.290  -1.286  -1.279  -1.273  -1.267  -1.260  -1.251  -1.241  -1.226  -1.207  -1.182  -1.153  -1.119  -1.081  -1.037  -0.989  -0.936  -0.880  -0.821  -0.759  -0.694  -0.626  -0.556  -0.482  -0.406  -0.327  -0.245  -0.160
   3.900  -1.394  -1.396  -1.397  -1.397  -1.397  -1.396  -1.395  -1.393  -1.390  -1.386  -1.378  -1.367  -1.352  -1.332  -1.306  -1.275  -1.238  -1.196  -1.154  -1.110  -1.068  -1.029  -0.993  -0.959  -0.928  -0.898  -0.868  -0.839  -0.809  -0.777  -0.744  -0.708  -0.669  -0.626  -0.581  -0.532  -0.481  -0.426  -0.369  -0.308  -0.245  -0.178  -0.109  -0.036   0.039   0.118
   3.925  -1.356  -1.371  -1.379  -1.384  -1.388  -1.390  -1.390  -1.390  -1.387  -1.383  -1.377  -1.367  -1.352  -1.331  -1.302  -1.265  -1.215  -1.156  -1.088  -1.009  -0.934  -0.859  -0.787  -0.722  -0.662  -0.604  -0.552  -0.506  -0.463  -0.424  -0.386  -0.349  -0.311  -0.272  -0.231  -0.188  -0.143  -0.096  -0.046   0.008   0.064   0.123   0.185   0.251   0.320   0.393
   3.950  -1.270  -1.302  -1.328  -1.349  -1.364  -1.374  -1.380  -1.383  -1.383  -1.380  -1.375  -1.367  -1.352  -1.330  -1.301  -1.261  -1.208  -1.143  -1.066  -0.975  -0.877  -0.772  -0.662  -0.559  -0.461  -0.371  -0.293  -0.224  -0.162  -0.110  -0.062  -0.018   0.023   0.063   0.102   0.141   0.182   0.224   0.269   0.316   0.365   0.417   0.472   0.531   0.594   0.661
   3.975  -1.122  -1.160  -1.199  -1.235  -1.269  -1.298  -1.321  -1.341  -1.355  -1.362  -1.362  -1.356  -1.346  -1.328  -1.302  -1.263  -1.213  -1.149  -1.071  -0.976  -0.869  -0.746  -0.612  -0.477  -0.338  -0.211  -0.103  -0.007   0.075   0.147   0.213   0.270   0.319   0.365   0.407   0.447   0.487   0.527   0.568   0.610   0.655   0.702   0.751   0.804   0.861   0.922
   4.000  -0.981  -1.015  -1.052  -1.092  -1.135  -1.178  -1.218  -1.255  -1.286  -1.312  -1.325  -1.326  -1.327  -1.324  -1.303  -1.266  -1.218  -1.156  -1.076  -0.978  -0.866  -0.737  -0.595  -0.449  -0.295  -0.145  -0.005   0.127   0.243   0.344   0.432   0.507   0.571   0.629   0.678   0.724   0.767   0.807   0.847   0.888   0.929   0.972   1.017   1.066   1.118   1.173
   4.025  -0.917  -0.933  -0.955  -0.981  -1.012  -1.046  -1.084  -1.122  -1.156  -1.194  -1.223  -1.243  -1.263  -1.273  -1.266  -1.246  -1.206  -1.148  -1.073  -0.984  -0.877  -0.752  -0.612  -0.464  -0.301  -0.144   0.021   0.184   0.337   0.474   0.590   0.685   0.766   0.842   0.905   0.961   1.011   1.056   1.100   1.141   1.182   1.224   1.267   1.313   1.362   1.413
   4.050  -0.893  -0.896  -0.903  -0.912  -0.924  -0.941  -0.964  -0.991  -1.022  -1.058  -1.093  -1.128  -1.159  -1.174  -1.181  -1.184  -1.168  -1.127  -1.067  -0.987  -0.888  -0.768  -0.629  -0.479  -0.314  -0.144   0.029   0.204   0.368   0.525   0.669   0.796   0.907   1.005   1.087   1.158   1.220   1.273   1.324   1.369   1.413   1.457   1.500   1.545   1.592   1.640
   4.075  -0.888  -0.888  -0.890  -0.892  -0.896  -0.901  -0.909  -0.921  -0.937  -0.958  -0.980  -1.005  -1.029  -1.042  -1.051  -1.059  -1.059  -1.036  -0.997  -0.938  -0.857  -0.750  -0.622  -0.480  -0.332  -0.167   0.002   0.178   0.352   0.523   0.688   0.848   0.996   1.117   1.218   1.309   1.388   1.455   1.516   1.569   1.619   1.666   1.712   1.758   1.805   1.853
   4.100  -0.886  -0.885  -0.885  -0.885  -0.885  -0.886  -0.887  -0.889  -0.891  -0.895  -0.899  -0.905  -0.911  -0.915  -0.918  -0.919  -0.914  -0.898  -0.871  -0.831  -0.773  -0.695  -0.598  -0.481  -0.343  -0.191  -0.025   0.153   0.332   0.516   0.695   0.866   1.028   1.174   1.304   1.419   1.518   1.602   1.677   1.742   1.800   1.854   1.904   1.954   2.004   2.052

