low temperature opacities from Ferguson, Alexander, et al (2005) with gn93 metals
    form     version        X           Z          logRs    logR_min    logR_max       logTs    logT_min    logT_max
       1          38    0.500000    0.000300          46   -8.000000    1.000000          75    3.000000    4.100000

   logT                       logR = logRho - 3*logT + 18
          -8.000  -7.800  -7.600  -7.400  -7.200  -7.000  -6.800  -6.600  -6.400  -6.200  -6.000  -5.800  -5.600  -5.400  -5.200  -5.000  -4.800  -4.600  -4.400  -4.200  -4.000  -3.800  -3.600  -3.400  -3.200  -3.000  -2.800  -2.600  -2.400  -2.200  -2.000  -1.800  -1.600  -1.400  -1.200  -1.000  -0.800  -0.600  -0.400  -0.200   0.000   0.200   0.400   0.600   0.800   1.000

   3.000  -3.303  -3.297  -3.294  -3.296  -3.309  -3.331  -3.366  -3.406  -3.439  -3.466  -3.487  -3.501  -3.508  -3.503  -3.472  -3.452  -3.456  -3.462  -3.457  -3.425  -3.404  -3.430  -3.469  -3.370  -2.785  -2.303  -2.169  -2.098  -2.033  -1.982  -1.944  -1.919  -1.904  -1.893  -1.887  -1.883  -1.879  -1.875  -1.872  -1.869  -1.867  -1.865  -1.864  -1.862  -1.861  -1.860
   3.010  -3.295  -3.295  -3.293  -3.290  -3.285  -3.282  -3.284  -3.290  -3.302  -3.333  -3.368  -3.403  -3.437  -3.461  -3.477  -3.483  -3.468  -3.444  -3.440  -3.443  -3.444  -3.413  -3.364  -3.365  -3.415  -3.448  -3.081  -2.460  -2.201  -2.108  -2.047  -1.995  -1.961  -1.935  -1.920  -1.908  -1.897  -1.888  -1.880  -1.874  -1.869  -1.865  -1.862  -1.859  -1.856  -1.853
   3.020  -3.286  -3.285  -3.284  -3.282  -3.281  -3.279  -3.277  -3.274  -3.270  -3.265  -3.263  -3.276  -3.305  -3.337  -3.377  -3.412  -3.437  -3.453  -3.455  -3.453  -3.449  -3.442  -3.431  -3.414  -3.387  -3.372  -3.397  -3.436  -3.334  -2.744  -2.272  -2.154  -2.093  -2.039  -2.000  -1.970  -1.945  -1.926  -1.910  -1.897  -1.885  -1.876  -1.869  -1.862  -1.856  -1.850
   3.030  -3.299  -3.288  -3.279  -3.273  -3.270  -3.268  -3.266  -3.265  -3.263  -3.262  -3.260  -3.255  -3.251  -3.251  -3.260  -3.278  -3.314  -3.359  -3.391  -3.413  -3.425  -3.430  -3.433  -3.431  -3.417  -3.401  -3.383  -3.368  -3.367  -3.380  -3.388  -3.150  -2.706  -2.417  -2.230  -2.109  -2.045  -2.012  -1.979  -1.951  -1.928  -1.909  -1.893  -1.879  -1.865  -1.853
   3.040  -3.466  -3.396  -3.342  -3.305  -3.285  -3.272  -3.263  -3.258  -3.254  -3.253  -3.251  -3.249  -3.246  -3.243  -3.240  -3.238  -3.243  -3.254  -3.271  -3.293  -3.319  -3.349  -3.380  -3.401  -3.414  -3.419  -3.409  -3.391  -3.378  -3.369  -3.354  -3.263  -3.083  -2.864  -2.578  -2.343  -2.229  -2.170  -2.109  -2.057  -2.013  -1.977  -1.948  -1.919  -1.892  -1.868
   3.050  -4.871  -4.397  -4.010  -3.711  -3.499  -3.376  -3.319  -3.290  -3.267  -3.254  -3.246  -3.240  -3.237  -3.235  -3.232  -3.230  -3.227  -3.224  -3.224  -3.225  -3.227  -3.239  -3.264  -3.292  -3.327  -3.357  -3.378  -3.390  -3.390  -3.378  -3.365  -3.359  -3.355  -3.290  -2.974  -2.663  -2.508  -2.405  -2.308  -2.225  -2.154  -2.095  -2.045  -1.996  -1.948  -1.902
   3.060  -4.795  -4.796  -4.797  -4.797  -4.798  -4.798  -4.379  -3.686  -3.434  -3.353  -3.304  -3.268  -3.249  -3.236  -3.228  -3.223  -3.218  -3.215  -3.213  -3.211  -3.209  -3.207  -3.204  -3.206  -3.219  -3.243  -3.283  -3.327  -3.350  -3.362  -3.366  -3.363  -3.356  -3.318  -3.152  -2.969  -2.823  -2.685  -2.560  -2.449  -2.350  -2.267  -2.192  -2.116  -2.040  -1.964
   3.070  -4.721  -4.722  -4.723  -4.723  -4.724  -4.724  -4.724  -4.725  -4.656  -4.260  -3.855  -3.603  -3.416  -3.321  -3.276  -3.248  -3.227  -3.217  -3.208  -3.203  -3.200  -3.197  -3.194  -3.190  -3.186  -3.184  -3.189  -3.202  -3.223  -3.255  -3.283  -3.301  -3.312  -3.306  -3.257  -3.178  -3.069  -2.938  -2.815  -2.694  -2.579  -2.478  -2.382  -2.280  -2.173  -2.062
   3.080  -4.651  -4.651  -4.651  -4.651  -4.652  -4.652  -4.652  -4.653  -4.653  -4.654  -4.654  -4.654  -4.655  -4.541  -3.925  -3.449  -3.346  -3.293  -3.249  -3.223  -3.206  -3.195  -3.189  -3.183  -3.179  -3.176  -3.172  -3.169  -3.169  -3.173  -3.183  -3.211  -3.244  -3.250  -3.248  -3.245  -3.202  -3.112  -3.018  -2.911  -2.802  -2.699  -2.593  -2.474  -2.341  -2.198
   3.090  -4.587  -4.586  -4.585  -4.585  -4.584  -4.584  -4.584  -4.584  -4.584  -4.585  -4.585  -4.585  -4.586  -4.586  -4.586  -4.586  -4.368  -3.958  -3.669  -3.450  -3.312  -3.252  -3.221  -3.196  -3.182  -3.173  -3.166  -3.161  -3.157  -3.153  -3.151  -3.158  -3.174  -3.191  -3.213  -3.225  -3.215  -3.184  -3.134  -3.062  -2.979  -2.892  -2.793  -2.671  -2.528  -2.365
   3.100  -4.524  -4.523  -4.521  -4.521  -4.520  -4.520  -4.520  -4.519  -4.519  -4.518  -4.518  -4.518  -4.519  -4.519  -4.519  -4.519  -4.519  -4.520  -4.520  -4.520  -4.520  -4.172  -3.587  -3.352  -3.269  -3.220  -3.187  -3.170  -3.156  -3.147  -3.143  -3.142  -3.141  -3.144  -3.161  -3.177  -3.183  -3.186  -3.181  -3.146  -3.092  -3.032  -2.954  -2.846  -2.710  -2.546
   3.110  -4.466  -4.461  -4.458  -4.458  -4.459  -4.459  -4.458  -4.457  -4.457  -4.456  -4.456  -4.456  -4.455  -4.455  -4.455  -4.455  -4.455  -4.455  -4.455  -4.456  -4.456  -4.456  -4.456  -4.383  -3.965  -3.564  -3.379  -3.278  -3.213  -3.177  -3.158  -3.147  -3.141  -3.141  -3.147  -3.157  -3.173  -3.189  -3.190  -3.178  -3.153  -3.119  -3.067  -2.983  -2.868  -2.723
   3.120  -4.438  -4.419  -4.405  -4.399  -4.396  -4.395  -4.395  -4.396  -4.397  -4.398  -4.399  -4.398  -4.397  -4.396  -4.395  -4.395  -4.395  -4.394  -4.394  -4.394  -4.394  -4.394  -4.394  -4.394  -4.394  -4.394  -4.228  -3.906  -3.652  -3.417  -3.281  -3.244  -3.225  -3.216  -3.210  -3.208  -3.218  -3.234  -3.235  -3.220  -3.198  -3.176  -3.144  -3.082  -2.993  -2.880
   3.130  -4.484  -4.424  -4.380  -4.357  -4.344  -4.339  -4.336  -4.335  -4.335  -4.335  -4.336  -4.337  -4.339  -4.339  -4.338  -4.338  -4.338  -4.337  -4.337  -4.336  -4.336  -4.336  -4.335  -4.335  -4.335  -4.335  -4.335  -4.334  -4.334  -4.334  -4.334  -4.123  -3.740  -3.515  -3.400  -3.360  -3.359  -3.358  -3.349  -3.309  -3.266  -3.239  -3.211  -3.162  -3.095  -3.011
   3.140  -4.686  -4.541  -4.430  -4.358  -4.320  -4.300  -4.288  -4.282  -4.280  -4.279  -4.279  -4.279  -4.280  -4.280  -4.281  -4.282  -4.283  -4.284  -4.284  -4.283  -4.282  -4.281  -4.280  -4.280  -4.279  -4.279  -4.279  -4.278  -4.278  -4.278  -4.277  -4.196  -4.033  -3.881  -3.716  -3.608  -3.580  -3.564  -3.519  -3.448  -3.380  -3.335  -3.296  -3.247  -3.190  -3.127
   3.150  -5.024  -4.793  -4.605  -4.461  -4.363  -4.301  -4.265  -4.247  -4.236  -4.230  -4.227  -4.226  -4.225  -4.225  -4.225  -4.226  -4.227  -4.228  -4.228  -4.229  -4.229  -4.229  -4.228  -4.228  -4.227  -4.226  -4.226  -4.225  -4.225  -4.224  -4.224  -4.224  -4.224  -4.192  -4.017  -3.859  -3.810  -3.782  -3.720  -3.626  -3.536  -3.470  -3.412  -3.354  -3.296  -3.240
   3.160  -5.386  -5.141  -4.919  -4.719  -4.538  -4.394  -4.300  -4.245  -4.212  -4.194  -4.185  -4.179  -4.177  -4.176  -4.175  -4.175  -4.175  -4.175  -4.175  -4.176  -4.176  -4.176  -4.177  -4.177  -4.177  -4.177  -4.176  -4.175  -4.175  -4.174  -4.174  -4.174  -4.173  -4.162  -4.102  -4.037  -3.998  -3.959  -3.893  -3.798  -3.705  -3.626  -3.553  -3.484  -3.421  -3.363
   3.170  -5.698  -5.490  -5.279  -5.059  -4.825  -4.617  -4.454  -4.325  -4.236  -4.188  -4.162  -4.145  -4.137  -4.132  -4.129  -4.128  -4.127  -4.127  -4.127  -4.127  -4.127  -4.127  -4.128  -4.128  -4.128  -4.128  -4.128  -4.128  -4.128  -4.127  -4.127  -4.127  -4.126  -4.124  -4.113  -4.096  -4.077  -4.049  -4.000  -3.926  -3.848  -3.772  -3.695  -3.623  -3.557  -3.494
   3.180  -5.931  -5.773  -5.595  -5.395  -5.167  -4.942  -4.725  -4.523  -4.368  -4.257  -4.181  -4.136  -4.113  -4.099  -4.091  -4.087  -4.085  -4.083  -4.083  -4.082  -4.082  -4.082  -4.082  -4.082  -4.083  -4.083  -4.083  -4.083  -4.083  -4.083  -4.083  -4.083  -4.082  -4.082  -4.082  -4.083  -4.078  -4.064  -4.040  -3.996  -3.942  -3.881  -3.813  -3.749  -3.685  -3.623
   3.190  -6.086  -5.977  -5.841  -5.679  -5.487  -5.279  -5.052  -4.820  -4.615  -4.430  -4.282  -4.185  -4.126  -4.088  -4.066  -4.055  -4.048  -4.044  -4.042  -4.040  -4.040  -4.040  -4.040  -4.040  -4.040  -4.040  -4.040  -4.040  -4.040  -4.040  -4.040  -4.040  -4.040  -4.040  -4.041  -4.041  -4.040  -4.037  -4.031  -4.012  -3.982  -3.941  -3.892  -3.841  -3.788  -3.732
   3.200  -6.180  -6.110  -6.014  -5.891  -5.742  -5.569  -5.367  -5.147  -4.928  -4.701  -4.499  -4.338  -4.211  -4.120  -4.070  -4.041  -4.023  -4.013  -4.007  -4.004  -4.002  -4.001  -4.000  -4.000  -4.000  -4.000  -4.000  -4.000  -4.000  -4.000  -4.000  -4.000  -4.001  -4.001  -4.001  -4.001  -4.001  -4.001  -4.000  -3.993  -3.981  -3.959  -3.928  -3.894  -3.855  -3.810
   3.210  -6.232  -6.190  -6.125  -6.038  -5.929  -5.795  -5.632  -5.445  -5.241  -5.013  -4.791  -4.579  -4.384  -4.237  -4.136  -4.065  -4.021  -3.998  -3.983  -3.974  -3.969  -3.966  -3.964  -3.964  -3.963  -3.963  -3.963  -3.963  -3.963  -3.963  -3.963  -3.963  -3.964  -3.964  -3.964  -3.964  -3.964  -3.964  -3.964  -3.962  -3.957  -3.948  -3.931  -3.910  -3.884  -3.853
   3.220  -6.257  -6.232  -6.190  -6.131  -6.056  -5.959  -5.834  -5.685  -5.512  -5.311  -5.100  -4.876  -4.650  -4.456  -4.288  -4.154  -4.065  -4.010  -3.975  -3.956  -3.945  -3.937  -3.933  -3.931  -3.930  -3.929  -3.928  -3.928  -3.928  -3.928  -3.928  -3.928  -3.929  -3.929  -3.929  -3.929  -3.929  -3.929  -3.929  -3.928  -3.926  -3.922  -3.914  -3.902  -3.886  -3.865
   3.230  -6.260  -6.247  -6.221  -6.183  -6.135  -6.068  -5.978  -5.866  -5.728  -5.564  -5.379  -5.170  -4.947  -4.731  -4.514  -4.326  -4.185  -4.078  -4.002  -3.960  -3.935  -3.918  -3.909  -3.903  -3.900  -3.898  -3.897  -3.896  -3.896  -3.895  -3.895  -3.895  -3.896  -3.896  -3.896  -3.896  -3.896  -3.896  -3.896  -3.895  -3.894  -3.891  -3.887  -3.880  -3.870  -3.856
   3.240  -6.246  -6.242  -6.228  -6.206  -6.178  -6.134  -6.073  -5.994  -5.889  -5.760  -5.608  -5.430  -5.231  -5.021  -4.793  -4.578  -4.387  -4.219  -4.093  -4.007  -3.949  -3.914  -3.896  -3.883  -3.875  -3.871  -3.868  -3.866  -3.866  -3.865  -3.865  -3.865  -3.865  -3.865  -3.865  -3.865  -3.865  -3.865  -3.865  -3.864  -3.862  -3.860  -3.858  -3.852  -3.845  -3.836
   3.250  -6.214  -6.214  -6.212  -6.208  -6.193  -6.165  -6.127  -6.075  -6.001  -5.906  -5.787  -5.642  -5.473  -5.285  -5.072  -4.857  -4.639  -4.428  -4.255  -4.118  -4.012  -3.943  -3.903  -3.875  -3.859  -3.850  -3.844  -3.841  -3.839  -3.837  -3.836  -3.836  -3.836  -3.836  -3.836  -3.835  -3.835  -3.835  -3.835  -3.834  -3.833  -3.831  -3.828  -3.824  -3.818  -3.810
   3.260  -6.163  -6.176  -6.183  -6.183  -6.179  -6.169  -6.151  -6.119  -6.069  -6.004  -5.917  -5.804  -5.668  -5.508  -5.324  -5.125  -4.908  -4.685  -4.483  -4.295  -4.139  -4.026  -3.946  -3.888  -3.857  -3.839  -3.826  -3.820  -3.815  -3.812  -3.810  -3.809  -3.809  -3.808  -3.808  -3.808  -3.808  -3.807  -3.807  -3.806  -3.804  -3.802  -3.800  -3.796  -3.791  -3.784
   3.270  -6.098  -6.117  -6.132  -6.143  -6.149  -6.151  -6.146  -6.129  -6.102  -6.062  -6.002  -5.920  -5.816  -5.687  -5.534  -5.360  -5.163  -4.950  -4.739  -4.522  -4.327  -4.167  -4.037  -3.942  -3.883  -3.845  -3.820  -3.806  -3.796  -3.790  -3.787  -3.785  -3.784  -3.783  -3.782  -3.782  -3.781  -3.781  -3.780  -3.779  -3.777  -3.775  -3.773  -3.769  -3.764  -3.757
   3.280  -6.024  -6.047  -6.068  -6.086  -6.103  -6.111  -6.111  -6.111  -6.108  -6.087  -6.048  -5.994  -5.921  -5.822  -5.699  -5.553  -5.384  -5.195  -4.992  -4.770  -4.558  -4.364  -4.190  -4.053  -3.953  -3.879  -3.831  -3.804  -3.786  -3.775  -3.769  -3.764  -3.762  -3.760  -3.759  -3.757  -3.756  -3.756  -3.754  -3.753  -3.751  -3.749  -3.746  -3.742  -3.737  -3.731
   3.290  -5.949  -5.973  -5.996  -6.018  -6.038  -6.055  -6.069  -6.079  -6.079  -6.073  -6.060  -6.033  -5.984  -5.913  -5.821  -5.706  -5.566  -5.404  -5.222  -5.017  -4.808  -4.596  -4.390  -4.215  -4.067  -3.950  -3.873  -3.825  -3.788  -3.768  -3.756  -3.748  -3.743  -3.739  -3.737  -3.735  -3.733  -3.731  -3.730  -3.728  -3.726  -3.723  -3.721  -3.717  -3.712  -3.706
   3.300  -5.876  -5.899  -5.922  -5.944  -5.968  -5.989  -6.009  -6.025  -6.035  -6.041  -6.043  -6.034  -6.008  -5.965  -5.903  -5.818  -5.707  -5.572  -5.416  -5.238  -5.045  -4.834  -4.616  -4.419  -4.235  -4.080  -3.964  -3.877  -3.813  -3.775  -3.752  -3.737  -3.729  -3.723  -3.718  -3.714  -3.711  -3.708  -3.706  -3.704  -3.701  -3.698  -3.695  -3.691  -3.686  -3.680
   3.310  -5.807  -5.828  -5.850  -5.872  -5.895  -5.918  -5.940  -5.961  -5.979  -5.995  -6.003  -6.001  -5.996  -5.984  -5.948  -5.888  -5.806  -5.702  -5.574  -5.422  -5.251  -5.058  -4.850  -4.646  -4.439  -4.252  -4.096  -3.966  -3.870  -3.808  -3.765  -3.736  -3.721  -3.708  -3.700  -3.694  -3.689  -3.686  -3.682  -3.680  -3.677  -3.674  -3.670  -3.666  -3.661  -3.655
   3.320  -5.745  -5.764  -5.784  -5.804  -5.826  -5.848  -5.870  -5.893  -5.913  -5.933  -5.949  -5.960  -5.967  -5.966  -5.951  -5.920  -5.869  -5.793  -5.693  -5.568  -5.422  -5.254  -5.067  -4.870  -4.657  -4.454  -4.269  -4.103  -3.971  -3.875  -3.802  -3.754  -3.725  -3.703  -3.689  -3.680  -3.673  -3.667  -3.663  -3.658  -3.654  -3.650  -3.645  -3.640  -3.635  -3.629
   3.330  -5.690  -5.706  -5.723  -5.741  -5.761  -5.781  -5.802  -5.823  -5.845  -5.866  -5.886  -5.906  -5.921  -5.924  -5.922  -5.918  -5.896  -5.846  -5.773  -5.677  -5.558  -5.417  -5.254  -5.074  -4.872  -4.669  -4.469  -4.277  -4.115  -3.978  -3.869  -3.794  -3.744  -3.707  -3.686  -3.672  -3.660  -3.652  -3.644  -3.638  -3.632  -3.626  -3.620  -3.614  -3.608  -3.601
   3.340  -5.642  -5.655  -5.669  -5.685  -5.701  -5.719  -5.738  -5.758  -5.778  -5.800  -5.821  -5.841  -5.860  -5.875  -5.885  -5.889  -5.881  -5.858  -5.818  -5.751  -5.659  -5.543  -5.405  -5.247  -5.068  -4.878  -4.676  -4.472  -4.287  -4.117  -3.974  -3.868  -3.790  -3.731  -3.695  -3.670  -3.651  -3.639  -3.627  -3.618  -3.610  -3.602  -3.595  -3.587  -3.579  -3.570
   3.350  -5.599  -5.609  -5.621  -5.634  -5.648  -5.664  -5.680  -5.698  -5.716  -5.736  -5.756  -5.777  -5.797  -5.815  -5.834  -5.843  -5.842  -5.839  -5.830  -5.790  -5.724  -5.635  -5.523  -5.390  -5.235  -5.063  -4.872  -4.669  -4.476  -4.287  -4.118  -3.979  -3.864  -3.778  -3.720  -3.679  -3.650  -3.631  -3.615  -3.602  -3.591  -3.580  -3.569  -3.559  -3.548  -3.537
   3.360  -5.564  -5.571  -5.579  -5.589  -5.600  -5.613  -5.627  -5.643  -5.659  -5.677  -5.695  -5.714  -5.734  -5.752  -5.771  -5.787  -5.799  -5.807  -5.806  -5.788  -5.753  -5.694  -5.608  -5.500  -5.369  -5.219  -5.047  -4.858  -4.668  -4.470  -4.284  -4.117  -3.968  -3.852  -3.768  -3.704  -3.659  -3.631  -3.606  -3.588  -3.572  -3.557  -3.543  -3.529  -3.515  -3.502
   3.370  -5.537  -5.540  -5.544  -5.550  -5.559  -5.569  -5.580  -5.593  -5.607  -5.622  -5.638  -5.655  -5.673  -5.691  -5.710  -5.728  -5.746  -5.760  -5.762  -5.758  -5.750  -5.721  -5.661  -5.578  -5.471  -5.343  -5.193  -5.025  -4.845  -4.648  -4.456  -4.273  -4.101  -3.959  -3.843  -3.751  -3.685  -3.639  -3.602  -3.576  -3.555  -3.535  -3.517  -3.499  -3.481  -3.464
   3.380  -5.515  -5.515  -5.517  -5.520  -5.524  -5.531  -5.539  -5.549  -5.560  -5.573  -5.587  -5.602  -5.618  -5.634  -5.652  -5.669  -5.686  -5.702  -5.713  -5.719  -5.721  -5.710  -5.677  -5.621  -5.540  -5.437  -5.312  -5.165  -5.001  -4.815  -4.625  -4.436  -4.251  -4.087  -3.940  -3.818  -3.727  -3.659  -3.605  -3.569  -3.540  -3.514  -3.491  -3.469  -3.446  -3.425
   3.390  -5.497  -5.496  -5.495  -5.495  -5.497  -5.500  -5.504  -5.510  -5.518  -5.529  -5.540  -5.552  -5.566  -5.580  -5.596  -5.612  -5.629  -5.645  -5.659  -5.671  -5.677  -5.673  -5.660  -5.635  -5.580  -5.501  -5.399  -5.275  -5.129  -4.962  -4.783  -4.594  -4.401  -4.222  -4.053  -3.906  -3.789  -3.697  -3.623  -3.570  -3.528  -3.493  -3.464  -3.436  -3.409  -3.384
   3.400  -5.482  -5.479  -5.477  -5.476  -5.475  -5.475  -5.476  -5.479  -5.484  -5.491  -5.499  -5.509  -5.520  -5.532  -5.545  -5.559  -5.574  -5.589  -5.603  -5.619  -5.626  -5.626  -5.625  -5.619  -5.587  -5.531  -5.454  -5.353  -5.230  -5.084  -4.920  -4.737  -4.543  -4.358  -4.177  -4.012  -3.870  -3.749  -3.652  -3.579  -3.521  -3.474  -3.438  -3.402  -3.369  -3.340
   3.410  -5.470  -5.466  -5.463  -5.459  -5.456  -5.455  -5.455  -5.455  -5.455  -5.458  -5.463  -5.470  -5.478  -5.488  -5.499  -5.511  -5.524  -5.537  -5.549  -5.562  -5.572  -5.578  -5.582  -5.580  -5.563  -5.530  -5.477  -5.401  -5.301  -5.178  -5.034  -4.864  -4.676  -4.490  -4.299  -4.120  -3.958  -3.812  -3.692  -3.598  -3.521  -3.460  -3.412  -3.368  -3.328  -3.294
   3.420  -5.458  -5.454  -5.451  -5.447  -5.443  -5.440  -5.437  -5.434  -5.434  -5.434  -5.435  -5.437  -5.442  -5.448  -5.457  -5.466  -5.476  -5.488  -5.498  -5.510  -5.519  -5.527  -5.532  -5.532  -5.522  -5.503  -5.469  -5.415  -5.338  -5.240  -5.118  -4.967  -4.793  -4.611  -4.414  -4.224  -4.048  -3.884  -3.745  -3.628  -3.530  -3.452  -3.390  -3.335  -3.287  -3.247
   3.430  -5.441  -5.439  -5.437  -5.434  -5.431  -5.427  -5.423  -5.420  -5.416  -5.413  -5.412  -5.412  -5.413  -5.415  -5.420  -5.426  -5.434  -5.443  -5.451  -5.461  -5.469  -5.476  -5.480  -5.480  -5.474  -5.462  -5.439  -5.400  -5.342  -5.267  -5.168  -5.040  -4.888  -4.716  -4.520  -4.324  -4.137  -3.958  -3.801  -3.663  -3.545  -3.449  -3.371  -3.303  -3.246  -3.200
   3.440  -5.412  -5.416  -5.419  -5.419  -5.417  -5.414  -5.410  -5.406  -5.402  -5.398  -5.395  -5.392  -5.390  -5.390  -5.391  -5.393  -5.397  -5.402  -5.408  -5.415  -5.421  -5.426  -5.429  -5.428  -5.423  -5.413  -5.395  -5.364  -5.319  -5.261  -5.182  -5.078  -4.951  -4.796  -4.611  -4.419  -4.225  -4.032  -3.859  -3.702  -3.565  -3.452  -3.358  -3.277  -3.208  -3.153
   3.450  -5.362  -5.376  -5.387  -5.392  -5.395  -5.396  -5.395  -5.393  -5.389  -5.385  -5.380  -5.376  -5.373  -5.370  -5.367  -5.366  -5.366  -5.368  -5.371  -5.375  -5.378  -5.379  -5.380  -5.379  -5.373  -5.361  -5.343  -5.316  -5.278  -5.231  -5.166  -5.082  -4.978  -4.844  -4.679  -4.499  -4.304  -4.102  -3.917  -3.746  -3.593  -3.463  -3.352  -3.255  -3.174  -3.108
   3.460  -5.283  -5.309  -5.330  -5.347  -5.359  -5.367  -5.371  -5.373  -5.373  -5.370  -5.367  -5.363  -5.358  -5.354  -5.349  -5.345  -5.342  -5.340  -5.339  -5.338  -5.338  -5.337  -5.335  -5.332  -5.323  -5.309  -5.289  -5.262  -5.226  -5.183  -5.126  -5.056  -4.969  -4.855  -4.715  -4.554  -4.368  -4.167  -3.977  -3.792  -3.623  -3.477  -3.349  -3.238  -3.144  -3.068
   3.470  -5.177  -5.214  -5.246  -5.275  -5.299  -5.318  -5.332  -5.341  -5.346  -5.348  -5.349  -5.347  -5.344  -5.340  -5.334  -5.329  -5.324  -5.318  -5.314  -5.309  -5.305  -5.301  -5.296  -5.287  -5.276  -5.259  -5.236  -5.208  -5.171  -5.127  -5.072  -5.008  -4.931  -4.832  -4.713  -4.573  -4.405  -4.218  -4.031  -3.836  -3.654  -3.494  -3.350  -3.225  -3.119  -3.031
   3.480  -5.049  -5.095  -5.137  -5.176  -5.211  -5.241  -5.267  -5.287  -5.304  -5.315  -5.321  -5.323  -5.324  -5.323  -5.319  -5.314  -5.308  -5.301  -5.294  -5.287  -5.279  -5.271  -5.261  -5.248  -5.233  -5.213  -5.187  -5.154  -5.114  -5.067  -5.011  -4.946  -4.871  -4.781  -4.677  -4.554  -4.406  -4.240  -4.062  -3.870  -3.684  -3.514  -3.356  -3.218  -3.098  -2.997
   3.490  -4.905  -4.959  -5.009  -5.056  -5.099  -5.139  -5.175  -5.207  -5.234  -5.256  -5.274  -5.288  -5.296  -5.297  -5.297  -5.297  -5.294  -5.287  -5.279  -5.270  -5.259  -5.247  -5.233  -5.216  -5.197  -5.172  -5.141  -5.104  -5.060  -5.008  -4.948  -4.880  -4.802  -4.714  -4.616  -4.503  -4.372  -4.226  -4.065  -3.885  -3.705  -3.530  -3.361  -3.211  -3.079  -2.963
   3.500  -4.751  -4.810  -4.866  -4.919  -4.970  -5.018  -5.063  -5.104  -5.141  -5.174  -5.202  -5.226  -5.244  -5.258  -5.268  -5.271  -5.270  -5.268  -5.263  -5.254  -5.242  -5.228  -5.211  -5.190  -5.166  -5.137  -5.101  -5.059  -5.009  -4.952  -4.887  -4.813  -4.730  -4.638  -4.540  -4.430  -4.309  -4.177  -4.031  -3.870  -3.703  -3.531  -3.358  -3.203  -3.061  -2.933
   3.525  -4.334  -4.404  -4.472  -4.538  -4.602  -4.663  -4.723  -4.780  -4.834  -4.885  -4.933  -4.977  -5.017  -5.055  -5.087  -5.111  -5.131  -5.149  -5.163  -5.171  -5.173  -5.169  -5.157  -5.139  -5.115  -5.083  -5.043  -4.992  -4.929  -4.855  -4.771  -4.677  -4.573  -4.464  -4.348  -4.228  -4.106  -3.979  -3.846  -3.706  -3.568  -3.417  -3.260  -3.108  -2.967  -2.831
   3.550  -3.892  -3.971  -4.048  -4.123  -4.196  -4.267  -4.336  -4.404  -4.469  -4.532  -4.593  -4.652  -4.708  -4.761  -4.812  -4.859  -4.903  -4.944  -4.979  -5.009  -5.032  -5.046  -5.053  -5.052  -5.036  -5.006  -4.964  -4.908  -4.838  -4.754  -4.657  -4.547  -4.427  -4.301  -4.168  -4.032  -3.895  -3.756  -3.618  -3.482  -3.346  -3.212  -3.079  -2.947  -2.815  -2.683
   3.575  -3.437  -3.523  -3.607  -3.690  -3.771  -3.851  -3.929  -4.006  -4.081  -4.153  -4.224  -4.293  -4.359  -4.423  -4.484  -4.543  -4.599  -4.651  -4.698  -4.741  -4.776  -4.805  -4.829  -4.840  -4.836  -4.821  -4.790  -4.742  -4.682  -4.607  -4.517  -4.414  -4.299  -4.174  -4.038  -3.897  -3.752  -3.602  -3.454  -3.306  -3.159  -3.016  -2.875  -2.736  -2.599  -2.463
   3.600  -2.983  -3.073  -3.163  -3.251  -3.339  -3.425  -3.510  -3.593  -3.675  -3.754  -3.832  -3.907  -3.980  -4.051  -4.120  -4.186  -4.249  -4.309  -4.364  -4.415  -4.460  -4.500  -4.532  -4.544  -4.550  -4.552  -4.537  -4.500  -4.451  -4.387  -4.310  -4.219  -4.115  -3.998  -3.869  -3.731  -3.584  -3.430  -3.275  -3.118  -2.962  -2.808  -2.656  -2.509  -2.366  -2.226
   3.625  -2.548  -2.641  -2.733  -2.824  -2.915  -3.004  -3.093  -3.180  -3.266  -3.351  -3.434  -3.516  -3.596  -3.673  -3.749  -3.822  -3.892  -3.958  -4.018  -4.073  -4.121  -4.163  -4.194  -4.203  -4.205  -4.203  -4.184  -4.143  -4.091  -4.026  -3.951  -3.865  -3.770  -3.667  -3.554  -3.434  -3.308  -3.176  -3.041  -2.902  -2.760  -2.617  -2.471  -2.326  -2.181  -2.037
   3.650  -2.134  -2.227  -2.320  -2.412  -2.504  -2.595  -2.685  -2.775  -2.863  -2.952  -3.039  -3.125  -3.209  -3.292  -3.373  -3.451  -3.525  -3.596  -3.659  -3.716  -3.764  -3.803  -3.830  -3.833  -3.828  -3.817  -3.788  -3.739  -3.681  -3.612  -3.536  -3.454  -3.366  -3.275  -3.179  -3.079  -2.976  -2.868  -2.757  -2.641  -2.519  -2.391  -2.257  -2.120  -1.979  -1.833
   3.675  -1.744  -1.837  -1.930  -2.022  -2.115  -2.207  -2.299  -2.390  -2.481  -2.571  -2.660  -2.748  -2.835  -2.920  -3.003  -3.084  -3.161  -3.234  -3.299  -3.358  -3.407  -3.444  -3.467  -3.469  -3.458  -3.438  -3.401  -3.347  -3.286  -3.214  -3.137  -3.056  -2.970  -2.882  -2.791  -2.697  -2.601  -2.502  -2.400  -2.294  -2.184  -2.069  -1.948  -1.824  -1.697  -1.565
   3.700  -1.395  -1.483  -1.572  -1.662  -1.753  -1.844  -1.935  -2.027  -2.117  -2.208  -2.297  -2.385  -2.472  -2.558  -2.642  -2.723  -2.801  -2.875  -2.941  -3.001  -3.049  -3.083  -3.103  -3.104  -3.090  -3.061  -3.017  -2.961  -2.897  -2.824  -2.746  -2.664  -2.579  -2.491  -2.401  -2.309  -2.215  -2.119  -2.021  -1.921  -1.818  -1.712  -1.604  -1.493  -1.379  -1.263
   3.725  -1.098  -1.174  -1.252  -1.333  -1.418  -1.504  -1.593  -1.682  -1.772  -1.861  -1.950  -2.039  -2.126  -2.212  -2.296  -2.377  -2.456  -2.529  -2.595  -2.654  -2.700  -2.732  -2.749  -2.749  -2.732  -2.701  -2.655  -2.598  -2.533  -2.461  -2.383  -2.301  -2.216  -2.129  -2.040  -1.950  -1.857  -1.762  -1.666  -1.568  -1.468  -1.366  -1.262  -1.155  -1.046  -0.935
   3.750  -0.876  -0.931  -0.992  -1.058  -1.131  -1.208  -1.288  -1.371  -1.455  -1.540  -1.625  -1.711  -1.796  -1.880  -1.962  -2.041  -2.117  -2.189  -2.252  -2.307  -2.351  -2.380  -2.395  -2.395  -2.377  -2.345  -2.300  -2.243  -2.179  -2.108  -2.031  -1.951  -1.867  -1.781  -1.693  -1.603  -1.511  -1.417  -1.322  -1.225  -1.126  -1.025  -0.922  -0.817  -0.710  -0.601
   3.775  -0.755  -0.782  -0.817  -0.860  -0.910  -0.968  -1.033  -1.100  -1.170  -1.244  -1.321  -1.399  -1.478  -1.555  -1.633  -1.707  -1.779  -1.846  -1.904  -1.956  -1.996  -2.022  -2.035  -2.034  -2.017  -1.986  -1.942  -1.887  -1.826  -1.757  -1.682  -1.604  -1.523  -1.439  -1.353  -1.266  -1.176  -1.085  -0.992  -0.897  -0.800  -0.702  -0.601  -0.498  -0.393  -0.286
   3.800  -0.710  -0.717  -0.730  -0.748  -0.771  -0.802  -0.841  -0.886  -0.937  -0.995  -1.056  -1.120  -1.187  -1.253  -1.321  -1.386  -1.448  -1.507  -1.558  -1.602  -1.636  -1.657  -1.668  -1.667  -1.649  -1.620  -1.579  -1.528  -1.470  -1.404  -1.334  -1.260  -1.182  -1.102  -1.019  -0.935  -0.849  -0.762  -0.672  -0.580  -0.486  -0.390  -0.292  -0.192  -0.089   0.016
   3.825  -0.698  -0.699  -0.701  -0.705  -0.711  -0.719  -0.731  -0.752  -0.776  -0.808  -0.846  -0.890  -0.933  -0.979  -1.028  -1.076  -1.123  -1.168  -1.207  -1.242  -1.265  -1.278  -1.285  -1.284  -1.267  -1.239  -1.202  -1.156  -1.104  -1.044  -0.980  -0.912  -0.840  -0.765  -0.688  -0.608  -0.527  -0.444  -0.359  -0.271  -0.181  -0.089   0.005   0.102   0.202   0.305
   3.850  -0.694  -0.693  -0.692  -0.690  -0.689  -0.689  -0.689  -0.689  -0.690  -0.694  -0.703  -0.715  -0.732  -0.751  -0.775  -0.800  -0.825  -0.850  -0.872  -0.891  -0.901  -0.902  -0.902  -0.899  -0.881  -0.853  -0.820  -0.779  -0.733  -0.680  -0.623  -0.562  -0.497  -0.429  -0.357  -0.284  -0.209  -0.132  -0.052   0.031   0.116   0.203   0.293   0.386   0.482   0.582
   3.875  -0.694  -0.693  -0.691  -0.689  -0.686  -0.682  -0.677  -0.669  -0.659  -0.646  -0.631  -0.614  -0.602  -0.592  -0.583  -0.578  -0.574  -0.568  -0.562  -0.559  -0.550  -0.538  -0.526  -0.513  -0.491  -0.464  -0.433  -0.397  -0.356  -0.310  -0.261  -0.207  -0.150  -0.090  -0.026   0.040   0.108   0.179   0.253   0.329   0.408   0.490   0.575   0.663   0.755   0.850
   3.900  -0.695  -0.694  -0.691  -0.689  -0.685  -0.680  -0.673  -0.663  -0.648  -0.630  -0.607  -0.577  -0.542  -0.504  -0.462  -0.420  -0.379  -0.339  -0.302  -0.268  -0.236  -0.206  -0.177  -0.147  -0.118  -0.088  -0.056  -0.021   0.016   0.056   0.099   0.145   0.195   0.248   0.303   0.362   0.423   0.487   0.554   0.623   0.696   0.772   0.851   0.934   1.020   1.109
   3.925  -0.694  -0.693  -0.691  -0.690  -0.687  -0.682  -0.674  -0.665  -0.650  -0.631  -0.606  -0.571  -0.527  -0.473  -0.408  -0.335  -0.258  -0.183  -0.112  -0.044   0.017   0.076   0.131   0.180   0.223   0.264   0.302   0.338   0.376   0.413   0.453   0.494   0.537   0.583   0.631   0.682   0.736   0.792   0.852   0.915   0.980   1.050   1.122   1.199   1.279   1.362
   3.950  -0.691  -0.691  -0.691  -0.691  -0.688  -0.683  -0.676  -0.667  -0.652  -0.633  -0.606  -0.569  -0.522  -0.462  -0.390  -0.307  -0.212  -0.109  -0.005   0.102   0.204   0.296   0.381   0.454   0.518   0.574   0.624   0.668   0.710   0.749   0.788   0.827   0.866   0.907   0.949   0.994   1.041   1.091   1.144   1.200   1.259   1.322   1.388   1.457   1.531   1.609
   3.975  -0.671  -0.676  -0.681  -0.684  -0.684  -0.681  -0.675  -0.667  -0.656  -0.639  -0.612  -0.576  -0.530  -0.469  -0.396  -0.309  -0.210  -0.092   0.035   0.173   0.311   0.440   0.559   0.660   0.746   0.823   0.892   0.951   1.004   1.051   1.094   1.135   1.174   1.213   1.252   1.293   1.336   1.380   1.427   1.477   1.530   1.587   1.647   1.711   1.779   1.851
   4.000  -0.642  -0.652  -0.661  -0.667  -0.672  -0.674  -0.672  -0.667  -0.658  -0.643  -0.618  -0.585  -0.541  -0.481  -0.407  -0.317  -0.209  -0.086   0.048   0.196   0.347   0.497   0.644   0.778   0.900   1.009   1.102   1.182   1.252   1.311   1.364   1.411   1.453   1.494   1.534   1.573   1.613   1.655   1.698   1.743   1.791   1.842   1.897   1.956   2.019   2.086
   4.025  -0.618  -0.625  -0.631  -0.637  -0.644  -0.649  -0.652  -0.652  -0.647  -0.636  -0.616  -0.587  -0.549  -0.494  -0.425  -0.336  -0.226  -0.104   0.032   0.183   0.339   0.494   0.658   0.821   0.979   1.125   1.250   1.353   1.440   1.517   1.585   1.645   1.696   1.744   1.786   1.827   1.868   1.908   1.950   1.993   2.038   2.085   2.136   2.190   2.249   2.311
   4.050  -0.602  -0.603  -0.606  -0.609  -0.613  -0.618  -0.623  -0.626  -0.626  -0.621  -0.609  -0.588  -0.552  -0.502  -0.437  -0.354  -0.252  -0.132   0.003   0.155   0.317   0.487   0.663   0.835   1.006   1.167   1.315   1.450   1.568   1.670   1.759   1.835   1.900   1.958   2.009   2.055   2.099   2.141   2.183   2.225   2.269   2.315   2.363   2.414   2.469   2.527
   4.075  -0.596  -0.597  -0.597  -0.598  -0.599  -0.601  -0.602  -0.602  -0.600  -0.594  -0.585  -0.568  -0.537  -0.492  -0.434  -0.358  -0.268  -0.159  -0.032   0.117   0.278   0.452   0.632   0.808   0.987   1.159   1.318   1.485   1.638   1.774   1.884   1.976   2.060   2.133   2.195   2.251   2.302   2.349   2.394   2.438   2.483   2.529   2.576   2.626   2.679   2.735
   4.100  -0.594  -0.594  -0.593  -0.593  -0.592  -0.590  -0.588  -0.584  -0.578  -0.570  -0.557  -0.539  -0.514  -0.475  -0.426  -0.360  -0.276  -0.174  -0.055   0.084   0.237   0.403   0.581   0.762   0.950   1.136   1.319   1.497   1.662   1.815   1.953   2.074   2.179   2.271   2.349   2.418   2.479   2.533   2.584   2.633   2.680   2.728   2.776   2.827   2.879   2.934

