low temperature opacities from Ferguson, Alexander, et al (2005) with gs98 metals
    form     version        X           Z          logRs    logR_min    logR_max       logTs    logT_min    logT_max
       1          38    0.100000    0.010000          46   -8.000000    1.000000         105    2.700000    4.500000

   logT                       logR = logRho - 3*logT + 18
          -8.000  -7.800  -7.600  -7.400  -7.200  -7.000  -6.800  -6.600  -6.400  -6.200  -6.000  -5.800  -5.600  -5.400  -5.200  -5.000  -4.800  -4.600  -4.400  -4.200  -4.000  -3.800  -3.600  -3.400  -3.200  -3.000  -2.800  -2.600  -2.400  -2.200  -2.000  -1.800  -1.600  -1.400  -1.200  -1.000  -0.800  -0.600  -0.400  -0.200   0.000   0.200   0.400   0.600   0.800   1.000

   2.700  -0.561  -0.561  -0.561  -0.561  -0.561  -0.561  -0.561  -0.561  -0.561  -0.561  -0.561  -0.561  -0.561  -0.561  -0.561  -0.561  -0.561  -0.561  -0.561  -0.561  -0.561  -0.561  -0.561  -0.561  -0.561  -0.561  -0.561  -0.561  -0.561  -0.561  -0.561  -0.566  -0.577  -0.583  -0.588  -0.591  -0.593  -0.593  -0.593  -0.593  -0.593  -0.592  -0.592  -0.592  -0.593  -0.595
   2.750  -0.602  -0.602  -0.601  -0.601  -0.600  -0.600  -0.600  -0.600  -0.600  -0.600  -0.600  -0.600  -0.600  -0.600  -0.600  -0.600  -0.600  -0.600  -0.600  -0.600  -0.600  -0.600  -0.600  -0.600  -0.600  -0.600  -0.600  -0.600  -0.600  -0.600  -0.600  -0.598  -0.596  -0.595  -0.595  -0.594  -0.594  -0.594  -0.594  -0.593  -0.593  -0.592  -0.591  -0.591  -0.592  -0.594
   2.800  -0.661  -0.651  -0.643  -0.639  -0.638  -0.636  -0.633  -0.630  -0.628  -0.627  -0.626  -0.625  -0.625  -0.625  -0.624  -0.624  -0.624  -0.624  -0.624  -0.624  -0.624  -0.624  -0.624  -0.624  -0.624  -0.624  -0.624  -0.624  -0.624  -0.624  -0.624  -0.620  -0.611  -0.605  -0.601  -0.598  -0.596  -0.595  -0.593  -0.593  -0.592  -0.591  -0.590  -0.590  -0.590  -0.591
   2.850  -0.754  -0.756  -0.757  -0.750  -0.710  -0.674  -0.661  -0.654  -0.646  -0.637  -0.630  -0.623  -0.618  -0.613  -0.609  -0.606  -0.604  -0.602  -0.602  -0.601  -0.601  -0.601  -0.600  -0.600  -0.600  -0.600  -0.600  -0.600  -0.600  -0.600  -0.600  -0.600  -0.601  -0.600  -0.598  -0.595  -0.593  -0.592  -0.590  -0.589  -0.588  -0.587  -0.586  -0.586  -0.587  -0.587
   2.900  -0.708  -0.703  -0.699  -0.697  -0.696  -0.695  -0.694  -0.694  -0.694  -0.693  -0.693  -0.694  -0.697  -0.690  -0.653  -0.621  -0.612  -0.607  -0.601  -0.596  -0.592  -0.589  -0.586  -0.584  -0.582  -0.581  -0.580  -0.580  -0.580  -0.579  -0.579  -0.580  -0.583  -0.584  -0.585  -0.585  -0.585  -0.584  -0.584  -0.583  -0.583  -0.582  -0.581  -0.581  -0.581  -0.581
   2.910  -0.726  -0.713  -0.702  -0.694  -0.689  -0.686  -0.684  -0.683  -0.681  -0.680  -0.680  -0.680  -0.680  -0.681  -0.686  -0.689  -0.662  -0.618  -0.600  -0.594  -0.590  -0.586  -0.582  -0.580  -0.578  -0.576  -0.575  -0.574  -0.574  -0.573  -0.573  -0.573  -0.572  -0.572  -0.573  -0.574  -0.575  -0.575  -0.575  -0.575  -0.575  -0.575  -0.574  -0.574  -0.574  -0.574
   2.920  -0.773  -0.751  -0.732  -0.715  -0.700  -0.688  -0.681  -0.676  -0.672  -0.669  -0.668  -0.667  -0.667  -0.667  -0.667  -0.666  -0.647  -0.614  -0.599  -0.593  -0.589  -0.584  -0.580  -0.576  -0.573  -0.571  -0.569  -0.568  -0.568  -0.567  -0.566  -0.566  -0.565  -0.565  -0.565  -0.565  -0.566  -0.566  -0.566  -0.566  -0.566  -0.566  -0.566  -0.566  -0.566  -0.566
   2.930  -0.890  -0.838  -0.795  -0.761  -0.738  -0.718  -0.700  -0.684  -0.673  -0.666  -0.661  -0.658  -0.656  -0.654  -0.654  -0.653  -0.653  -0.652  -0.646  -0.612  -0.586  -0.580  -0.577  -0.573  -0.569  -0.566  -0.564  -0.563  -0.561  -0.561  -0.560  -0.559  -0.559  -0.558  -0.558  -0.558  -0.558  -0.558  -0.558  -0.558  -0.558  -0.558  -0.558  -0.557  -0.557  -0.557
   2.940  -0.884  -0.884  -0.884  -0.876  -0.828  -0.777  -0.741  -0.710  -0.689  -0.677  -0.668  -0.659  -0.651  -0.646  -0.643  -0.641  -0.639  -0.638  -0.639  -0.641  -0.643  -0.619  -0.580  -0.567  -0.563  -0.561  -0.559  -0.557  -0.555  -0.554  -0.553  -0.552  -0.552  -0.551  -0.551  -0.550  -0.550  -0.550  -0.550  -0.550  -0.550  -0.549  -0.549  -0.548  -0.548  -0.548
   2.950  -0.878  -0.878  -0.878  -0.878  -0.878  -0.878  -0.850  -0.795  -0.754  -0.720  -0.692  -0.674  -0.662  -0.651  -0.642  -0.635  -0.631  -0.628  -0.626  -0.625  -0.624  -0.625  -0.626  -0.619  -0.583  -0.556  -0.551  -0.548  -0.546  -0.544  -0.543  -0.543  -0.544  -0.544  -0.543  -0.542  -0.542  -0.542  -0.541  -0.541  -0.541  -0.541  -0.540  -0.540  -0.539  -0.539
   2.960  -0.874  -0.873  -0.872  -0.872  -0.871  -0.871  -0.871  -0.871  -0.868  -0.845  -0.810  -0.761  -0.706  -0.672  -0.656  -0.645  -0.634  -0.625  -0.619  -0.615  -0.613  -0.612  -0.611  -0.612  -0.617  -0.620  -0.594  -0.552  -0.541  -0.539  -0.538  -0.537  -0.536  -0.536  -0.534  -0.534  -0.533  -0.533  -0.533  -0.533  -0.533  -0.533  -0.531  -0.531  -0.531  -0.531
   2.970  -0.878  -0.873  -0.870  -0.867  -0.865  -0.864  -0.863  -0.863  -0.863  -0.863  -0.863  -0.834  -0.779  -0.738  -0.704  -0.676  -0.654  -0.636  -0.623  -0.614  -0.608  -0.603  -0.600  -0.598  -0.597  -0.596  -0.578  -0.549  -0.538  -0.534  -0.532  -0.530  -0.529  -0.527  -0.526  -0.525  -0.525  -0.525  -0.525  -0.526  -0.526  -0.525  -0.524  -0.523  -0.523  -0.523
   2.980  -0.913  -0.895  -0.881  -0.871  -0.865  -0.862  -0.859  -0.858  -0.856  -0.856  -0.855  -0.855  -0.854  -0.845  -0.796  -0.744  -0.709  -0.678  -0.649  -0.617  -0.600  -0.597  -0.595  -0.592  -0.588  -0.585  -0.584  -0.583  -0.576  -0.546  -0.528  -0.529  -0.530  -0.529  -0.522  -0.518  -0.518  -0.519  -0.519  -0.520  -0.520  -0.519  -0.518  -0.517  -0.517  -0.517
   2.990  -1.116  -1.020  -0.948  -0.906  -0.885  -0.872  -0.862  -0.856  -0.852  -0.850  -0.848  -0.847  -0.846  -0.846  -0.845  -0.845  -0.813  -0.753  -0.711  -0.679  -0.650  -0.622  -0.598  -0.580  -0.567  -0.558  -0.551  -0.547  -0.545  -0.544  -0.543  -0.540  -0.535  -0.529  -0.520  -0.515  -0.515  -0.515  -0.516  -0.516  -0.516  -0.515  -0.514  -0.513  -0.513  -0.513
   3.000  -1.863  -1.537  -1.282  -1.101  -1.001  -0.940  -0.899  -0.877  -0.862  -0.853  -0.847  -0.843  -0.840  -0.838  -0.837  -0.836  -0.836  -0.835  -0.826  -0.772  -0.716  -0.679  -0.647  -0.619  -0.595  -0.575  -0.561  -0.551  -0.543  -0.539  -0.536  -0.535  -0.535  -0.532  -0.522  -0.516  -0.515  -0.514  -0.514  -0.514  -0.513  -0.512  -0.511  -0.510  -0.509  -0.509
   3.010  -1.954  -1.938  -1.891  -1.780  -1.503  -1.242  -1.095  -0.996  -0.926  -0.887  -0.865  -0.850  -0.842  -0.836  -0.832  -0.830  -0.828  -0.826  -0.826  -0.825  -0.825  -0.789  -0.721  -0.674  -0.642  -0.614  -0.589  -0.569  -0.553  -0.542  -0.535  -0.531  -0.529  -0.526  -0.521  -0.518  -0.515  -0.513  -0.512  -0.511  -0.511  -0.509  -0.508  -0.506  -0.506  -0.506
   3.020  -1.896  -1.924  -1.938  -1.936  -1.903  -1.836  -1.684  -1.469  -1.282  -1.103  -0.972  -0.907  -0.873  -0.851  -0.838  -0.830  -0.824  -0.820  -0.818  -0.816  -0.815  -0.814  -0.814  -0.802  -0.739  -0.676  -0.638  -0.609  -0.584  -0.562  -0.546  -0.536  -0.529  -0.524  -0.520  -0.517  -0.514  -0.512  -0.509  -0.508  -0.507  -0.505  -0.504  -0.502  -0.502  -0.501
   3.030  -1.889  -1.873  -1.865  -1.870  -1.902  -1.922  -1.904  -1.850  -1.753  -1.594  -1.419  -1.231  -1.050  -0.944  -0.893  -0.861  -0.838  -0.826  -0.817  -0.812  -0.809  -0.806  -0.804  -0.803  -0.802  -0.802  -0.760  -0.681  -0.630  -0.599  -0.574  -0.555  -0.541  -0.530  -0.524  -0.519  -0.514  -0.510  -0.506  -0.504  -0.502  -0.500  -0.498  -0.497  -0.496  -0.495
   3.040  -1.999  -1.938  -1.892  -1.864  -1.847  -1.842  -1.868  -1.908  -1.911  -1.872  -1.795  -1.676  -1.525  -1.357  -1.161  -1.000  -0.914  -0.870  -0.839  -0.822  -0.811  -0.803  -0.799  -0.795  -0.794  -0.791  -0.765  -0.719  -0.683  -0.652  -0.623  -0.595  -0.569  -0.549  -0.536  -0.526  -0.517  -0.511  -0.505  -0.501  -0.498  -0.495  -0.492  -0.490  -0.489  -0.487
   3.050  -1.962  -1.987  -1.999  -1.990  -1.927  -1.866  -1.838  -1.823  -1.817  -1.816  -1.813  -1.800  -1.780  -1.769  -1.765  -1.757  -1.520  -1.127  -0.952  -0.884  -0.845  -0.818  -0.805  -0.794  -0.788  -0.784  -0.782  -0.780  -0.768  -0.720  -0.670  -0.637  -0.608  -0.583  -0.563  -0.545  -0.531  -0.519  -0.509  -0.502  -0.496  -0.491  -0.487  -0.484  -0.481  -0.479
   3.060  -1.922  -1.922  -1.923  -1.935  -1.994  -2.032  -1.984  -1.895  -1.841  -1.810  -1.795  -1.789  -1.785  -1.787  -1.796  -1.802  -1.792  -1.760  -1.654  -1.294  -0.999  -0.903  -0.854  -0.818  -0.798  -0.786  -0.777  -0.773  -0.769  -0.768  -0.765  -0.736  -0.684  -0.643  -0.608  -0.578  -0.555  -0.536  -0.521  -0.510  -0.500  -0.492  -0.485  -0.480  -0.475  -0.472
   3.070  -1.911  -1.907  -1.902  -1.897  -1.891  -1.888  -1.921  -1.973  -1.972  -1.906  -1.839  -1.796  -1.766  -1.758  -1.755  -1.754  -1.762  -1.776  -1.757  -1.628  -1.459  -1.270  -1.072  -0.939  -0.865  -0.821  -0.793  -0.779  -0.768  -0.764  -0.757  -0.743  -0.724  -0.696  -0.658  -0.621  -0.591  -0.565  -0.543  -0.527  -0.513  -0.500  -0.488  -0.479  -0.472  -0.467
   3.080  -1.885  -1.885  -1.884  -1.882  -1.879  -1.875  -1.871  -1.868  -1.875  -1.911  -1.935  -1.903  -1.842  -1.796  -1.754  -1.734  -1.742  -1.755  -1.756  -1.750  -1.738  -1.721  -1.693  -1.590  -1.257  -0.977  -0.877  -0.825  -0.790  -0.770  -0.758  -0.752  -0.748  -0.735  -0.702  -0.665  -0.633  -0.602  -0.575  -0.554  -0.534  -0.515  -0.498  -0.485  -0.474  -0.466
   3.090  -1.865  -1.862  -1.859  -1.857  -1.856  -1.855  -1.853  -1.851  -1.847  -1.842  -1.839  -1.856  -1.883  -1.881  -1.842  -1.797  -1.752  -1.713  -1.707  -1.714  -1.718  -1.703  -1.676  -1.660  -1.654  -1.643  -1.422  -1.058  -0.893  -0.825  -0.789  -0.769  -0.758  -0.743  -0.725  -0.704  -0.675  -0.643  -0.614  -0.589  -0.565  -0.540  -0.517  -0.498  -0.482  -0.470
   3.100  -1.865  -1.854  -1.845  -1.838  -1.834  -1.831  -1.829  -1.828  -1.827  -1.826  -1.825  -1.818  -1.810  -1.810  -1.821  -1.828  -1.815  -1.787  -1.753  -1.707  -1.677  -1.667  -1.663  -1.664  -1.674  -1.680  -1.601  -1.434  -1.265  -1.069  -0.918  -0.849  -0.813  -0.783  -0.766  -0.748  -0.720  -0.689  -0.660  -0.633  -0.605  -0.575  -0.545  -0.520  -0.499  -0.483
   3.110  -1.949  -1.903  -1.867  -1.842  -1.828  -1.819  -1.812  -1.807  -1.803  -1.800  -1.798  -1.797  -1.797  -1.793  -1.782  -1.775  -1.781  -1.791  -1.789  -1.766  -1.735  -1.693  -1.653  -1.648  -1.657  -1.663  -1.659  -1.649  -1.633  -1.612  -1.573  -1.362  -1.050  -0.914  -0.864  -0.827  -0.786  -0.751  -0.717  -0.686  -0.654  -0.619  -0.583  -0.553  -0.526  -0.504
   3.120  -3.093  -2.483  -2.060  -1.927  -1.881  -1.851  -1.825  -1.809  -1.796  -1.786  -1.779  -1.774  -1.771  -1.769  -1.768  -1.767  -1.759  -1.750  -1.749  -1.752  -1.754  -1.744  -1.719  -1.686  -1.639  -1.613  -1.619  -1.627  -1.626  -1.605  -1.563  -1.453  -1.291  -1.163  -1.054  -0.963  -0.894  -0.842  -0.795  -0.756  -0.718  -0.676  -0.635  -0.599  -0.566  -0.536
   3.130  -3.505  -3.319  -3.080  -2.764  -2.338  -2.039  -1.936  -1.882  -1.837  -1.809  -1.789  -1.772  -1.761  -1.752  -1.746  -1.742  -1.740  -1.738  -1.734  -1.725  -1.719  -1.719  -1.718  -1.715  -1.695  -1.668  -1.630  -1.590  -1.572  -1.568  -1.559  -1.530  -1.473  -1.386  -1.260  -1.141  -1.049  -0.971  -0.905  -0.852  -0.803  -0.753  -0.705  -0.661  -0.619  -0.580
   3.140  -4.024  -3.698  -3.413  -3.176  -2.995  -2.806  -2.556  -2.299  -2.109  -1.977  -1.882  -1.824  -1.795  -1.768  -1.748  -1.734  -1.724  -1.718  -1.713  -1.711  -1.708  -1.700  -1.693  -1.691  -1.690  -1.690  -1.674  -1.641  -1.608  -1.569  -1.543  -1.537  -1.534  -1.510  -1.416  -1.309  -1.214  -1.121  -1.040  -0.973  -0.910  -0.851  -0.795  -0.741  -0.688  -0.638
   3.150  -4.555  -4.224  -3.910  -3.611  -3.321  -3.074  -2.887  -2.747  -2.654  -2.621  -2.562  -2.335  -2.035  -1.884  -1.821  -1.779  -1.744  -1.723  -1.706  -1.695  -1.688  -1.684  -1.681  -1.675  -1.666  -1.659  -1.658  -1.657  -1.648  -1.608  -1.568  -1.547  -1.529  -1.503  -1.471  -1.424  -1.349  -1.260  -1.180  -1.105  -1.034  -0.967  -0.902  -0.838  -0.774  -0.711
   3.160  -5.024  -4.727  -4.425  -4.116  -3.795  -3.494  -3.224  -2.986  -2.804  -2.678  -2.591  -2.551  -2.528  -2.434  -2.190  -1.967  -1.863  -1.806  -1.757  -1.721  -1.696  -1.678  -1.667  -1.658  -1.653  -1.649  -1.644  -1.639  -1.633  -1.628  -1.618  -1.592  -1.555  -1.527  -1.509  -1.480  -1.427  -1.363  -1.297  -1.227  -1.157  -1.088  -1.019  -0.948  -0.874  -0.800
   3.170  -5.381  -5.150  -4.894  -4.611  -4.295  -3.978  -3.666  -3.366  -3.112  -2.896  -2.725  -2.608  -2.533  -2.485  -2.459  -2.443  -2.434  -2.429  -2.358  -2.036  -1.785  -1.725  -1.694  -1.667  -1.649  -1.637  -1.628  -1.623  -1.617  -1.611  -1.602  -1.589  -1.573  -1.554  -1.534  -1.507  -1.470  -1.425  -1.376  -1.322  -1.263  -1.199  -1.131  -1.059  -0.982  -0.901
   3.180  -5.602  -5.455  -5.268  -5.037  -4.759  -4.462  -4.149  -3.828  -3.529  -3.244  -2.997  -2.800  -2.646  -2.536  -2.474  -2.435  -2.409  -2.396  -2.386  -2.382  -2.375  -2.205  -1.917  -1.767  -1.704  -1.664  -1.634  -1.619  -1.606  -1.598  -1.592  -1.587  -1.582  -1.569  -1.549  -1.524  -1.494  -1.460  -1.423  -1.385  -1.341  -1.288  -1.228  -1.161  -1.087  -1.006
   3.190  -5.699  -5.630  -5.515  -5.352  -5.140  -4.893  -4.609  -4.299  -3.990  -3.673  -3.378  -3.114  -2.882  -2.701  -2.570  -2.475  -2.415  -2.384  -2.362  -2.349  -2.341  -2.336  -2.333  -2.285  -2.046  -1.819  -1.721  -1.670  -1.628  -1.603  -1.587  -1.578  -1.572  -1.564  -1.554  -1.539  -1.514  -1.484  -1.455  -1.428  -1.395  -1.353  -1.304  -1.247  -1.181  -1.108
   3.200  -5.708  -5.690  -5.634  -5.542  -5.409  -5.231  -5.001  -4.730  -4.442  -4.128  -3.817  -3.515  -3.228  -2.981  -2.768  -2.600  -2.487  -2.416  -2.363  -2.335  -2.317  -2.304  -2.298  -2.293  -2.291  -2.287  -2.163  -1.939  -1.792  -1.694  -1.633  -1.602  -1.586  -1.578  -1.576  -1.571  -1.550  -1.517  -1.489  -1.464  -1.436  -1.402  -1.363  -1.316  -1.261  -1.199
   3.210  -5.675  -5.670  -5.655  -5.625  -5.558  -5.447  -5.287  -5.084  -4.843  -4.558  -4.258  -3.949  -3.636  -3.348  -3.077  -2.843  -2.659  -2.517  -2.414  -2.353  -2.314  -2.288  -2.275  -2.264  -2.257  -2.253  -2.250  -2.248  -2.246  -2.245  -2.244  -2.114  -1.880  -1.746  -1.687  -1.646  -1.606  -1.573  -1.542  -1.512  -1.481  -1.449  -1.415  -1.375  -1.329  -1.277
   3.220  -5.631  -5.631  -5.631  -5.628  -5.601  -5.549  -5.463  -5.333  -5.153  -4.922  -4.661  -4.371  -4.061  -3.758  -3.455  -3.176  -2.928  -2.711  -2.546  -2.432  -2.350  -2.296  -2.267  -2.245  -2.232  -2.224  -2.218  -2.214  -2.212  -2.210  -2.208  -2.153  -2.047  -1.955  -1.864  -1.783  -1.720  -1.669  -1.623  -1.583  -1.545  -1.508  -1.473  -1.434  -1.392  -1.348
   3.230  -5.601  -5.600  -5.598  -5.595  -5.587  -5.572  -5.538  -5.468  -5.353  -5.194  -4.994  -4.745  -4.462  -4.169  -3.860  -3.559  -3.272  -3.004  -2.780  -2.596  -2.451  -2.352  -2.289  -2.244  -2.219  -2.204  -2.192  -2.186  -2.181  -2.178  -2.176  -2.175  -2.174  -2.154  -2.046  -1.932  -1.857  -1.791  -1.732  -1.679  -1.631  -1.587  -1.545  -1.503  -1.461  -1.418
   3.240  -5.594  -5.582  -5.572  -5.565  -5.561  -5.554  -5.539  -5.510  -5.455  -5.364  -5.228  -5.039  -4.808  -4.548  -4.254  -3.953  -3.653  -3.356  -3.088  -2.842  -2.635  -2.479  -2.364  -2.280  -2.231  -2.199  -2.177  -2.165  -2.155  -2.150  -2.146  -2.144  -2.142  -2.134  -2.097  -2.046  -1.984  -1.913  -1.849  -1.789  -1.733  -1.681  -1.633  -1.586  -1.540  -1.495
   3.250  -5.608  -5.587  -5.568  -5.553  -5.541  -5.529  -5.519  -5.506  -5.480  -5.438  -5.359  -5.236  -5.074  -4.865  -4.606  -4.327  -4.034  -3.730  -3.440  -3.156  -2.901  -2.688  -2.511  -2.375  -2.283  -2.218  -2.177  -2.155  -2.138  -2.127  -2.120  -2.116  -2.114  -2.109  -2.101  -2.086  -2.051  -2.000  -1.947  -1.891  -1.835  -1.781  -1.728  -1.678  -1.629  -1.581
   3.260  -5.622  -5.603  -5.583  -5.562  -5.540  -5.520  -5.505  -5.492  -5.472  -5.451  -5.410  -5.343  -5.243  -5.093  -4.893  -4.659  -4.390  -4.095  -3.803  -3.505  -3.224  -2.965  -2.730  -2.541  -2.394  -2.283  -2.209  -2.165  -2.131  -2.112  -2.100  -2.092  -2.087  -2.084  -2.082  -2.080  -2.066  -2.039  -2.005  -1.963  -1.917  -1.869  -1.818  -1.769  -1.720  -1.672
   3.270  -5.614  -5.609  -5.598  -5.582  -5.558  -5.533  -5.509  -5.485  -5.463  -5.446  -5.418  -5.381  -5.326  -5.230  -5.097  -4.922  -4.694  -4.429  -4.152  -3.857  -3.565  -3.281  -3.009  -2.775  -2.574  -2.410  -2.291  -2.208  -2.147  -2.112  -2.090  -2.074  -2.066  -2.060  -2.057  -2.053  -2.048  -2.040  -2.024  -1.999  -1.968  -1.931  -1.889  -1.847  -1.804  -1.759
   3.280  -5.574  -5.584  -5.589  -5.588  -5.574  -5.554  -5.529  -5.500  -5.473  -5.447  -5.418  -5.390  -5.355  -5.295  -5.216  -5.098  -4.926  -4.714  -4.471  -4.190  -3.901  -3.612  -3.326  -3.061  -2.814  -2.600  -2.430  -2.296  -2.198  -2.137  -2.096  -2.068  -2.054  -2.042  -2.035  -2.030  -2.026  -2.022  -2.014  -2.003  -1.986  -1.962  -1.933  -1.901  -1.867  -1.831
   3.290  -5.501  -5.533  -5.555  -5.560  -5.561  -5.561  -5.550  -5.525  -5.497  -5.464  -5.430  -5.399  -5.366  -5.322  -5.273  -5.195  -5.079  -4.929  -4.731  -4.485  -4.218  -3.938  -3.647  -3.367  -3.092  -2.843  -2.628  -2.445  -2.302  -2.200  -2.126  -2.078  -2.053  -2.032  -2.019  -2.010  -2.004  -1.999  -1.994  -1.989  -1.981  -1.967  -1.950  -1.930  -1.907  -1.881
   3.300  -5.404  -5.447  -5.481  -5.509  -5.531  -5.540  -5.538  -5.531  -5.518  -5.491  -5.458  -5.423  -5.384  -5.343  -5.301  -5.243  -5.167  -5.066  -4.918  -4.725  -4.499  -4.239  -3.955  -3.675  -3.391  -3.122  -2.873  -2.646  -2.458  -2.307  -2.191  -2.116  -2.071  -2.035  -2.011  -1.995  -1.984  -1.976  -1.970  -1.967  -1.962  -1.955  -1.947  -1.936  -1.925  -1.911
   3.310  -5.294  -5.344  -5.388  -5.427  -5.461  -5.488  -5.506  -5.515  -5.515  -5.503  -5.483  -5.453  -5.415  -5.374  -5.329  -5.276  -5.218  -5.145  -5.038  -4.900  -4.724  -4.499  -4.239  -3.972  -3.689  -3.411  -3.142  -2.886  -2.662  -2.468  -2.308  -2.191  -2.108  -2.046  -2.008  -1.983  -1.965  -1.955  -1.947  -1.942  -1.938  -1.935  -1.933  -1.931  -1.929  -1.928
   3.320  -5.181  -5.233  -5.282  -5.328  -5.372  -5.410  -5.444  -5.470  -5.479  -5.483  -5.484  -5.472  -5.445  -5.410  -5.367  -5.316  -5.261  -5.196  -5.112  -5.015  -4.883  -4.703  -4.487  -4.245  -3.971  -3.693  -3.418  -3.148  -2.900  -2.670  -2.471  -2.312  -2.186  -2.091  -2.032  -1.990  -1.961  -1.944  -1.931  -1.923  -1.917  -1.912  -1.909  -1.906  -1.903  -1.902
   3.330  -5.073  -5.123  -5.172  -5.220  -5.269  -5.315  -5.357  -5.394  -5.423  -5.447  -5.457  -5.455  -5.449  -5.436  -5.403  -5.359  -5.308  -5.246  -5.174  -5.094  -4.988  -4.851  -4.683  -4.476  -4.227  -3.963  -3.692  -3.416  -3.153  -2.900  -2.671  -2.473  -2.305  -2.174  -2.083  -2.016  -1.969  -1.941  -1.919  -1.906  -1.898  -1.891  -1.886  -1.882  -1.879  -1.877
   3.340  -4.977  -5.021  -5.067  -5.114  -5.163  -5.212  -5.259  -5.304  -5.343  -5.377  -5.403  -5.420  -5.429  -5.428  -5.416  -5.390  -5.351  -5.299  -5.235  -5.160  -5.067  -4.958  -4.827  -4.656  -4.445  -4.211  -3.951  -3.675  -3.407  -3.142  -2.894  -2.668  -2.465  -2.299  -2.168  -2.067  -1.997  -1.952  -1.918  -1.898  -1.884  -1.873  -1.866  -1.860  -1.856  -1.853
   3.350  -4.896  -4.933  -4.973  -5.016  -5.062  -5.109  -5.157  -5.205  -5.250  -5.292  -5.329  -5.361  -5.384  -5.390  -5.392  -5.393  -5.378  -5.341  -5.290  -5.225  -5.143  -5.048  -4.935  -4.792  -4.621  -4.421  -4.183  -3.919  -3.656  -3.387  -3.127  -2.882  -2.653  -2.455  -2.285  -2.148  -2.050  -1.982  -1.930  -1.898  -1.875  -1.858  -1.848  -1.840  -1.834  -1.830
   3.360  -4.827  -4.858  -4.892  -4.929  -4.969  -5.012  -5.058  -5.106  -5.152  -5.198  -5.241  -5.280  -5.314  -5.340  -5.359  -5.367  -5.363  -5.349  -5.325  -5.279  -5.214  -5.131  -5.028  -4.905  -4.762  -4.590  -4.381  -4.145  -3.895  -3.625  -3.359  -3.103  -2.857  -2.637  -2.437  -2.268  -2.136  -2.036  -1.959  -1.910  -1.875  -1.850  -1.835  -1.823  -1.813  -1.808
   3.370  -4.766  -4.793  -4.823  -4.855  -4.890  -4.927  -4.967  -5.010  -5.055  -5.102  -5.148  -5.192  -5.233  -5.268  -5.299  -5.318  -5.326  -5.330  -5.328  -5.306  -5.262  -5.198  -5.114  -5.007  -4.880  -4.728  -4.547  -4.341  -4.110  -3.850  -3.586  -3.325  -3.069  -2.832  -2.609  -2.413  -2.249  -2.113  -2.009  -1.939  -1.887  -1.850  -1.827  -1.808  -1.795  -1.788
   3.380  -4.710  -4.736  -4.763  -4.791  -4.821  -4.853  -4.888  -4.925  -4.966  -5.010  -5.054  -5.099  -5.143  -5.184  -5.222  -5.253  -5.278  -5.295  -5.297  -5.290  -5.276  -5.244  -5.184  -5.098  -4.987  -4.851  -4.691  -4.507  -4.297  -4.056  -3.805  -3.545  -3.280  -3.031  -2.794  -2.577  -2.385  -2.219  -2.087  -1.989  -1.915  -1.862  -1.827  -1.799  -1.779  -1.770
   3.390  -4.663  -4.684  -4.708  -4.733  -4.760  -4.789  -4.819  -4.852  -4.887  -4.926  -4.966  -5.009  -5.054  -5.096  -5.138  -5.176  -5.209  -5.236  -5.251  -5.258  -5.261  -5.250  -5.216  -5.158  -5.074  -4.962  -4.821  -4.653  -4.460  -4.242  -4.006  -3.752  -3.487  -3.232  -2.982  -2.750  -2.539  -2.349  -2.190  -2.062  -1.960  -1.887  -1.837  -1.797  -1.769  -1.755
   3.400  -4.628  -4.643  -4.660  -4.681  -4.705  -4.731  -4.758  -4.788  -4.819  -4.852  -4.887  -4.926  -4.966  -5.008  -5.052  -5.093  -5.131  -5.165  -5.192  -5.214  -5.223  -5.219  -5.207  -5.184  -5.131  -5.047  -4.930  -4.783  -4.610  -4.409  -4.188  -3.945  -3.687  -3.431  -3.173  -2.927  -2.700  -2.491  -2.309  -2.152  -2.023  -1.928  -1.859  -1.804  -1.765  -1.743
   3.410  -4.606  -4.613  -4.624  -4.639  -4.658  -4.679  -4.703  -4.729  -4.757  -4.787  -4.818  -4.852  -4.887  -4.926  -4.967  -5.008  -5.048  -5.087  -5.120  -5.151  -5.168  -5.174  -5.177  -5.174  -5.146  -5.091  -5.007  -4.891  -4.742  -4.558  -4.351  -4.123  -3.876  -3.624  -3.361  -3.106  -2.867  -2.641  -2.441  -2.262  -2.110  -1.990  -1.896  -1.822  -1.769  -1.737
   3.420  -4.592  -4.594  -4.600  -4.609  -4.621  -4.636  -4.655  -4.677  -4.701  -4.728  -4.756  -4.786  -4.817  -4.851  -4.888  -4.926  -4.965  -5.005  -5.041  -5.075  -5.102  -5.122  -5.133  -5.133  -5.120  -5.094  -5.045  -4.963  -4.843  -4.684  -4.498  -4.285  -4.050  -3.804  -3.543  -3.285  -3.035  -2.795  -2.577  -2.381  -2.209  -2.065  -1.946  -1.852  -1.783  -1.738
   3.430  -4.585  -4.585  -4.587  -4.590  -4.596  -4.605  -4.618  -4.634  -4.653  -4.675  -4.700  -4.727  -4.755  -4.785  -4.817  -4.851  -4.887  -4.925  -4.961  -4.998  -5.029  -5.056  -5.075  -5.078  -5.074  -5.066  -5.042  -4.987  -4.898  -4.775  -4.620  -4.428  -4.207  -3.973  -3.719  -3.462  -3.205  -2.951  -2.719  -2.506  -2.315  -2.150  -2.009  -1.895  -1.808  -1.746
   3.440  -4.582  -4.579  -4.578  -4.578  -4.580  -4.583  -4.589  -4.600  -4.613  -4.630  -4.650  -4.673  -4.699  -4.726  -4.754  -4.784  -4.816  -4.850  -4.884  -4.919  -4.951  -4.981  -5.006  -5.013  -5.016  -5.017  -5.005  -4.968  -4.908  -4.821  -4.700  -4.536  -4.339  -4.121  -3.879  -3.628  -3.370  -3.109  -2.865  -2.634  -2.425  -2.242  -2.084  -1.951  -1.843  -1.761
   3.450  -4.579  -4.577  -4.575  -4.573  -4.572  -4.571  -4.573  -4.578  -4.585  -4.595  -4.609  -4.627  -4.649  -4.672  -4.697  -4.723  -4.751  -4.781  -4.812  -4.844  -4.874  -4.903  -4.928  -4.943  -4.951  -4.954  -4.946  -4.921  -4.880  -4.820  -4.728  -4.597  -4.434  -4.242  -4.017  -3.777  -3.525  -3.265  -3.015  -2.768  -2.541  -2.341  -2.164  -2.012  -1.885  -1.782
   3.460  -4.576  -4.574  -4.572  -4.570  -4.567  -4.565  -4.565  -4.565  -4.566  -4.570  -4.578  -4.590  -4.605  -4.623  -4.645  -4.668  -4.693  -4.720  -4.747  -4.775  -4.802  -4.828  -4.852  -4.868  -4.879  -4.883  -4.876  -4.856  -4.823  -4.778  -4.708  -4.608  -4.479  -4.317  -4.119  -3.900  -3.662  -3.409  -3.158  -2.903  -2.663  -2.445  -2.247  -2.076  -1.932  -1.813
   3.470  -4.569  -4.569  -4.568  -4.567  -4.565  -4.562  -4.559  -4.556  -4.556  -4.557  -4.558  -4.562  -4.571  -4.584  -4.600  -4.619  -4.640  -4.663  -4.687  -4.711  -4.735  -4.758  -4.778  -4.793  -4.802  -4.806  -4.800  -4.781  -4.751  -4.711  -4.653  -4.574  -4.472  -4.339  -4.173  -3.983  -3.767  -3.530  -3.287  -3.033  -2.787  -2.554  -2.336  -2.146  -1.984  -1.848
   3.480  -4.556  -4.560  -4.562  -4.562  -4.561  -4.559  -4.556  -4.553  -4.551  -4.547  -4.546  -4.547  -4.550  -4.555  -4.565  -4.578  -4.594  -4.612  -4.632  -4.653  -4.673  -4.693  -4.710  -4.720  -4.726  -4.728  -4.720  -4.700  -4.670  -4.631  -4.577  -4.509  -4.423  -4.312  -4.176  -4.015  -3.827  -3.615  -3.390  -3.147  -2.903  -2.663  -2.430  -2.225  -2.044  -1.886
   3.490  -4.536  -4.544  -4.549  -4.552  -4.554  -4.554  -4.553  -4.550  -4.547  -4.543  -4.540  -4.538  -4.536  -4.536  -4.540  -4.546  -4.556  -4.569  -4.584  -4.601  -4.617  -4.634  -4.647  -4.651  -4.652  -4.652  -4.642  -4.618  -4.585  -4.543  -4.489  -4.424  -4.345  -4.248  -4.133  -3.997  -3.837  -3.656  -3.454  -3.231  -3.000  -2.763  -2.525  -2.309  -2.110  -1.928
   3.500  -4.506  -4.518  -4.528  -4.536  -4.542  -4.544  -4.544  -4.544  -4.544  -4.541  -4.537  -4.533  -4.528  -4.526  -4.525  -4.525  -4.528  -4.534  -4.543  -4.554  -4.566  -4.578  -4.587  -4.589  -4.586  -4.580  -4.565  -4.537  -4.499  -4.453  -4.396  -4.329  -4.252  -4.161  -4.058  -3.938  -3.801  -3.646  -3.471  -3.275  -3.066  -2.842  -2.610  -2.390  -2.180  -1.978
   3.525  -4.362  -4.395  -4.423  -4.449  -4.472  -4.487  -4.496  -4.505  -4.512  -4.516  -4.517  -4.516  -4.513  -4.511  -4.508  -4.507  -4.507  -4.503  -4.497  -4.492  -4.486  -4.478  -4.468  -4.454  -4.438  -4.416  -4.387  -4.346  -4.295  -4.234  -4.164  -4.087  -4.002  -3.911  -3.814  -3.709  -3.597  -3.476  -3.339  -3.176  -3.003  -2.811  -2.603  -2.423  -2.252  -2.072
   3.550  -4.119  -4.174  -4.225  -4.272  -4.314  -4.351  -4.383  -4.411  -4.434  -4.453  -4.468  -4.480  -4.488  -4.489  -4.490  -4.490  -4.487  -4.479  -4.469  -4.457  -4.442  -4.423  -4.400  -4.372  -4.340  -4.300  -4.251  -4.193  -4.124  -4.045  -3.959  -3.865  -3.765  -3.662  -3.556  -3.447  -3.335  -3.221  -3.102  -2.980  -2.853  -2.721  -2.582  -2.433  -2.276  -2.109
   3.575  -3.751  -3.825  -3.895  -3.962  -4.025  -4.087  -4.145  -4.198  -4.247  -4.290  -4.329  -4.363  -4.391  -4.411  -4.428  -4.439  -4.442  -4.442  -4.438  -4.430  -4.419  -4.404  -4.382  -4.351  -4.311  -4.253  -4.182  -4.102  -4.011  -3.909  -3.800  -3.687  -3.571  -3.453  -3.335  -3.217  -3.099  -2.980  -2.862  -2.744  -2.624  -2.510  -2.403  -2.272  -2.129  -1.980
   3.600  -3.327  -3.415  -3.500  -3.583  -3.664  -3.743  -3.819  -3.892  -3.961  -4.027  -4.088  -4.145  -4.197  -4.244  -4.285  -4.320  -4.350  -4.372  -4.384  -4.390  -4.392  -4.385  -4.364  -4.330  -4.283  -4.221  -4.140  -4.044  -3.935  -3.812  -3.684  -3.553  -3.418  -3.284  -3.150  -3.017  -2.885  -2.755  -2.627  -2.501  -2.376  -2.252  -2.129  -2.004  -1.879  -1.752
   3.625  -2.903  -2.995  -3.087  -3.177  -3.266  -3.353  -3.438  -3.522  -3.603  -3.682  -3.758  -3.830  -3.900  -3.965  -4.026  -4.083  -4.138  -4.186  -4.224  -4.255  -4.279  -4.292  -4.290  -4.269  -4.230  -4.178  -4.104  -4.009  -3.899  -3.772  -3.634  -3.487  -3.333  -3.180  -3.026  -2.875  -2.728  -2.585  -2.444  -2.308  -2.174  -2.042  -1.912  -1.784  -1.656  -1.529
   3.650  -2.490  -2.582  -2.673  -2.765  -2.856  -2.946  -3.035  -3.124  -3.212  -3.298  -3.383  -3.466  -3.548  -3.627  -3.704  -3.777  -3.847  -3.913  -3.973  -4.028  -4.074  -4.111  -4.136  -4.138  -4.126  -4.100  -4.047  -3.962  -3.857  -3.729  -3.587  -3.433  -3.268  -3.103  -2.936  -2.770  -2.609  -2.452  -2.299  -2.149  -2.003  -1.859  -1.719  -1.580  -1.444  -1.310
   3.675  -2.112  -2.200  -2.289  -2.379  -2.470  -2.561  -2.652  -2.743  -2.834  -2.923  -3.013  -3.101  -3.188  -3.273  -3.357  -3.438  -3.517  -3.593  -3.664  -3.731  -3.789  -3.841  -3.881  -3.900  -3.907  -3.905  -3.874  -3.810  -3.725  -3.615  -3.489  -3.352  -3.201  -3.044  -2.878  -2.709  -2.540  -2.370  -2.203  -2.039  -1.879  -1.722  -1.569  -1.420  -1.273  -1.130
   3.700  -1.793  -1.870  -1.950  -2.033  -2.118  -2.205  -2.293  -2.382  -2.471  -2.560  -2.649  -2.738  -2.825  -2.912  -2.999  -3.083  -3.165  -3.246  -3.322  -3.395  -3.461  -3.520  -3.570  -3.603  -3.623  -3.629  -3.613  -3.572  -3.511  -3.431  -3.333  -3.219  -3.091  -2.950  -2.796  -2.635  -2.467  -2.293  -2.121  -1.948  -1.778  -1.612  -1.448  -1.288  -1.132  -0.978
   3.725  -1.562  -1.614  -1.675  -1.743  -1.816  -1.890  -1.968  -2.050  -2.134  -2.220  -2.308  -2.395  -2.483  -2.570  -2.657  -2.742  -2.826  -2.908  -2.986  -3.061  -3.130  -3.192  -3.245  -3.282  -3.306  -3.316  -3.306  -3.274  -3.225  -3.158  -3.077  -2.981  -2.873  -2.754  -2.625  -2.487  -2.340  -2.186  -2.027  -1.863  -1.697  -1.529  -1.359  -1.192  -1.025  -0.860
   3.750  -1.434  -1.458  -1.491  -1.531  -1.581  -1.637  -1.700  -1.769  -1.842  -1.919  -1.999  -2.080  -2.163  -2.247  -2.330  -2.413  -2.495  -2.574  -2.651  -2.725  -2.792  -2.852  -2.904  -2.941  -2.965  -2.974  -2.964  -2.937  -2.895  -2.837  -2.768  -2.688  -2.598  -2.501  -2.396  -2.283  -2.162  -2.034  -1.896  -1.748  -1.594  -1.432  -1.264  -1.096  -0.926  -0.754
   3.775  -1.391  -1.399  -1.408  -1.421  -1.443  -1.474  -1.512  -1.558  -1.611  -1.672  -1.735  -1.802  -1.874  -1.947  -2.023  -2.100  -2.176  -2.251  -2.323  -2.393  -2.456  -2.512  -2.560  -2.595  -2.617  -2.626  -2.617  -2.592  -2.555  -2.504  -2.442  -2.371  -2.291  -2.205  -2.112  -2.013  -1.908  -1.797  -1.677  -1.550  -1.415  -1.273  -1.124  -0.970  -0.811  -0.646
   3.800  -1.377  -1.377  -1.378  -1.380  -1.385  -1.395  -1.409  -1.429  -1.455  -1.489  -1.529  -1.577  -1.632  -1.690  -1.752  -1.816  -1.881  -1.946  -2.009  -2.070  -2.125  -2.173  -2.214  -2.243  -2.261  -2.267  -2.258  -2.235  -2.200  -2.153  -2.097  -2.032  -1.959  -1.881  -1.797  -1.708  -1.615  -1.517  -1.414  -1.306  -1.192  -1.072  -0.945  -0.809  -0.667  -0.516
   3.825  -1.376  -1.374  -1.372  -1.371  -1.370  -1.369  -1.371  -1.374  -1.379  -1.388  -1.404  -1.427  -1.456  -1.490  -1.531  -1.572  -1.617  -1.663  -1.709  -1.755  -1.797  -1.834  -1.865  -1.883  -1.894  -1.899  -1.890  -1.867  -1.835  -1.793  -1.744  -1.686  -1.621  -1.551  -1.476  -1.395  -1.311  -1.223  -1.130  -1.033  -0.931  -0.824  -0.710  -0.590  -0.462  -0.328
   3.850  -1.376  -1.373  -1.370  -1.367  -1.364  -1.361  -1.358  -1.354  -1.352  -1.349  -1.348  -1.349  -1.352  -1.357  -1.368  -1.382  -1.401  -1.423  -1.446  -1.470  -1.492  -1.513  -1.528  -1.531  -1.531  -1.531  -1.521  -1.496  -1.465  -1.427  -1.383  -1.332  -1.275  -1.212  -1.144  -1.072  -0.996  -0.915  -0.830  -0.742  -0.649  -0.551  -0.448  -0.340  -0.227  -0.109
   3.875  -1.375  -1.373  -1.371  -1.369  -1.365  -1.362  -1.357  -1.353  -1.346  -1.338  -1.329  -1.318  -1.306  -1.291  -1.276  -1.264  -1.254  -1.246  -1.239  -1.233  -1.224  -1.218  -1.210  -1.195  -1.181  -1.168  -1.149  -1.122  -1.091  -1.056  -1.016  -0.971  -0.921  -0.866  -0.807  -0.743  -0.675  -0.603  -0.528  -0.448  -0.364  -0.275  -0.181  -0.082   0.021   0.129
   3.900  -1.374  -1.374  -1.372  -1.370  -1.366  -1.362  -1.357  -1.352  -1.344  -1.335  -1.323  -1.308  -1.291  -1.268  -1.242  -1.211  -1.175  -1.135  -1.094  -1.052  -1.010  -0.971  -0.933  -0.897  -0.863  -0.830  -0.797  -0.764  -0.729  -0.693  -0.654  -0.612  -0.568  -0.519  -0.468  -0.412  -0.353  -0.289  -0.222  -0.150  -0.074   0.007   0.092   0.183   0.278   0.379
   3.925  -1.339  -1.351  -1.356  -1.359  -1.360  -1.358  -1.354  -1.350  -1.345  -1.337  -1.325  -1.310  -1.292  -1.266  -1.234  -1.194  -1.143  -1.084  -1.015  -0.942  -0.870  -0.797  -0.725  -0.661  -0.597  -0.537  -0.483  -0.435  -0.389  -0.346  -0.304  -0.262  -0.220  -0.176  -0.130  -0.081  -0.029   0.026   0.085   0.149   0.216   0.289   0.366   0.448   0.535   0.628
   3.950  -1.255  -1.285  -1.309  -1.328  -1.341  -1.346  -1.346  -1.346  -1.345  -1.338  -1.327  -1.312  -1.293  -1.266  -1.232  -1.188  -1.133  -1.066  -0.988  -0.898  -0.801  -0.697  -0.589  -0.487  -0.389  -0.300  -0.221  -0.151  -0.089  -0.034   0.017   0.064   0.108   0.152   0.195   0.240   0.287   0.335   0.388   0.443   0.503   0.567   0.636   0.711   0.791   0.876
   3.975  -1.109  -1.147  -1.184  -1.218  -1.249  -1.274  -1.292  -1.309  -1.321  -1.323  -1.316  -1.305  -1.289  -1.265  -1.234  -1.191  -1.137  -1.070  -0.988  -0.890  -0.779  -0.655  -0.520  -0.385  -0.255  -0.135  -0.029   0.067   0.151   0.226   0.293   0.351   0.403   0.453   0.498   0.542   0.587   0.632   0.680   0.730   0.783   0.841   0.902   0.969   1.041   1.119
   4.000  -0.969  -1.002  -1.037  -1.074  -1.116  -1.156  -1.193  -1.227  -1.254  -1.275  -1.284  -1.282  -1.276  -1.265  -1.237  -1.195  -1.141  -1.073  -0.989  -0.887  -0.772  -0.641  -0.498  -0.351  -0.198  -0.051   0.087   0.215   0.329   0.428   0.516   0.592   0.657   0.717   0.768   0.817   0.864   0.909   0.955   1.002   1.051   1.103   1.158   1.219   1.285   1.355
   4.025  -0.905  -0.920  -0.941  -0.966  -0.995  -1.027  -1.062  -1.096  -1.126  -1.161  -1.186  -1.204  -1.217  -1.217  -1.202  -1.176  -1.131  -1.067  -0.986  -0.890  -0.779  -0.649  -0.505  -0.355  -0.192  -0.027   0.135   0.295   0.440   0.567   0.678   0.772   0.855   0.931   0.995   1.053   1.106   1.155   1.204   1.250   1.298   1.348   1.401   1.457   1.517   1.582
   4.050  -0.878  -0.880  -0.885  -0.893  -0.905  -0.920  -0.941  -0.966  -0.994  -1.026  -1.057  -1.089  -1.115  -1.119  -1.120  -1.120  -1.099  -1.048  -0.980  -0.892  -0.785  -0.658  -0.513  -0.358  -0.190  -0.019   0.152   0.321   0.480   0.632   0.770   0.893   1.001   1.097   1.178   1.250   1.314   1.371   1.425   1.474   1.524   1.575   1.626   1.681   1.738   1.797
   4.075  -0.867  -0.867  -0.868  -0.870  -0.874  -0.878  -0.884  -0.895  -0.909  -0.927  -0.946  -0.967  -0.986  -0.991  -0.994  -0.999  -0.994  -0.962  -0.913  -0.845  -0.756  -0.640  -0.504  -0.357  -0.198  -0.033   0.136   0.309   0.477   0.644   0.806   0.959   1.096   1.212   1.310   1.401   1.480   1.549   1.613   1.670   1.724   1.778   1.830   1.885   1.941   1.999
   4.100  -0.861  -0.860  -0.859  -0.859  -0.858  -0.858  -0.858  -0.858  -0.858  -0.859  -0.861  -0.863  -0.866  -0.866  -0.864  -0.860  -0.850  -0.828  -0.791  -0.742  -0.675  -0.586  -0.479  -0.352  -0.206  -0.048   0.121   0.297   0.472   0.648   0.818   0.981   1.135   1.275   1.400   1.512   1.609   1.695   1.771   1.838   1.900   1.959   2.015   2.072   2.129   2.187
   4.125  -0.857  -0.855  -0.852  -0.850  -0.848  -0.845  -0.843  -0.841  -0.837  -0.832  -0.826  -0.816  -0.805  -0.790  -0.771  -0.748  -0.721  -0.688  -0.644  -0.593  -0.531  -0.460  -0.377  -0.276  -0.154  -0.017   0.137   0.303   0.469   0.638   0.806   0.974   1.139   1.299   1.450   1.583   1.701   1.805   1.898   1.978   2.051   2.118   2.180   2.241   2.301   2.360
   4.150  -0.856  -0.853  -0.850  -0.846  -0.843  -0.840  -0.836  -0.832  -0.826  -0.819  -0.808  -0.794  -0.775  -0.747  -0.712  -0.670  -0.621  -0.565  -0.506  -0.442  -0.374  -0.303  -0.226  -0.139  -0.043   0.065   0.187   0.321   0.468   0.628   0.794   0.967   1.143   1.311   1.474   1.626   1.763   1.887   1.997   2.093   2.180   2.257   2.327   2.395   2.459   2.520
   4.175  -0.857  -0.854  -0.850  -0.847  -0.842  -0.837  -0.831  -0.824  -0.816  -0.807  -0.794  -0.779  -0.758  -0.728  -0.689  -0.639  -0.575  -0.501  -0.423  -0.337  -0.250  -0.165  -0.077   0.015   0.109   0.208   0.305   0.408   0.528   0.667   0.815   0.980   1.152   1.319   1.486   1.647   1.800   1.942   2.070   2.184   2.287   2.377   2.457   2.533   2.603   2.668
   4.200  -0.858  -0.855  -0.851  -0.847  -0.842  -0.836  -0.829  -0.821  -0.812  -0.802  -0.789  -0.772  -0.751  -0.719  -0.678  -0.625  -0.557  -0.476  -0.383  -0.278  -0.168  -0.057   0.055   0.162   0.265   0.364   0.455   0.544   0.645   0.755   0.878   1.018   1.170   1.329   1.498   1.665   1.827   1.984   2.127   2.257   2.375   2.479   2.571   2.657   2.735   2.806
   4.225  -0.858  -0.855  -0.852  -0.848  -0.843  -0.837  -0.831  -0.823  -0.813  -0.803  -0.788  -0.769  -0.745  -0.712  -0.671  -0.618  -0.550  -0.468  -0.372  -0.259  -0.137  -0.003   0.134   0.259   0.380   0.491   0.588   0.681   0.780   0.883   0.993   1.110   1.238   1.380   1.537   1.697   1.858   2.019   2.171   2.315   2.447   2.565   2.671   2.768   2.856   2.934
   4.250  -0.858  -0.855  -0.852  -0.848  -0.844  -0.839  -0.833  -0.825  -0.815  -0.803  -0.787  -0.768  -0.744  -0.710  -0.669  -0.615  -0.547  -0.466  -0.368  -0.253  -0.126   0.015   0.165   0.309   0.451   0.584   0.701   0.809   0.917   1.022   1.129   1.237   1.349   1.473   1.607   1.750   1.903   2.062   2.216   2.368   2.511   2.641   2.759   2.868   2.966   3.053
   4.275  -0.857  -0.854  -0.851  -0.848  -0.844  -0.839  -0.833  -0.825  -0.816  -0.804  -0.789  -0.770  -0.746  -0.712  -0.671  -0.617  -0.549  -0.468  -0.370  -0.256  -0.129   0.014   0.168   0.322   0.478   0.631   0.770   0.898   1.023   1.144   1.261   1.372   1.481   1.596   1.717   1.844   1.983   2.130   2.277   2.428   2.574   2.711   2.841   2.959   3.067   3.164
   4.300  -0.853  -0.852  -0.849  -0.846  -0.843  -0.838  -0.832  -0.825  -0.816  -0.806  -0.791  -0.772  -0.749  -0.715  -0.674  -0.621  -0.554  -0.472  -0.375  -0.263  -0.135   0.011   0.169   0.327   0.487   0.646   0.803   0.957   1.105   1.246   1.379   1.502   1.617   1.732   1.844   1.961   2.086   2.217   2.355   2.501   2.645   2.785   2.922   3.047   3.164   3.271
   4.325  -0.840  -0.843  -0.843  -0.842  -0.839  -0.836  -0.831  -0.824  -0.816  -0.805  -0.790  -0.772  -0.749  -0.718  -0.678  -0.627  -0.561  -0.481  -0.384  -0.271  -0.143   0.003   0.163   0.321   0.481   0.644   0.813   0.986   1.151   1.311   1.463   1.603   1.734   1.859   1.975   2.092   2.212   2.333   2.462   2.598   2.735   2.873   3.009   3.138   3.260   3.375
   4.350  -0.809  -0.820  -0.828  -0.829  -0.830  -0.830  -0.828  -0.822  -0.814  -0.803  -0.789  -0.772  -0.749  -0.719  -0.681  -0.631  -0.567  -0.489  -0.393  -0.280  -0.152  -0.006   0.153   0.313   0.474   0.642   0.819   1.001   1.179   1.355   1.524   1.683   1.833   1.972   2.100   2.224   2.344   2.462   2.584   2.710   2.839   2.972   3.106   3.235   3.359   3.479
   4.375  -0.746  -0.763  -0.777  -0.788  -0.798  -0.807  -0.812  -0.811  -0.806  -0.797  -0.785  -0.769  -0.747  -0.717  -0.680  -0.631  -0.568  -0.493  -0.400  -0.289  -0.162  -0.016   0.145   0.307   0.472   0.644   0.825   1.012   1.197   1.383   1.563   1.737   1.903   2.059   2.203   2.340   2.468   2.591   2.714   2.837   2.961   3.089   3.217   3.343   3.467   3.590
   4.400  -0.682  -0.698  -0.714  -0.731  -0.749  -0.764  -0.776  -0.784  -0.785  -0.781  -0.774  -0.761  -0.740  -0.712  -0.676  -0.629  -0.569  -0.495  -0.403  -0.294  -0.168  -0.023   0.137   0.302   0.472   0.648   0.831   1.020   1.209   1.400   1.589   1.774   1.955   2.126   2.288   2.441   2.582   2.714   2.843   2.967   3.090   3.214   3.337   3.460   3.582   3.704
   4.425  -0.649  -0.657  -0.666  -0.677  -0.689  -0.703  -0.714  -0.725  -0.732  -0.738  -0.739  -0.733  -0.719  -0.698  -0.666  -0.620  -0.562  -0.490  -0.399  -0.292  -0.167  -0.025   0.132   0.298   0.472   0.652   0.838   1.029   1.221   1.416   1.610   1.803   1.993   2.176   2.353   2.520   2.675   2.821   2.959   3.090   3.217   3.342   3.464   3.585   3.704   3.822
   4.450  -0.635  -0.635  -0.636  -0.637  -0.640  -0.645  -0.652  -0.660  -0.668  -0.678  -0.683  -0.681  -0.675  -0.664  -0.638  -0.597  -0.544  -0.476  -0.390  -0.286  -0.165  -0.025   0.131   0.296   0.473   0.657   0.846   1.039   1.233   1.430   1.627   1.825   2.022   2.213   2.402   2.582   2.751   2.911   3.062   3.203   3.337   3.466   3.589   3.710   3.828   3.942
   4.475  -0.630  -0.627  -0.625  -0.622  -0.619  -0.616  -0.616  -0.618  -0.620  -0.623  -0.622  -0.617  -0.609  -0.599  -0.577  -0.543  -0.496  -0.436  -0.357  -0.260  -0.146  -0.011   0.141   0.304   0.481   0.666   0.856   1.050   1.246   1.444   1.644   1.845   2.046   2.244   2.441   2.631   2.811   2.984   3.146   3.298   3.441   3.576   3.703   3.827   3.946   4.062
   4.500  -0.628  -0.625  -0.621  -0.617  -0.612  -0.606  -0.599  -0.590  -0.579  -0.566  -0.551  -0.537  -0.521  -0.503  -0.483  -0.455  -0.416  -0.366  -0.297  -0.211  -0.106   0.020   0.164   0.322   0.496   0.679   0.868   1.063   1.259   1.458   1.659   1.862   2.065   2.267   2.468   2.665   2.855   3.039   3.213   3.377   3.532   3.675   3.808   3.937   4.062   4.182

