low temperature opacities from Ferguson, Alexander, et al (2005) with gs98 metals
    form     version        X           Z          logRs    logR_min    logR_max       logTs    logT_min    logT_max
       1          38    0.350000    0.020000          46   -8.000000    1.000000         105    2.700000    4.500000

   logT                       logR = logRho - 3*logT + 18
          -8.000  -7.800  -7.600  -7.400  -7.200  -7.000  -6.800  -6.600  -6.400  -6.200  -6.000  -5.800  -5.600  -5.400  -5.200  -5.000  -4.800  -4.600  -4.400  -4.200  -4.000  -3.800  -3.600  -3.400  -3.200  -3.000  -2.800  -2.600  -2.400  -2.200  -2.000  -1.800  -1.600  -1.400  -1.200  -1.000  -0.800  -0.600  -0.400  -0.200   0.000   0.200   0.400   0.600   0.800   1.000

   2.700  -0.097  -0.087  -0.083  -0.083  -0.091  -0.096  -0.094  -0.091  -0.090  -0.091  -0.092  -0.088  -0.083  -0.082  -0.082  -0.083  -0.089  -0.097  -0.098  -0.098  -0.097  -0.092  -0.084  -0.085  -0.094  -0.100  -0.099  -0.098  -0.098  -0.098  -0.098  -0.051   0.022   0.039   0.041   0.042   0.033   0.012  -0.015  -0.055  -0.076  -0.065  -0.046  -0.040  -0.038  -0.038
   2.750  -0.089  -0.090  -0.090  -0.089  -0.086  -0.084  -0.086  -0.088  -0.089  -0.090  -0.090  -0.090  -0.090  -0.090  -0.089  -0.089  -0.089  -0.090  -0.090  -0.091  -0.091  -0.091  -0.090  -0.091  -0.094  -0.096  -0.095  -0.093  -0.092  -0.091  -0.090  -0.061  -0.013   0.007   0.016   0.019   0.014   0.001  -0.020  -0.054  -0.072  -0.062  -0.045  -0.039  -0.037  -0.036
   2.800  -0.062  -0.063  -0.064  -0.064  -0.065  -0.065  -0.066  -0.067  -0.068  -0.069  -0.070  -0.070  -0.071  -0.072  -0.073  -0.074  -0.073  -0.071  -0.071  -0.071  -0.071  -0.071  -0.071  -0.071  -0.072  -0.073  -0.072  -0.071  -0.071  -0.071  -0.071  -0.079  -0.090  -0.085  -0.045  -0.019  -0.020  -0.020  -0.025  -0.048  -0.063  -0.055  -0.041  -0.036  -0.033  -0.032
   2.850  -0.049  -0.048  -0.047  -0.047  -0.046  -0.045  -0.044  -0.044  -0.044  -0.044  -0.044  -0.044  -0.045  -0.045  -0.044  -0.044  -0.044  -0.045  -0.045  -0.047  -0.048  -0.049  -0.051  -0.051  -0.052  -0.052  -0.052  -0.052  -0.052  -0.053  -0.053  -0.053  -0.051  -0.049  -0.043  -0.037  -0.033  -0.030  -0.032  -0.043  -0.051  -0.045  -0.036  -0.031  -0.028  -0.027
   2.900  -0.044  -0.041  -0.040  -0.039  -0.038  -0.038  -0.036  -0.034  -0.030  -0.026  -0.022  -0.020  -0.019  -0.019  -0.018  -0.017  -0.016  -0.016  -0.016  -0.019  -0.021  -0.022  -0.022  -0.022  -0.023  -0.023  -0.023  -0.023  -0.023  -0.023  -0.024  -0.026  -0.030  -0.032  -0.034  -0.035  -0.033  -0.030  -0.030  -0.035  -0.038  -0.035  -0.029  -0.026  -0.024  -0.022
   2.910  -0.059  -0.050  -0.043  -0.038  -0.036  -0.034  -0.033  -0.033  -0.031  -0.029  -0.027  -0.027  -0.026  -0.025  -0.018  -0.013  -0.012  -0.011  -0.011  -0.011  -0.011  -0.011  -0.011  -0.011  -0.012  -0.012  -0.012  -0.013  -0.013  -0.014  -0.014  -0.015  -0.016  -0.017  -0.019  -0.021  -0.022  -0.023  -0.024  -0.025  -0.026  -0.025  -0.022  -0.020  -0.018  -0.016
   2.920  -0.114  -0.086  -0.065  -0.049  -0.041  -0.035  -0.031  -0.029  -0.027  -0.027  -0.026  -0.024  -0.021  -0.020  -0.019  -0.019  -0.015  -0.008  -0.007  -0.006  -0.006  -0.006  -0.006  -0.006  -0.006  -0.006  -0.006  -0.007  -0.007  -0.008  -0.008  -0.008  -0.008  -0.009  -0.010  -0.011  -0.012  -0.014  -0.015  -0.015  -0.016  -0.015  -0.015  -0.014  -0.013  -0.011
   2.930  -0.247  -0.186  -0.137  -0.098  -0.072  -0.053  -0.040  -0.033  -0.027  -0.024  -0.022  -0.021  -0.020  -0.018  -0.016  -0.014  -0.013  -0.012  -0.009  -0.003   0.000   0.000   0.000   0.000   0.000   0.000   0.000   0.000   0.000  -0.001  -0.001  -0.001  -0.002  -0.002  -0.003  -0.004  -0.005  -0.006  -0.006  -0.007  -0.007  -0.007  -0.007  -0.007  -0.007  -0.005
   2.940  -0.446  -0.362  -0.286  -0.219  -0.161  -0.113  -0.080  -0.058  -0.041  -0.030  -0.023  -0.018  -0.016  -0.014  -0.013  -0.012  -0.010  -0.008  -0.006  -0.004  -0.003  -0.002  -0.002   0.000   0.005   0.007   0.007   0.006   0.006   0.006   0.006   0.005   0.003   0.002   0.002   0.002   0.001   0.001   0.001   0.000   0.000   0.000  -0.001  -0.001   0.000   0.000
   2.950  -0.839  -0.738  -0.629  -0.507  -0.369  -0.251  -0.179  -0.132  -0.092  -0.064  -0.043  -0.029  -0.020  -0.014  -0.010  -0.008  -0.007  -0.006  -0.004  -0.001   0.001   0.003   0.004   0.006   0.007   0.007   0.007   0.007   0.007   0.006   0.006   0.007   0.008   0.008   0.008   0.008   0.008   0.008   0.007   0.007   0.007   0.007   0.007   0.006   0.007   0.007
   2.960  -0.878  -0.872  -0.855  -0.814  -0.699  -0.565  -0.431  -0.298  -0.204  -0.147  -0.105  -0.070  -0.045  -0.027  -0.016  -0.009  -0.004  -0.001   0.001   0.002   0.003   0.005   0.008   0.010   0.011   0.012   0.013   0.014   0.014   0.015   0.015   0.015   0.014   0.014   0.014   0.014   0.015   0.015   0.015   0.015   0.014   0.014   0.014   0.014   0.014   0.014
   2.970  -1.045  -0.974  -0.919  -0.882  -0.869  -0.845  -0.715  -0.512  -0.380  -0.301  -0.236  -0.172  -0.117  -0.075  -0.047  -0.027  -0.013  -0.004   0.002   0.006   0.008   0.009   0.010   0.012   0.015   0.017   0.019   0.020   0.021   0.022   0.022   0.022   0.023   0.023   0.022   0.022   0.022   0.022   0.023   0.022   0.022   0.022   0.022   0.022   0.022   0.022
   2.980  -1.730  -1.425  -1.192  -1.043  -0.968  -0.920  -0.890  -0.870  -0.810  -0.689  -0.553  -0.414  -0.276  -0.180  -0.123  -0.082  -0.049  -0.026  -0.009   0.001   0.008   0.013   0.015   0.017   0.018   0.019   0.022   0.025   0.027   0.028   0.029   0.030   0.031   0.031   0.031   0.031   0.031   0.031   0.031   0.031   0.031   0.031   0.031   0.030   0.030   0.030
   2.990  -1.576  -1.657  -1.698  -1.659  -1.411  -1.168  -1.051  -0.977  -0.922  -0.895  -0.848  -0.693  -0.480  -0.341  -0.262  -0.199  -0.138  -0.089  -0.050  -0.024  -0.005   0.008   0.015   0.021   0.024   0.026   0.027   0.027   0.029   0.032   0.035   0.036   0.037   0.038   0.039   0.039   0.039   0.039   0.039   0.040   0.040   0.040   0.039   0.039   0.039   0.039
   3.000  -1.489  -1.494  -1.509  -1.542  -1.607  -1.644  -1.535  -1.329  -1.179  -1.063  -0.972  -0.926  -0.894  -0.790  -0.571  -0.373  -0.270  -0.207  -0.146  -0.092  -0.050  -0.020  -0.001   0.014   0.022   0.028   0.032   0.034   0.036   0.037   0.038   0.040   0.042   0.044   0.045   0.046   0.047   0.047   0.048   0.048   0.048   0.048   0.049   0.049   0.049   0.049
   3.010  -1.484  -1.483  -1.483  -1.484  -1.494  -1.510  -1.540  -1.570  -1.562  -1.476  -1.358  -1.213  -1.058  -0.961  -0.926  -0.864  -0.673  -0.425  -0.273  -0.202  -0.150  -0.095  -0.049  -0.016   0.005   0.020   0.031   0.037   0.041   0.043   0.045   0.046   0.048   0.049   0.051   0.053   0.054   0.055   0.055   0.056   0.057   0.057   0.057   0.058   0.058   0.058
   3.020  -1.461  -1.466  -1.469  -1.471  -1.471  -1.472  -1.477  -1.490  -1.510  -1.544  -1.562  -1.529  -1.447  -1.331  -1.168  -1.026  -0.963  -0.916  -0.781  -0.530  -0.310  -0.204  -0.148  -0.094  -0.050  -0.015   0.010   0.026   0.037   0.044   0.048   0.051   0.053   0.055   0.057   0.059   0.060   0.061   0.063   0.064   0.065   0.065   0.066   0.067   0.067   0.067
   3.030  -1.400  -1.419  -1.434  -1.445  -1.451  -1.454  -1.455  -1.456  -1.460  -1.471  -1.488  -1.506  -1.528  -1.565  -1.623  -1.654  -1.474  -1.155  -0.995  -0.950  -0.872  -0.647  -0.373  -0.213  -0.140  -0.090  -0.043  -0.008   0.018   0.035   0.046   0.053   0.056   0.060   0.062   0.064   0.066   0.068   0.069   0.071   0.072   0.073   0.074   0.075   0.076   0.077
   3.040  -1.340  -1.352  -1.365  -1.382  -1.401  -1.418  -1.428  -1.435  -1.438  -1.440  -1.442  -1.453  -1.471  -1.488  -1.503  -1.521  -1.553  -1.584  -1.546  -1.301  -1.065  -0.983  -0.931  -0.768  -0.462  -0.222  -0.129  -0.081  -0.035   0.002   0.028   0.044   0.052   0.059   0.063   0.067   0.070   0.073   0.075   0.077   0.079   0.081   0.082   0.083   0.085   0.085
   3.050  -1.333  -1.330  -1.328  -1.329  -1.336  -1.348  -1.366  -1.387  -1.402  -1.412  -1.419  -1.422  -1.424  -1.432  -1.454  -1.472  -1.477  -1.480  -1.497  -1.546  -1.576  -1.455  -1.201  -0.945  -0.652  -0.410  -0.283  -0.213  -0.142  -0.076  -0.024   0.010   0.030   0.046   0.056   0.063   0.069   0.074   0.078   0.082   0.085   0.087   0.089   0.091   0.093   0.094
   3.060  -1.323  -1.323  -1.322  -1.320  -1.317  -1.316  -1.322  -1.335  -1.347  -1.359  -1.371  -1.384  -1.397  -1.403  -1.405  -1.409  -1.420  -1.434  -1.442  -1.446  -1.452  -1.478  -1.510  -1.489  -1.315  -1.075  -0.772  -0.452  -0.267  -0.182  -0.124  -0.066  -0.023   0.009   0.030   0.045   0.058   0.068   0.076   0.082   0.087   0.091   0.095   0.098   0.100   0.102
   3.070  -1.312  -1.311  -1.310  -1.310  -1.309  -1.308  -1.306  -1.303  -1.304  -1.308  -1.316  -1.327  -1.340  -1.354  -1.369  -1.381  -1.386  -1.389  -1.398  -1.412  -1.425  -1.430  -1.434  -1.451  -1.503  -1.534  -1.429  -1.193  -0.915  -0.552  -0.283  -0.176  -0.120  -0.068  -0.029   0.002   0.027   0.046   0.062   0.074   0.083   0.090   0.096   0.102   0.106   0.109
   3.080  -1.313  -1.307  -1.303  -1.300  -1.298  -1.297  -1.296  -1.296  -1.294  -1.291  -1.290  -1.290  -1.292  -1.296  -1.309  -1.325  -1.340  -1.355  -1.365  -1.368  -1.374  -1.387  -1.403  -1.417  -1.428  -1.445  -1.483  -1.522  -1.500  -1.312  -1.051  -0.698  -0.337  -0.198  -0.150  -0.111  -0.058  -0.007   0.028   0.049   0.064   0.079   0.091   0.101   0.108   0.113
   3.090  -1.363  -1.339  -1.320  -1.306  -1.297  -1.291  -1.286  -1.284  -1.282  -1.282  -1.281  -1.280  -1.278  -1.276  -1.273  -1.271  -1.280  -1.297  -1.313  -1.329  -1.342  -1.348  -1.352  -1.362  -1.378  -1.396  -1.412  -1.430  -1.456  -1.493  -1.512  -1.282  -0.858  -0.593  -0.444  -0.324  -0.206  -0.109  -0.041  -0.006   0.020   0.048   0.072   0.090   0.104   0.112
   3.100  -1.620  -1.518  -1.437  -1.378  -1.343  -1.319  -1.300  -1.289  -1.280  -1.275  -1.271  -1.268  -1.267  -1.265  -1.264  -1.263  -1.260  -1.257  -1.259  -1.270  -1.284  -1.299  -1.315  -1.325  -1.330  -1.338  -1.354  -1.373  -1.385  -1.393  -1.396  -1.325  -1.171  -1.012  -0.832  -0.648  -0.459  -0.281  -0.164  -0.108  -0.065  -0.014   0.030   0.064   0.088   0.102
   3.110  -3.224  -2.529  -2.008  -1.710  -1.565  -1.471  -1.396  -1.352  -1.316  -1.294  -1.279  -1.268  -1.262  -1.257  -1.254  -1.252  -1.250  -1.249  -1.247  -1.244  -1.242  -1.247  -1.259  -1.272  -1.288  -1.302  -1.308  -1.313  -1.326  -1.346  -1.365  -1.382  -1.396  -1.369  -1.193  -0.973  -0.744  -0.510  -0.354  -0.271  -0.202  -0.120  -0.043   0.013   0.052   0.073
   3.120  -3.241  -3.202  -3.172  -3.155  -3.150  -3.140  -2.637  -1.818  -1.519  -1.424  -1.363  -1.315  -1.289  -1.268  -1.256  -1.248  -1.242  -1.239  -1.237  -1.235  -1.233  -1.230  -1.227  -1.228  -1.237  -1.248  -1.261  -1.275  -1.289  -1.302  -1.315  -1.331  -1.345  -1.342  -1.298  -1.209  -1.017  -0.767  -0.595  -0.490  -0.392  -0.273  -0.157  -0.072  -0.014   0.019
   3.130  -3.378  -3.279  -3.201  -3.147  -3.118  -3.101  -3.092  -3.087  -2.985  -2.462  -1.945  -1.657  -1.464  -1.363  -1.314  -1.283  -1.258  -1.245  -1.234  -1.228  -1.224  -1.221  -1.219  -1.216  -1.213  -1.211  -1.215  -1.225  -1.236  -1.249  -1.263  -1.279  -1.292  -1.295  -1.293  -1.291  -1.187  -0.988  -0.842  -0.731  -0.614  -0.464  -0.310  -0.198  -0.119  -0.071
   3.140  -3.683  -3.473  -3.310  -3.195  -3.133  -3.094  -3.065  -3.049  -3.037  -3.030  -3.026  -3.023  -3.022  -2.866  -2.050  -1.454  -1.362  -1.314  -1.273  -1.247  -1.230  -1.219  -1.213  -1.208  -1.205  -1.202  -1.198  -1.195  -1.196  -1.202  -1.211  -1.223  -1.237  -1.253  -1.272  -1.282  -1.233  -1.132  -1.038  -0.944  -0.829  -0.668  -0.492  -0.361  -0.266  -0.201
   3.150  -4.119  -3.832  -3.589  -3.392  -3.239  -3.131  -3.069  -3.037  -3.011  -2.996  -2.986  -2.978  -2.974  -2.970  -2.968  -2.965  -2.523  -1.782  -1.480  -1.372  -1.306  -1.259  -1.235  -1.216  -1.204  -1.196  -1.191  -1.189  -1.185  -1.180  -1.178  -1.183  -1.195  -1.208  -1.224  -1.233  -1.224  -1.196  -1.151  -1.092  -1.001  -0.853  -0.681  -0.548  -0.445  -0.366
   3.160  -4.549  -4.266  -3.999  -3.746  -3.500  -3.298  -3.160  -3.069  -3.009  -2.978  -2.958  -2.943  -2.935  -2.929  -2.924  -2.920  -2.918  -2.915  -2.798  -2.171  -1.632  -1.453  -1.361  -1.288  -1.246  -1.220  -1.199  -1.188  -1.178  -1.172  -1.170  -1.170  -1.170  -1.173  -1.184  -1.193  -1.196  -1.197  -1.194  -1.165  -1.109  -0.998  -0.852  -0.734  -0.635  -0.549
   3.170  -4.888  -4.666  -4.428  -4.171  -3.888  -3.626  -3.404  -3.215  -3.080  -2.999  -2.950  -2.920  -2.904  -2.893  -2.887  -2.883  -2.877  -2.872  -2.868  -2.867  -2.863  -2.586  -2.075  -1.731  -1.495  -1.344  -1.270  -1.231  -1.200  -1.181  -1.170  -1.162  -1.158  -1.158  -1.161  -1.166  -1.174  -1.182  -1.182  -1.174  -1.157  -1.093  -0.985  -0.894  -0.810  -0.728
   3.180  -5.114  -4.968  -4.788  -4.568  -4.305  -4.035  -3.763  -3.500  -3.291  -3.131  -3.010  -2.934  -2.893  -2.865  -2.850  -2.841  -2.836  -2.833  -2.829  -2.825  -2.821  -2.818  -2.816  -2.814  -2.814  -2.813  -2.331  -1.553  -1.311  -1.246  -1.211  -1.188  -1.176  -1.169  -1.166  -1.164  -1.167  -1.172  -1.173  -1.172  -1.171  -1.139  -1.074  -1.013  -0.950  -0.881
   3.190  -5.241  -5.160  -5.038  -4.876  -4.670  -4.437  -4.171  -3.888  -3.630  -3.386  -3.182  -3.037  -2.936  -2.870  -2.835  -2.814  -2.800  -2.792  -2.786  -2.783  -2.781  -2.778  -2.774  -2.772  -2.770  -2.768  -2.767  -2.767  -2.629  -1.902  -1.377  -1.299  -1.260  -1.248  -1.245  -1.239  -1.225  -1.208  -1.197  -1.193  -1.186  -1.166  -1.133  -1.095  -1.050  -0.998
   3.200  -5.290  -5.255  -5.185  -5.081  -4.942  -4.766  -4.542  -4.285  -4.020  -3.737  -3.478  -3.262  -3.082  -2.950  -2.867  -2.814  -2.780  -2.763  -2.750  -2.743  -2.739  -2.736  -2.734  -2.732  -2.729  -2.727  -2.725  -2.724  -2.722  -2.722  -2.720  -2.442  -1.940  -1.650  -1.519  -1.434  -1.364  -1.321  -1.285  -1.260  -1.237  -1.213  -1.189  -1.159  -1.124  -1.083
   3.210  -5.285  -5.275  -5.245  -5.195  -5.114  -4.995  -4.831  -4.629  -4.396  -4.124  -3.852  -3.588  -3.338  -3.138  -2.982  -2.866  -2.794  -2.756  -2.728  -2.713  -2.704  -2.697  -2.694  -2.690  -2.688  -2.687  -2.687  -2.686  -2.685  -2.683  -2.679  -2.564  -2.339  -2.139  -1.941  -1.767  -1.638  -1.538  -1.457  -1.398  -1.350  -1.308  -1.272  -1.234  -1.195  -1.156
   3.220  -5.256  -5.254  -5.248  -5.236  -5.198  -5.128  -5.025  -4.887  -4.706  -4.477  -4.227  -3.955  -3.675  -3.427  -3.201  -3.016  -2.886  -2.797  -2.734  -2.699  -2.679  -2.665  -2.658  -2.652  -2.649  -2.647  -2.645  -2.644  -2.644  -2.643  -2.642  -2.641  -2.638  -2.596  -2.366  -2.123  -1.961  -1.823  -1.706  -1.611  -1.530  -1.460  -1.401  -1.343  -1.290  -1.241
   3.230  -5.224  -5.227  -5.229  -5.227  -5.213  -5.184  -5.134  -5.049  -4.924  -4.757  -4.555  -4.311  -4.041  -3.776  -3.506  -3.265  -3.068  -2.907  -2.791  -2.722  -2.678  -2.649  -2.633  -2.621  -2.614  -2.610  -2.607  -2.605  -2.603  -2.602  -2.601  -2.600  -2.599  -2.586  -2.508  -2.397  -2.264  -2.112  -1.981  -1.864  -1.758  -1.663  -1.578  -1.498  -1.425  -1.359
   3.240  -5.196  -5.201  -5.204  -5.203  -5.199  -5.191  -5.172  -5.128  -5.052  -4.948  -4.804  -4.609  -4.377  -4.127  -3.849  -3.582  -3.336  -3.111  -2.937  -2.810  -2.717  -2.657  -2.624  -2.600  -2.587  -2.579  -2.572  -2.569  -2.565  -2.563  -2.562  -2.561  -2.561  -2.558  -2.542  -2.510  -2.436  -2.326  -2.218  -2.104  -1.992  -1.886  -1.784  -1.688  -1.599  -1.515
   3.250  -5.175  -5.178  -5.180  -5.180  -5.179  -5.177  -5.169  -5.149  -5.115  -5.057  -4.963  -4.827  -4.653  -4.441  -4.185  -3.920  -3.653  -3.391  -3.166  -2.972  -2.817  -2.712  -2.645  -2.597  -2.571  -2.555  -2.543  -2.537  -2.531  -2.528  -2.526  -2.524  -2.523  -2.522  -2.521  -2.520  -2.494  -2.437  -2.367  -2.281  -2.187  -2.089  -1.987  -1.889  -1.794  -1.700
   3.260  -5.160  -5.159  -5.159  -5.159  -5.159  -5.159  -5.156  -5.146  -5.130  -5.102  -5.047  -4.963  -4.848  -4.686  -4.477  -4.242  -3.982  -3.707  -3.453  -3.209  -3.000  -2.841  -2.720  -2.632  -2.580  -2.546  -2.523  -2.511  -2.501  -2.496  -2.492  -2.489  -2.487  -2.486  -2.485  -2.483  -2.477  -2.461  -2.431  -2.380  -2.316  -2.240  -2.154  -2.068  -1.980  -1.889
   3.270  -5.148  -5.146  -5.145  -5.143  -5.143  -5.141  -5.139  -5.134  -5.126  -5.111  -5.082  -5.036  -4.965  -4.853  -4.702  -4.516  -4.284  -4.022  -3.763  -3.497  -3.252  -3.040  -2.857  -2.720  -2.627  -2.561  -2.518  -2.496  -2.479  -2.469  -2.462  -2.457  -2.454  -2.452  -2.450  -2.448  -2.446  -2.442  -2.433  -2.411  -2.376  -2.327  -2.267  -2.202  -2.130  -2.053
   3.280  -5.131  -5.132  -5.132  -5.132  -5.130  -5.127  -5.125  -5.121  -5.115  -5.107  -5.092  -5.067  -5.025  -4.953  -4.855  -4.719  -4.533  -4.310  -4.068  -3.800  -3.538  -3.290  -3.059  -2.874  -2.730  -2.620  -2.546  -2.501  -2.467  -2.449  -2.437  -2.428  -2.423  -2.419  -2.416  -2.414  -2.412  -2.411  -2.407  -2.399  -2.384  -2.358  -2.323  -2.281  -2.231  -2.174
   3.290  -5.104  -5.112  -5.117  -5.118  -5.117  -5.115  -5.112  -5.108  -5.104  -5.099  -5.089  -5.075  -5.051  -5.007  -4.946  -4.853  -4.718  -4.546  -4.338  -4.088  -3.829  -3.570  -3.314  -3.090  -2.893  -2.731  -2.614  -2.533  -2.474  -2.442  -2.421  -2.405  -2.397  -2.390  -2.385  -2.382  -2.379  -2.376  -2.373  -2.370  -2.365  -2.353  -2.335  -2.311  -2.281  -2.245
   3.300  -5.057  -5.076  -5.090  -5.097  -5.101  -5.102  -5.101  -5.097  -5.093  -5.088  -5.081  -5.072  -5.058  -5.033  -4.996  -4.934  -4.842  -4.720  -4.553  -4.341  -4.107  -3.853  -3.587  -3.339  -3.102  -2.897  -2.736  -2.609  -2.516  -2.458  -2.418  -2.391  -2.377  -2.365  -2.357  -2.352  -2.347  -2.343  -2.340  -2.337  -2.333  -2.328  -2.320  -2.309  -2.294  -2.276
   3.310  -4.987  -5.017  -5.042  -5.061  -5.075  -5.082  -5.083  -5.084  -5.083  -5.079  -5.072  -5.065  -5.056  -5.039  -5.019  -4.980  -4.920  -4.837  -4.712  -4.548  -4.352  -4.117  -3.857  -3.604  -3.348  -3.114  -2.911  -2.735  -2.600  -2.505  -2.435  -2.389  -2.364  -2.343  -2.331  -2.322  -2.315  -2.310  -2.306  -2.302  -2.299  -2.296  -2.293  -2.290  -2.287  -2.284
   3.320  -4.898  -4.938  -4.974  -5.003  -5.027  -5.046  -5.059  -5.067  -5.068  -5.066  -5.063  -5.057  -5.049  -5.037  -5.025  -5.001  -4.965  -4.910  -4.822  -4.703  -4.548  -4.346  -4.111  -3.867  -3.605  -3.353  -3.119  -2.905  -2.730  -2.592  -2.485  -2.413  -2.368  -2.333  -2.312  -2.298  -2.287  -2.280  -2.274  -2.270  -2.266  -2.262  -2.259  -2.255  -2.252  -2.248
   3.330  -4.799  -4.845  -4.887  -4.925  -4.959  -4.989  -5.013  -5.032  -5.042  -5.048  -5.050  -5.048  -5.041  -5.033  -5.023  -5.006  -4.984  -4.951  -4.891  -4.810  -4.694  -4.532  -4.335  -4.112  -3.856  -3.599  -3.349  -3.109  -2.902  -2.722  -2.576  -2.469  -2.394  -2.337  -2.304  -2.281  -2.264  -2.254  -2.245  -2.238  -2.232  -2.227  -2.223  -2.219  -2.215  -2.211
   3.340  -4.696  -4.743  -4.788  -4.832  -4.874  -4.913  -4.947  -4.976  -4.999  -5.018  -5.026  -5.027  -5.027  -5.026  -5.018  -5.004  -4.990  -4.969  -4.930  -4.877  -4.795  -4.674  -4.520  -4.327  -4.091  -3.843  -3.589  -3.333  -3.101  -2.888  -2.704  -2.559  -2.445  -2.361  -2.309  -2.273  -2.246  -2.230  -2.217  -2.207  -2.200  -2.193  -2.188  -2.182  -2.177  -2.172
   3.350  -4.597  -4.642  -4.687  -4.732  -4.778  -4.822  -4.863  -4.901  -4.934  -4.962  -4.984  -4.999  -5.008  -5.009  -5.005  -4.998  -4.988  -4.972  -4.946  -4.914  -4.858  -4.773  -4.658  -4.501  -4.299  -4.074  -3.825  -3.562  -3.315  -3.076  -2.863  -2.684  -2.535  -2.419  -2.338  -2.279  -2.237  -2.211  -2.190  -2.177  -2.167  -2.158  -2.151  -2.145  -2.139  -2.133
   3.360  -4.505  -4.546  -4.588  -4.632  -4.678  -4.723  -4.768  -4.812  -4.853  -4.890  -4.922  -4.949  -4.969  -4.979  -4.983  -4.985  -4.980  -4.968  -4.950  -4.929  -4.891  -4.835  -4.755  -4.633  -4.472  -4.278  -4.046  -3.790  -3.538  -3.284  -3.047  -2.838  -2.654  -2.505  -2.390  -2.302  -2.241  -2.202  -2.171  -2.151  -2.136  -2.123  -2.114  -2.106  -2.098  -2.092
   3.370  -4.424  -4.459  -4.496  -4.536  -4.580  -4.624  -4.669  -4.715  -4.759  -4.802  -4.842  -4.877  -4.908  -4.932  -4.951  -4.958  -4.957  -4.954  -4.947  -4.931  -4.902  -4.865  -4.811  -4.722  -4.602  -4.445  -4.241  -4.005  -3.760  -3.497  -3.245  -3.012  -2.798  -2.617  -2.469  -2.350  -2.265  -2.206  -2.159  -2.129  -2.107  -2.090  -2.078  -2.066  -2.056  -2.048
   3.380  -4.355  -4.383  -4.415  -4.450  -4.488  -4.529  -4.572  -4.617  -4.662  -4.707  -4.751  -4.792  -4.831  -4.864  -4.892  -4.913  -4.925  -4.931  -4.931  -4.921  -4.901  -4.876  -4.838  -4.774  -4.689  -4.568  -4.400  -4.196  -3.968  -3.709  -3.450  -3.200  -2.961  -2.754  -2.574  -2.425  -2.310  -2.224  -2.157  -2.113  -2.081  -2.056  -2.040  -2.024  -2.012  -2.002
   3.390  -4.299  -4.320  -4.345  -4.374  -4.406  -4.441  -4.480  -4.522  -4.565  -4.609  -4.654  -4.698  -4.742  -4.781  -4.818  -4.849  -4.875  -4.892  -4.895  -4.892  -4.888  -4.874  -4.844  -4.797  -4.737  -4.646  -4.515  -4.349  -4.148  -3.906  -3.654  -3.397  -3.141  -2.910  -2.701  -2.520  -2.374  -2.259  -2.169  -2.108  -2.062  -2.027  -2.004  -1.983  -1.966  -1.953
   3.400  -4.258  -4.272  -4.289  -4.310  -4.335  -4.364  -4.397  -4.433  -4.472  -4.514  -4.557  -4.601  -4.646  -4.689  -4.731  -4.769  -4.803  -4.830  -4.847  -4.857  -4.860  -4.853  -4.832  -4.798  -4.755  -4.686  -4.587  -4.458  -4.288  -4.076  -3.843  -3.590  -3.325  -3.079  -2.843  -2.634  -2.460  -2.316  -2.200  -2.116  -2.051  -2.002  -1.969  -1.940  -1.918  -1.903
   3.410  -4.231  -4.237  -4.247  -4.260  -4.278  -4.299  -4.324  -4.354  -4.387  -4.424  -4.464  -4.506  -4.549  -4.593  -4.636  -4.678  -4.717  -4.752  -4.780  -4.803  -4.813  -4.810  -4.801  -4.785  -4.752  -4.696  -4.621  -4.522  -4.383  -4.207  -4.002  -3.765  -3.506  -3.255  -3.001  -2.769  -2.567  -2.392  -2.249  -2.138  -2.050  -1.985  -1.940  -1.901  -1.872  -1.852
   3.420  -4.217  -4.218  -4.220  -4.224  -4.234  -4.249  -4.266  -4.288  -4.314  -4.344  -4.378  -4.415  -4.455  -4.496  -4.539  -4.582  -4.624  -4.663  -4.698  -4.729  -4.747  -4.752  -4.755  -4.752  -4.726  -4.682  -4.625  -4.546  -4.435  -4.292  -4.118  -3.906  -3.667  -3.422  -3.164  -2.917  -2.691  -2.485  -2.314  -2.176  -2.064  -1.979  -1.918  -1.866  -1.827  -1.800
   3.430  -4.211  -4.206  -4.203  -4.203  -4.206  -4.212  -4.222  -4.235  -4.254  -4.276  -4.302  -4.333  -4.367  -4.404  -4.444  -4.485  -4.526  -4.567  -4.604  -4.639  -4.666  -4.684  -4.695  -4.694  -4.679  -4.648  -4.604  -4.541  -4.450  -4.335  -4.189  -4.007  -3.795  -3.567  -3.315  -3.065  -2.824  -2.595  -2.398  -2.232  -2.094  -1.986  -1.904  -1.837  -1.785  -1.751
   3.440  -4.210  -4.203  -4.197  -4.193  -4.190  -4.189  -4.191  -4.197  -4.208  -4.222  -4.240  -4.263  -4.289  -4.320  -4.354  -4.391  -4.430  -4.470  -4.507  -4.544  -4.574  -4.599  -4.616  -4.618  -4.610  -4.593  -4.561  -4.508  -4.433  -4.339  -4.217  -4.062  -3.880  -3.674  -3.441  -3.201  -2.957  -2.716  -2.501  -2.307  -2.140  -2.007  -1.900  -1.814  -1.749  -1.706
   3.450  -4.213  -4.205  -4.198  -4.190  -4.183  -4.178  -4.176  -4.175  -4.176  -4.182  -4.192  -4.207  -4.225  -4.248  -4.274  -4.304  -4.338  -4.374  -4.410  -4.445  -4.476  -4.505  -4.527  -4.530  -4.526  -4.520  -4.498  -4.453  -4.391  -4.312  -4.208  -4.077  -3.920  -3.739  -3.531  -3.310  -3.075  -2.833  -2.607  -2.391  -2.200  -2.043  -1.914  -1.808  -1.725  -1.667
   3.460  -4.216  -4.209  -4.201  -4.193  -4.184  -4.175  -4.167  -4.160  -4.159  -4.159  -4.159  -4.163  -4.174  -4.189  -4.207  -4.229  -4.255  -4.285  -4.315  -4.348  -4.377  -4.405  -4.427  -4.431  -4.431  -4.431  -4.416  -4.378  -4.325  -4.257  -4.168  -4.055  -3.919  -3.761  -3.579  -3.380  -3.162  -2.932  -2.707  -2.481  -2.274  -2.096  -1.941  -1.813  -1.711  -1.635
   3.470  -4.215  -4.210  -4.204  -4.196  -4.187  -4.177  -4.167  -4.157  -4.149  -4.142  -4.139  -4.139  -4.140  -4.143  -4.153  -4.168  -4.185  -4.206  -4.229  -4.255  -4.280  -4.304  -4.324  -4.329  -4.331  -4.332  -4.320  -4.287  -4.240  -4.180  -4.101  -4.002  -3.884  -3.745  -3.584  -3.407  -3.211  -3.000  -2.786  -2.562  -2.350  -2.156  -1.979  -1.830  -1.708  -1.611
   3.480  -4.209  -4.207  -4.204  -4.198  -4.190  -4.181  -4.171  -4.160  -4.150  -4.139  -4.129  -4.121  -4.116  -4.115  -4.117  -4.121  -4.129  -4.140  -4.155  -4.172  -4.190  -4.208  -4.224  -4.226  -4.226  -4.226  -4.214  -4.184  -4.141  -4.086  -4.015  -3.926  -3.820  -3.696  -3.554  -3.396  -3.221  -3.033  -2.834  -2.622  -2.414  -2.212  -2.020  -1.856  -1.716  -1.600
   3.490  -4.194  -4.196  -4.197  -4.196  -4.191  -4.184  -4.175  -4.165  -4.153  -4.140  -4.128  -4.116  -4.106  -4.097  -4.090  -4.087  -4.088  -4.090  -4.095  -4.102  -4.110  -4.119  -4.127  -4.128  -4.124  -4.117  -4.101  -4.073  -4.032  -3.980  -3.914  -3.832  -3.734  -3.622  -3.494  -3.352  -3.196  -3.027  -2.846  -2.652  -2.455  -2.257  -2.062  -1.888  -1.733  -1.595
   3.500  -4.163  -4.176  -4.184  -4.185  -4.184  -4.182  -4.177  -4.168  -4.158  -4.145  -4.132  -4.118  -4.104  -4.091  -4.078  -4.068  -4.060  -4.054  -4.050  -4.048  -4.046  -4.044  -4.041  -4.036  -4.027  -4.011  -3.989  -3.959  -3.918  -3.866  -3.802  -3.724  -3.633  -3.529  -3.412  -3.283  -3.142  -2.988  -2.824  -2.649  -2.467  -2.278  -2.088  -1.912  -1.747  -1.593
   3.525  -3.992  -4.029  -4.061  -4.084  -4.107  -4.129  -4.138  -4.139  -4.138  -4.134  -4.126  -4.115  -4.106  -4.098  -4.087  -4.073  -4.059  -4.042  -4.019  -3.988  -3.957  -3.922  -3.886  -3.850  -3.815  -3.776  -3.735  -3.692  -3.635  -3.571  -3.501  -3.422  -3.337  -3.244  -3.144  -3.036  -2.919  -2.795  -2.662  -2.525  -2.371  -2.205  -2.037  -1.874  -1.715  -1.560
   3.550  -3.727  -3.785  -3.840  -3.891  -3.940  -3.983  -4.021  -4.053  -4.078  -4.098  -4.107  -4.108  -4.108  -4.106  -4.095  -4.078  -4.058  -4.032  -4.002  -3.967  -3.927  -3.881  -3.829  -3.771  -3.708  -3.639  -3.565  -3.486  -3.403  -3.317  -3.229  -3.139  -3.046  -2.951  -2.854  -2.753  -2.647  -2.537  -2.421  -2.300  -2.173  -2.040  -1.903  -1.762  -1.618  -1.471
   3.575  -3.394  -3.466  -3.535  -3.602  -3.665  -3.724  -3.785  -3.842  -3.892  -3.938  -3.974  -4.001  -4.025  -4.043  -4.050  -4.045  -4.035  -4.015  -3.993  -3.968  -3.936  -3.893  -3.840  -3.774  -3.698  -3.604  -3.498  -3.380  -3.265  -3.150  -3.036  -2.925  -2.815  -2.704  -2.594  -2.484  -2.375  -2.265  -2.153  -2.040  -1.923  -1.803  -1.680  -1.553  -1.424  -1.289
   3.600  -3.014  -3.095  -3.174  -3.251  -3.325  -3.397  -3.467  -3.534  -3.599  -3.663  -3.723  -3.779  -3.831  -3.877  -3.917  -3.948  -3.970  -3.981  -3.981  -3.969  -3.945  -3.906  -3.850  -3.777  -3.687  -3.583  -3.464  -3.333  -3.198  -3.058  -2.917  -2.778  -2.640  -2.507  -2.377  -2.250  -2.128  -2.008  -1.890  -1.774  -1.658  -1.541  -1.423  -1.303  -1.181  -1.057
   3.625  -2.608  -2.696  -2.782  -2.867  -2.951  -3.032  -3.112  -3.190  -3.267  -3.341  -3.414  -3.484  -3.551  -3.613  -3.672  -3.730  -3.780  -3.821  -3.850  -3.867  -3.861  -3.837  -3.803  -3.747  -3.660  -3.559  -3.443  -3.315  -3.179  -3.032  -2.880  -2.718  -2.555  -2.399  -2.247  -2.099  -1.958  -1.821  -1.688  -1.559  -1.433  -1.308  -1.185  -1.063  -0.940  -0.818
   3.650  -2.199  -2.290  -2.381  -2.471  -2.560  -2.648  -2.734  -2.819  -2.902  -2.984  -3.064  -3.142  -3.218  -3.291  -3.363  -3.430  -3.493  -3.552  -3.602  -3.648  -3.669  -3.668  -3.666  -3.655  -3.600  -3.519  -3.419  -3.297  -3.160  -3.006  -2.843  -2.675  -2.502  -2.331  -2.162  -1.996  -1.836  -1.680  -1.529  -1.384  -1.242  -1.105  -0.971  -0.840  -0.711  -0.585
   3.675  -1.813  -1.905  -1.996  -2.088  -2.179  -2.269  -2.359  -2.448  -2.536  -2.623  -2.708  -2.792  -2.874  -2.954  -3.032  -3.107  -3.178  -3.245  -3.305  -3.361  -3.397  -3.415  -3.426  -3.434  -3.404  -3.346  -3.269  -3.169  -3.051  -2.914  -2.764  -2.611  -2.447  -2.280  -2.110  -1.939  -1.767  -1.597  -1.430  -1.267  -1.109  -0.955  -0.806  -0.662  -0.521  -0.385
   3.700  -1.468  -1.554  -1.640  -1.728  -1.817  -1.906  -1.996  -2.085  -2.175  -2.263  -2.351  -2.437  -2.522  -2.605  -2.686  -2.764  -2.839  -2.909  -2.972  -3.029  -3.075  -3.107  -3.125  -3.125  -3.105  -3.067  -3.010  -2.935  -2.846  -2.741  -2.624  -2.495  -2.353  -2.202  -2.040  -1.872  -1.699  -1.523  -1.349  -1.175  -1.004  -0.837  -0.674  -0.515  -0.362  -0.213
   3.725  -1.181  -1.254  -1.327  -1.404  -1.486  -1.570  -1.656  -1.743  -1.831  -1.919  -2.007  -2.094  -2.180  -2.265  -2.347  -2.427  -2.503  -2.575  -2.640  -2.699  -2.746  -2.781  -2.801  -2.802  -2.786  -2.754  -2.705  -2.640  -2.564  -2.474  -2.374  -2.264  -2.147  -2.019  -1.879  -1.733  -1.580  -1.420  -1.257  -1.089  -0.920  -0.748  -0.577  -0.408  -0.243  -0.080
   3.750  -0.976  -1.023  -1.078  -1.138  -1.207  -1.279  -1.355  -1.435  -1.516  -1.599  -1.683  -1.767  -1.851  -1.933  -2.015  -2.093  -2.168  -2.239  -2.302  -2.359  -2.404  -2.436  -2.454  -2.455  -2.439  -2.409  -2.363  -2.304  -2.235  -2.156  -2.069  -1.976  -1.876  -1.770  -1.658  -1.538  -1.410  -1.274  -1.130  -0.976  -0.816  -0.649  -0.477  -0.306  -0.134   0.038
   3.775  -0.873  -0.891  -0.920  -0.957  -1.001  -1.052  -1.111  -1.173  -1.239  -1.310  -1.384  -1.460  -1.537  -1.614  -1.690  -1.764  -1.835  -1.902  -1.961  -2.014  -2.055  -2.085  -2.101  -2.101  -2.086  -2.058  -2.016  -1.961  -1.898  -1.826  -1.747  -1.663  -1.573  -1.479  -1.379  -1.274  -1.162  -1.044  -0.917  -0.783  -0.642  -0.492  -0.337  -0.177  -0.014   0.154
   3.800  -0.835  -0.838  -0.847  -0.860  -0.878  -0.902  -0.934  -0.972  -1.018  -1.071  -1.128  -1.190  -1.255  -1.320  -1.386  -1.450  -1.512  -1.571  -1.622  -1.667  -1.702  -1.726  -1.738  -1.738  -1.723  -1.695  -1.656  -1.605  -1.547  -1.480  -1.407  -1.329  -1.247  -1.160  -1.069  -0.974  -0.875  -0.771  -0.662  -0.547  -0.425  -0.296  -0.161  -0.018   0.132   0.289
   3.825  -0.826  -0.824  -0.824  -0.824  -0.826  -0.831  -0.839  -0.853  -0.874  -0.902  -0.934  -0.973  -1.016  -1.059  -1.106  -1.153  -1.199  -1.244  -1.283  -1.318  -1.343  -1.356  -1.364  -1.364  -1.348  -1.321  -1.285  -1.240  -1.188  -1.128  -1.063  -0.993  -0.917  -0.838  -0.755  -0.669  -0.578  -0.484  -0.384  -0.280  -0.171  -0.054   0.068   0.197   0.333   0.476
   3.850  -0.823  -0.819  -0.816  -0.812  -0.808  -0.805  -0.803  -0.801  -0.801  -0.804  -0.808  -0.817  -0.832  -0.849  -0.872  -0.895  -0.919  -0.943  -0.963  -0.984  -0.993  -0.993  -0.993  -0.990  -0.972  -0.944  -0.911  -0.870  -0.824  -0.771  -0.713  -0.650  -0.581  -0.510  -0.434  -0.355  -0.272  -0.184  -0.093   0.003   0.104   0.210   0.322   0.439   0.562   0.690
   3.875  -0.826  -0.822  -0.818  -0.813  -0.807  -0.801  -0.793  -0.784  -0.773  -0.760  -0.746  -0.731  -0.720  -0.710  -0.702  -0.696  -0.690  -0.683  -0.676  -0.670  -0.659  -0.645  -0.632  -0.617  -0.594  -0.565  -0.533  -0.497  -0.455  -0.408  -0.357  -0.302  -0.242  -0.178  -0.111  -0.039   0.036   0.116   0.199   0.287   0.380   0.478   0.581   0.689   0.803   0.922
   3.900  -0.829  -0.825  -0.820  -0.814  -0.807  -0.799  -0.789  -0.778  -0.763  -0.746  -0.725  -0.700  -0.670  -0.637  -0.599  -0.559  -0.518  -0.477  -0.438  -0.401  -0.365  -0.331  -0.299  -0.267  -0.234  -0.201  -0.166  -0.130  -0.091  -0.049  -0.003   0.046   0.098   0.153   0.213   0.277   0.345   0.416   0.493   0.573   0.658   0.749   0.844   0.945   1.051   1.162
   3.925  -0.827  -0.824  -0.820  -0.816  -0.810  -0.803  -0.793  -0.782  -0.766  -0.747  -0.724  -0.693  -0.654  -0.606  -0.550  -0.485  -0.415  -0.344  -0.273  -0.202  -0.135  -0.072  -0.011   0.044   0.093   0.138   0.181   0.222   0.263   0.303   0.346   0.390   0.436   0.485   0.537   0.593   0.653   0.717   0.785   0.857   0.934   1.017   1.105   1.198   1.296   1.399
   3.950  -0.821  -0.821  -0.820  -0.818  -0.813  -0.806  -0.797  -0.786  -0.770  -0.750  -0.724  -0.690  -0.649  -0.596  -0.533  -0.460  -0.374  -0.279  -0.179  -0.073   0.031   0.128   0.220   0.301   0.372   0.436   0.493   0.543   0.590   0.634   0.676   0.719   0.762   0.807   0.853   0.902   0.955   1.011   1.072   1.136   1.206   1.281   1.362   1.447   1.538   1.634
   3.975  -0.782  -0.790  -0.797  -0.802  -0.804  -0.800  -0.793  -0.784  -0.772  -0.755  -0.729  -0.697  -0.657  -0.602  -0.537  -0.461  -0.366  -0.258  -0.139  -0.007   0.128   0.256   0.378   0.486   0.583   0.671   0.749   0.816   0.877   0.929   0.977   1.023   1.066   1.110   1.153   1.199   1.246   1.297   1.351   1.409   1.472   1.540   1.613   1.691   1.774   1.863
   4.000  -0.728  -0.743  -0.756  -0.768  -0.778  -0.782  -0.781  -0.778  -0.772  -0.758  -0.735  -0.704  -0.664  -0.610  -0.544  -0.462  -0.364  -0.251  -0.125   0.015   0.160   0.308   0.457   0.596   0.726   0.844   0.947   1.036   1.115   1.181   1.240   1.293   1.342   1.388   1.432   1.476   1.521   1.568   1.617   1.670   1.727   1.789   1.855   1.926   2.003   2.085
   4.025  -0.693  -0.701  -0.710  -0.719  -0.728  -0.736  -0.742  -0.746  -0.746  -0.738  -0.725  -0.700  -0.662  -0.613  -0.551  -0.472  -0.376  -0.264  -0.135   0.009   0.158   0.315   0.482   0.644   0.803   0.952   1.081   1.194   1.292   1.376   1.453   1.519   1.577   1.631   1.680   1.726   1.772   1.818   1.866   1.915   1.968   2.025   2.087   2.153   2.223   2.299
   4.050  -0.667  -0.668  -0.670  -0.673  -0.678  -0.684  -0.692  -0.700  -0.701  -0.700  -0.698  -0.686  -0.657  -0.614  -0.557  -0.482  -0.388  -0.278  -0.150  -0.004   0.152   0.318   0.490   0.660   0.829   0.991   1.142   1.282   1.408   1.518   1.616   1.700   1.772   1.838   1.895   1.948   1.998   2.046   2.094   2.143   2.194   2.248   2.306   2.367   2.433   2.503
   4.075  -0.655  -0.654  -0.653  -0.653  -0.654  -0.656  -0.659  -0.661  -0.659  -0.656  -0.651  -0.642  -0.620  -0.584  -0.535  -0.469  -0.383  -0.277  -0.160  -0.022   0.130   0.294   0.468   0.643   0.819   0.989   1.153   1.316   1.469   1.610   1.729   1.830   1.921   2.003   2.073   2.136   2.194   2.247   2.299   2.349   2.400   2.454   2.509   2.568   2.630   2.696
   4.100  -0.648  -0.646  -0.644  -0.642  -0.640  -0.637  -0.634  -0.629  -0.623  -0.615  -0.603  -0.588  -0.568  -0.536  -0.495  -0.439  -0.366  -0.275  -0.165  -0.034   0.111   0.271   0.443   0.619   0.801   0.981   1.157   1.328   1.490   1.645   1.787   1.915   2.029   2.129   2.216   2.293   2.361   2.422   2.481   2.535   2.589   2.644   2.699   2.756   2.816   2.878
   4.125  -0.642  -0.638  -0.634  -0.630  -0.627  -0.623  -0.618  -0.611  -0.603  -0.593  -0.578  -0.558  -0.532  -0.496  -0.450  -0.392  -0.321  -0.238  -0.134  -0.014   0.121   0.275   0.437   0.602   0.780   0.958   1.136   1.308   1.477   1.642   1.806   1.962   2.100   2.218   2.323   2.417   2.500   2.572   2.639   2.701   2.759   2.816   2.872   2.930   2.989   3.050
   4.150  -0.639  -0.634  -0.629  -0.625  -0.620  -0.614  -0.608  -0.601  -0.591  -0.579  -0.561  -0.537  -0.505  -0.462  -0.410  -0.346  -0.270  -0.183  -0.084   0.026   0.149   0.286   0.435   0.595   0.767   0.941   1.110   1.279   1.454   1.636   1.812   1.977   2.133   2.273   2.400   2.513   2.611   2.698   2.776   2.847   2.912   2.974   3.032   3.092   3.152   3.212
   4.175  -0.641  -0.636  -0.630  -0.624  -0.617  -0.609  -0.600  -0.590  -0.578  -0.565  -0.546  -0.521  -0.489  -0.445  -0.390  -0.323  -0.241  -0.146  -0.041   0.076   0.201   0.332   0.474   0.626   0.784   0.945   1.101   1.257   1.427   1.613   1.796   1.971   2.141   2.303   2.448   2.581   2.697   2.800   2.892   2.973   3.048   3.117   3.180   3.244   3.306   3.367
   4.200  -0.644  -0.638  -0.632  -0.624  -0.616  -0.607  -0.597  -0.586  -0.572  -0.557  -0.537  -0.512  -0.480  -0.435  -0.380  -0.311  -0.225  -0.125  -0.011   0.117   0.252   0.393   0.539   0.680   0.817   0.957   1.099   1.245   1.410   1.594   1.780   1.963   2.144   2.315   2.477   2.627   2.761   2.881   2.989   3.083   3.168   3.246   3.316   3.385   3.451   3.514
   4.225  -0.645  -0.640  -0.634  -0.627  -0.619  -0.610  -0.599  -0.587  -0.573  -0.556  -0.533  -0.506  -0.472  -0.427  -0.371  -0.302  -0.218  -0.119  -0.002   0.133   0.279   0.436   0.594   0.738   0.869   0.996   1.123   1.263   1.421   1.598   1.780   1.961   2.144   2.319   2.493   2.656   2.806   2.944   3.067   3.176   3.274   3.362   3.441   3.516   3.586   3.650
   4.250  -0.646  -0.642  -0.636  -0.630  -0.622  -0.613  -0.602  -0.590  -0.574  -0.555  -0.532  -0.504  -0.469  -0.423  -0.368  -0.299  -0.216  -0.117   0.001   0.138   0.288   0.457   0.631   0.780   0.904   1.027   1.158   1.295   1.446   1.610   1.782   1.960   2.143   2.323   2.504   2.677   2.840   2.993   3.131   3.254   3.366   3.466   3.555   3.638   3.713   3.781
   4.275  -0.646  -0.641  -0.636  -0.629  -0.622  -0.613  -0.603  -0.591  -0.576  -0.558  -0.535  -0.508  -0.472  -0.426  -0.371  -0.302  -0.218  -0.120  -0.003   0.133   0.284   0.456   0.642   0.790   0.902   1.022   1.170   1.326   1.485   1.646   1.811   1.983   2.159   2.338   2.520   2.697   2.868   3.032   3.183   3.320   3.446   3.558   3.658   3.751   3.835   3.911
   4.300  -0.644  -0.639  -0.634  -0.628  -0.621  -0.613  -0.603  -0.592  -0.578  -0.561  -0.539  -0.512  -0.477  -0.432  -0.377  -0.308  -0.225  -0.127  -0.011   0.123   0.274   0.455   0.645   0.793   0.899   1.017   1.178   1.356   1.527   1.692   1.858   2.025   2.194   2.367   2.545   2.722   2.897   3.069   3.229   3.379   3.517   3.641   3.752   3.856   3.950   4.036
   4.325  -0.640  -0.636  -0.632  -0.627  -0.620  -0.612  -0.603  -0.591  -0.577  -0.560  -0.539  -0.512  -0.480  -0.436  -0.384  -0.318  -0.236  -0.138  -0.023   0.111   0.260   0.436   0.618   0.769   0.889   1.022   1.191   1.376   1.554   1.728   1.901   2.071   2.241   2.413   2.587   2.761   2.936   3.109   3.274   3.434   3.583   3.717   3.840   3.953   4.056   4.148
   4.350  -0.629  -0.629  -0.627  -0.624  -0.618  -0.610  -0.600  -0.588  -0.574  -0.558  -0.537  -0.512  -0.481  -0.439  -0.388  -0.324  -0.245  -0.150  -0.036   0.098   0.245   0.407   0.576   0.733   0.876   1.029   1.205   1.392   1.576   1.759   1.941   2.118   2.293   2.466   2.638   2.809   2.982   3.155   3.324   3.490   3.646   3.790   3.923   4.045   4.155   4.255
   4.375  -0.598  -0.603  -0.606  -0.608  -0.606  -0.603  -0.595  -0.584  -0.570  -0.554  -0.534  -0.509  -0.477  -0.436  -0.387  -0.324  -0.248  -0.158  -0.047   0.084   0.228   0.384   0.549   0.710   0.868   1.034   1.215   1.405   1.593   1.783   1.972   2.157   2.339   2.518   2.694   2.868   3.042   3.214   3.384   3.551   3.712   3.863   4.005   4.135   4.256   4.365
   4.400  -0.562  -0.569  -0.576  -0.580  -0.584  -0.585  -0.582  -0.574  -0.563  -0.547  -0.526  -0.500  -0.469  -0.429  -0.382  -0.322  -0.249  -0.161  -0.053   0.075   0.216   0.367   0.529   0.694   0.864   1.040   1.225   1.417   1.609   1.804   1.998   2.191   2.382   2.569   2.751   2.930   3.106   3.279   3.449   3.617   3.780   3.936   4.085   4.222   4.350   4.467
   4.425  -0.542  -0.545  -0.548  -0.550  -0.551  -0.552  -0.551  -0.547  -0.539  -0.528  -0.510  -0.488  -0.458  -0.420  -0.374  -0.315  -0.243  -0.157  -0.050   0.076   0.214   0.359   0.517   0.685   0.864   1.047   1.236   1.431   1.626   1.825   2.023   2.222   2.419   2.612   2.802   2.988   3.170   3.347   3.520   3.689   3.853   4.012   4.163   4.302   4.429   4.545
   4.450  -0.529  -0.526  -0.524  -0.522  -0.520  -0.518  -0.516  -0.513  -0.507  -0.499  -0.485  -0.465  -0.438  -0.401  -0.356  -0.298  -0.228  -0.144  -0.041   0.079   0.213   0.357   0.512   0.682   0.866   1.056   1.249   1.446   1.645   1.846   2.048   2.251   2.453   2.652   2.850   3.043   3.231   3.414   3.591   3.763   3.928   4.089   4.242   4.380   4.506   4.618
   4.475  -0.520  -0.515  -0.511  -0.507  -0.503  -0.498  -0.493  -0.487  -0.478  -0.466  -0.449  -0.428  -0.401  -0.365  -0.321  -0.266  -0.199  -0.118  -0.020   0.095   0.225   0.367   0.522   0.692   0.877   1.070   1.265   1.464   1.665   1.869   2.073   2.279   2.485   2.690   2.893   3.092   3.286   3.475   3.657   3.833   4.002   4.166   4.322   4.462   4.588   4.700
   4.500  -0.515  -0.511  -0.507  -0.501  -0.496  -0.488  -0.478  -0.465  -0.448  -0.428  -0.404  -0.378  -0.349  -0.313  -0.272  -0.220  -0.156  -0.080   0.014   0.126   0.252   0.393   0.548   0.716   0.898   1.088   1.283   1.484   1.687   1.892   2.099   2.307   2.516   2.724   2.931   3.135   3.335   3.532   3.721   3.903   4.077   4.244   4.403   4.545   4.673   4.787

