low temperature opacities from Ferguson, Alexander, et al (2005) with gs98 metals
    form     version        X           Z          logRs    logR_min    logR_max       logTs    logT_min    logT_max
       1          38    0.200000    0.020000          46   -8.000000    1.000000         105    2.700000    4.500000

   logT                       logR = logRho - 3*logT + 18
          -8.000  -7.800  -7.600  -7.400  -7.200  -7.000  -6.800  -6.600  -6.400  -6.200  -6.000  -5.800  -5.600  -5.400  -5.200  -5.000  -4.800  -4.600  -4.400  -4.200  -4.000  -3.800  -3.600  -3.400  -3.200  -3.000  -2.800  -2.600  -2.400  -2.200  -2.000  -1.800  -1.600  -1.400  -1.200  -1.000  -0.800  -0.600  -0.400  -0.200   0.000   0.200   0.400   0.600   0.800   1.000

   2.700  -0.190  -0.190  -0.190  -0.190  -0.190  -0.190  -0.190  -0.190  -0.189  -0.184  -0.181  -0.184  -0.189  -0.190  -0.190  -0.190  -0.190  -0.190  -0.189  -0.184  -0.181  -0.184  -0.189  -0.188  -0.179  -0.173  -0.174  -0.176  -0.175  -0.171  -0.168  -0.171  -0.176  -0.176  -0.172  -0.164  -0.133  -0.096  -0.094  -0.121  -0.139  -0.138  -0.136  -0.133  -0.126  -0.116
   2.750  -0.171  -0.170  -0.170  -0.170  -0.170  -0.170  -0.170  -0.170  -0.170  -0.170  -0.170  -0.170  -0.170  -0.170  -0.170  -0.170  -0.170  -0.170  -0.170  -0.169  -0.169  -0.169  -0.169  -0.169  -0.169  -0.169  -0.169  -0.168  -0.168  -0.168  -0.168  -0.168  -0.167  -0.165  -0.161  -0.153  -0.128  -0.096  -0.095  -0.118  -0.133  -0.132  -0.131  -0.128  -0.121  -0.113
   2.800  -0.157  -0.154  -0.151  -0.149  -0.146  -0.145  -0.147  -0.149  -0.150  -0.149  -0.148  -0.147  -0.147  -0.147  -0.147  -0.147  -0.147  -0.147  -0.147  -0.146  -0.146  -0.146  -0.146  -0.146  -0.146  -0.146  -0.146  -0.146  -0.146  -0.146  -0.145  -0.143  -0.139  -0.136  -0.134  -0.131  -0.115  -0.095  -0.094  -0.109  -0.119  -0.118  -0.118  -0.116  -0.111  -0.104
   2.850  -0.141  -0.139  -0.136  -0.134  -0.130  -0.127  -0.123  -0.120  -0.116  -0.113  -0.110  -0.108  -0.108  -0.106  -0.105  -0.104  -0.103  -0.101  -0.101  -0.100  -0.100  -0.100  -0.100  -0.100  -0.099  -0.099  -0.099  -0.099  -0.099  -0.099  -0.099  -0.099  -0.099  -0.099  -0.101  -0.102  -0.096  -0.088  -0.087  -0.095  -0.100  -0.100  -0.100  -0.100  -0.096  -0.091
   2.900  -0.114  -0.112  -0.110  -0.108  -0.108  -0.107  -0.107  -0.106  -0.104  -0.095  -0.087  -0.084  -0.083  -0.081  -0.079  -0.077  -0.075  -0.074  -0.069  -0.058  -0.052  -0.052  -0.052  -0.052  -0.052  -0.052  -0.052  -0.053  -0.053  -0.052  -0.052  -0.056  -0.064  -0.069  -0.073  -0.075  -0.075  -0.074  -0.074  -0.078  -0.081  -0.082  -0.082  -0.082  -0.080  -0.077
   2.910  -0.111  -0.101  -0.092  -0.086  -0.083  -0.081  -0.080  -0.079  -0.079  -0.078  -0.078  -0.072  -0.063  -0.057  -0.054  -0.052  -0.052  -0.051  -0.051  -0.050  -0.049  -0.048  -0.048  -0.048  -0.049  -0.049  -0.049  -0.048  -0.048  -0.049  -0.049  -0.049  -0.048  -0.049  -0.052  -0.056  -0.058  -0.059  -0.060  -0.062  -0.064  -0.065  -0.066  -0.066  -0.065  -0.064
   2.920  -0.175  -0.144  -0.119  -0.101  -0.091  -0.084  -0.079  -0.077  -0.075  -0.074  -0.073  -0.073  -0.072  -0.070  -0.061  -0.052  -0.049  -0.047  -0.045  -0.044  -0.043  -0.043  -0.044  -0.044  -0.043  -0.043  -0.043  -0.044  -0.044  -0.043  -0.043  -0.043  -0.044  -0.044  -0.045  -0.045  -0.045  -0.047  -0.048  -0.049  -0.050  -0.051  -0.052  -0.052  -0.052  -0.052
   2.930  -0.305  -0.246  -0.197  -0.158  -0.129  -0.107  -0.092  -0.083  -0.076  -0.072  -0.070  -0.068  -0.067  -0.067  -0.066  -0.066  -0.059  -0.048  -0.042  -0.040  -0.039  -0.037  -0.036  -0.035  -0.034  -0.034  -0.034  -0.034  -0.035  -0.037  -0.039  -0.039  -0.038  -0.038  -0.038  -0.037  -0.038  -0.038  -0.039  -0.039  -0.040  -0.041  -0.042  -0.042  -0.042  -0.042
   2.940  -0.718  -0.525  -0.374  -0.269  -0.215  -0.177  -0.141  -0.114  -0.094  -0.082  -0.074  -0.068  -0.064  -0.062  -0.061  -0.060  -0.059  -0.058  -0.054  -0.045  -0.037  -0.034  -0.033  -0.031  -0.031  -0.030  -0.029  -0.029  -0.029  -0.029  -0.029  -0.030  -0.031  -0.031  -0.031  -0.031  -0.031  -0.031  -0.032  -0.032  -0.032  -0.033  -0.033  -0.034  -0.034  -0.034
   2.950  -0.713  -0.713  -0.712  -0.679  -0.492  -0.313  -0.236  -0.194  -0.154  -0.121  -0.097  -0.081  -0.071  -0.063  -0.059  -0.056  -0.054  -0.053  -0.053  -0.056  -0.057  -0.048  -0.033  -0.028  -0.027  -0.026  -0.025  -0.024  -0.024  -0.024  -0.024  -0.024  -0.024  -0.024  -0.024  -0.025  -0.025  -0.025  -0.025  -0.026  -0.026  -0.026  -0.027  -0.027  -0.027  -0.027
   2.960  -0.712  -0.711  -0.709  -0.698  -0.639  -0.558  -0.458  -0.348  -0.267  -0.211  -0.167  -0.130  -0.102  -0.082  -0.069  -0.060  -0.054  -0.050  -0.048  -0.046  -0.045  -0.045  -0.044  -0.042  -0.030  -0.022  -0.020  -0.019  -0.019  -0.018  -0.018  -0.018  -0.018  -0.018  -0.018  -0.019  -0.019  -0.019  -0.020  -0.020  -0.020  -0.021  -0.021  -0.021  -0.021  -0.021
   2.970  -0.725  -0.717  -0.711  -0.706  -0.704  -0.702  -0.701  -0.701  -0.666  -0.478  -0.297  -0.219  -0.177  -0.137  -0.106  -0.082  -0.065  -0.055  -0.048  -0.044  -0.041  -0.039  -0.038  -0.036  -0.036  -0.034  -0.026  -0.016  -0.013  -0.012  -0.012  -0.012  -0.012  -0.012  -0.013  -0.014  -0.014  -0.014  -0.015  -0.015  -0.015  -0.015  -0.015  -0.015  -0.016  -0.016
   2.980  -0.797  -0.762  -0.736  -0.719  -0.710  -0.704  -0.699  -0.696  -0.694  -0.694  -0.693  -0.574  -0.359  -0.235  -0.181  -0.144  -0.108  -0.082  -0.062  -0.050  -0.042  -0.036  -0.033  -0.031  -0.030  -0.029  -0.027  -0.025  -0.020  -0.011  -0.006  -0.007  -0.010  -0.010  -0.010  -0.010  -0.010  -0.010  -0.010  -0.010  -0.010  -0.010  -0.010  -0.010  -0.010  -0.010
   2.990  -1.113  -0.973  -0.865  -0.791  -0.753  -0.729  -0.712  -0.703  -0.696  -0.693  -0.689  -0.647  -0.565  -0.473  -0.361  -0.262  -0.196  -0.149  -0.109  -0.080  -0.059  -0.044  -0.036  -0.029  -0.025  -0.023  -0.022  -0.021  -0.019  -0.017  -0.014  -0.011  -0.009  -0.007  -0.006  -0.006  -0.006  -0.005  -0.005  -0.005  -0.005  -0.005  -0.004  -0.004  -0.004  -0.004
   3.000  -1.548  -1.415  -1.279  -1.136  -0.980  -0.853  -0.781  -0.742  -0.717  -0.703  -0.694  -0.687  -0.683  -0.680  -0.678  -0.676  -0.545  -0.316  -0.195  -0.143  -0.109  -0.077  -0.055  -0.038  -0.028  -0.021  -0.016  -0.014  -0.012  -0.011  -0.010  -0.008  -0.007  -0.005  -0.003  -0.002  -0.001   0.000   0.000   0.001   0.001   0.002   0.002   0.002   0.002   0.002
   3.010  -1.568  -1.561  -1.540  -1.505  -1.442  -1.340  -1.166  -0.967  -0.840  -0.773  -0.734  -0.708  -0.695  -0.684  -0.680  -0.673  -0.585  -0.433  -0.331  -0.265  -0.209  -0.155  -0.109  -0.074  -0.050  -0.032  -0.020  -0.013  -0.007  -0.004  -0.002  -0.001   0.000   0.001   0.003   0.004   0.005   0.006   0.007   0.007   0.008   0.009   0.009   0.009   0.010   0.010
   3.020  -1.557  -1.559  -1.560  -1.554  -1.522  -1.502  -1.520  -1.548  -1.500  -1.200  -0.925  -0.816  -0.760  -0.719  -0.697  -0.683  -0.675  -0.670  -0.635  -0.490  -0.346  -0.267  -0.209  -0.155  -0.109  -0.071  -0.044  -0.026  -0.013  -0.005   0.000   0.004   0.006   0.008   0.009   0.010   0.012   0.013   0.014   0.015   0.016   0.016   0.017   0.017   0.018   0.018
   3.030  -1.560  -1.568  -1.572  -1.571  -1.557  -1.538  -1.509  -1.480  -1.482  -1.516  -1.538  -1.369  -1.061  -0.881  -0.796  -0.742  -0.704  -0.684  -0.670  -0.665  -0.656  -0.549  -0.367  -0.255  -0.196  -0.149  -0.102  -0.064  -0.035  -0.017  -0.004   0.004   0.009   0.012   0.015   0.016   0.018   0.020   0.021   0.023   0.024   0.025   0.025   0.026   0.026   0.027
   3.040  -1.470  -1.499  -1.522  -1.538  -1.548  -1.551  -1.541  -1.522  -1.506  -1.490  -1.482  -1.497  -1.521  -1.482  -1.228  -0.979  -0.853  -0.773  -0.717  -0.687  -0.669  -0.659  -0.653  -0.609  -0.434  -0.267  -0.186  -0.137  -0.091  -0.054  -0.026  -0.008   0.003   0.011   0.016   0.019   0.023   0.025   0.028   0.030   0.031   0.033   0.034   0.035   0.036   0.036
   3.050  -1.385  -1.401  -1.421  -1.445  -1.476  -1.501  -1.517  -1.525  -1.523  -1.505  -1.488  -1.477  -1.470  -1.469  -1.469  -1.469  -1.338  -1.093  -0.928  -0.816  -0.737  -0.692  -0.668  -0.652  -0.646  -0.635  -0.511  -0.302  -0.177  -0.118  -0.078  -0.044  -0.022  -0.004   0.007   0.015   0.022   0.027   0.032   0.035   0.038   0.040   0.042   0.043   0.045   0.046
   3.060  -1.350  -1.351  -1.354  -1.361  -1.375  -1.396  -1.429  -1.465  -1.485  -1.496  -1.500  -1.497  -1.489  -1.478  -1.461  -1.452  -1.453  -1.455  -1.419  -1.210  -0.997  -0.870  -0.773  -0.705  -0.669  -0.648  -0.637  -0.630  -0.577  -0.359  -0.172  -0.107  -0.072  -0.042  -0.020  -0.003   0.011   0.021   0.030   0.036   0.041   0.045   0.048   0.051   0.053   0.055
   3.070  -1.336  -1.336  -1.335  -1.333  -1.328  -1.326  -1.334  -1.353  -1.376  -1.405  -1.432  -1.454  -1.470  -1.471  -1.463  -1.457  -1.456  -1.456  -1.454  -1.447  -1.433  -1.321  -1.120  -0.963  -0.826  -0.726  -0.687  -0.665  -0.589  -0.431  -0.287  -0.208  -0.156  -0.113  -0.080  -0.053  -0.025  -0.001   0.017   0.029   0.039   0.046   0.051   0.056   0.060   0.063
   3.080  -1.319  -1.319  -1.318  -1.318  -1.317  -1.316  -1.313  -1.310  -1.310  -1.321  -1.337  -1.360  -1.387  -1.413  -1.442  -1.456  -1.446  -1.430  -1.429  -1.437  -1.442  -1.441  -1.438  -1.398  -1.189  -0.976  -0.846  -0.748  -0.685  -0.664  -0.626  -0.518  -0.379  -0.278  -0.207  -0.147  -0.092  -0.047  -0.013   0.009   0.025   0.038   0.048   0.056   0.063   0.069
   3.090  -1.306  -1.304  -1.302  -1.300  -1.300  -1.299  -1.299  -1.298  -1.297  -1.294  -1.292  -1.295  -1.304  -1.319  -1.344  -1.371  -1.402  -1.429  -1.436  -1.438  -1.439  -1.436  -1.428  -1.418  -1.405  -1.381  -1.249  -1.032  -0.881  -0.778  -0.689  -0.611  -0.541  -0.463  -0.379  -0.295  -0.210  -0.131  -0.072  -0.034  -0.006   0.017   0.033   0.048   0.060   0.070
   3.100  -1.308  -1.300  -1.294  -1.289  -1.286  -1.284  -1.282  -1.281  -1.281  -1.280  -1.279  -1.277  -1.274  -1.274  -1.278  -1.284  -1.302  -1.330  -1.352  -1.371  -1.387  -1.400  -1.410  -1.410  -1.403  -1.394  -1.386  -1.375  -1.324  -1.134  -0.944  -0.838  -0.757  -0.668  -0.577  -0.481  -0.370  -0.258  -0.173  -0.112  -0.065  -0.028  -0.001   0.024   0.046   0.064
   3.110  -1.361  -1.335  -1.314  -1.298  -1.286  -1.278  -1.272  -1.268  -1.264  -1.262  -1.261  -1.261  -1.260  -1.259  -1.256  -1.254  -1.256  -1.260  -1.270  -1.291  -1.314  -1.332  -1.350  -1.370  -1.397  -1.410  -1.400  -1.383  -1.372  -1.369  -1.362  -1.244  -1.031  -0.885  -0.789  -0.690  -0.561  -0.427  -0.319  -0.233  -0.162  -0.106  -0.063  -0.022   0.014   0.045
   3.120  -1.735  -1.565  -1.438  -1.367  -1.334  -1.311  -1.290  -1.274  -1.263  -1.255  -1.250  -1.246  -1.243  -1.241  -1.241  -1.240  -1.238  -1.235  -1.235  -1.238  -1.242  -1.256  -1.278  -1.297  -1.315  -1.331  -1.346  -1.357  -1.357  -1.345  -1.321  -1.271  -1.195  -1.109  -1.010  -0.898  -0.765  -0.625  -0.503  -0.397  -0.304  -0.226  -0.160  -0.099  -0.043   0.006
   3.130  -3.145  -2.576  -2.123  -1.790  -1.583  -1.457  -1.384  -1.346  -1.310  -1.283  -1.263  -1.248  -1.238  -1.231  -1.226  -1.223  -1.221  -1.220  -1.218  -1.215  -1.214  -1.215  -1.217  -1.222  -1.242  -1.263  -1.284  -1.301  -1.302  -1.294  -1.288  -1.287  -1.287  -1.272  -1.184  -1.071  -0.952  -0.821  -0.702  -0.590  -0.484  -0.386  -0.294  -0.210  -0.132  -0.060
   3.140  -3.576  -3.297  -3.070  -2.909  -2.835  -2.700  -2.271  -1.740  -1.506  -1.416  -1.356  -1.306  -1.274  -1.249  -1.232  -1.220  -1.211  -1.206  -1.202  -1.201  -1.199  -1.197  -1.194  -1.196  -1.207  -1.219  -1.227  -1.234  -1.246  -1.266  -1.276  -1.275  -1.271  -1.262  -1.233  -1.179  -1.093  -0.986  -0.884  -0.784  -0.680  -0.570  -0.458  -0.353  -0.254  -0.160
   3.150  -4.076  -3.751  -3.464  -3.212  -2.996  -2.825  -2.740  -2.680  -2.502  -2.156  -1.832  -1.618  -1.460  -1.353  -1.298  -1.262  -1.233  -1.215  -1.200  -1.191  -1.185  -1.181  -1.179  -1.177  -1.173  -1.172  -1.173  -1.176  -1.182  -1.199  -1.215  -1.226  -1.234  -1.234  -1.226  -1.211  -1.167  -1.095  -1.023  -0.948  -0.860  -0.751  -0.631  -0.516  -0.403  -0.292
   3.160  -4.543  -4.243  -3.949  -3.659  -3.366  -3.110  -2.909  -2.751  -2.640  -2.580  -2.544  -2.526  -2.515  -2.394  -1.862  -1.447  -1.346  -1.293  -1.248  -1.217  -1.195  -1.180  -1.171  -1.164  -1.160  -1.157  -1.154  -1.151  -1.151  -1.153  -1.156  -1.169  -1.188  -1.193  -1.195  -1.196  -1.180  -1.145  -1.105  -1.059  -0.996  -0.903  -0.792  -0.681  -0.566  -0.447
   3.170  -4.912  -4.673  -4.415  -4.134  -3.823  -3.525  -3.253  -3.007  -2.817  -2.679  -2.581  -2.520  -2.489  -2.468  -2.461  -2.448  -2.239  -1.868  -1.605  -1.405  -1.279  -1.224  -1.195  -1.172  -1.158  -1.149  -1.142  -1.138  -1.134  -1.130  -1.128  -1.132  -1.141  -1.148  -1.156  -1.160  -1.157  -1.149  -1.136  -1.115  -1.075  -1.007  -0.920  -0.826  -0.722  -0.609
   3.180  -5.162  -5.000  -4.802  -4.564  -4.282  -3.989  -3.688  -3.390  -3.130  -2.901  -2.718  -2.596  -2.519  -2.465  -2.435  -2.418  -2.409  -2.403  -2.342  -2.054  -1.750  -1.529  -1.347  -1.248  -1.203  -1.173  -1.149  -1.136  -1.125  -1.118  -1.115  -1.113  -1.112  -1.113  -1.120  -1.127  -1.130  -1.131  -1.130  -1.122  -1.106  -1.069  -1.007  -0.936  -0.853  -0.757
   3.190  -5.301  -5.210  -5.077  -4.899  -4.676  -4.422  -4.136  -3.830  -3.539  -3.251  -2.999  -2.798  -2.638  -2.522  -2.454  -2.411  -2.384  -2.370  -2.359  -2.352  -2.348  -2.345  -2.343  -2.239  -1.702  -1.297  -1.219  -1.179  -1.146  -1.125  -1.112  -1.103  -1.098  -1.098  -1.099  -1.102  -1.106  -1.109  -1.110  -1.108  -1.106  -1.089  -1.054  -1.007  -0.948  -0.876
   3.200  -5.349  -5.313  -5.237  -5.123  -4.970  -4.777  -4.536  -4.260  -3.974  -3.669  -3.378  -3.110  -2.868  -2.682  -2.551  -2.455  -2.393  -2.360  -2.336  -2.322  -2.314  -2.308  -2.305  -2.302  -2.300  -2.297  -1.975  -1.445  -1.250  -1.185  -1.149  -1.125  -1.113  -1.105  -1.100  -1.098  -1.098  -1.098  -1.098  -1.097  -1.097  -1.091  -1.073  -1.045  -1.006  -0.957
   3.210  -5.336  -5.326  -5.297  -5.246  -5.158  -5.028  -4.849  -4.630  -4.379  -4.090  -3.795  -3.500  -3.213  -2.966  -2.753  -2.583  -2.465  -2.387  -2.335  -2.307  -2.290  -2.277  -2.271  -2.265  -2.262  -2.260  -2.258  -2.257  -2.163  -1.668  -1.301  -1.238  -1.206  -1.180  -1.166  -1.155  -1.137  -1.121  -1.111  -1.108  -1.104  -1.095  -1.084  -1.065  -1.039  -1.007
   3.220  -5.294  -5.294  -5.292  -5.285  -5.247  -5.171  -5.059  -4.909  -4.712  -4.466  -4.197  -3.908  -3.607  -3.325  -3.051  -2.815  -2.631  -2.489  -2.386  -2.325  -2.286  -2.259  -2.246  -2.235  -2.229  -2.225  -2.222  -2.220  -2.218  -2.217  -2.216  -2.026  -1.681  -1.474  -1.372  -1.300  -1.241  -1.202  -1.173  -1.158  -1.144  -1.126  -1.107  -1.086  -1.063  -1.039
   3.230  -5.250  -5.259  -5.263  -5.262  -5.250  -5.225  -5.175  -5.083  -4.947  -4.765  -4.547  -4.288  -4.000  -3.713  -3.416  -3.140  -2.896  -2.682  -2.517  -2.400  -2.316  -2.264  -2.236  -2.215  -2.203  -2.195  -2.189  -2.185  -2.183  -2.182  -2.180  -2.107  -1.959  -1.820  -1.672  -1.540  -1.437  -1.356  -1.297  -1.263  -1.234  -1.196  -1.159  -1.126  -1.097  -1.071
   3.240  -5.222  -5.225  -5.226  -5.226  -5.225  -5.222  -5.206  -5.162  -5.086  -4.972  -4.815  -4.606  -4.357  -4.089  -3.796  -3.506  -3.226  -2.960  -2.738  -2.554  -2.411  -2.315  -2.256  -2.212  -2.188  -2.173  -2.162  -2.156  -2.152  -2.148  -2.146  -2.145  -2.144  -2.116  -1.959  -1.789  -1.667  -1.558  -1.476  -1.421  -1.370  -1.309  -1.249  -1.198  -1.156  -1.121
   3.250  -5.211  -5.204  -5.200  -5.197  -5.196  -5.195  -5.189  -5.172  -5.143  -5.084  -4.984  -4.838  -4.650  -4.424  -4.154  -3.872  -3.583  -3.294  -3.033  -2.793  -2.590  -2.437  -2.324  -2.241  -2.195  -2.165  -2.144  -2.133  -2.124  -2.118  -2.115  -2.113  -2.112  -2.101  -2.049  -1.974  -1.874  -1.761  -1.672  -1.604  -1.536  -1.456  -1.375  -1.306  -1.248  -1.200
   3.260  -5.210  -5.199  -5.190  -5.182  -5.176  -5.170  -5.165  -5.158  -5.144  -5.118  -5.066  -4.981  -4.857  -4.685  -4.462  -4.212  -3.937  -3.646  -3.366  -3.091  -2.843  -2.632  -2.456  -2.325  -2.240  -2.181  -2.141  -2.120  -2.103  -2.093  -2.087  -2.083  -2.081  -2.076  -2.065  -2.044  -1.990  -1.909  -1.837  -1.771  -1.699  -1.612  -1.520  -1.441  -1.372  -1.311
   3.270  -5.211  -5.201  -5.191  -5.181  -5.169  -5.158  -5.150  -5.141  -5.129  -5.115  -5.089  -5.045  -4.974  -4.858  -4.698  -4.500  -4.257  -3.982  -3.705  -3.417  -3.144  -2.893  -2.666  -2.483  -2.342  -2.236  -2.166  -2.125  -2.093  -2.076  -2.065  -2.057  -2.053  -2.049  -2.048  -2.045  -2.024  -1.983  -1.938  -1.889  -1.828  -1.749  -1.661  -1.583  -1.511  -1.443
   3.280  -5.202  -5.198  -5.192  -5.183  -5.171  -5.158  -5.145  -5.132  -5.119  -5.107  -5.087  -5.062  -5.024  -4.952  -4.853  -4.712  -4.516  -4.281  -4.026  -3.744  -3.463  -3.190  -2.929  -2.702  -2.504  -2.344  -2.234  -2.160  -2.105  -2.073  -2.052  -2.037  -2.030  -2.024  -2.021  -2.016  -2.009  -1.998  -1.977  -1.948  -1.906  -1.847  -1.776  -1.710  -1.645  -1.580
   3.290  -5.174  -5.180  -5.184  -5.183  -5.174  -5.162  -5.149  -5.134  -5.118  -5.103  -5.084  -5.065  -5.039  -4.994  -4.936  -4.843  -4.704  -4.526  -4.309  -4.048  -3.775  -3.498  -3.221  -2.966  -2.728  -2.523  -2.363  -2.239  -2.146  -2.089  -2.051  -2.026  -2.013  -2.002  -1.996  -1.990  -1.986  -1.982  -1.973  -1.960  -1.937  -1.900  -1.853  -1.806  -1.757  -1.705
   3.300  -5.121  -5.145  -5.161  -5.163  -5.163  -5.162  -5.154  -5.139  -5.123  -5.106  -5.087  -5.067  -5.044  -5.011  -4.974  -4.912  -4.821  -4.699  -4.529  -4.310  -4.066  -3.800  -3.519  -3.251  -2.988  -2.749  -2.542  -2.366  -2.232  -2.140  -2.074  -2.031  -2.007  -1.988  -1.975  -1.967  -1.961  -1.956  -1.951  -1.945  -1.935  -1.917  -1.893  -1.868  -1.841  -1.812
   3.310  -5.042  -5.077  -5.106  -5.127  -5.141  -5.147  -5.145  -5.139  -5.129  -5.114  -5.095  -5.075  -5.053  -5.025  -4.995  -4.949  -4.888  -4.806  -4.681  -4.516  -4.316  -4.074  -3.805  -3.537  -3.264  -3.005  -2.765  -2.548  -2.372  -2.235  -2.130  -2.057  -2.012  -1.977  -1.958  -1.945  -1.935  -1.929  -1.924  -1.920  -1.917  -1.914  -1.911  -1.909  -1.907  -1.905
   3.320  -4.945  -4.990  -5.029  -5.062  -5.091  -5.111  -5.121  -5.126  -5.126  -5.116  -5.102  -5.085  -5.064  -5.039  -5.011  -4.973  -4.928  -4.869  -4.779  -4.661  -4.507  -4.303  -4.065  -3.813  -3.539  -3.270  -3.013  -2.769  -2.557  -2.374  -2.225  -2.118  -2.043  -1.988  -1.956  -1.934  -1.917  -1.907  -1.899  -1.894  -1.890  -1.886  -1.883  -1.881  -1.878  -1.875
   3.330  -4.840  -4.889  -4.935  -4.977  -5.016  -5.049  -5.077  -5.097  -5.100  -5.101  -5.101  -5.093  -5.074  -5.052  -5.028  -4.996  -4.959  -4.912  -4.844  -4.759  -4.642  -4.482  -4.287  -4.061  -3.800  -3.533  -3.270  -3.010  -2.773  -2.552  -2.364  -2.219  -2.108  -2.024  -1.970  -1.933  -1.907  -1.892  -1.879  -1.871  -1.865  -1.860  -1.856  -1.852  -1.849  -1.846
   3.340  -4.736  -4.785  -4.833  -4.879  -4.925  -4.967  -5.004  -5.036  -5.060  -5.077  -5.083  -5.081  -5.073  -5.061  -5.041  -5.014  -4.983  -4.944  -4.891  -4.826  -4.735  -4.613  -4.461  -4.269  -4.035  -3.784  -3.523  -3.255  -3.003  -2.761  -2.545  -2.361  -2.207  -2.089  -2.006  -1.946  -1.905  -1.882  -1.863  -1.850  -1.841  -1.834  -1.828  -1.824  -1.819  -1.816
   3.350  -4.638  -4.684  -4.730  -4.777  -4.825  -4.871  -4.915  -4.957  -4.992  -5.023  -5.043  -5.053  -5.058  -5.057  -5.046  -5.026  -5.002  -4.969  -4.927  -4.876  -4.805  -4.710  -4.590  -4.431  -4.235  -4.013  -3.762  -3.494  -3.236  -2.982  -2.746  -2.532  -2.341  -2.188  -2.073  -1.985  -1.924  -1.884  -1.854  -1.835  -1.821  -1.810  -1.803  -1.797  -1.791  -1.787
   3.360  -4.550  -4.591  -4.633  -4.678  -4.724  -4.771  -4.818  -4.864  -4.907  -4.947  -4.980  -5.008  -5.027  -5.030  -5.029  -5.026  -5.014  -4.987  -4.954  -4.914  -4.857  -4.783  -4.688  -4.559  -4.398  -4.207  -3.978  -3.724  -3.469  -3.207  -2.956  -2.722  -2.506  -2.323  -2.171  -2.049  -1.961  -1.899  -1.853  -1.825  -1.805  -1.790  -1.780  -1.771  -1.763  -1.758
   3.370  -4.473  -4.508  -4.545  -4.585  -4.628  -4.673  -4.720  -4.767  -4.813  -4.858  -4.899  -4.936  -4.967  -4.989  -5.003  -5.008  -5.004  -4.990  -4.968  -4.938  -4.894  -4.837  -4.763  -4.659  -4.528  -4.365  -4.165  -3.935  -3.692  -3.427  -3.167  -2.921  -2.688  -2.480  -2.295  -2.140  -2.022  -1.934  -1.868  -1.826  -1.796  -1.773  -1.758  -1.745  -1.735  -1.729
   3.380  -4.407  -4.436  -4.468  -4.503  -4.541  -4.581  -4.625  -4.670  -4.716  -4.763  -4.808  -4.851  -4.891  -4.924  -4.954  -4.969  -4.972  -4.973  -4.970  -4.950  -4.916  -4.874  -4.818  -4.736  -4.630  -4.495  -4.323  -4.120  -3.894  -3.639  -3.380  -3.126  -2.877  -2.650  -2.439  -2.257  -2.110  -1.993  -1.902  -1.839  -1.793  -1.760  -1.739  -1.721  -1.708  -1.700
   3.390  -4.352  -4.375  -4.402  -4.431  -4.464  -4.499  -4.537  -4.578  -4.621  -4.666  -4.712  -4.758  -4.802  -4.843  -4.879  -4.909  -4.931  -4.944  -4.945  -4.937  -4.920  -4.893  -4.850  -4.787  -4.707  -4.597  -4.452  -4.277  -4.072  -3.835  -3.586  -3.329  -3.068  -2.827  -2.600  -2.396  -2.221  -2.072  -1.954  -1.868  -1.802  -1.756  -1.726  -1.701  -1.682  -1.670
   3.400  -4.309  -4.326  -4.346  -4.369  -4.396  -4.426  -4.459  -4.494  -4.533  -4.575  -4.618  -4.663  -4.709  -4.753  -4.795  -4.833  -4.867  -4.893  -4.901  -4.904  -4.905  -4.893  -4.862  -4.816  -4.756  -4.670  -4.552  -4.404  -4.224  -4.010  -3.777  -3.524  -3.260  -3.009  -2.767  -2.544  -2.345  -2.169  -2.026  -1.914  -1.826  -1.762  -1.719  -1.683  -1.657  -1.641
   3.410  -4.278  -4.288  -4.301  -4.318  -4.339  -4.363  -4.390  -4.421  -4.454  -4.491  -4.530  -4.572  -4.615  -4.659  -4.704  -4.746  -4.785  -4.819  -4.845  -4.863  -4.870  -4.865  -4.849  -4.822  -4.780  -4.713  -4.621  -4.502  -4.348  -4.159  -3.945  -3.706  -3.449  -3.195  -2.938  -2.697  -2.479  -2.282  -2.115  -1.977  -1.865  -1.780  -1.718  -1.669  -1.633  -1.613
   3.420  -4.259  -4.262  -4.269  -4.279  -4.293  -4.310  -4.331  -4.356  -4.384  -4.415  -4.449  -4.486  -4.527  -4.568  -4.611  -4.654  -4.696  -4.736  -4.770  -4.800  -4.814  -4.814  -4.812  -4.806  -4.777  -4.725  -4.657  -4.566  -4.438  -4.276  -4.086  -3.866  -3.623  -3.374  -3.110  -2.857  -2.623  -2.405  -2.216  -2.053  -1.916  -1.810  -1.728  -1.663  -1.616  -1.587
   3.430  -4.251  -4.251  -4.251  -4.252  -4.259  -4.270  -4.284  -4.303  -4.324  -4.350  -4.378  -4.409  -4.444  -4.481  -4.522  -4.563  -4.605  -4.646  -4.683  -4.717  -4.742  -4.757  -4.764  -4.763  -4.746  -4.711  -4.662  -4.592  -4.490  -4.357  -4.195  -3.998  -3.775  -3.536  -3.278  -3.022  -2.774  -2.537  -2.326  -2.139  -1.979  -1.851  -1.749  -1.667  -1.605  -1.563
   3.440  -4.249  -4.243  -4.240  -4.239  -4.240  -4.242  -4.248  -4.260  -4.275  -4.294  -4.316  -4.342  -4.370  -4.402  -4.438  -4.475  -4.514  -4.554  -4.592  -4.628  -4.659  -4.683  -4.699  -4.700  -4.690  -4.671  -4.638  -4.583  -4.503  -4.399  -4.265  -4.095  -3.895  -3.675  -3.430  -3.179  -2.925  -2.673  -2.445  -2.238  -2.056  -1.905  -1.780  -1.678  -1.598  -1.542
   3.450  -4.251  -4.244  -4.239  -4.234  -4.229  -4.227  -4.228  -4.231  -4.236  -4.249  -4.265  -4.284  -4.307  -4.332  -4.362  -4.394  -4.429  -4.465  -4.501  -4.538  -4.570  -4.599  -4.620  -4.623  -4.619  -4.612  -4.590  -4.546  -4.482  -4.400  -4.291  -4.148  -3.977  -3.780  -3.555  -3.317  -3.067  -2.811  -2.573  -2.345  -2.141  -1.967  -1.819  -1.697  -1.600  -1.529
   3.460  -4.253  -4.247  -4.241  -4.235  -4.227  -4.221  -4.216  -4.213  -4.213  -4.217  -4.225  -4.237  -4.253  -4.272  -4.296  -4.322  -4.351  -4.382  -4.414  -4.447  -4.478  -4.508  -4.531  -4.535  -4.536  -4.536  -4.522  -4.484  -4.433  -4.367  -4.277  -4.159  -4.015  -3.844  -3.644  -3.426  -3.190  -2.941  -2.699  -2.458  -2.235  -2.040  -1.869  -1.726  -1.610  -1.521
   3.470  -4.253  -4.248  -4.243  -4.237  -4.229  -4.222  -4.214  -4.207  -4.202  -4.200  -4.199  -4.203  -4.211  -4.223  -4.239  -4.258  -4.281  -4.307  -4.334  -4.362  -4.389  -4.416  -4.438  -4.445  -4.448  -4.449  -4.437  -4.405  -4.361  -4.306  -4.230  -4.131  -4.009  -3.862  -3.689  -3.495  -3.280  -3.049  -2.813  -2.568  -2.335  -2.123  -1.930  -1.766  -1.630  -1.520
   3.480  -4.248  -4.246  -4.243  -4.238  -4.232  -4.225  -4.216  -4.207  -4.199  -4.190  -4.185  -4.184  -4.184  -4.185  -4.194  -4.206  -4.221  -4.240  -4.260  -4.283  -4.305  -4.327  -4.346  -4.352  -4.354  -4.355  -4.343  -4.314  -4.274  -4.223  -4.156  -4.070  -3.966  -3.840  -3.690  -3.521  -3.330  -3.121  -2.901  -2.665  -2.433  -2.210  -1.999  -1.816  -1.659  -1.526
   3.490  -4.233  -4.236  -4.238  -4.237  -4.233  -4.227  -4.219  -4.211  -4.201  -4.191  -4.182  -4.173  -4.165  -4.164  -4.165  -4.166  -4.172  -4.184  -4.198  -4.214  -4.229  -4.245  -4.258  -4.260  -4.259  -4.258  -4.245  -4.216  -4.177  -4.128  -4.065  -3.987  -3.894  -3.782  -3.652  -3.504  -3.337  -3.152  -2.952  -2.735  -2.514  -2.290  -2.069  -1.873  -1.699  -1.544
   3.500  -4.206  -4.218  -4.226  -4.227  -4.226  -4.225  -4.221  -4.213  -4.205  -4.195  -4.184  -4.172  -4.161  -4.152  -4.144  -4.140  -4.140  -4.142  -4.145  -4.154  -4.162  -4.169  -4.175  -4.175  -4.171  -4.161  -4.143  -4.114  -4.074  -4.025  -3.963  -3.889  -3.802  -3.700  -3.584  -3.453  -3.306  -3.143  -2.965  -2.770  -2.566  -2.351  -2.133  -1.932  -1.744  -1.569
   3.525  -4.055  -4.089  -4.117  -4.139  -4.159  -4.178  -4.186  -4.188  -4.187  -4.184  -4.178  -4.169  -4.161  -4.156  -4.147  -4.138  -4.130  -4.114  -4.095  -4.072  -4.049  -4.029  -4.007  -3.985  -3.962  -3.934  -3.903  -3.863  -3.812  -3.752  -3.685  -3.611  -3.528  -3.438  -3.339  -3.231  -3.113  -2.988  -2.847  -2.682  -2.510  -2.321  -2.121  -1.934  -1.769  -1.603
   3.550  -3.814  -3.867  -3.917  -3.964  -4.009  -4.049  -4.083  -4.112  -4.135  -4.152  -4.160  -4.161  -4.162  -4.161  -4.151  -4.136  -4.119  -4.098  -4.073  -4.045  -4.012  -3.976  -3.935  -3.890  -3.840  -3.785  -3.724  -3.658  -3.586  -3.509  -3.427  -3.341  -3.251  -3.158  -3.060  -2.958  -2.851  -2.739  -2.621  -2.497  -2.367  -2.230  -2.085  -1.935  -1.778  -1.614
   3.575  -3.500  -3.569  -3.634  -3.697  -3.757  -3.814  -3.871  -3.923  -3.969  -4.010  -4.042  -4.068  -4.091  -4.107  -4.112  -4.107  -4.095  -4.082  -4.064  -4.045  -4.019  -3.985  -3.940  -3.886  -3.818  -3.735  -3.638  -3.535  -3.433  -3.328  -3.223  -3.120  -3.015  -2.908  -2.801  -2.694  -2.586  -2.477  -2.365  -2.252  -2.135  -2.020  -1.906  -1.781  -1.638  -1.490
   3.600  -3.134  -3.214  -3.291  -3.366  -3.438  -3.507  -3.574  -3.638  -3.700  -3.759  -3.815  -3.868  -3.917  -3.959  -3.996  -4.024  -4.044  -4.055  -4.056  -4.046  -4.026  -3.994  -3.946  -3.882  -3.803  -3.709  -3.600  -3.479  -3.354  -3.222  -3.089  -2.958  -2.829  -2.702  -2.578  -2.457  -2.338  -2.221  -2.105  -1.991  -1.875  -1.758  -1.639  -1.517  -1.392  -1.264
   3.625  -2.731  -2.819  -2.904  -2.988  -3.070  -3.151  -3.229  -3.306  -3.380  -3.452  -3.522  -3.590  -3.654  -3.713  -3.772  -3.826  -3.873  -3.912  -3.939  -3.958  -3.956  -3.938  -3.908  -3.857  -3.781  -3.691  -3.586  -3.467  -3.338  -3.196  -3.045  -2.889  -2.732  -2.583  -2.436  -2.294  -2.158  -2.026  -1.896  -1.771  -1.647  -1.525  -1.403  -1.281  -1.158  -1.035
   3.650  -2.323  -2.414  -2.504  -2.594  -2.682  -2.770  -2.856  -2.941  -3.024  -3.105  -3.184  -3.261  -3.336  -3.408  -3.477  -3.543  -3.605  -3.662  -3.713  -3.760  -3.785  -3.791  -3.794  -3.787  -3.741  -3.667  -3.572  -3.455  -3.322  -3.170  -3.010  -2.844  -2.674  -2.507  -2.341  -2.180  -2.025  -1.875  -1.729  -1.588  -1.450  -1.316  -1.185  -1.055  -0.928  -0.802
   3.675  -1.941  -2.031  -2.121  -2.212  -2.303  -2.393  -2.483  -2.572  -2.660  -2.747  -2.832  -2.915  -2.997  -3.076  -3.154  -3.229  -3.301  -3.369  -3.430  -3.488  -3.529  -3.557  -3.579  -3.591  -3.569  -3.523  -3.453  -3.355  -3.238  -3.100  -2.952  -2.794  -2.628  -2.462  -2.293  -2.122  -1.952  -1.785  -1.622  -1.463  -1.309  -1.160  -1.015  -0.873  -0.735  -0.600
   3.700  -1.605  -1.687  -1.771  -1.857  -1.945  -2.033  -2.122  -2.211  -2.299  -2.388  -2.476  -2.562  -2.647  -2.731  -2.813  -2.892  -2.968  -3.041  -3.108  -3.170  -3.222  -3.267  -3.297  -3.301  -3.291  -3.271  -3.227  -3.154  -3.066  -2.961  -2.841  -2.706  -2.558  -2.401  -2.234  -2.063  -1.889  -1.713  -1.540  -1.368  -1.200  -1.037  -0.878  -0.723  -0.572  -0.425
   3.725  -1.339  -1.403  -1.475  -1.546  -1.624  -1.704  -1.787  -1.873  -1.959  -2.046  -2.134  -2.221  -2.307  -2.392  -2.476  -2.558  -2.637  -2.712  -2.781  -2.846  -2.902  -2.950  -2.985  -2.989  -2.985  -2.974  -2.940  -2.878  -2.805  -2.717  -2.616  -2.506  -2.383  -2.248  -2.101  -1.951  -1.793  -1.630  -1.464  -1.293  -1.122  -0.950  -0.780  -0.613  -0.449  -0.289
   3.750  -1.167  -1.204  -1.248  -1.300  -1.361  -1.427  -1.498  -1.574  -1.652  -1.733  -1.815  -1.898  -1.982  -2.064  -2.147  -2.227  -2.305  -2.379  -2.448  -2.512  -2.566  -2.613  -2.646  -2.650  -2.646  -2.638  -2.609  -2.554  -2.490  -2.416  -2.331  -2.238  -2.137  -2.028  -1.911  -1.786  -1.652  -1.510  -1.359  -1.198  -1.032  -0.861  -0.687  -0.514  -0.343  -0.172
   3.775  -1.094  -1.106  -1.122  -1.149  -1.183  -1.225  -1.275  -1.333  -1.395  -1.460  -1.529  -1.601  -1.677  -1.753  -1.830  -1.906  -1.979  -2.050  -2.115  -2.175  -2.225  -2.269  -2.299  -2.303  -2.299  -2.291  -2.265  -2.216  -2.159  -2.092  -2.017  -1.935  -1.846  -1.750  -1.649  -1.541  -1.425  -1.303  -1.171  -1.031  -0.884  -0.730  -0.569  -0.406  -0.239  -0.068
   3.800  -1.068  -1.069  -1.073  -1.080  -1.090  -1.107  -1.130  -1.160  -1.198  -1.243  -1.293  -1.349  -1.410  -1.473  -1.539  -1.604  -1.668  -1.730  -1.787  -1.839  -1.882  -1.918  -1.943  -1.946  -1.941  -1.931  -1.905  -1.861  -1.809  -1.748  -1.680  -1.605  -1.524  -1.439  -1.348  -1.253  -1.153  -1.048  -0.936  -0.819  -0.694  -0.561  -0.419  -0.271  -0.115   0.049
   3.825  -1.064  -1.061  -1.059  -1.057  -1.057  -1.058  -1.062  -1.070  -1.084  -1.104  -1.129  -1.159  -1.198  -1.239  -1.283  -1.328  -1.375  -1.421  -1.464  -1.503  -1.536  -1.561  -1.578  -1.581  -1.574  -1.561  -1.535  -1.496  -1.451  -1.396  -1.335  -1.269  -1.196  -1.119  -1.038  -0.952  -0.862  -0.768  -0.668  -0.563  -0.452  -0.334  -0.208  -0.075   0.066   0.215
   3.850  -1.062  -1.058  -1.054  -1.050  -1.046  -1.042  -1.038  -1.035  -1.035  -1.035  -1.035  -1.038  -1.047  -1.060  -1.078  -1.098  -1.121  -1.145  -1.167  -1.188  -1.204  -1.214  -1.218  -1.218  -1.207  -1.188  -1.161  -1.127  -1.085  -1.037  -0.983  -0.924  -0.859  -0.790  -0.716  -0.638  -0.556  -0.470  -0.379  -0.284  -0.183  -0.077   0.035   0.153   0.278   0.410
   3.875  -1.065  -1.061  -1.057  -1.052  -1.047  -1.042  -1.035  -1.027  -1.018  -1.007  -0.994  -0.980  -0.966  -0.953  -0.943  -0.934  -0.927  -0.922  -0.913  -0.905  -0.896  -0.885  -0.874  -0.859  -0.840  -0.816  -0.787  -0.754  -0.716  -0.673  -0.625  -0.573  -0.516  -0.455  -0.390  -0.320  -0.247  -0.169  -0.087  -0.001   0.091   0.188   0.290   0.399   0.513   0.633
   3.900  -1.067  -1.064  -1.059  -1.054  -1.049  -1.042  -1.034  -1.024  -1.012  -0.998  -0.981  -0.960  -0.936  -0.907  -0.873  -0.836  -0.796  -0.755  -0.714  -0.673  -0.634  -0.598  -0.563  -0.529  -0.496  -0.462  -0.427  -0.392  -0.354  -0.313  -0.270  -0.223  -0.173  -0.119  -0.061   0.000   0.065   0.135   0.209   0.287   0.371   0.460   0.555   0.655   0.760   0.870
   3.925  -1.058  -1.058  -1.056  -1.053  -1.048  -1.043  -1.036  -1.027  -1.015  -1.001  -0.983  -0.960  -0.930  -0.891  -0.846  -0.791  -0.726  -0.657  -0.587  -0.514  -0.442  -0.376  -0.309  -0.247  -0.191  -0.139  -0.092  -0.049  -0.005   0.036   0.079   0.123   0.168   0.216   0.266   0.320   0.378   0.439   0.505   0.575   0.651   0.732   0.818   0.909   1.006   1.108
   3.950  -1.032  -1.041  -1.047  -1.048  -1.047  -1.044  -1.039  -1.030  -1.019  -1.005  -0.985  -0.960  -0.928  -0.886  -0.836  -0.776  -0.703  -0.620  -0.527  -0.424  -0.320  -0.216  -0.114  -0.022   0.061   0.136   0.201   0.259   0.312   0.360   0.406   0.450   0.494   0.539   0.585   0.633   0.684   0.738   0.797   0.860   0.928   1.001   1.079   1.163   1.252   1.347
   3.975  -0.951  -0.971  -0.988  -1.002  -1.013  -1.022  -1.026  -1.022  -1.013  -1.001  -0.984  -0.963  -0.933  -0.892  -0.842  -0.780  -0.703  -0.612  -0.507  -0.386  -0.259  -0.124   0.009   0.129   0.242   0.343   0.431   0.511   0.582   0.643   0.699   0.749   0.796   0.842   0.886   0.932   0.979   1.028   1.081   1.137   1.198   1.264   1.335   1.411   1.493   1.581
   4.000  -0.855  -0.879  -0.902  -0.926  -0.950  -0.970  -0.985  -0.996  -0.996  -0.992  -0.983  -0.966  -0.937  -0.898  -0.848  -0.784  -0.704  -0.610  -0.500  -0.374  -0.238  -0.093   0.059   0.204   0.348   0.481   0.599   0.706   0.799   0.878   0.948   1.010   1.065   1.116   1.163   1.209   1.255   1.302   1.351   1.403   1.458   1.518   1.583   1.653   1.728   1.808
   4.025  -0.804  -0.817  -0.832  -0.849  -0.867  -0.886  -0.903  -0.922  -0.934  -0.943  -0.946  -0.937  -0.920  -0.890  -0.844  -0.783  -0.708  -0.617  -0.509  -0.383  -0.245  -0.094   0.065   0.228   0.393   0.553   0.703   0.837   0.952   1.051   1.139   1.219   1.288   1.350   1.404   1.455   1.504   1.551   1.600   1.650   1.702   1.758   1.818   1.882   1.952   2.026
   4.050  -0.775  -0.777  -0.780  -0.786  -0.794  -0.804  -0.818  -0.834  -0.850  -0.869  -0.878  -0.877  -0.874  -0.866  -0.833  -0.780  -0.711  -0.624  -0.518  -0.393  -0.253  -0.098   0.067   0.235   0.408   0.577   0.740   0.896   1.037   1.164   1.278   1.378   1.465   1.542   1.609   1.669   1.724   1.775   1.827   1.877   1.928   1.982   2.038   2.099   2.164   2.233
   4.075  -0.762  -0.761  -0.762  -0.762  -0.764  -0.766  -0.772  -0.780  -0.787  -0.797  -0.801  -0.799  -0.796  -0.791  -0.770  -0.731  -0.675  -0.601  -0.506  -0.387  -0.253  -0.108   0.053   0.218   0.392   0.566   0.737   0.905   1.068   1.223   1.366   1.487   1.592   1.687   1.770   1.844   1.910   1.969   2.026   2.079   2.132   2.186   2.242   2.301   2.362   2.427
   4.100  -0.755  -0.754  -0.752  -0.750  -0.748  -0.746  -0.744  -0.741  -0.738  -0.735  -0.730  -0.724  -0.715  -0.700  -0.680  -0.648  -0.604  -0.546  -0.467  -0.369  -0.252  -0.115   0.038   0.201   0.376   0.554   0.731   0.908   1.078   1.243   1.398   1.541   1.673   1.791   1.893   1.984   2.064   2.134   2.199   2.259   2.316   2.373   2.429   2.488   2.548   2.610
   4.125  -0.749  -0.746  -0.742  -0.738  -0.734  -0.730  -0.726  -0.721  -0.715  -0.707  -0.696  -0.683  -0.665  -0.639  -0.608  -0.568  -0.517  -0.456  -0.381  -0.297  -0.196  -0.074   0.063   0.214   0.382   0.554   0.719   0.890   1.059   1.232   1.397   1.560   1.719   1.857   1.978   2.088   2.184   2.269   2.346   2.415   2.479   2.540   2.599   2.660   2.720   2.782
   4.150  -0.747  -0.742  -0.737  -0.732  -0.727  -0.722  -0.717  -0.711  -0.702  -0.692  -0.677  -0.657  -0.631  -0.596  -0.552  -0.499  -0.436  -0.365  -0.285  -0.198  -0.101   0.006   0.123   0.255   0.401   0.554   0.710   0.872   1.041   1.217   1.393   1.566   1.734   1.889   2.032   2.162   2.277   2.378   2.469   2.549   2.622   2.690   2.754   2.818   2.881   2.942
   4.175  -0.749  -0.744  -0.739  -0.733  -0.726  -0.718  -0.710  -0.701  -0.690  -0.677  -0.660  -0.639  -0.612  -0.574  -0.527  -0.468  -0.394  -0.310  -0.218  -0.116  -0.010   0.102   0.221   0.346   0.479   0.613   0.746   0.883   1.042   1.210   1.384   1.559   1.732   1.898   2.060   2.209   2.341   2.461   2.568   2.662   2.747   2.824   2.895   2.963   3.029   3.091
   4.200  -0.751  -0.746  -0.740  -0.733  -0.726  -0.717  -0.707  -0.696  -0.684  -0.670  -0.652  -0.630  -0.602  -0.563  -0.514  -0.452  -0.374  -0.281  -0.177  -0.058   0.066   0.193   0.322   0.453   0.586   0.711   0.815   0.915   1.047   1.208   1.378   1.552   1.731   1.904   2.076   2.238   2.387   2.524   2.647   2.756   2.854   2.942   3.021   3.096   3.166   3.230
   4.225  -0.752  -0.747  -0.742  -0.735  -0.728  -0.720  -0.709  -0.698  -0.685  -0.670  -0.650  -0.625  -0.594  -0.554  -0.504  -0.440  -0.362  -0.270  -0.162  -0.035   0.102   0.249   0.396   0.539   0.681   0.807   0.898   0.986   1.101   1.248   1.407   1.570   1.741   1.915   2.088   2.257   2.417   2.569   2.707   2.831   2.944   3.044   3.133   3.216   3.293   3.362
   4.250  -0.752  -0.748  -0.743  -0.737  -0.730  -0.722  -0.712  -0.701  -0.687  -0.670  -0.649  -0.623  -0.592  -0.550  -0.499  -0.436  -0.358  -0.267  -0.156  -0.028   0.114   0.272   0.439   0.591   0.734   0.864   0.970   1.068   1.186   1.322   1.466   1.615   1.772   1.935   2.106   2.277   2.444   2.606   2.756   2.895   3.021   3.133   3.233   3.326   3.410   3.487
   4.275  -0.751  -0.747  -0.742  -0.737  -0.730  -0.722  -0.713  -0.703  -0.689  -0.673  -0.653  -0.627  -0.595  -0.554  -0.503  -0.439  -0.360  -0.268  -0.158  -0.030   0.112   0.274   0.451   0.603   0.734   0.864   1.000   1.127   1.261   1.401   1.544   1.687   1.833   1.986   2.148   2.312   2.478   2.643   2.799   2.949   3.087   3.211   3.323   3.426   3.520   3.604
   4.300  -0.749  -0.745  -0.741  -0.735  -0.729  -0.722  -0.714  -0.704  -0.691  -0.676  -0.656  -0.631  -0.600  -0.559  -0.508  -0.444  -0.366  -0.273  -0.163  -0.037   0.105   0.275   0.455   0.607   0.734   0.864   1.015   1.173   1.326   1.477   1.625   1.768   1.910   2.057   2.208   2.362   2.522   2.685   2.844   3.001   3.149   3.283   3.407   3.520   3.623   3.715
   4.325  -0.742  -0.740  -0.737  -0.733  -0.727  -0.721  -0.713  -0.703  -0.690  -0.675  -0.655  -0.631  -0.602  -0.563  -0.515  -0.453  -0.376  -0.283  -0.174  -0.049   0.094   0.266   0.446   0.600   0.728   0.863   1.025   1.198   1.366   1.530   1.689   1.842   1.991   2.139   2.287   2.436   2.590   2.746   2.902   3.060   3.212   3.354   3.487   3.610   3.722   3.824
   4.350  -0.722  -0.726  -0.728  -0.727  -0.723  -0.717  -0.709  -0.700  -0.688  -0.673  -0.654  -0.631  -0.603  -0.565  -0.519  -0.459  -0.384  -0.294  -0.187  -0.062   0.080   0.248   0.427   0.584   0.718   0.861   1.032   1.214   1.392   1.569   1.742   1.907   2.068   2.223   2.372   2.520   2.669   2.818   2.971   3.127   3.279   3.426   3.566   3.697   3.818   3.929
   4.375  -0.674  -0.685  -0.693  -0.699  -0.703  -0.703  -0.699  -0.692  -0.683  -0.669  -0.650  -0.628  -0.600  -0.563  -0.517  -0.458  -0.387  -0.301  -0.197  -0.075   0.064   0.227   0.400   0.560   0.708   0.864   1.042   1.228   1.413   1.597   1.779   1.956   2.128   2.293   2.451   2.605   2.756   2.905   3.056   3.208   3.358   3.505   3.648   3.782   3.908   4.026
   4.400  -0.623  -0.635  -0.646  -0.657  -0.668  -0.674  -0.674  -0.673  -0.671  -0.660  -0.642  -0.620  -0.592  -0.556  -0.513  -0.457  -0.388  -0.305  -0.202  -0.082   0.054   0.208   0.373   0.537   0.700   0.870   1.052   1.240   1.428   1.618   1.807   1.994   2.178   2.354   2.523   2.687   2.844   2.996   3.148   3.297   3.445   3.591   3.734   3.870   3.999   4.121
   4.425  -0.597  -0.602  -0.607  -0.614  -0.622  -0.626  -0.628  -0.631  -0.634  -0.628  -0.618  -0.603  -0.579  -0.545  -0.504  -0.450  -0.382  -0.300  -0.199  -0.081   0.052   0.199   0.359   0.525   0.698   0.875   1.060   1.252   1.444   1.638   1.832   2.025   2.217   2.403   2.583   2.757   2.923   3.083   3.239   3.391   3.540   3.686   3.829   3.966   4.098   4.224
   4.450  -0.582  -0.580  -0.578  -0.578  -0.578  -0.579  -0.581  -0.584  -0.584  -0.582  -0.579  -0.570  -0.551  -0.521  -0.483  -0.431  -0.366  -0.287  -0.190  -0.077   0.052   0.196   0.354   0.521   0.697   0.881   1.070   1.265   1.460   1.657   1.854   2.052   2.250   2.443   2.634   2.818   2.994   3.164   3.327   3.483   3.635   3.783   3.926   4.063   4.196   4.323
   4.475  -0.571  -0.568  -0.564  -0.560  -0.556  -0.553  -0.551  -0.549  -0.544  -0.538  -0.531  -0.519  -0.499  -0.472  -0.437  -0.390  -0.330  -0.256  -0.165  -0.058   0.066   0.206   0.361   0.527   0.705   0.892   1.083   1.279   1.476   1.676   1.876   2.078   2.280   2.479   2.677   2.869   3.054   3.232   3.403   3.566   3.723   3.873   4.018   4.155   4.284   4.406
   4.500  -0.567  -0.564  -0.559  -0.554  -0.548  -0.541  -0.532  -0.521  -0.507  -0.490  -0.471  -0.450  -0.427  -0.399  -0.367  -0.326  -0.273  -0.207  -0.123  -0.021   0.097   0.231   0.381   0.543   0.721   0.906   1.097   1.294   1.493   1.695   1.898   2.102   2.306   2.509   2.712   2.910   3.103   3.291   3.471   3.642   3.805   3.961   4.108   4.243   4.365   4.476

