low temperature opacities from Ferguson, Alexander, et al (2005) with gs98 metals
    form     version        X           Z          logRs    logR_min    logR_max       logTs    logT_min    logT_max
       1          38    0.000000    0.020000          46   -8.000000    1.000000         105    2.700000    4.500000

   logT                       logR = logRho - 3*logT + 18
          -8.000  -7.800  -7.600  -7.400  -7.200  -7.000  -6.800  -6.600  -6.400  -6.200  -6.000  -5.800  -5.600  -5.400  -5.200  -5.000  -4.800  -4.600  -4.400  -4.200  -4.000  -3.800  -3.600  -3.400  -3.200  -3.000  -2.800  -2.600  -2.400  -2.200  -2.000  -1.800  -1.600  -1.400  -1.200  -1.000  -0.800  -0.600  -0.400  -0.200   0.000   0.200   0.400   0.600   0.800   1.000

   2.700  -0.259  -0.259  -0.259  -0.259  -0.259  -0.259  -0.259  -0.259  -0.259  -0.259  -0.259  -0.263  -0.268  -0.269  -0.268  -0.267  -0.267  -0.267  -0.267  -0.267  -0.267  -0.365  -0.517  -0.517  -0.365  -0.267  -0.268  -0.269  -0.268  -0.266  -0.264  -0.368  -0.533  -0.576  -0.586  -0.589  -0.583  -0.565  -0.536  -0.492  -0.448  -0.399  -0.357  -0.352  -0.373  -0.413
   2.750  -0.277  -0.277  -0.276  -0.276  -0.275  -0.275  -0.275  -0.275  -0.275  -0.275  -0.275  -0.275  -0.275  -0.275  -0.275  -0.275  -0.275  -0.275  -0.275  -0.275  -0.275  -0.384  -0.554  -0.554  -0.384  -0.275  -0.275  -0.276  -0.310  -0.488  -0.603  -0.595  -0.584  -0.583  -0.589  -0.592  -0.583  -0.558  -0.522  -0.473  -0.428  -0.392  -0.367  -0.365  -0.380  -0.409
   2.800  -0.375  -0.366  -0.357  -0.346  -0.334  -0.328  -0.331  -0.335  -0.335  -0.326  -0.318  -0.314  -0.310  -0.308  -0.306  -0.305  -0.304  -0.304  -0.304  -0.304  -0.304  -0.304  -0.303  -0.303  -0.303  -0.303  -0.303  -0.303  -0.337  -0.516  -0.632  -0.625  -0.613  -0.604  -0.599  -0.590  -0.567  -0.532  -0.485  -0.420  -0.386  -0.389  -0.394  -0.396  -0.397  -0.397
   2.850  -0.512  -0.508  -0.506  -0.507  -0.510  -0.512  -0.494  -0.462  -0.443  -0.432  -0.429  -0.434  -0.442  -0.442  -0.426  -0.407  -0.383  -0.360  -0.384  -0.528  -0.622  -0.511  -0.335  -0.293  -0.286  -0.284  -0.407  -0.599  -0.637  -0.639  -0.639  -0.637  -0.630  -0.617  -0.594  -0.563  -0.526  -0.482  -0.432  -0.369  -0.337  -0.374  -0.431  -0.439  -0.418  -0.376
   2.900  -0.597  -0.596  -0.595  -0.595  -0.596  -0.596  -0.596  -0.596  -0.596  -0.596  -0.596  -0.602  -0.613  -0.619  -0.622  -0.623  -0.613  -0.599  -0.597  -0.604  -0.609  -0.561  -0.479  -0.441  -0.424  -0.418  -0.493  -0.608  -0.627  -0.613  -0.603  -0.613  -0.629  -0.625  -0.581  -0.527  -0.475  -0.420  -0.370  -0.320  -0.296  -0.365  -0.472  -0.486  -0.439  -0.345
   2.910  -0.599  -0.596  -0.595  -0.594  -0.593  -0.593  -0.593  -0.592  -0.592  -0.593  -0.593  -0.593  -0.593  -0.595  -0.607  -0.614  -0.607  -0.596  -0.595  -0.601  -0.605  -0.568  -0.503  -0.468  -0.451  -0.445  -0.509  -0.608  -0.624  -0.610  -0.600  -0.610  -0.626  -0.620  -0.569  -0.504  -0.436  -0.367  -0.317  -0.284  -0.271  -0.366  -0.512  -0.531  -0.457  -0.310
   2.920  -0.612  -0.605  -0.599  -0.595  -0.593  -0.591  -0.590  -0.589  -0.589  -0.589  -0.589  -0.589  -0.589  -0.589  -0.589  -0.589  -0.597  -0.609  -0.610  -0.605  -0.600  -0.597  -0.594  -0.577  -0.514  -0.475  -0.527  -0.609  -0.621  -0.605  -0.595  -0.606  -0.622  -0.619  -0.579  -0.520  -0.431  -0.337  -0.292  -0.270  -0.263  -0.373  -0.544  -0.565  -0.469  -0.278
   2.930  -0.629  -0.621  -0.614  -0.606  -0.600  -0.594  -0.590  -0.588  -0.586  -0.585  -0.585  -0.585  -0.585  -0.585  -0.585  -0.585  -0.585  -0.585  -0.587  -0.598  -0.608  -0.612  -0.614  -0.602  -0.539  -0.498  -0.541  -0.607  -0.617  -0.601  -0.590  -0.601  -0.617  -0.618  -0.597  -0.556  -0.456  -0.337  -0.292  -0.274  -0.268  -0.385  -0.565  -0.586  -0.474  -0.254
   2.940  -0.649  -0.639  -0.630  -0.622  -0.614  -0.607  -0.600  -0.594  -0.589  -0.584  -0.582  -0.581  -0.581  -0.581  -0.580  -0.580  -0.580  -0.580  -0.580  -0.583  -0.588  -0.596  -0.605  -0.604  -0.592  -0.584  -0.595  -0.612  -0.612  -0.596  -0.585  -0.596  -0.612  -0.615  -0.607  -0.592  -0.498  -0.359  -0.309  -0.290  -0.284  -0.398  -0.576  -0.594  -0.475  -0.243
   2.950  -0.679  -0.663  -0.649  -0.638  -0.629  -0.621  -0.613  -0.606  -0.598  -0.592  -0.586  -0.582  -0.580  -0.578  -0.577  -0.576  -0.582  -0.590  -0.590  -0.581  -0.575  -0.575  -0.576  -0.580  -0.593  -0.602  -0.603  -0.604  -0.601  -0.588  -0.579  -0.590  -0.607  -0.610  -0.609  -0.606  -0.524  -0.389  -0.335  -0.313  -0.306  -0.412  -0.577  -0.593  -0.472  -0.243
   2.960  -0.716  -0.698  -0.682  -0.667  -0.653  -0.640  -0.629  -0.619  -0.611  -0.603  -0.596  -0.589  -0.583  -0.579  -0.575  -0.573  -0.577  -0.583  -0.582  -0.574  -0.569  -0.569  -0.569  -0.570  -0.579  -0.587  -0.593  -0.598  -0.596  -0.582  -0.572  -0.583  -0.600  -0.604  -0.605  -0.605  -0.538  -0.423  -0.367  -0.341  -0.333  -0.426  -0.571  -0.584  -0.469  -0.253
   2.970  -0.750  -0.733  -0.716  -0.700  -0.682  -0.666  -0.650  -0.636  -0.626  -0.623  -0.618  -0.608  -0.596  -0.586  -0.578  -0.574  -0.575  -0.576  -0.575  -0.569  -0.564  -0.563  -0.563  -0.563  -0.563  -0.563  -0.571  -0.584  -0.584  -0.572  -0.565  -0.576  -0.594  -0.598  -0.597  -0.595  -0.546  -0.458  -0.405  -0.374  -0.364  -0.441  -0.560  -0.569  -0.464  -0.271
   2.980  -0.745  -0.745  -0.744  -0.740  -0.720  -0.698  -0.680  -0.662  -0.647  -0.635  -0.624  -0.614  -0.604  -0.596  -0.589  -0.583  -0.577  -0.571  -0.566  -0.563  -0.560  -0.558  -0.557  -0.557  -0.556  -0.556  -0.556  -0.556  -0.558  -0.571  -0.582  -0.587  -0.589  -0.589  -0.588  -0.586  -0.552  -0.492  -0.449  -0.413  -0.398  -0.456  -0.547  -0.551  -0.460  -0.295
   2.990  -0.741  -0.740  -0.739  -0.739  -0.740  -0.740  -0.726  -0.699  -0.678  -0.660  -0.644  -0.631  -0.619  -0.609  -0.600  -0.592  -0.585  -0.578  -0.572  -0.565  -0.560  -0.556  -0.553  -0.551  -0.551  -0.550  -0.549  -0.549  -0.549  -0.553  -0.558  -0.567  -0.576  -0.578  -0.577  -0.576  -0.558  -0.522  -0.489  -0.452  -0.433  -0.473  -0.533  -0.534  -0.457  -0.324
   3.000  -0.739  -0.736  -0.735  -0.734  -0.733  -0.733  -0.729  -0.720  -0.707  -0.692  -0.674  -0.654  -0.633  -0.619  -0.611  -0.604  -0.595  -0.586  -0.578  -0.572  -0.566  -0.559  -0.553  -0.549  -0.547  -0.545  -0.543  -0.542  -0.542  -0.541  -0.541  -0.546  -0.555  -0.561  -0.565  -0.566  -0.559  -0.543  -0.520  -0.486  -0.468  -0.489  -0.523  -0.521  -0.459  -0.357
   3.010  -0.745  -0.739  -0.735  -0.732  -0.729  -0.728  -0.727  -0.726  -0.726  -0.727  -0.728  -0.710  -0.676  -0.651  -0.633  -0.618  -0.607  -0.598  -0.589  -0.580  -0.572  -0.565  -0.559  -0.553  -0.547  -0.542  -0.539  -0.537  -0.535  -0.534  -0.534  -0.536  -0.539  -0.543  -0.549  -0.552  -0.550  -0.547  -0.538  -0.512  -0.496  -0.505  -0.518  -0.513  -0.466  -0.391
   3.020  -0.773  -0.757  -0.744  -0.735  -0.730  -0.726  -0.723  -0.722  -0.720  -0.720  -0.719  -0.712  -0.699  -0.684  -0.666  -0.647  -0.629  -0.613  -0.600  -0.591  -0.583  -0.574  -0.565  -0.558  -0.552  -0.546  -0.540  -0.534  -0.530  -0.528  -0.527  -0.526  -0.525  -0.526  -0.531  -0.536  -0.539  -0.542  -0.540  -0.525  -0.515  -0.516  -0.517  -0.512  -0.477  -0.425
   3.030  -0.870  -0.821  -0.783  -0.756  -0.742  -0.732  -0.725  -0.721  -0.717  -0.715  -0.713  -0.712  -0.712  -0.708  -0.695  -0.678  -0.660  -0.641  -0.624  -0.608  -0.595  -0.585  -0.576  -0.567  -0.558  -0.549  -0.543  -0.538  -0.532  -0.526  -0.522  -0.519  -0.518  -0.518  -0.519  -0.521  -0.525  -0.530  -0.531  -0.527  -0.523  -0.521  -0.519  -0.512  -0.488  -0.455
   3.040  -1.187  -1.032  -0.913  -0.832  -0.791  -0.764  -0.742  -0.729  -0.719  -0.714  -0.710  -0.707  -0.705  -0.703  -0.703  -0.702  -0.691  -0.671  -0.652  -0.633  -0.615  -0.600  -0.588  -0.577  -0.568  -0.560  -0.551  -0.542  -0.534  -0.528  -0.523  -0.518  -0.514  -0.512  -0.511  -0.510  -0.512  -0.516  -0.518  -0.519  -0.520  -0.519  -0.517  -0.512  -0.498  -0.477
   3.050  -1.680  -1.456  -1.262  -1.098  -0.963  -0.861  -0.798  -0.763  -0.739  -0.725  -0.716  -0.708  -0.703  -0.699  -0.697  -0.696  -0.695  -0.694  -0.689  -0.667  -0.643  -0.623  -0.604  -0.588  -0.575  -0.564  -0.557  -0.551  -0.544  -0.534  -0.525  -0.518  -0.513  -0.509  -0.505  -0.504  -0.504  -0.504  -0.505  -0.508  -0.510  -0.510  -0.510  -0.509  -0.501  -0.489
   3.060  -1.741  -1.726  -1.683  -1.595  -1.416  -1.226  -1.055  -0.900  -0.811  -0.769  -0.742  -0.722  -0.711  -0.702  -0.696  -0.692  -0.688  -0.686  -0.686  -0.686  -0.686  -0.669  -0.636  -0.613  -0.597  -0.582  -0.566  -0.552  -0.543  -0.540  -0.535  -0.526  -0.515  -0.508  -0.503  -0.500  -0.497  -0.495  -0.495  -0.496  -0.498  -0.500  -0.501  -0.501  -0.498  -0.493
   3.070  -1.749  -1.740  -1.733  -1.728  -1.725  -1.720  -1.560  -1.267  -1.066  -0.927  -0.828  -0.773  -0.744  -0.720  -0.705  -0.695  -0.688  -0.684  -0.681  -0.679  -0.676  -0.668  -0.655  -0.640  -0.619  -0.600  -0.584  -0.569  -0.555  -0.543  -0.532  -0.523  -0.516  -0.510  -0.504  -0.498  -0.493  -0.489  -0.487  -0.486  -0.486  -0.487  -0.490  -0.490  -0.489  -0.488
   3.080  -1.620  -1.685  -1.727  -1.732  -1.728  -1.719  -1.705  -1.680  -1.600  -1.351  -1.107  -0.959  -0.851  -0.779  -0.741  -0.717  -0.698  -0.687  -0.679  -0.674  -0.671  -0.669  -0.667  -0.661  -0.645  -0.626  -0.606  -0.586  -0.569  -0.557  -0.545  -0.533  -0.522  -0.513  -0.506  -0.499  -0.493  -0.487  -0.482  -0.479  -0.477  -0.477  -0.478  -0.478  -0.478  -0.479
   3.090  -1.519  -1.552  -1.588  -1.632  -1.689  -1.719  -1.720  -1.720  -1.717  -1.689  -1.633  -1.446  -1.167  -0.980  -0.863  -0.784  -0.738  -0.713  -0.693  -0.680  -0.671  -0.664  -0.661  -0.658  -0.656  -0.654  -0.639  -0.613  -0.592  -0.572  -0.555  -0.541  -0.530  -0.520  -0.511  -0.502  -0.494  -0.486  -0.480  -0.475  -0.471  -0.468  -0.467  -0.467  -0.467  -0.467
   3.100  -1.508  -1.508  -1.509  -1.515  -1.551  -1.598  -1.663  -1.725  -1.734  -1.720  -1.704  -1.695  -1.686  -1.615  -1.305  -1.009  -0.866  -0.784  -0.732  -0.705  -0.687  -0.671  -0.661  -0.654  -0.650  -0.647  -0.645  -0.644  -0.635  -0.605  -0.575  -0.556  -0.542  -0.529  -0.517  -0.507  -0.497  -0.488  -0.480  -0.473  -0.467  -0.463  -0.460  -0.457  -0.456  -0.455
   3.110  -1.503  -1.500  -1.497  -1.497  -1.497  -1.497  -1.519  -1.563  -1.607  -1.659  -1.687  -1.690  -1.691  -1.688  -1.668  -1.626  -1.408  -1.066  -0.871  -0.782  -0.729  -0.691  -0.672  -0.657  -0.649  -0.644  -0.640  -0.637  -0.629  -0.615  -0.599  -0.580  -0.560  -0.543  -0.528  -0.515  -0.503  -0.492  -0.482  -0.473  -0.466  -0.460  -0.455  -0.451  -0.448  -0.445
   3.120  -1.579  -1.532  -1.500  -1.491  -1.487  -1.486  -1.485  -1.485  -1.492  -1.532  -1.576  -1.615  -1.649  -1.661  -1.665  -1.667  -1.667  -1.666  -1.594  -1.203  -0.876  -0.775  -0.723  -0.684  -0.662  -0.648  -0.638  -0.632  -0.628  -0.625  -0.621  -0.607  -0.586  -0.566  -0.545  -0.527  -0.512  -0.500  -0.488  -0.477  -0.467  -0.459  -0.453  -0.447  -0.441  -0.437
   3.130  -6.158  -3.590  -1.873  -1.550  -1.501  -1.482  -1.477  -1.474  -1.474  -1.476  -1.479  -1.510  -1.560  -1.581  -1.586  -1.595  -1.624  -1.655  -1.639  -1.506  -1.329  -1.117  -0.897  -0.772  -0.713  -0.677  -0.651  -0.637  -0.626  -0.620  -0.615  -0.608  -0.599  -0.584  -0.563  -0.542  -0.525  -0.511  -0.497  -0.483  -0.471  -0.461  -0.453  -0.445  -0.438  -0.431
   3.140  -6.008  -6.109  -6.160  -5.696  -3.223  -1.577  -1.510  -1.476  -1.467  -1.464  -1.462  -1.461  -1.461  -1.471  -1.525  -1.571  -1.586  -1.594  -1.599  -1.602  -1.603  -1.501  -1.295  -1.107  -0.908  -0.763  -0.699  -0.665  -0.638  -0.622  -0.613  -0.608  -0.605  -0.596  -0.577  -0.557  -0.541  -0.525  -0.509  -0.493  -0.478  -0.466  -0.456  -0.446  -0.436  -0.428
   3.150  -5.889  -5.933  -5.984  -6.047  -6.131  -6.175  -4.566  -2.058  -1.519  -1.476  -1.458  -1.452  -1.449  -1.450  -1.459  -1.476  -1.514  -1.557  -1.571  -1.575  -1.577  -1.576  -1.573  -1.530  -1.303  -1.063  -0.891  -0.752  -0.681  -0.649  -0.628  -0.613  -0.604  -0.593  -0.582  -0.570  -0.555  -0.539  -0.523  -0.504  -0.488  -0.474  -0.461  -0.449  -0.438  -0.427
   3.160  -5.805  -5.832  -5.868  -5.911  -5.962  -6.019  -6.099  -6.173  -5.709  -3.204  -1.541  -1.481  -1.451  -1.442  -1.437  -1.436  -1.440  -1.451  -1.474  -1.517  -1.549  -1.561  -1.567  -1.568  -1.568  -1.567  -1.375  -1.026  -0.821  -0.720  -0.665  -0.633  -0.616  -0.601  -0.591  -0.581  -0.568  -0.553  -0.537  -0.518  -0.499  -0.484  -0.470  -0.456  -0.442  -0.428
   3.170  -5.746  -5.762  -5.784  -5.812  -5.845  -5.887  -5.938  -5.997  -6.066  -6.154  -6.200  -4.568  -2.026  -1.487  -1.447  -1.431  -1.426  -1.423  -1.429  -1.463  -1.500  -1.533  -1.560  -1.564  -1.561  -1.558  -1.555  -1.552  -1.477  -1.097  -0.791  -0.709  -0.666  -0.631  -0.612  -0.598  -0.582  -0.568  -0.551  -0.532  -0.513  -0.497  -0.481  -0.466  -0.449  -0.433
   3.180  -5.695  -5.707  -5.722  -5.741  -5.762  -5.789  -5.824  -5.866  -5.916  -5.974  -6.038  -6.124  -6.202  -5.727  -3.169  -1.484  -1.443  -1.422  -1.414  -1.410  -1.409  -1.424  -1.453  -1.475  -1.493  -1.509  -1.524  -1.534  -1.510  -1.351  -1.166  -0.998  -0.837  -0.737  -0.689  -0.656  -0.622  -0.595  -0.571  -0.549  -0.529  -0.511  -0.495  -0.478  -0.459  -0.440
   3.190  -5.637  -5.652  -5.668  -5.684  -5.698  -5.716  -5.738  -5.765  -5.801  -5.844  -5.894  -5.969  -6.039  -5.737  -3.985  -2.430  -1.819  -1.511  -1.438  -1.413  -1.402  -1.398  -1.396  -1.402  -1.436  -1.469  -1.483  -1.493  -1.509  -1.534  -1.547  -1.412  -1.158  -0.987  -0.873  -0.782  -0.708  -0.653  -0.609  -0.577  -0.552  -0.531  -0.513  -0.493  -0.472  -0.450
   3.200  -5.565  -5.588  -5.609  -5.627  -5.642  -5.657  -5.673  -5.690  -5.714  -5.742  -5.778  -5.821  -5.871  -5.935  -6.021  -6.066  -4.662  -2.395  -1.703  -1.513  -1.433  -1.404  -1.389  -1.388  -1.392  -1.400  -1.427  -1.464  -1.481  -1.488  -1.491  -1.452  -1.362  -1.254  -1.118  -0.984  -0.867  -0.761  -0.682  -0.631  -0.591  -0.561  -0.538  -0.514  -0.489  -0.464
   3.210  -5.483  -5.511  -5.536  -5.559  -5.580  -5.598  -5.614  -5.629  -5.646  -5.665  -5.688  -5.718  -5.753  -5.797  -5.849  -5.908  -5.991  -6.069  -5.684  -3.546  -1.934  -1.603  -1.436  -1.393  -1.377  -1.371  -1.374  -1.383  -1.404  -1.457  -1.489  -1.484  -1.471  -1.435  -1.326  -1.194  -1.056  -0.913  -0.802  -0.721  -0.657  -0.611  -0.579  -0.546  -0.513  -0.483
   3.220  -5.404  -5.430  -5.455  -5.481  -5.506  -5.529  -5.549  -5.566  -5.583  -5.599  -5.616  -5.636  -5.660  -5.690  -5.727  -5.771  -5.825  -5.886  -5.958  -6.051  -6.099  -4.564  -2.138  -1.530  -1.425  -1.381  -1.365  -1.357  -1.358  -1.370  -1.387  -1.413  -1.439  -1.440  -1.409  -1.347  -1.231  -1.083  -0.958  -0.847  -0.755  -0.691  -0.644  -0.597  -0.552  -0.511
   3.230  -5.340  -5.359  -5.379  -5.402  -5.426  -5.451  -5.474  -5.497  -5.517  -5.534  -5.551  -5.567  -5.585  -5.606  -5.631  -5.662  -5.700  -5.745  -5.799  -5.861  -5.929  -6.021  -6.104  -5.647  -3.167  -1.508  -1.431  -1.392  -1.378  -1.370  -1.368  -1.383  -1.406  -1.410  -1.407  -1.400  -1.342  -1.230  -1.117  -0.992  -0.881  -0.801  -0.738  -0.674  -0.612  -0.555
   3.240  -5.303  -5.308  -5.318  -5.332  -5.351  -5.373  -5.396  -5.420  -5.442  -5.463  -5.483  -5.500  -5.516  -5.534  -5.551  -5.573  -5.600  -5.631  -5.671  -5.718  -5.772  -5.835  -5.906  -5.985  -6.084  -6.134  -4.497  -1.949  -1.414  -1.377  -1.365  -1.369  -1.377  -1.384  -1.391  -1.394  -1.374  -1.323  -1.243  -1.129  -1.018  -0.933  -0.857  -0.778  -0.699  -0.619
   3.250  -5.290  -5.286  -5.283  -5.284  -5.293  -5.306  -5.323  -5.343  -5.364  -5.386  -5.408  -5.428  -5.446  -5.464  -5.480  -5.497  -5.516  -5.538  -5.566  -5.599  -5.640  -5.688  -5.743  -5.813  -5.907  -5.956  -4.651  -2.508  -1.764  -1.517  -1.416  -1.384  -1.367  -1.366  -1.369  -1.370  -1.367  -1.356  -1.327  -1.240  -1.144  -1.066  -0.987  -0.901  -0.807  -0.708
   3.260  -5.294  -5.281  -5.271  -5.266  -5.263  -5.262  -5.267  -5.278  -5.293  -5.311  -5.331  -5.351  -5.371  -5.390  -5.408  -5.425  -5.441  -5.458  -5.479  -5.502  -5.530  -5.565  -5.606  -5.656  -5.714  -5.779  -5.869  -5.952  -5.616  -3.703  -2.149  -1.687  -1.455  -1.411  -1.402  -1.396  -1.391  -1.389  -1.373  -1.313  -1.241  -1.178  -1.109  -1.026  -0.928  -0.818
   3.270  -5.302  -5.289  -5.276  -5.264  -5.251  -5.243  -5.240  -5.238  -5.239  -5.248  -5.261  -5.277  -5.296  -5.314  -5.333  -5.351  -5.368  -5.384  -5.400  -5.418  -5.438  -5.463  -5.492  -5.528  -5.570  -5.620  -5.680  -5.747  -5.824  -5.919  -5.968  -5.115  -3.544  -2.546  -1.926  -1.630  -1.559  -1.522  -1.460  -1.380  -1.305  -1.253  -1.205  -1.134  -1.045  -0.938
   3.280  -5.305  -5.296  -5.286  -5.273  -5.258  -5.243  -5.230  -5.219  -5.214  -5.211  -5.210  -5.215  -5.227  -5.240  -5.257  -5.274  -5.291  -5.308  -5.324  -5.339  -5.355  -5.374  -5.395  -5.420  -5.450  -5.486  -5.530  -5.581  -5.645  -5.732  -5.777  -5.468  -4.782  -3.979  -2.921  -2.213  -2.021  -1.919  -1.747  -1.510  -1.345  -1.295  -1.267  -1.214  -1.142  -1.056
   3.290  -5.286  -5.286  -5.285  -5.283  -5.269  -5.253  -5.237  -5.220  -5.206  -5.193  -5.184  -5.180  -5.178  -5.179  -5.189  -5.201  -5.215  -5.231  -5.247  -5.262  -5.277  -5.292  -5.308  -5.327  -5.348  -5.373  -5.404  -5.440  -5.484  -5.536  -5.593  -5.671  -5.742  -5.522  -4.246  -3.183  -2.919  -2.772  -2.394  -1.761  -1.378  -1.328  -1.301  -1.261  -1.212  -1.158
   3.300  -5.237  -5.259  -5.272  -5.274  -5.270  -5.262  -5.248  -5.231  -5.213  -5.196  -5.179  -5.163  -5.149  -5.145  -5.143  -5.142  -5.147  -5.158  -5.170  -5.184  -5.199  -5.213  -5.227  -5.242  -5.257  -5.275  -5.296  -5.321  -5.351  -5.387  -5.429  -5.494  -5.556  -5.463  -4.878  -4.328  -4.150  -4.049  -3.575  -2.258  -1.414  -1.347  -1.312  -1.280  -1.256  -1.241
   3.310  -5.154  -5.193  -5.223  -5.242  -5.253  -5.257  -5.252  -5.240  -5.225  -5.207  -5.187  -5.167  -5.148  -5.130  -5.114  -5.105  -5.102  -5.101  -5.102  -5.111  -5.123  -5.135  -5.148  -5.160  -5.172  -5.186  -5.201  -5.218  -5.239  -5.262  -5.290  -5.324  -5.362  -5.406  -5.455  -5.501  -5.544  -5.577  -5.163  -2.954  -1.456  -1.354  -1.302  -1.297  -1.302  -1.312
   3.320  -5.047  -5.099  -5.143  -5.180  -5.211  -5.228  -5.232  -5.235  -5.233  -5.218  -5.199  -5.179  -5.157  -5.135  -5.112  -5.092  -5.074  -5.061  -5.057  -5.055  -5.055  -5.060  -5.071  -5.081  -5.091  -5.102  -5.113  -5.125  -5.139  -5.154  -5.171  -5.192  -5.216  -5.245  -5.278  -5.312  -5.350  -5.383  -5.394  -5.398  -5.399  -3.992  -1.801  -1.339  -1.306  -1.295
   3.330  -4.932  -4.988  -5.040  -5.087  -5.132  -5.168  -5.196  -5.213  -5.216  -5.213  -5.207  -5.193  -5.171  -5.149  -5.124  -5.099  -5.074  -5.050  -5.030  -5.012  -5.004  -5.004  -5.004  -5.005  -5.013  -5.022  -5.030  -5.039  -5.047  -5.057  -5.067  -5.078  -5.091  -5.106  -5.124  -5.144  -5.168  -5.193  -5.207  -5.214  -5.217  -3.994  -2.037  -1.485  -1.349  -1.304
   3.340  -4.818  -4.874  -4.928  -4.980  -5.033  -5.080  -5.121  -5.155  -5.178  -5.192  -5.197  -5.192  -5.179  -5.162  -5.139  -5.113  -5.086  -5.057  -5.029  -5.002  -4.979  -4.960  -4.947  -4.945  -4.945  -4.946  -4.950  -4.956  -4.962  -4.967  -4.972  -4.977  -4.981  -4.987  -4.992  -4.999  -5.008  -5.018  -5.025  -5.031  -5.033  -5.025  -5.001  -4.770  -3.434  -1.427
   3.350  -4.712  -4.763  -4.815  -4.868  -4.923  -4.976  -5.026  -5.073  -5.112  -5.144  -5.162  -5.167  -5.170  -5.167  -5.151  -5.128  -5.102  -5.073  -5.042  -5.010  -4.978  -4.948  -4.920  -4.900  -4.887  -4.881  -4.880  -4.879  -4.879  -4.882  -4.883  -4.883  -4.882  -4.880  -4.877  -4.873  -4.870  -4.866  -4.862  -4.859  -4.854  -4.842  -4.822  -4.792  -4.752  -4.702
   3.360  -4.617  -4.663  -4.710  -4.760  -4.813  -4.866  -4.919  -4.972  -5.019  -5.064  -5.100  -5.127  -5.145  -5.146  -5.142  -5.134  -5.117  -5.090  -5.061  -5.028  -4.993  -4.956  -4.918  -4.885  -4.857  -4.834  -4.820  -4.811  -4.805  -4.802  -4.799  -4.795  -4.789  -4.782  -4.772  -4.761  -4.748  -4.734  -4.720  -4.705  -4.688  -4.670  -4.648  -4.618  -4.581  -4.537
   3.370  -4.535  -4.574  -4.616  -4.661  -4.709  -4.759  -4.811  -4.865  -4.917  -4.968  -5.014  -5.054  -5.087  -5.108  -5.119  -5.123  -5.116  -5.099  -5.076  -5.047  -5.013  -4.975  -4.934  -4.893  -4.851  -4.813  -4.784  -4.761  -4.743  -4.731  -4.721  -4.712  -4.703  -4.690  -4.675  -4.658  -4.638  -4.617  -4.593  -4.566  -4.539  -4.512  -4.484  -4.451  -4.413  -4.372
   3.380  -4.467  -4.498  -4.533  -4.572  -4.614  -4.660  -4.709  -4.760  -4.812  -4.865  -4.915  -4.963  -5.007  -5.044  -5.074  -5.088  -5.088  -5.087  -5.083  -5.061  -5.030  -4.997  -4.958  -4.915  -4.866  -4.818  -4.774  -4.734  -4.701  -4.675  -4.654  -4.637  -4.621  -4.604  -4.585  -4.563  -4.538  -4.509  -4.478  -4.443  -4.407  -4.371  -4.333  -4.294  -4.252  -4.209
   3.390  -4.410  -4.435  -4.463  -4.496  -4.532  -4.571  -4.614  -4.660  -4.709  -4.760  -4.812  -4.863  -4.912  -4.957  -4.997  -5.029  -5.051  -5.063  -5.064  -5.055  -5.038  -5.012  -4.978  -4.938  -4.892  -4.842  -4.788  -4.732  -4.684  -4.641  -4.604  -4.574  -4.550  -4.524  -4.500  -4.473  -4.443  -4.409  -4.372  -4.331  -4.288  -4.243  -4.196  -4.150  -4.102  -4.054
   3.400  -4.366  -4.384  -4.406  -4.431  -4.461  -4.494  -4.530  -4.570  -4.613  -4.661  -4.710  -4.760  -4.811  -4.860  -4.908  -4.950  -4.986  -5.014  -5.023  -5.027  -5.028  -5.017  -4.990  -4.957  -4.916  -4.869  -4.813  -4.752  -4.692  -4.633  -4.578  -4.532  -4.491  -4.454  -4.423  -4.390  -4.354  -4.316  -4.273  -4.227  -4.178  -4.126  -4.072  -4.018  -3.963  -3.908
   3.410  -4.336  -4.347  -4.361  -4.380  -4.402  -4.428  -4.458  -4.491  -4.528  -4.570  -4.614  -4.661  -4.710  -4.760  -4.810  -4.857  -4.901  -4.939  -4.968  -4.989  -4.997  -4.993  -4.983  -4.964  -4.932  -4.891  -4.841  -4.782  -4.718  -4.647  -4.577  -4.513  -4.453  -4.401  -4.356  -4.313  -4.270  -4.227  -4.180  -4.129  -4.075  -4.017  -3.957  -3.897  -3.835  -3.773
   3.420  -4.319  -4.322  -4.329  -4.340  -4.355  -4.374  -4.397  -4.424  -4.455  -4.489  -4.527  -4.569  -4.615  -4.662  -4.711  -4.759  -4.807  -4.852  -4.891  -4.926  -4.946  -4.953  -4.957  -4.954  -4.934  -4.902  -4.861  -4.809  -4.747  -4.673  -4.596  -4.518  -4.439  -4.369  -4.307  -4.249  -4.196  -4.146  -4.093  -4.037  -3.978  -3.916  -3.851  -3.785  -3.717  -3.648
   3.430  -4.313  -4.313  -4.313  -4.314  -4.321  -4.333  -4.349  -4.369  -4.392  -4.420  -4.451  -4.486  -4.525  -4.568  -4.614  -4.661  -4.709  -4.757  -4.800  -4.841  -4.875  -4.901  -4.917  -4.918  -4.911  -4.897  -4.870  -4.826  -4.771  -4.703  -4.626  -4.539  -4.447  -4.361  -4.278  -4.202  -4.135  -4.073  -4.011  -3.949  -3.886  -3.819  -3.749  -3.678  -3.606  -3.532
   3.440  -4.315  -4.309  -4.305  -4.304  -4.305  -4.307  -4.313  -4.325  -4.342  -4.362  -4.387  -4.415  -4.447  -4.484  -4.524  -4.567  -4.612  -4.659  -4.705  -4.750  -4.790  -4.827  -4.856  -4.866  -4.871  -4.872  -4.859  -4.826  -4.781  -4.723  -4.652  -4.565  -4.468  -4.370  -4.270  -4.175  -4.091  -4.013  -3.938  -3.869  -3.799  -3.727  -3.653  -3.578  -3.501  -3.422
   3.450  -4.321  -4.313  -4.307  -4.301  -4.296  -4.294  -4.295  -4.298  -4.304  -4.316  -4.334  -4.355  -4.380  -4.409  -4.443  -4.480  -4.521  -4.564  -4.608  -4.654  -4.697  -4.738  -4.774  -4.801  -4.820  -4.827  -4.822  -4.805  -4.777  -4.730  -4.667  -4.586  -4.491  -4.389  -4.277  -4.167  -4.064  -3.967  -3.878  -3.797  -3.719  -3.640  -3.562  -3.482  -3.400  -3.318
   3.460  -4.327  -4.320  -4.314  -4.306  -4.298  -4.291  -4.286  -4.282  -4.283  -4.287  -4.295  -4.308  -4.325  -4.346  -4.373  -4.403  -4.437  -4.474  -4.515  -4.559  -4.602  -4.644  -4.684  -4.719  -4.751  -4.766  -4.765  -4.763  -4.755  -4.720  -4.665  -4.595  -4.508  -4.408  -4.291  -4.172  -4.055  -3.940  -3.835  -3.739  -3.647  -3.560  -3.475  -3.390  -3.305  -3.219
   3.470  -4.331  -4.326  -4.320  -4.313  -4.305  -4.296  -4.288  -4.280  -4.275  -4.271  -4.270  -4.274  -4.283  -4.296  -4.314  -4.336  -4.363  -4.394  -4.429  -4.467  -4.506  -4.547  -4.589  -4.627  -4.662  -4.688  -4.702  -4.709  -4.707  -4.685  -4.644  -4.586  -4.509  -4.415  -4.301  -4.179  -4.053  -3.925  -3.805  -3.692  -3.586  -3.488  -3.396  -3.304  -3.213  -3.124
   3.480  -4.329  -4.328  -4.324  -4.319  -4.312  -4.303  -4.294  -4.284  -4.274  -4.265  -4.259  -4.258  -4.257  -4.258  -4.268  -4.283  -4.301  -4.324  -4.351  -4.383  -4.417  -4.454  -4.493  -4.530  -4.567  -4.598  -4.623  -4.640  -4.640  -4.628  -4.604  -4.560  -4.492  -4.407  -4.300  -4.182  -4.053  -3.917  -3.786  -3.659  -3.538  -3.427  -3.324  -3.223  -3.126  -3.033
   3.490  -4.317  -4.320  -4.322  -4.321  -4.317  -4.310  -4.302  -4.292  -4.282  -4.270  -4.259  -4.249  -4.240  -4.239  -4.240  -4.243  -4.251  -4.266  -4.285  -4.309  -4.336  -4.367  -4.400  -4.434  -4.470  -4.502  -4.532  -4.554  -4.557  -4.553  -4.543  -4.513  -4.456  -4.380  -4.283  -4.172  -4.046  -3.908  -3.772  -3.634  -3.501  -3.378  -3.261  -3.150  -3.046  -2.947
   3.500  -4.292  -4.305  -4.314  -4.315  -4.314  -4.313  -4.308  -4.300  -4.290  -4.278  -4.266  -4.253  -4.240  -4.230  -4.222  -4.218  -4.219  -4.223  -4.230  -4.246  -4.265  -4.287  -4.313  -4.342  -4.373  -4.403  -4.433  -4.457  -4.463  -4.465  -4.465  -4.446  -4.398  -4.332  -4.248  -4.146  -4.026  -3.893  -3.756  -3.613  -3.472  -3.337  -3.208  -3.086  -2.973  -2.867
   3.525  -4.134  -4.169  -4.200  -4.223  -4.248  -4.268  -4.280  -4.280  -4.278  -4.274  -4.267  -4.263  -4.254  -4.248  -4.238  -4.228  -4.219  -4.205  -4.188  -4.171  -4.155  -4.144  -4.139  -4.137  -4.142  -4.156  -4.175  -4.193  -4.194  -4.195  -4.196  -4.185  -4.155  -4.112  -4.056  -3.984  -3.893  -3.787  -3.668  -3.536  -3.398  -3.256  -3.111  -2.972  -2.837  -2.706
   3.550  -3.947  -3.992  -4.036  -4.079  -4.121  -4.160  -4.193  -4.221  -4.244  -4.261  -4.268  -4.268  -4.267  -4.265  -4.254  -4.238  -4.220  -4.198  -4.174  -4.146  -4.119  -4.092  -4.065  -4.042  -4.020  -4.001  -3.984  -3.967  -3.951  -3.934  -3.914  -3.891  -3.864  -3.829  -3.788  -3.736  -3.671  -3.594  -3.502  -3.394  -3.275  -3.145  -3.005  -2.863  -2.718  -2.569
   3.575  -3.835  -3.862  -3.890  -3.920  -3.952  -3.984  -4.019  -4.059  -4.098  -4.135  -4.164  -4.184  -4.203  -4.219  -4.226  -4.221  -4.211  -4.196  -4.184  -4.167  -4.145  -4.118  -4.087  -4.053  -4.013  -3.960  -3.901  -3.837  -3.780  -3.720  -3.668  -3.622  -3.578  -3.529  -3.476  -3.419  -3.359  -3.294  -3.220  -3.139  -3.049  -2.947  -2.835  -2.715  -2.585  -2.445
   3.600  -3.737  -3.745  -3.756  -3.770  -3.787  -3.809  -3.837  -3.870  -3.907  -3.949  -3.992  -4.035  -4.076  -4.112  -4.144  -4.169  -4.186  -4.195  -4.195  -4.187  -4.170  -4.144  -4.109  -4.065  -4.010  -3.947  -3.873  -3.790  -3.704  -3.613  -3.522  -3.433  -3.347  -3.264  -3.185  -3.110  -3.040  -2.973  -2.907  -2.844  -2.776  -2.700  -2.617  -2.521  -2.413  -2.293
   3.625  -3.620  -3.641  -3.663  -3.685  -3.706  -3.728  -3.751  -3.774  -3.799  -3.826  -3.854  -3.886  -3.918  -3.951  -3.985  -4.025  -4.061  -4.092  -4.110  -4.122  -4.126  -4.118  -4.094  -4.060  -4.018  -3.965  -3.897  -3.815  -3.722  -3.615  -3.498  -3.367  -3.232  -3.111  -2.999  -2.895  -2.803  -2.716  -2.632  -2.554  -2.477  -2.400  -2.322  -2.236  -2.144  -2.045
   3.650  -3.503  -3.540  -3.573  -3.604  -3.632  -3.656  -3.675  -3.690  -3.703  -3.714  -3.727  -3.743  -3.762  -3.787  -3.817  -3.850  -3.887  -3.926  -3.962  -3.997  -4.025  -4.042  -4.050  -4.048  -4.026  -3.983  -3.921  -3.840  -3.739  -3.618  -3.485  -3.342  -3.192  -3.046  -2.901  -2.764  -2.636  -2.516  -2.404  -2.300  -2.202  -2.111  -2.024  -1.938  -1.852  -1.768
   3.675  -3.388  -3.411  -3.436  -3.461  -3.487  -3.512  -3.536  -3.561  -3.584  -3.607  -3.629  -3.652  -3.674  -3.697  -3.720  -3.744  -3.769  -3.796  -3.823  -3.851  -3.877  -3.899  -3.924  -3.940  -3.935  -3.914  -3.873  -3.809  -3.719  -3.606  -3.476  -3.337  -3.188  -3.036  -2.879  -2.717  -2.560  -2.409  -2.270  -2.140  -2.018  -1.904  -1.797  -1.694  -1.595  -1.500
   3.700  -3.300  -3.307  -3.317  -3.332  -3.350  -3.372  -3.400  -3.432  -3.465  -3.500  -3.533  -3.563  -3.591  -3.614  -3.631  -3.647  -3.661  -3.673  -3.688  -3.704  -3.722  -3.743  -3.764  -3.776  -3.782  -3.784  -3.768  -3.726  -3.661  -3.573  -3.464  -3.333  -3.184  -3.026  -2.858  -2.687  -2.518  -2.349  -2.189  -2.035  -1.888  -1.749  -1.618  -1.492  -1.371  -1.257
   3.725  -3.266  -3.268  -3.271  -3.276  -3.284  -3.296  -3.312  -3.331  -3.352  -3.376  -3.401  -3.427  -3.453  -3.478  -3.503  -3.526  -3.548  -3.569  -3.589  -3.607  -3.622  -3.634  -3.646  -3.651  -3.649  -3.640  -3.619  -3.580  -3.527  -3.457  -3.366  -3.254  -3.121  -2.975  -2.814  -2.652  -2.484  -2.312  -2.143  -1.973  -1.808  -1.650  -1.496  -1.350  -1.209  -1.075
   3.750  -3.246  -3.246  -3.247  -3.247  -3.248  -3.250  -3.252  -3.256  -3.262  -3.271  -3.283  -3.300  -3.320  -3.345  -3.375  -3.405  -3.436  -3.466  -3.491  -3.514  -3.527  -3.531  -3.534  -3.532  -3.518  -3.494  -3.462  -3.419  -3.362  -3.292  -3.209  -3.111  -2.999  -2.875  -2.739  -2.592  -2.435  -2.269  -2.100  -1.925  -1.750  -1.578  -1.409  -1.245  -1.086  -0.933
   3.775  -3.230  -3.229  -3.229  -3.228  -3.226  -3.223  -3.221  -3.220  -3.221  -3.223  -3.227  -3.234  -3.244  -3.257  -3.274  -3.293  -3.314  -3.337  -3.358  -3.380  -3.396  -3.407  -3.415  -3.416  -3.404  -3.383  -3.348  -3.295  -3.228  -3.147  -3.055  -2.953  -2.841  -2.723  -2.598  -2.465  -2.324  -2.175  -2.019  -1.855  -1.687  -1.515  -1.340  -1.167  -0.996  -0.825
   3.800  -3.204  -3.204  -3.204  -3.204  -3.202  -3.201  -3.200  -3.199  -3.197  -3.196  -3.195  -3.194  -3.194  -3.194  -3.197  -3.202  -3.210  -3.220  -3.233  -3.250  -3.267  -3.284  -3.298  -3.299  -3.291  -3.275  -3.238  -3.176  -3.100  -3.005  -2.901  -2.790  -2.673  -2.555  -2.435  -2.311  -2.183  -2.051  -1.911  -1.763  -1.607  -1.442  -1.270  -1.095  -0.918  -0.736
   3.825  -3.124  -3.141  -3.151  -3.159  -3.166  -3.171  -3.175  -3.176  -3.176  -3.174  -3.173  -3.171  -3.166  -3.161  -3.158  -3.155  -3.155  -3.156  -3.158  -3.163  -3.168  -3.173  -3.176  -3.170  -3.158  -3.137  -3.099  -3.042  -2.968  -2.877  -2.774  -2.660  -2.537  -2.412  -2.284  -2.155  -2.026  -1.896  -1.762  -1.625  -1.481  -1.328  -1.169  -1.003  -0.831  -0.652
   3.850  -2.946  -2.994  -3.035  -3.069  -3.095  -3.115  -3.130  -3.138  -3.141  -3.142  -3.142  -3.140  -3.137  -3.133  -3.129  -3.124  -3.119  -3.113  -3.107  -3.100  -3.092  -3.083  -3.072  -3.055  -3.035  -3.005  -2.963  -2.909  -2.838  -2.751  -2.650  -2.534  -2.407  -2.276  -2.139  -2.002  -1.868  -1.735  -1.602  -1.470  -1.335  -1.194  -1.048  -0.894  -0.731  -0.561
   3.875  -2.628  -2.698  -2.767  -2.828  -2.882  -2.929  -2.970  -3.004  -3.030  -3.053  -3.071  -3.083  -3.089  -3.094  -3.096  -3.094  -3.089  -3.084  -3.078  -3.067  -3.051  -3.035  -3.014  -2.986  -2.953  -2.909  -2.853  -2.786  -2.705  -2.611  -2.507  -2.392  -2.268  -2.139  -2.006  -1.870  -1.733  -1.595  -1.458  -1.322  -1.185  -1.046  -0.904  -0.756  -0.602  -0.442
   3.900  -2.253  -2.336  -2.417  -2.495  -2.570  -2.641  -2.709  -2.772  -2.830  -2.883  -2.928  -2.966  -2.997  -3.020  -3.037  -3.043  -3.043  -3.042  -3.040  -3.030  -3.014  -2.995  -2.970  -2.935  -2.892  -2.836  -2.766  -2.683  -2.590  -2.485  -2.373  -2.256  -2.134  -2.007  -1.877  -1.743  -1.604  -1.462  -1.320  -1.178  -1.036  -0.895  -0.753  -0.608  -0.460  -0.310
   3.925  -1.884  -1.971  -2.057  -2.141  -2.225  -2.307  -2.386  -2.462  -2.535  -2.603  -2.666  -2.725  -2.781  -2.830  -2.871  -2.901  -2.924  -2.944  -2.959  -2.967  -2.962  -2.948  -2.929  -2.901  -2.857  -2.799  -2.721  -2.629  -2.524  -2.403  -2.277  -2.147  -2.013  -1.878  -1.743  -1.607  -1.469  -1.329  -1.188  -1.046  -0.902  -0.758  -0.613  -0.466  -0.319  -0.170
   3.950  -1.545  -1.626  -1.707  -1.789  -1.873  -1.956  -2.038  -2.120  -2.200  -2.277  -2.353  -2.426  -2.496  -2.563  -2.625  -2.682  -2.734  -2.779  -2.817  -2.850  -2.864  -2.863  -2.859  -2.848  -2.811  -2.752  -2.676  -2.581  -2.470  -2.339  -2.201  -2.058  -1.910  -1.765  -1.622  -1.480  -1.341  -1.202  -1.061  -0.919  -0.774  -0.627  -0.478  -0.328  -0.178  -0.028
   3.975  -1.272  -1.339  -1.408  -1.479  -1.554  -1.632  -1.712  -1.793  -1.874  -1.955  -2.035  -2.114  -2.190  -2.264  -2.336  -2.404  -2.468  -2.526  -2.578  -2.626  -2.661  -2.686  -2.705  -2.708  -2.689  -2.656  -2.603  -2.520  -2.416  -2.291  -2.154  -2.007  -1.850  -1.694  -1.537  -1.382  -1.232  -1.084  -0.937  -0.792  -0.646  -0.498  -0.348  -0.198  -0.047   0.105
   4.000  -1.089  -1.128  -1.174  -1.227  -1.288  -1.353  -1.422  -1.496  -1.571  -1.648  -1.725  -1.802  -1.878  -1.952  -2.026  -2.097  -2.165  -2.229  -2.290  -2.347  -2.397  -2.444  -2.479  -2.490  -2.493  -2.494  -2.469  -2.406  -2.322  -2.212  -2.085  -1.941  -1.784  -1.624  -1.458  -1.294  -1.134  -0.977  -0.823  -0.672  -0.523  -0.373  -0.223  -0.072   0.080   0.234
   4.025  -1.012  -1.024  -1.044  -1.073  -1.108  -1.150  -1.199  -1.255  -1.315  -1.379  -1.445  -1.514  -1.585  -1.655  -1.726  -1.795  -1.861  -1.926  -1.986  -2.043  -2.095  -2.143  -2.182  -2.202  -2.216  -2.223  -2.210  -2.171  -2.113  -2.032  -1.931  -1.811  -1.677  -1.534  -1.379  -1.219  -1.057  -0.893  -0.732  -0.572  -0.414  -0.258  -0.103   0.052   0.206   0.360
   4.050  -0.978  -0.980  -0.986  -0.995  -1.007  -1.024  -1.048  -1.079  -1.117  -1.162  -1.212  -1.267  -1.326  -1.385  -1.445  -1.505  -1.564  -1.621  -1.674  -1.725  -1.770  -1.810  -1.844  -1.869  -1.885  -1.891  -1.883  -1.861  -1.823  -1.770  -1.701  -1.615  -1.512  -1.394  -1.259  -1.114  -0.960  -0.797  -0.634  -0.469  -0.305  -0.144   0.016   0.174   0.330   0.484
   4.075  -0.962  -0.962  -0.963  -0.965  -0.967  -0.973  -0.980  -0.989  -1.004  -1.026  -1.052  -1.084  -1.121  -1.158  -1.199  -1.241  -1.283  -1.326  -1.366  -1.404  -1.438  -1.468  -1.493  -1.510  -1.520  -1.523  -1.517  -1.498  -1.470  -1.433  -1.383  -1.319  -1.242  -1.151  -1.044  -0.926  -0.796  -0.655  -0.508  -0.353  -0.194  -0.034   0.128   0.288   0.447   0.605
   4.100  -0.954  -0.952  -0.951  -0.949  -0.948  -0.947  -0.947  -0.947  -0.947  -0.950  -0.954  -0.961  -0.971  -0.984  -1.001  -1.019  -1.039  -1.060  -1.080  -1.099  -1.116  -1.131  -1.141  -1.143  -1.142  -1.139  -1.128  -1.108  -1.084  -1.057  -1.021  -0.975  -0.919  -0.852  -0.773  -0.683  -0.581  -0.468  -0.343  -0.205  -0.059   0.094   0.254   0.412   0.570   0.729
   4.125  -0.950  -0.945  -0.941  -0.937  -0.932  -0.928  -0.925  -0.922  -0.918  -0.914  -0.908  -0.901  -0.893  -0.885  -0.875  -0.866  -0.857  -0.848  -0.838  -0.829  -0.819  -0.811  -0.802  -0.789  -0.775  -0.761  -0.740  -0.715  -0.694  -0.677  -0.654  -0.617  -0.572  -0.519  -0.458  -0.387  -0.306  -0.214  -0.110   0.006   0.132   0.268   0.412   0.559   0.708   0.862
   4.150  -0.948  -0.943  -0.938  -0.932  -0.927  -0.921  -0.916  -0.910  -0.903  -0.896  -0.885  -0.872  -0.855  -0.832  -0.803  -0.770  -0.732  -0.690  -0.649  -0.607  -0.568  -0.532  -0.498  -0.465  -0.434  -0.403  -0.370  -0.339  -0.317  -0.306  -0.289  -0.257  -0.217  -0.172  -0.123  -0.066  -0.001   0.073   0.158   0.252   0.357   0.473   0.598   0.729   0.866   1.010
   4.175  -0.951  -0.946  -0.940  -0.933  -0.927  -0.919  -0.911  -0.902  -0.891  -0.880  -0.865  -0.848  -0.828  -0.801  -0.767  -0.723  -0.667  -0.602  -0.535  -0.461  -0.390  -0.323  -0.255  -0.194  -0.137  -0.086  -0.039   0.000   0.027   0.038   0.054   0.084   0.123   0.163   0.205   0.254   0.309   0.371   0.442   0.521   0.610   0.710   0.819   0.934   1.057   1.187
   4.200  -0.953  -0.948  -0.942  -0.935  -0.928  -0.919  -0.909  -0.899  -0.887  -0.874  -0.858  -0.840  -0.817  -0.787  -0.750  -0.701  -0.638  -0.563  -0.477  -0.379  -0.277  -0.175  -0.073   0.021   0.108   0.183   0.242   0.289   0.323   0.344   0.367   0.402   0.442   0.482   0.523   0.567   0.616   0.670   0.732   0.800   0.877   0.963   1.057   1.157   1.265   1.379
   4.225  -0.952  -0.948  -0.943  -0.937  -0.930  -0.922  -0.913  -0.902  -0.890  -0.876  -0.859  -0.839  -0.813  -0.779  -0.738  -0.686  -0.621  -0.543  -0.449  -0.339  -0.219  -0.090   0.041   0.167   0.295   0.399   0.456   0.497   0.545   0.592   0.639   0.685   0.730   0.774   0.816   0.860   0.907   0.957   1.013   1.074   1.141   1.216   1.298   1.386   1.481   1.582
   4.250  -0.951  -0.948  -0.943  -0.938  -0.932  -0.925  -0.917  -0.907  -0.894  -0.880  -0.861  -0.839  -0.812  -0.777  -0.734  -0.681  -0.615  -0.536  -0.439  -0.326  -0.199  -0.057   0.094   0.244   0.402   0.531   0.602   0.648   0.712   0.792   0.867   0.928   0.983   1.035   1.082   1.130   1.178   1.227   1.280   1.337   1.398   1.465   1.537   1.615   1.698   1.788
   4.275  -0.949  -0.946  -0.942  -0.937  -0.931  -0.924  -0.917  -0.908  -0.897  -0.884  -0.867  -0.845  -0.818  -0.783  -0.740  -0.686  -0.618  -0.538  -0.441  -0.327  -0.198  -0.049   0.113   0.273   0.437   0.581   0.684   0.755   0.839   0.943   1.041   1.122   1.192   1.256   1.314   1.368   1.421   1.472   1.526   1.581   1.638   1.700   1.765   1.834   1.909   1.988
   4.300  -0.945  -0.942  -0.938  -0.934  -0.929  -0.923  -0.917  -0.909  -0.899  -0.887  -0.871  -0.851  -0.826  -0.792  -0.750  -0.695  -0.626  -0.543  -0.444  -0.329  -0.198  -0.046   0.120   0.283   0.449   0.598   0.712   0.809   0.923   1.050   1.169   1.270   1.359   1.440   1.510   1.575   1.635   1.692   1.748   1.804   1.860   1.918   1.979   2.042   2.110   2.180
   4.325  -0.924  -0.928  -0.928  -0.926  -0.923  -0.919  -0.914  -0.907  -0.897  -0.886  -0.871  -0.852  -0.830  -0.799  -0.760  -0.707  -0.639  -0.557  -0.458  -0.342  -0.209  -0.055   0.112   0.273   0.433   0.582   0.707   0.829   0.969   1.115   1.252   1.371   1.482   1.581   1.667   1.745   1.816   1.880   1.941   1.999   2.057   2.114   2.172   2.232   2.294   2.358
   4.350  -0.877  -0.893  -0.904  -0.907  -0.909  -0.909  -0.906  -0.900  -0.892  -0.882  -0.869  -0.853  -0.832  -0.802  -0.766  -0.717  -0.653  -0.574  -0.477  -0.361  -0.229  -0.074   0.094   0.252   0.403   0.550   0.693   0.836   0.986   1.145   1.297   1.437   1.568   1.685   1.789   1.882   1.965   2.039   2.108   2.171   2.231   2.290   2.347   2.405   2.464   2.524
   4.375  -0.795  -0.815  -0.834  -0.848  -0.862  -0.873  -0.881  -0.883  -0.879  -0.872  -0.862  -0.849  -0.828  -0.800  -0.766  -0.721  -0.662  -0.588  -0.496  -0.384  -0.252  -0.097   0.071   0.225   0.367   0.512   0.668   0.829   0.988   1.157   1.321   1.478   1.623   1.754   1.876   1.986   2.083   2.168   2.247   2.317   2.382   2.443   2.502   2.560   2.619   2.677
   4.400  -0.715  -0.733  -0.752  -0.772  -0.794  -0.814  -0.831  -0.844  -0.846  -0.845  -0.844  -0.836  -0.819  -0.794  -0.764  -0.722  -0.666  -0.596  -0.507  -0.400  -0.275  -0.123   0.042   0.192   0.328   0.473   0.640   0.816   0.989   1.161   1.329   1.493   1.651   1.798   1.936   2.062   2.173   2.272   2.361   2.440   2.512   2.578   2.640   2.701   2.760   2.819
   4.425  -0.678  -0.687  -0.697  -0.708  -0.723  -0.739  -0.753  -0.767  -0.776  -0.785  -0.792  -0.792  -0.785  -0.772  -0.749  -0.710  -0.657  -0.591  -0.505  -0.405  -0.291  -0.154  -0.003   0.143   0.289   0.443   0.616   0.798   0.978   1.154   1.327   1.496   1.665   1.827   1.976   2.114   2.239   2.352   2.454   2.543   2.623   2.697   2.764   2.829   2.891   2.951
   4.450  -0.660  -0.660  -0.660  -0.660  -0.664  -0.669  -0.677  -0.686  -0.697  -0.710  -0.718  -0.721  -0.722  -0.720  -0.703  -0.673  -0.631  -0.574  -0.499  -0.407  -0.298  -0.172  -0.032   0.112   0.262   0.421   0.595   0.777   0.958   1.140   1.320   1.497   1.670   1.836   1.997   2.148   2.286   2.412   2.526   2.627   2.718   2.801   2.875   2.946   3.012   3.074
   4.475  -0.647  -0.645  -0.641  -0.638  -0.635  -0.632  -0.633  -0.635  -0.638  -0.643  -0.644  -0.641  -0.639  -0.635  -0.621  -0.597  -0.564  -0.518  -0.455  -0.374  -0.275  -0.160  -0.027   0.113   0.255   0.408   0.578   0.758   0.939   1.123   1.307   1.489   1.667   1.836   2.008   2.170   2.319   2.457   2.583   2.696   2.799   2.891   2.975   3.053   3.125   3.190
   4.500  -0.643  -0.639  -0.635  -0.631  -0.625  -0.619  -0.611  -0.602  -0.591  -0.577  -0.562  -0.548  -0.533  -0.517  -0.501  -0.480  -0.452  -0.416  -0.365  -0.300  -0.220  -0.123  -0.012   0.113   0.252   0.403   0.566   0.740   0.918   1.102   1.287   1.472   1.657   1.836   2.012   2.179   2.337   2.485   2.622   2.748   2.864   2.968   3.062   3.149   3.228   3.299

