low temperature opacities from Ferguson, Alexander, et al (2005) with gs98 metals
    form     version        X           Z          logRs    logR_min    logR_max       logTs    logT_min    logT_max
       1          38    0.900000    0.004000          46   -8.000000    1.000000         105    2.700000    4.500000

   logT                       logR = logRho - 3*logT + 18
          -8.000  -7.800  -7.600  -7.400  -7.200  -7.000  -6.800  -6.600  -6.400  -6.200  -6.000  -5.800  -5.600  -5.400  -5.200  -5.000  -4.800  -4.600  -4.400  -4.200  -4.000  -3.800  -3.600  -3.400  -3.200  -3.000  -2.800  -2.600  -2.400  -2.200  -2.000  -1.800  -1.600  -1.400  -1.200  -1.000  -0.800  -0.600  -0.400  -0.200   0.000   0.200   0.400   0.600   0.800   1.000

   2.700  -0.785  -0.783  -0.781  -0.781  -0.781  -0.781  -0.783  -0.787  -0.788  -0.788  -0.788  -0.788  -0.788  -0.788  -0.788  -0.788  -0.788  -0.789  -0.789  -0.788  -0.788  -0.789  -0.791  -0.791  -0.790  -0.789  -0.790  -0.792  -0.792  -0.788  -0.780  -0.759  -0.734  -0.731  -0.733  -0.735  -0.734  -0.729  -0.722  -0.711  -0.701  -0.695  -0.691  -0.686  -0.680  -0.674
   2.750  -0.778  -0.778  -0.779  -0.779  -0.779  -0.780  -0.782  -0.783  -0.784  -0.785  -0.785  -0.784  -0.781  -0.781  -0.782  -0.783  -0.783  -0.783  -0.783  -0.783  -0.783  -0.785  -0.788  -0.789  -0.788  -0.787  -0.788  -0.790  -0.789  -0.784  -0.776  -0.763  -0.749  -0.743  -0.741  -0.739  -0.736  -0.731  -0.723  -0.713  -0.703  -0.697  -0.693  -0.687  -0.681  -0.674
   2.800  -0.764  -0.765  -0.765  -0.765  -0.765  -0.765  -0.765  -0.766  -0.766  -0.767  -0.768  -0.768  -0.769  -0.770  -0.772  -0.773  -0.773  -0.773  -0.773  -0.774  -0.775  -0.775  -0.776  -0.776  -0.777  -0.777  -0.777  -0.777  -0.777  -0.777  -0.777  -0.774  -0.768  -0.761  -0.752  -0.744  -0.738  -0.733  -0.726  -0.717  -0.709  -0.702  -0.697  -0.691  -0.684  -0.676
   2.850  -0.751  -0.751  -0.750  -0.750  -0.749  -0.749  -0.749  -0.749  -0.749  -0.749  -0.749  -0.749  -0.750  -0.750  -0.751  -0.751  -0.751  -0.752  -0.752  -0.753  -0.753  -0.753  -0.753  -0.753  -0.753  -0.754  -0.755  -0.757  -0.757  -0.757  -0.757  -0.757  -0.755  -0.752  -0.748  -0.743  -0.739  -0.734  -0.728  -0.721  -0.714  -0.708  -0.702  -0.695  -0.687  -0.678
   2.900  -0.770  -0.758  -0.750  -0.743  -0.740  -0.738  -0.737  -0.736  -0.736  -0.735  -0.735  -0.734  -0.732  -0.730  -0.729  -0.728  -0.727  -0.726  -0.726  -0.725  -0.725  -0.725  -0.725  -0.725  -0.726  -0.726  -0.726  -0.726  -0.726  -0.726  -0.727  -0.730  -0.735  -0.736  -0.736  -0.736  -0.734  -0.731  -0.727  -0.722  -0.717  -0.712  -0.706  -0.699  -0.690  -0.681
   2.910  -0.844  -0.809  -0.782  -0.762  -0.751  -0.743  -0.737  -0.734  -0.732  -0.731  -0.730  -0.729  -0.729  -0.729  -0.729  -0.729  -0.727  -0.724  -0.722  -0.722  -0.721  -0.720  -0.719  -0.719  -0.719  -0.719  -0.719  -0.720  -0.720  -0.720  -0.720  -0.720  -0.721  -0.722  -0.724  -0.725  -0.725  -0.724  -0.723  -0.720  -0.717  -0.713  -0.707  -0.701  -0.693  -0.684
   2.920  -0.999  -0.932  -0.876  -0.831  -0.797  -0.771  -0.754  -0.743  -0.735  -0.731  -0.728  -0.726  -0.724  -0.724  -0.723  -0.723  -0.723  -0.723  -0.723  -0.720  -0.717  -0.716  -0.715  -0.715  -0.714  -0.713  -0.713  -0.713  -0.713  -0.713  -0.713  -0.713  -0.713  -0.714  -0.715  -0.715  -0.716  -0.716  -0.716  -0.715  -0.713  -0.710  -0.706  -0.701  -0.694  -0.685
   2.930  -1.561  -1.285  -1.077  -0.957  -0.899  -0.858  -0.816  -0.782  -0.758  -0.744  -0.734  -0.727  -0.724  -0.721  -0.719  -0.718  -0.717  -0.716  -0.716  -0.716  -0.716  -0.715  -0.712  -0.710  -0.709  -0.708  -0.707  -0.706  -0.706  -0.706  -0.706  -0.706  -0.706  -0.706  -0.707  -0.707  -0.707  -0.708  -0.708  -0.708  -0.707  -0.706  -0.703  -0.699  -0.692  -0.685
   2.940  -1.675  -1.659  -1.612  -1.505  -1.251  -1.029  -0.933  -0.884  -0.836  -0.796  -0.766  -0.746  -0.733  -0.724  -0.718  -0.715  -0.713  -0.712  -0.710  -0.709  -0.709  -0.709  -0.709  -0.709  -0.707  -0.705  -0.703  -0.702  -0.700  -0.699  -0.699  -0.699  -0.699  -0.699  -0.699  -0.699  -0.700  -0.700  -0.700  -0.700  -0.700  -0.699  -0.697  -0.694  -0.689  -0.683
   2.950  -2.482  -2.098  -1.820  -1.699  -1.663  -1.600  -1.391  -1.121  -0.970  -0.903  -0.857  -0.811  -0.776  -0.750  -0.733  -0.722  -0.714  -0.710  -0.706  -0.704  -0.703  -0.702  -0.702  -0.702  -0.702  -0.702  -0.701  -0.698  -0.696  -0.695  -0.694  -0.693  -0.693  -0.692  -0.692  -0.692  -0.692  -0.692  -0.692  -0.692  -0.692  -0.692  -0.691  -0.689  -0.685  -0.679
   2.960  -2.351  -2.420  -2.455  -2.404  -2.097  -1.818  -1.734  -1.686  -1.530  -1.246  -1.019  -0.926  -0.877  -0.829  -0.787  -0.755  -0.734  -0.720  -0.710  -0.705  -0.701  -0.698  -0.697  -0.695  -0.694  -0.694  -0.694  -0.694  -0.694  -0.692  -0.690  -0.689  -0.689  -0.688  -0.687  -0.686  -0.685  -0.685  -0.685  -0.685  -0.684  -0.684  -0.683  -0.682  -0.679  -0.675
   2.970  -2.226  -2.249  -2.281  -2.327  -2.394  -2.430  -2.283  -2.013  -1.850  -1.781  -1.669  -1.417  -1.132  -0.969  -0.895  -0.845  -0.797  -0.761  -0.735  -0.718  -0.707  -0.699  -0.694  -0.691  -0.689  -0.688  -0.687  -0.686  -0.686  -0.686  -0.686  -0.685  -0.684  -0.683  -0.681  -0.680  -0.679  -0.678  -0.678  -0.677  -0.677  -0.676  -0.676  -0.674  -0.672  -0.669
   2.980  -2.223  -2.213  -2.209  -2.213  -2.244  -2.281  -2.320  -2.355  -2.335  -2.180  -2.009  -1.904  -1.794  -1.586  -1.267  -1.017  -0.911  -0.856  -0.805  -0.766  -0.737  -0.716  -0.702  -0.693  -0.687  -0.684  -0.681  -0.679  -0.679  -0.678  -0.678  -0.678  -0.678  -0.677  -0.675  -0.674  -0.673  -0.672  -0.671  -0.670  -0.670  -0.669  -0.668  -0.667  -0.665  -0.663
   2.990  -2.212  -2.212  -2.211  -2.210  -2.209  -2.208  -2.212  -2.222  -2.240  -2.270  -2.287  -2.266  -2.203  -2.100  -1.958  -1.761  -1.447  -1.112  -0.942  -0.868  -0.818  -0.771  -0.739  -0.714  -0.698  -0.688  -0.681  -0.677  -0.673  -0.671  -0.670  -0.669  -0.669  -0.669  -0.668  -0.667  -0.666  -0.665  -0.664  -0.663  -0.662  -0.662  -0.661  -0.660  -0.658  -0.656
   3.000  -2.155  -2.170  -2.182  -2.189  -2.192  -2.194  -2.197  -2.199  -2.203  -2.207  -2.214  -2.232  -2.258  -2.285  -2.317  -2.333  -2.215  -1.953  -1.653  -1.267  -0.987  -0.881  -0.826  -0.776  -0.738  -0.711  -0.692  -0.681  -0.673  -0.668  -0.665  -0.663  -0.662  -0.661  -0.661  -0.660  -0.659  -0.658  -0.657  -0.656  -0.655  -0.655  -0.654  -0.652  -0.651  -0.649
   3.010  -2.078  -2.097  -2.115  -2.133  -2.151  -2.165  -2.172  -2.176  -2.185  -2.201  -2.209  -2.205  -2.200  -2.199  -2.201  -2.204  -2.245  -2.305  -2.225  -1.716  -1.257  -1.089  -1.002  -0.914  -0.838  -0.779  -0.737  -0.709  -0.688  -0.674  -0.666  -0.661  -0.658  -0.656  -0.655  -0.654  -0.653  -0.652  -0.651  -0.649  -0.648  -0.647  -0.646  -0.645  -0.644  -0.642
   3.020  -2.067  -2.063  -2.061  -2.063  -2.077  -2.094  -2.113  -2.134  -2.148  -2.158  -2.163  -2.165  -2.166  -2.172  -2.195  -2.209  -2.209  -2.208  -2.219  -2.275  -2.312  -2.253  -2.082  -1.773  -1.277  -0.933  -0.834  -0.783  -0.738  -0.706  -0.684  -0.670  -0.663  -0.657  -0.654  -0.651  -0.649  -0.647  -0.645  -0.643  -0.642  -0.641  -0.639  -0.638  -0.636  -0.635
   3.030  -2.059  -2.058  -2.057  -2.055  -2.052  -2.051  -2.053  -2.061  -2.074  -2.096  -2.116  -2.131  -2.141  -2.147  -2.149  -2.152  -2.174  -2.204  -2.209  -2.204  -2.200  -2.229  -2.273  -2.190  -1.675  -1.207  -1.031  -0.939  -0.853  -0.786  -0.737  -0.705  -0.687  -0.672  -0.664  -0.658  -0.652  -0.647  -0.643  -0.640  -0.638  -0.635  -0.633  -0.631  -0.630  -0.628
   3.040  -2.051  -2.050  -2.049  -2.047  -2.046  -2.045  -2.043  -2.041  -2.042  -2.046  -2.054  -2.066  -2.082  -2.097  -2.112  -2.125  -2.131  -2.134  -2.142  -2.154  -2.165  -2.172  -2.179  -2.190  -2.208  -2.217  -1.892  -1.325  -1.046  -0.934  -0.860  -0.795  -0.752  -0.718  -0.698  -0.683  -0.669  -0.659  -0.650  -0.644  -0.639  -0.634  -0.630  -0.627  -0.624  -0.621
   3.050  -2.060  -2.051  -2.045  -2.040  -2.038  -2.036  -2.035  -2.034  -2.032  -2.031  -2.030  -2.027  -2.024  -2.026  -2.042  -2.062  -2.080  -2.097  -2.109  -2.114  -2.119  -2.128  -2.137  -2.147  -2.157  -2.167  -2.177  -2.186  -2.095  -1.586  -1.139  -0.984  -0.904  -0.832  -0.780  -0.741  -0.712  -0.693  -0.676  -0.662  -0.650  -0.640  -0.632  -0.626  -0.621  -0.617
   3.060  -2.173  -2.125  -2.087  -2.060  -2.046  -2.037  -2.030  -2.027  -2.024  -2.022  -2.021  -2.020  -2.019  -2.017  -2.014  -2.013  -2.019  -2.032  -2.047  -2.066  -2.082  -2.091  -2.098  -2.104  -2.109  -2.118  -2.137  -2.157  -2.160  -2.157  -2.152  -1.927  -1.511  -1.221  -1.009  -0.870  -0.805  -0.771  -0.736  -0.704  -0.678  -0.659  -0.645  -0.633  -0.623  -0.616
   3.070  -2.887  -2.620  -2.408  -2.254  -2.161  -2.102  -2.064  -2.045  -2.030  -2.021  -2.016  -2.012  -2.010  -2.008  -2.006  -2.005  -2.003  -2.001  -2.002  -2.007  -2.017  -2.033  -2.052  -2.066  -2.077  -2.085  -2.089  -2.093  -2.102  -2.118  -2.127  -2.053  -1.879  -1.651  -1.338  -1.089  -0.977  -0.918  -0.853  -0.788  -0.735  -0.699  -0.673  -0.652  -0.635  -0.623
   3.080  -4.030  -4.031  -4.031  -3.920  -3.289  -2.677  -2.379  -2.207  -2.118  -2.075  -2.047  -2.025  -2.014  -2.005  -2.000  -1.997  -1.994  -1.993  -1.991  -1.988  -1.987  -1.988  -1.992  -2.000  -2.019  -2.038  -2.051  -2.062  -2.073  -2.084  -2.094  -2.102  -2.108  -2.051  -1.720  -1.396  -1.243  -1.144  -1.035  -0.924  -0.831  -0.768  -0.725  -0.688  -0.661  -0.643
   3.090  -3.969  -3.968  -3.968  -3.968  -3.968  -3.968  -3.663  -3.093  -2.717  -2.473  -2.291  -2.167  -2.095  -2.048  -2.023  -2.007  -1.995  -1.990  -1.985  -1.982  -1.980  -1.977  -1.974  -1.975  -1.982  -1.992  -2.002  -2.012  -2.024  -2.036  -2.047  -2.059  -2.069  -2.043  -1.878  -1.694  -1.555  -1.419  -1.272  -1.112  -0.973  -0.877  -0.807  -0.750  -0.707  -0.681
   3.100  -3.916  -3.913  -3.910  -3.908  -3.907  -3.907  -3.907  -3.907  -3.907  -3.907  -3.907  -3.440  -2.648  -2.310  -2.184  -2.107  -2.052  -2.023  -2.000  -1.986  -1.977  -1.971  -1.968  -1.964  -1.961  -1.959  -1.961  -1.966  -1.973  -1.985  -1.997  -2.011  -2.024  -2.020  -1.978  -1.904  -1.803  -1.674  -1.519  -1.329  -1.157  -1.028  -0.924  -0.842  -0.782  -0.745
   3.110  -3.870  -3.865  -3.860  -3.856  -3.853  -3.851  -3.849  -3.848  -3.848  -3.847  -3.847  -3.847  -3.847  -3.760  -3.256  -2.748  -2.452  -2.241  -2.120  -2.059  -2.021  -1.992  -1.977  -1.965  -1.958  -1.953  -1.948  -1.945  -1.945  -1.945  -1.945  -1.956  -1.974  -1.977  -1.978  -1.978  -1.943  -1.853  -1.723  -1.541  -1.363  -1.211  -1.075  -0.969  -0.891  -0.840
   3.120  -3.834  -3.827  -3.820  -3.814  -3.807  -3.802  -3.798  -3.795  -3.793  -3.791  -3.790  -3.789  -3.789  -3.789  -3.788  -3.788  -3.788  -3.788  -3.648  -2.888  -2.289  -2.144  -2.070  -2.016  -1.986  -1.967  -1.952  -1.944  -1.937  -1.932  -1.930  -1.931  -1.936  -1.945  -1.962  -1.972  -1.961  -1.927  -1.859  -1.719  -1.560  -1.404  -1.248  -1.127  -1.035  -0.970
   3.130  -3.829  -3.798  -3.775  -3.764  -3.759  -3.755  -3.751  -3.748  -3.745  -3.742  -3.740  -3.738  -3.736  -3.734  -3.734  -3.733  -3.732  -3.732  -3.732  -3.732  -3.732  -3.314  -2.598  -2.275  -2.152  -2.073  -2.012  -1.979  -1.953  -1.939  -1.930  -1.923  -1.920  -1.922  -1.934  -1.942  -1.941  -1.939  -1.924  -1.839  -1.723  -1.583  -1.429  -1.306  -1.207  -1.129
   3.140  -3.922  -3.835  -3.770  -3.734  -3.715  -3.706  -3.701  -3.698  -3.696  -3.693  -3.691  -3.689  -3.687  -3.685  -3.684  -3.682  -3.680  -3.679  -3.678  -3.677  -3.677  -3.677  -3.676  -3.676  -3.677  -3.678  -3.154  -2.310  -2.062  -2.001  -1.969  -1.949  -1.939  -1.938  -1.940  -1.943  -1.946  -1.949  -1.946  -1.913  -1.848  -1.737  -1.603  -1.490  -1.394  -1.308
   3.150  -4.186  -4.005  -3.864  -3.764  -3.708  -3.678  -3.660  -3.651  -3.646  -3.642  -3.641  -3.641  -3.640  -3.639  -3.637  -3.634  -3.632  -3.631  -3.629  -3.627  -3.626  -3.625  -3.624  -3.624  -3.623  -3.623  -3.623  -3.622  -3.485  -2.753  -2.210  -2.113  -2.063  -2.044  -2.037  -2.029  -2.016  -2.001  -1.988  -1.977  -1.957  -1.885  -1.769  -1.671  -1.581  -1.494
   3.160  -4.553  -4.299  -4.087  -3.918  -3.791  -3.703  -3.650  -3.623  -3.607  -3.598  -3.593  -3.590  -3.588  -3.588  -3.587  -3.587  -3.587  -3.587  -3.586  -3.583  -3.580  -3.578  -3.577  -3.575  -3.574  -3.573  -3.572  -3.571  -3.571  -3.570  -3.569  -3.285  -2.771  -2.471  -2.335  -2.245  -2.170  -2.126  -2.108  -2.102  -2.092  -2.034  -1.935  -1.847  -1.763  -1.678
   3.170  -4.913  -4.667  -4.436  -4.217  -4.008  -3.836  -3.719  -3.643  -3.595  -3.569  -3.555  -3.547  -3.543  -3.540  -3.538  -3.537  -3.536  -3.536  -3.536  -3.536  -3.536  -3.535  -3.532  -3.530  -3.528  -3.527  -3.526  -3.525  -3.523  -3.523  -3.521  -3.410  -3.187  -2.985  -2.778  -2.597  -2.458  -2.357  -2.315  -2.302  -2.281  -2.213  -2.117  -2.029  -1.946  -1.862
   3.180  -5.198  -5.005  -4.799  -4.575  -4.327  -4.100  -3.912  -3.755  -3.644  -3.580  -3.542  -3.519  -3.506  -3.498  -3.493  -3.491  -3.490  -3.489  -3.489  -3.488  -3.488  -3.488  -3.488  -3.488  -3.486  -3.484  -3.482  -3.481  -3.479  -3.478  -3.476  -3.475  -3.474  -3.433  -3.204  -2.963  -2.795  -2.657  -2.584  -2.559  -2.521  -2.433  -2.326  -2.230  -2.140  -2.054
   3.190  -5.388  -5.258  -5.100  -4.908  -4.679  -4.446  -4.213  -3.988  -3.811  -3.677  -3.579  -3.519  -3.489  -3.469  -3.458  -3.452  -3.447  -3.445  -3.443  -3.442  -3.442  -3.442  -3.442  -3.442  -3.442  -3.441  -3.440  -3.440  -3.438  -3.437  -3.435  -3.434  -3.432  -3.418  -3.341  -3.235  -3.099  -2.952  -2.861  -2.825  -2.776  -2.675  -2.556  -2.450  -2.352  -2.259
   3.200  -5.492  -5.417  -5.309  -5.167  -4.989  -4.786  -4.554  -4.308  -4.086  -3.878  -3.708  -3.593  -3.517  -3.466  -3.439  -3.423  -3.412  -3.407  -3.403  -3.401  -3.400  -3.399  -3.398  -3.398  -3.397  -3.397  -3.397  -3.397  -3.397  -3.397  -3.396  -3.395  -3.393  -3.387  -3.372  -3.342  -3.265  -3.160  -3.089  -3.051  -2.996  -2.898  -2.780  -2.673  -2.572  -2.474
   3.210  -5.537  -5.501  -5.435  -5.340  -5.216  -5.061  -4.866  -4.643  -4.415  -4.172  -3.951  -3.771  -3.622  -3.516  -3.451  -3.413  -3.390  -3.378  -3.369  -3.364  -3.361  -3.359  -3.357  -3.357  -3.356  -3.356  -3.356  -3.355  -3.355  -3.355  -3.354  -3.353  -3.352  -3.351  -3.350  -3.348  -3.318  -3.263  -3.222  -3.193  -3.147  -3.066  -2.967  -2.872  -2.778  -2.683
   3.220  -5.546  -5.532  -5.495  -5.438  -5.362  -5.256  -5.112  -4.936  -4.733  -4.496  -4.260  -4.032  -3.818  -3.654  -3.535  -3.448  -3.393  -3.365  -3.345  -3.334  -3.327  -3.322  -3.320  -3.318  -3.317  -3.316  -3.315  -3.315  -3.315  -3.314  -3.314  -3.314  -3.313  -3.312  -3.311  -3.310  -3.301  -3.286  -3.269  -3.253  -3.222  -3.167  -3.096  -3.024  -2.946  -2.864
   3.230  -5.537  -5.531  -5.514  -5.485  -5.443  -5.375  -5.279  -5.154  -4.993  -4.794  -4.578  -4.342  -4.100  -3.890  -3.703  -3.553  -3.450  -3.384  -3.340  -3.316  -3.302  -3.292  -3.287  -3.283  -3.281  -3.279  -3.278  -3.277  -3.277  -3.276  -3.276  -3.275  -3.275  -3.274  -3.273  -3.272  -3.270  -3.267  -3.260  -3.253  -3.238  -3.208  -3.165  -3.117  -3.061  -2.998
   3.240  -5.523  -5.520  -5.511  -5.498  -5.477  -5.438  -5.380  -5.299  -5.184  -5.035  -4.857  -4.643  -4.408  -4.178  -3.944  -3.740  -3.583  -3.462  -3.375  -3.325  -3.293  -3.271  -3.260  -3.252  -3.248  -3.245  -3.243  -3.242  -3.240  -3.240  -3.239  -3.238  -3.238  -3.237  -3.237  -3.236  -3.235  -3.233  -3.230  -3.227  -3.221  -3.207  -3.185  -3.156  -3.121  -3.079
   3.250  -5.504  -5.503  -5.499  -5.493  -5.483  -5.463  -5.432  -5.383  -5.306  -5.204  -5.071  -4.898  -4.696  -4.478  -4.235  -4.004  -3.798  -3.615  -3.476  -3.379  -3.311  -3.268  -3.246  -3.230  -3.221  -3.215  -3.211  -3.208  -3.206  -3.205  -3.204  -3.203  -3.202  -3.201  -3.201  -3.200  -3.199  -3.197  -3.195  -3.194  -3.190  -3.184  -3.174  -3.158  -3.138  -3.112
   3.260  -5.482  -5.482  -5.481  -5.479  -5.474  -5.464  -5.449  -5.423  -5.377  -5.313  -5.221  -5.094  -4.936  -4.747  -4.522  -4.292  -4.060  -3.834  -3.647  -3.496  -3.378  -3.301  -3.254  -3.221  -3.203  -3.191  -3.182  -3.178  -3.174  -3.172  -3.170  -3.169  -3.168  -3.167  -3.166  -3.165  -3.164  -3.162  -3.161  -3.159  -3.156  -3.152  -3.147  -3.138  -3.127  -3.112
   3.270  -5.454  -5.458  -5.460  -5.460  -5.457  -5.453  -5.446  -5.433  -5.409  -5.373  -5.313  -5.227  -5.113  -4.964  -4.778  -4.571  -4.341  -4.100  -3.882  -3.681  -3.512  -3.389  -3.300  -3.235  -3.199  -3.176  -3.160  -3.152  -3.146  -3.142  -3.139  -3.137  -3.135  -3.134  -3.133  -3.132  -3.130  -3.128  -3.126  -3.124  -3.122  -3.119  -3.115  -3.109  -3.101  -3.091
   3.280  -5.417  -5.426  -5.433  -5.435  -5.436  -5.436  -5.434  -5.426  -5.415  -5.396  -5.361  -5.308  -5.233  -5.124  -4.982  -4.811  -4.604  -4.374  -4.147  -3.915  -3.706  -3.534  -3.392  -3.289  -3.225  -3.181  -3.151  -3.136  -3.123  -3.116  -3.111  -3.107  -3.104  -3.102  -3.101  -3.099  -3.097  -3.095  -3.093  -3.090  -3.088  -3.084  -3.080  -3.075  -3.069  -3.062
   3.290  -5.363  -5.380  -5.394  -5.403  -5.410  -5.412  -5.412  -5.410  -5.407  -5.397  -5.377  -5.348  -5.302  -5.229  -5.130  -5.000  -4.829  -4.629  -4.413  -4.173  -3.944  -3.736  -3.548  -3.401  -3.293  -3.213  -3.160  -3.129  -3.107  -3.094  -3.086  -3.079  -3.075  -3.072  -3.069  -3.067  -3.064  -3.062  -3.059  -3.057  -3.054  -3.050  -3.046  -3.041  -3.035  -3.028
   3.300  -5.294  -5.320  -5.341  -5.358  -5.371  -5.380  -5.385  -5.388  -5.387  -5.383  -5.375  -5.361  -5.335  -5.289  -5.225  -5.133  -5.004  -4.845  -4.656  -4.431  -4.202  -3.974  -3.751  -3.564  -3.407  -3.282  -3.198  -3.145  -3.105  -3.082  -3.067  -3.056  -3.049  -3.044  -3.039  -3.036  -3.032  -3.029  -3.026  -3.023  -3.020  -3.016  -3.012  -3.007  -3.000  -2.993
   3.310  -5.214  -5.245  -5.272  -5.297  -5.318  -5.335  -5.349  -5.358  -5.360  -5.361  -5.361  -5.356  -5.341  -5.315  -5.278  -5.216  -5.127  -5.009  -4.856  -4.664  -4.453  -4.223  -3.984  -3.770  -3.574  -3.408  -3.284  -3.192  -3.124  -3.084  -3.057  -3.037  -3.026  -3.016  -3.010  -3.005  -3.001  -2.997  -2.993  -2.990  -2.986  -2.982  -2.978  -2.972  -2.966  -2.958
   3.320  -5.130  -5.163  -5.194  -5.223  -5.251  -5.275  -5.295  -5.312  -5.325  -5.334  -5.337  -5.335  -5.330  -5.320  -5.300  -5.260  -5.202  -5.122  -5.006  -4.856  -4.677  -4.464  -4.230  -4.005  -3.780  -3.579  -3.413  -3.276  -3.174  -3.108  -3.061  -3.028  -3.009  -2.994  -2.984  -2.976  -2.969  -2.964  -2.959  -2.954  -2.950  -2.946  -2.941  -2.935  -2.928  -2.921
   3.330  -5.046  -5.079  -5.111  -5.143  -5.175  -5.204  -5.231  -5.255  -5.274  -5.291  -5.301  -5.306  -5.309  -5.308  -5.297  -5.276  -5.243  -5.190  -5.107  -4.997  -4.856  -4.675  -4.465  -4.245  -4.007  -3.782  -3.582  -3.405  -3.266  -3.165  -3.089  -3.036  -3.004  -2.978  -2.961  -2.949  -2.939  -2.931  -2.925  -2.919  -2.913  -2.908  -2.902  -2.896  -2.888  -2.880
   3.340  -4.968  -4.998  -5.029  -5.061  -5.093  -5.125  -5.156  -5.185  -5.210  -5.233  -5.252  -5.268  -5.278  -5.280  -5.277  -5.272  -5.257  -5.223  -5.168  -5.093  -4.987  -4.843  -4.669  -4.469  -4.237  -4.006  -3.785  -3.575  -3.401  -3.258  -3.145  -3.065  -3.011  -2.970  -2.944  -2.926  -2.911  -2.900  -2.890  -2.882  -2.874  -2.867  -2.861  -2.853  -2.845  -2.836
   3.350  -4.897  -4.924  -4.951  -4.981  -5.012  -5.044  -5.076  -5.108  -5.138  -5.166  -5.191  -5.213  -5.230  -5.242  -5.250  -5.252  -5.246  -5.229  -5.199  -5.151  -5.074  -4.967  -4.831  -4.660  -4.452  -4.231  -4.001  -3.770  -3.567  -3.384  -3.233  -3.122  -3.042  -2.979  -2.939  -2.909  -2.886  -2.869  -2.855  -2.843  -2.833  -2.824  -2.815  -2.806  -2.797  -2.787
   3.360  -4.835  -4.857  -4.881  -4.907  -4.936  -4.966  -4.997  -5.028  -5.060  -5.091  -5.120  -5.147  -5.171  -5.191  -5.209  -5.217  -5.216  -5.213  -5.206  -5.176  -5.123  -5.048  -4.947  -4.809  -4.635  -4.437  -4.213  -3.975  -3.755  -3.545  -3.362  -3.216  -3.099  -3.009  -2.947  -2.901  -2.866  -2.842  -2.821  -2.805  -2.791  -2.779  -2.768  -2.756  -2.745  -2.734
   3.370  -4.782  -4.800  -4.819  -4.841  -4.866  -4.892  -4.921  -4.951  -4.981  -5.012  -5.043  -5.073  -5.102  -5.127  -5.150  -5.168  -5.180  -5.186  -5.185  -5.171  -5.143  -5.096  -5.022  -4.916  -4.778  -4.610  -4.405  -4.177  -3.953  -3.724  -3.514  -3.334  -3.180  -3.059  -2.972  -2.905  -2.855  -2.820  -2.791  -2.768  -2.749  -2.732  -2.717  -2.703  -2.689  -2.677
   3.380  -4.740  -4.752  -4.767  -4.784  -4.804  -4.826  -4.851  -4.877  -4.905  -4.935  -4.966  -4.997  -5.027  -5.056  -5.083  -5.107  -5.129  -5.145  -5.147  -5.143  -5.137  -5.114  -5.062  -4.984  -4.879  -4.742  -4.566  -4.360  -4.143  -3.906  -3.680  -3.475  -3.289  -3.138  -3.021  -2.928  -2.858  -2.807  -2.765  -2.733  -2.707  -2.684  -2.665  -2.647  -2.630  -2.615
   3.390  -4.709  -4.715  -4.724  -4.736  -4.751  -4.769  -4.789  -4.811  -4.836  -4.863  -4.891  -4.920  -4.950  -4.980  -5.010  -5.037  -5.062  -5.084  -5.098  -5.107  -5.110  -5.100  -5.070  -5.019  -4.942  -4.834  -4.689  -4.513  -4.313  -4.081  -3.850  -3.629  -3.419  -3.240  -3.090  -2.966  -2.872  -2.802  -2.745  -2.703  -2.668  -2.638  -2.613  -2.590  -2.568  -2.550
   3.400  -4.688  -4.689  -4.693  -4.700  -4.709  -4.721  -4.735  -4.752  -4.772  -4.795  -4.820  -4.847  -4.876  -4.905  -4.934  -4.963  -4.991  -5.016  -5.037  -5.056  -5.064  -5.060  -5.049  -5.026  -4.973  -4.889  -4.775  -4.630  -4.452  -4.238  -4.014  -3.785  -3.556  -3.355  -3.174  -3.021  -2.903  -2.811  -2.735  -2.679  -2.633  -2.594  -2.562  -2.533  -2.506  -2.484
   3.410  -4.673  -4.672  -4.672  -4.673  -4.676  -4.683  -4.692  -4.704  -4.719  -4.737  -4.757  -4.780  -4.804  -4.830  -4.859  -4.887  -4.915  -4.943  -4.968  -4.992  -5.005  -5.007  -5.008  -5.004  -4.971  -4.909  -4.822  -4.706  -4.555  -4.367  -4.159  -3.932  -3.695  -3.478  -3.276  -3.098  -2.953  -2.834  -2.736  -2.663  -2.603  -2.553  -2.513  -2.476  -2.444  -2.417
   3.420  -4.664  -4.659  -4.656  -4.656  -4.656  -4.656  -4.659  -4.666  -4.675  -4.687  -4.702  -4.720  -4.740  -4.762  -4.787  -4.813  -4.840  -4.867  -4.892  -4.916  -4.935  -4.948  -4.955  -4.954  -4.935  -4.897  -4.836  -4.746  -4.621  -4.461  -4.276  -4.061  -3.829  -3.605  -3.385  -3.184  -3.014  -2.868  -2.748  -2.655  -2.579  -2.517  -2.469  -2.424  -2.385  -2.352
   3.430  -4.658  -4.653  -4.648  -4.644  -4.640  -4.638  -4.638  -4.639  -4.641  -4.648  -4.657  -4.669  -4.684  -4.701  -4.721  -4.743  -4.767  -4.792  -4.816  -4.840  -4.861  -4.877  -4.888  -4.889  -4.878  -4.857  -4.817  -4.748  -4.648  -4.518  -4.359  -4.164  -3.946  -3.725  -3.494  -3.278  -3.086  -2.915  -2.773  -2.660  -2.566  -2.490  -2.429  -2.374  -2.327  -2.288
   3.440  -4.652  -4.647  -4.642  -4.636  -4.631  -4.626  -4.622  -4.619  -4.619  -4.620  -4.623  -4.628  -4.637  -4.649  -4.664  -4.681  -4.700  -4.722  -4.743  -4.765  -4.784  -4.801  -4.814  -4.815  -4.809  -4.796  -4.768  -4.715  -4.637  -4.534  -4.401  -4.232  -4.036  -3.827  -3.598  -3.375  -3.168  -2.976  -2.812  -2.676  -2.561  -2.468  -2.394  -2.328  -2.273  -2.228
   3.450  -4.645  -4.640  -4.636  -4.630  -4.625  -4.619  -4.613  -4.607  -4.603  -4.599  -4.598  -4.599  -4.602  -4.608  -4.617  -4.628  -4.642  -4.657  -4.673  -4.692  -4.708  -4.723  -4.734  -4.735  -4.731  -4.721  -4.699  -4.656  -4.593  -4.511  -4.402  -4.260  -4.091  -3.900  -3.683  -3.464  -3.250  -3.042  -2.860  -2.701  -2.564  -2.454  -2.365  -2.288  -2.223  -2.172
   3.460  -4.632  -4.631  -4.629  -4.625  -4.619  -4.613  -4.607  -4.600  -4.594  -4.587  -4.582  -4.578  -4.576  -4.576  -4.580  -4.585  -4.592  -4.602  -4.613  -4.625  -4.637  -4.647  -4.654  -4.654  -4.649  -4.637  -4.615  -4.578  -4.524  -4.456  -4.364  -4.246  -4.103  -3.935  -3.739  -3.534  -3.321  -3.107  -2.913  -2.736  -2.581  -2.453  -2.347  -2.255  -2.178  -2.118
   3.470  -4.611  -4.614  -4.615  -4.615  -4.612  -4.607  -4.601  -4.594  -4.587  -4.580  -4.573  -4.566  -4.560  -4.556  -4.553  -4.552  -4.554  -4.557  -4.561  -4.567  -4.572  -4.575  -4.577  -4.576  -4.567  -4.550  -4.525  -4.488  -4.438  -4.376  -4.295  -4.194  -4.074  -3.929  -3.758  -3.573  -3.372  -3.163  -2.966  -2.776  -2.605  -2.460  -2.335  -2.228  -2.139  -2.068
   3.480  -4.572  -4.585  -4.593  -4.596  -4.597  -4.597  -4.594  -4.588  -4.582  -4.575  -4.567  -4.559  -4.550  -4.542  -4.535  -4.529  -4.525  -4.522  -4.520  -4.519  -4.517  -4.514  -4.509  -4.500  -4.485  -4.462  -4.432  -4.393  -4.342  -4.281  -4.205  -4.115  -4.008  -3.882  -3.736  -3.573  -3.391  -3.197  -3.005  -2.811  -2.630  -2.470  -2.328  -2.206  -2.104  -2.023
   3.490  -4.510  -4.533  -4.552  -4.565  -4.575  -4.578  -4.578  -4.577  -4.575  -4.569  -4.562  -4.554  -4.544  -4.534  -4.524  -4.514  -4.505  -4.497  -4.489  -4.481  -4.472  -4.462  -4.449  -4.431  -4.409  -4.379  -4.342  -4.297  -4.242  -4.178  -4.103  -4.016  -3.918  -3.804  -3.677  -3.534  -3.373  -3.199  -3.019  -2.830  -2.648  -2.481  -2.327  -2.193  -2.078  -1.982
   3.500  -4.420  -4.456  -4.487  -4.512  -4.531  -4.545  -4.555  -4.559  -4.560  -4.558  -4.554  -4.548  -4.539  -4.529  -4.518  -4.506  -4.494  -4.481  -4.467  -4.454  -4.438  -4.420  -4.399  -4.373  -4.342  -4.304  -4.258  -4.205  -4.143  -4.073  -3.995  -3.908  -3.812  -3.706  -3.589  -3.461  -3.319  -3.166  -3.002  -2.826  -2.652  -2.484  -2.322  -2.179  -2.053  -1.942
   3.525  -4.102  -4.160  -4.214  -4.264  -4.308  -4.349  -4.385  -4.415  -4.439  -4.461  -4.478  -4.490  -4.493  -4.493  -4.490  -4.482  -4.471  -4.459  -4.446  -4.430  -4.408  -4.378  -4.337  -4.287  -4.233  -4.170  -4.098  -4.018  -3.932  -3.840  -3.743  -3.641  -3.536  -3.428  -3.318  -3.203  -3.083  -2.957  -2.823  -2.685  -2.538  -2.388  -2.236  -2.093  -1.959  -1.832
   3.550  -3.709  -3.782  -3.852  -3.920  -3.985  -4.048  -4.108  -4.164  -4.217  -4.265  -4.308  -4.346  -4.378  -4.404  -4.425  -4.433  -4.432  -4.430  -4.425  -4.407  -4.378  -4.341  -4.294  -4.235  -4.164  -4.082  -3.989  -3.886  -3.776  -3.659  -3.539  -3.417  -3.293  -3.170  -3.048  -2.927  -2.807  -2.686  -2.565  -2.444  -2.320  -2.194  -2.066  -1.938  -1.810  -1.681
   3.575  -3.282  -3.364  -3.445  -3.524  -3.602  -3.677  -3.750  -3.820  -3.888  -3.952  -4.012  -4.069  -4.126  -4.177  -4.222  -4.255  -4.279  -4.299  -4.314  -4.315  -4.300  -4.274  -4.237  -4.187  -4.119  -4.036  -3.938  -3.828  -3.708  -3.569  -3.427  -3.282  -3.135  -2.992  -2.851  -2.713  -2.579  -2.449  -2.320  -2.195  -2.070  -1.945  -1.821  -1.697  -1.574  -1.451
   3.600  -2.838  -2.926  -3.013  -3.099  -3.183  -3.266  -3.347  -3.426  -3.503  -3.578  -3.651  -3.721  -3.789  -3.853  -3.913  -3.969  -4.020  -4.065  -4.102  -4.133  -4.147  -4.143  -4.132  -4.109  -4.055  -3.978  -3.881  -3.765  -3.635  -3.487  -3.333  -3.175  -3.012  -2.852  -2.694  -2.538  -2.387  -2.239  -2.096  -1.956  -1.820  -1.688  -1.560  -1.435  -1.314  -1.196
   3.625  -2.409  -2.500  -2.591  -2.680  -2.769  -2.857  -2.943  -3.028  -3.111  -3.193  -3.274  -3.352  -3.429  -3.502  -3.573  -3.639  -3.701  -3.756  -3.804  -3.845  -3.869  -3.875  -3.880  -3.874  -3.835  -3.772  -3.690  -3.588  -3.471  -3.344  -3.207  -3.063  -2.910  -2.754  -2.594  -2.432  -2.270  -2.108  -1.950  -1.794  -1.642  -1.495  -1.353  -1.216  -1.085  -0.958
   3.650  -1.995  -2.087  -2.179  -2.271  -2.361  -2.451  -2.540  -2.628  -2.715  -2.801  -2.886  -2.970  -3.051  -3.130  -3.206  -3.277  -3.344  -3.405  -3.458  -3.504  -3.531  -3.541  -3.546  -3.542  -3.511  -3.462  -3.401  -3.325  -3.236  -3.135  -3.023  -2.900  -2.767  -2.625  -2.473  -2.315  -2.152  -1.985  -1.819  -1.653  -1.489  -1.329  -1.174  -1.024  -0.879  -0.740
   3.675  -1.604  -1.697  -1.790  -1.882  -1.974  -2.065  -2.156  -2.247  -2.336  -2.425  -2.512  -2.598  -2.682  -2.764  -2.843  -2.918  -2.988  -3.053  -3.108  -3.156  -3.183  -3.190  -3.194  -3.191  -3.158  -3.108  -3.049  -2.978  -2.898  -2.808  -2.710  -2.604  -2.490  -2.368  -2.240  -2.105  -1.963  -1.816  -1.665  -1.510  -1.353  -1.194  -1.035  -0.879  -0.725  -0.573
   3.700  -1.248  -1.338  -1.428  -1.518  -1.609  -1.700  -1.791  -1.882  -1.972  -2.060  -2.148  -2.234  -2.319  -2.402  -2.483  -2.559  -2.631  -2.696  -2.751  -2.800  -2.823  -2.825  -2.826  -2.820  -2.782  -2.729  -2.669  -2.598  -2.521  -2.437  -2.348  -2.255  -2.157  -2.056  -1.951  -1.840  -1.723  -1.601  -1.471  -1.334  -1.191  -1.041  -0.886  -0.730  -0.573  -0.414
   3.725  -0.934  -1.014  -1.096  -1.181  -1.268  -1.356  -1.445  -1.535  -1.624  -1.712  -1.800  -1.887  -1.973  -2.056  -2.137  -2.213  -2.284  -2.348  -2.403  -2.450  -2.472  -2.471  -2.470  -2.462  -2.423  -2.369  -2.309  -2.239  -2.164  -2.083  -1.998  -1.909  -1.817  -1.722  -1.625  -1.524  -1.418  -1.307  -1.191  -1.069  -0.941  -0.807  -0.667  -0.525  -0.380  -0.231
   3.750  -0.685  -0.749  -0.817  -0.890  -0.968  -1.048  -1.130  -1.215  -1.299  -1.385  -1.470  -1.555  -1.638  -1.719  -1.798  -1.872  -1.941  -2.003  -2.054  -2.098  -2.118  -2.117  -2.114  -2.103  -2.064  -2.011  -1.952  -1.883  -1.810  -1.730  -1.646  -1.559  -1.469  -1.377  -1.282  -1.185  -1.085  -0.982  -0.876  -0.766  -0.653  -0.535  -0.413  -0.287  -0.157  -0.023
   3.775  -0.529  -0.566  -0.611  -0.663  -0.723  -0.787  -0.854  -0.926  -1.000  -1.077  -1.155  -1.234  -1.312  -1.388  -1.462  -1.532  -1.596  -1.653  -1.701  -1.741  -1.759  -1.757  -1.753  -1.741  -1.703  -1.653  -1.596  -1.530  -1.459  -1.382  -1.301  -1.218  -1.131  -1.042  -0.951  -0.858  -0.763  -0.665  -0.564  -0.461  -0.354  -0.244  -0.130  -0.012   0.109   0.234
   3.800  -0.457  -0.470  -0.489  -0.515  -0.547  -0.587  -0.634  -0.688  -0.745  -0.808  -0.873  -0.940  -1.007  -1.073  -1.137  -1.198  -1.254  -1.304  -1.345  -1.378  -1.393  -1.391  -1.385  -1.372  -1.337  -1.290  -1.237  -1.175  -1.108  -1.035  -0.958  -0.878  -0.795  -0.710  -0.623  -0.534  -0.443  -0.349  -0.252  -0.153  -0.050   0.056   0.164   0.276   0.391   0.509
   3.825  -0.435  -0.437  -0.440  -0.447  -0.455  -0.469  -0.491  -0.519  -0.551  -0.592  -0.635  -0.679  -0.727  -0.774  -0.823  -0.869  -0.912  -0.950  -0.980  -1.004  -1.015  -1.013  -1.005  -0.989  -0.957  -0.916  -0.868  -0.812  -0.751  -0.684  -0.613  -0.539  -0.462  -0.382  -0.300  -0.216  -0.130  -0.041   0.051   0.146   0.243   0.344   0.448   0.555   0.666   0.779
   3.850  -0.428  -0.426  -0.424  -0.422  -0.421  -0.420  -0.421  -0.423  -0.428  -0.438  -0.452  -0.470  -0.492  -0.515  -0.541  -0.566  -0.590  -0.611  -0.626  -0.635  -0.639  -0.635  -0.622  -0.602  -0.573  -0.537  -0.494  -0.445  -0.390  -0.331  -0.267  -0.200  -0.129  -0.056   0.020   0.098   0.179   0.262   0.349   0.438   0.531   0.627   0.727   0.830   0.936   1.046
   3.875  -0.429  -0.426  -0.423  -0.418  -0.412  -0.405  -0.396  -0.385  -0.371  -0.355  -0.342  -0.331  -0.322  -0.315  -0.312  -0.305  -0.300  -0.295  -0.288  -0.280  -0.270  -0.256  -0.238  -0.214  -0.186  -0.153  -0.114  -0.071  -0.024   0.028   0.083   0.143   0.205   0.271   0.340   0.411   0.485   0.562   0.642   0.726   0.813   0.904   0.998   1.096   1.197   1.301
   3.900  -0.430  -0.427  -0.423  -0.417  -0.410  -0.400  -0.388  -0.373  -0.352  -0.327  -0.297  -0.262  -0.223  -0.183  -0.141  -0.100  -0.062  -0.025   0.009   0.040   0.070   0.099   0.128   0.158   0.190   0.223   0.259   0.298   0.339   0.384   0.432   0.484   0.538   0.596   0.657   0.721   0.788   0.858   0.931   1.008   1.089   1.174   1.262   1.354   1.450   1.549
   3.925  -0.432  -0.429  -0.425  -0.419  -0.412  -0.403  -0.390  -0.374  -0.353  -0.324  -0.287  -0.239  -0.182  -0.116  -0.040   0.031   0.104   0.176   0.240   0.301   0.360   0.412   0.459   0.503   0.543   0.581   0.618   0.656   0.695   0.735   0.778   0.823   0.870   0.920   0.973   1.029   1.089   1.151   1.218   1.287   1.361   1.439   1.521   1.607   1.696   1.790
   3.950  -0.433  -0.431  -0.427  -0.422  -0.416  -0.407  -0.395  -0.378  -0.354  -0.323  -0.283  -0.231  -0.169  -0.094  -0.007   0.088   0.191   0.298   0.400   0.499   0.590   0.670   0.741   0.803   0.857   0.905   0.949   0.990   1.030   1.069   1.109   1.150   1.191   1.235   1.282   1.331   1.383   1.439   1.498   1.560   1.627   1.698   1.773   1.852   1.936   2.025
   3.975  -0.432  -0.430  -0.427  -0.423  -0.418  -0.410  -0.399  -0.384  -0.360  -0.330  -0.290  -0.238  -0.174  -0.097  -0.007   0.098   0.220   0.352   0.486   0.622   0.747   0.856   0.955   1.038   1.112   1.179   1.237   1.287   1.334   1.376   1.417   1.457   1.496   1.536   1.578   1.622   1.669   1.718   1.771   1.827   1.887   1.951   2.020   2.093   2.170   2.252
   4.000  -0.429  -0.428  -0.426  -0.423  -0.419  -0.412  -0.402  -0.389  -0.367  -0.340  -0.301  -0.250  -0.186  -0.106  -0.009   0.102   0.230   0.370   0.514   0.667   0.815   0.956   1.088   1.205   1.307   1.397   1.474   1.539   1.597   1.648   1.694   1.737   1.777   1.817   1.857   1.898   1.941   1.985   2.033   2.084   2.138   2.197   2.259   2.326   2.397   2.473
   4.025  -0.424  -0.424  -0.423  -0.420  -0.417  -0.410  -0.402  -0.390  -0.372  -0.347  -0.310  -0.262  -0.200  -0.122  -0.024   0.087   0.215   0.356   0.506   0.663   0.820   0.985   1.148   1.300   1.437   1.554   1.651   1.733   1.809   1.874   1.931   1.981   2.027   2.070   2.111   2.152   2.194   2.236   2.281   2.328   2.378   2.432   2.490   2.552   2.618   2.688
   4.050  -0.419  -0.419  -0.417  -0.415  -0.412  -0.407  -0.400  -0.391  -0.374  -0.351  -0.318  -0.273  -0.215  -0.140  -0.048   0.060   0.187   0.330   0.484   0.651   0.822   0.995   1.168   1.332   1.488   1.632   1.759   1.872   1.970   2.053   2.126   2.189   2.243   2.294   2.339   2.383   2.426   2.468   2.512   2.557   2.605   2.656   2.710   2.769   2.830   2.896
   4.075  -0.415  -0.414  -0.413  -0.410  -0.408  -0.403  -0.397  -0.388  -0.372  -0.351  -0.322  -0.280  -0.227  -0.156  -0.069   0.035   0.157   0.296   0.448   0.617   0.793   0.969   1.148   1.320   1.485   1.648   1.808   1.956   2.082   2.184   2.274   2.354   2.422   2.483   2.537   2.587   2.634   2.678   2.724   2.770   2.817   2.866   2.918   2.974   3.032   3.094
   4.100  -0.411  -0.410  -0.408  -0.406  -0.403  -0.399  -0.393  -0.384  -0.369  -0.351  -0.323  -0.285  -0.236  -0.170  -0.088   0.010   0.127   0.260   0.408   0.571   0.743   0.922   1.107   1.291   1.476   1.654   1.824   1.985   2.131   2.262   2.379   2.479   2.565   2.641   2.706   2.765   2.819   2.868   2.918   2.966   3.014   3.064   3.114   3.168   3.225   3.284
   4.125  -0.407  -0.405  -0.403  -0.401  -0.398  -0.394  -0.388  -0.379  -0.366  -0.349  -0.323  -0.287  -0.241  -0.179  -0.103  -0.010   0.101   0.228   0.369   0.527   0.696   0.874   1.059   1.246   1.439   1.627   1.806   1.978   2.137   2.300   2.447   2.567   2.671   2.765   2.845   2.917   2.981   3.038   3.093   3.145   3.195   3.246   3.298   3.352   3.409   3.467
   4.150  -0.405  -0.402  -0.400  -0.397  -0.393  -0.389  -0.383  -0.375  -0.362  -0.346  -0.322  -0.288  -0.244  -0.186  -0.114  -0.027   0.078   0.198   0.334   0.486   0.650   0.825   1.009   1.196   1.387   1.578   1.769   1.959   2.139   2.312   2.472   2.616   2.746   2.860   2.957   3.044   3.121   3.188   3.251   3.308   3.363   3.417   3.470   3.526   3.584   3.644
   4.175  -0.406  -0.403  -0.399  -0.394  -0.390  -0.384  -0.377  -0.369  -0.357  -0.342  -0.319  -0.287  -0.246  -0.192  -0.124  -0.042   0.058   0.174   0.306   0.453   0.613   0.785   0.966   1.151   1.339   1.531   1.727   1.924   2.118   2.300   2.471   2.639   2.795   2.926   3.043   3.148   3.239   3.319   3.392   3.456   3.518   3.577   3.634   3.693   3.753   3.815
   4.200  -0.407  -0.403  -0.399  -0.393  -0.388  -0.381  -0.374  -0.365  -0.352  -0.337  -0.315  -0.285  -0.247  -0.196  -0.132  -0.053   0.043   0.154   0.282   0.426   0.582   0.751   0.930   1.111   1.295   1.484   1.682   1.884   2.082   2.278   2.467   2.647   2.816   2.969   3.107   3.230   3.337   3.431   3.516   3.591   3.660   3.726   3.788   3.852   3.916   3.979
   4.225  -0.408  -0.404  -0.400  -0.394  -0.388  -0.382  -0.374  -0.364  -0.351  -0.335  -0.313  -0.283  -0.246  -0.196  -0.136  -0.060   0.031   0.137   0.261   0.403   0.558   0.728   0.908   1.086   1.262   1.446   1.644   1.848   2.050   2.252   2.451   2.640   2.823   2.995   3.151   3.292   3.417   3.527   3.626   3.712   3.792   3.865   3.934   4.003   4.071   4.137
   4.250  -0.409  -0.405  -0.401  -0.395  -0.389  -0.382  -0.374  -0.363  -0.350  -0.334  -0.311  -0.282  -0.245  -0.197  -0.138  -0.066   0.021   0.123   0.244   0.384   0.538   0.708   0.888   1.064   1.235   1.415   1.612   1.817   2.021   2.227   2.430   2.630   2.825   3.008   3.181   3.339   3.481   3.608   3.722   3.821   3.912   3.995   4.072   4.146   4.219   4.288
   4.275  -0.409  -0.405  -0.401  -0.395  -0.389  -0.381  -0.373  -0.362  -0.349  -0.333  -0.310  -0.282  -0.246  -0.199  -0.142  -0.072   0.013   0.112   0.231   0.368   0.520   0.686   0.862   1.037   1.210   1.392   1.589   1.794   2.000   2.207   2.414   2.620   2.823   3.016   3.202   3.375   3.533   3.676   3.805   3.919   4.022   4.115   4.200   4.281   4.359   4.432
   4.300  -0.409  -0.405  -0.401  -0.395  -0.388  -0.380  -0.371  -0.360  -0.347  -0.331  -0.310  -0.282  -0.248  -0.202  -0.146  -0.077   0.006   0.103   0.220   0.355   0.504   0.665   0.837   1.011   1.189   1.375   1.573   1.780   1.986   2.195   2.404   2.613   2.821   3.022   3.219   3.404   3.576   3.734   3.878   4.005   4.121   4.225   4.319   4.408   4.490   4.566
   4.325  -0.408  -0.405  -0.400  -0.395  -0.388  -0.379  -0.369  -0.358  -0.344  -0.328  -0.307  -0.281  -0.247  -0.202  -0.148  -0.081   0.000   0.095   0.210   0.344   0.491   0.646   0.812   0.987   1.172   1.364   1.565   1.771   1.980   2.191   2.402   2.614   2.823   3.030   3.234   3.429   3.612   3.784   3.941   4.082   4.210   4.325   4.428   4.522   4.607   4.683
   4.350  -0.407  -0.404  -0.400  -0.394  -0.387  -0.378  -0.368  -0.355  -0.340  -0.323  -0.302  -0.276  -0.244  -0.201  -0.149  -0.083  -0.003   0.091   0.205   0.338   0.483   0.636   0.799   0.975   1.164   1.360   1.562   1.769   1.978   2.189   2.402   2.616   2.830   3.041   3.251   3.453   3.646   3.829   3.997   4.151   4.291   4.417   4.529   4.630   4.719   4.795
   4.375  -0.405  -0.402  -0.398  -0.393  -0.386  -0.377  -0.366  -0.353  -0.337  -0.318  -0.296  -0.269  -0.238  -0.196  -0.145  -0.081  -0.002   0.092   0.205   0.336   0.481   0.635   0.800   0.976   1.166   1.363   1.565   1.773   1.983   2.195   2.409   2.626   2.843   3.058   3.272   3.479   3.680   3.872   4.050   4.216   4.368   4.506   4.630   4.739   4.833   4.913
   4.400  -0.402  -0.400  -0.396  -0.391  -0.385  -0.376  -0.364  -0.350  -0.333  -0.313  -0.289  -0.261  -0.228  -0.186  -0.136  -0.074   0.003   0.094   0.205   0.336   0.480   0.635   0.802   0.981   1.173   1.371   1.575   1.784   1.995   2.209   2.425   2.643   2.862   3.080   3.296   3.508   3.714   3.914   4.101   4.277   4.439   4.587   4.720   4.838   4.940   5.026
   4.425  -0.400  -0.398  -0.394  -0.389  -0.382  -0.373  -0.362  -0.347  -0.329  -0.308  -0.282  -0.253  -0.218  -0.175  -0.125  -0.062   0.013   0.103   0.213   0.342   0.485   0.642   0.812   0.993   1.186   1.386   1.590   1.800   2.012   2.228   2.445   2.664   2.885   3.105   3.325   3.541   3.753   3.958   4.151   4.333   4.501   4.651   4.786   4.912   5.027   5.133
   4.450  -0.398  -0.395  -0.392  -0.386  -0.380  -0.371  -0.359  -0.345  -0.326  -0.303  -0.276  -0.244  -0.207  -0.162  -0.110  -0.047   0.029   0.119   0.228   0.356   0.499   0.658   0.831   1.013   1.206   1.406   1.611   1.822   2.035   2.251   2.470   2.690   2.912   3.134   3.357   3.577   3.792   4.002   4.199   4.387   4.559   4.709   4.844   4.976   5.102   5.222
   4.475  -0.397  -0.394  -0.390  -0.385  -0.378  -0.370  -0.358  -0.343  -0.324  -0.300  -0.270  -0.236  -0.196  -0.148  -0.094  -0.029   0.048   0.139   0.248   0.376   0.519   0.679   0.854   1.037   1.231   1.432   1.637   1.848   2.062   2.279   2.499   2.720   2.943   3.167   3.392   3.613   3.832   4.045   4.247   4.439   4.616   4.770   4.909   5.042   5.166   5.282
   4.500  -0.397  -0.394  -0.390  -0.384  -0.378  -0.369  -0.357  -0.343  -0.322  -0.296  -0.265  -0.228  -0.185  -0.134  -0.077  -0.009   0.071   0.163   0.274   0.402   0.546   0.707   0.882   1.066   1.262   1.463   1.669   1.879   2.093   2.311   2.531   2.753   2.978   3.202   3.428   3.651   3.871   4.087   4.293   4.490   4.671   4.832   4.977   5.106   5.219   5.317

