low temperature opacities from Ferguson, Alexander, et al (2005) with gn93 metals
    form     version        X           Z          logRs    logR_min    logR_max       logTs    logT_min    logT_max
       1          38    0.900000    0.001000          46   -8.000000    1.000000          75    3.000000    4.100000

   logT                       logR = logRho - 3*logT + 18
          -8.000  -7.800  -7.600  -7.400  -7.200  -7.000  -6.800  -6.600  -6.400  -6.200  -6.000  -5.800  -5.600  -5.400  -5.200  -5.000  -4.800  -4.600  -4.400  -4.200  -4.000  -3.800  -3.600  -3.400  -3.200  -3.000  -2.800  -2.600  -2.400  -2.200  -2.000  -1.800  -1.600  -1.400  -1.200  -1.000  -0.800  -0.600  -0.400  -0.200   0.000   0.200   0.400   0.600   0.800   1.000

   3.000  -2.793  -2.827  -2.859  -2.889  -2.918  -2.943  -2.963  -2.976  -2.977  -2.971  -2.961  -2.949  -2.935  -2.915  -2.886  -2.871  -2.898  -2.941  -2.903  -2.631  -2.322  -2.060  -1.815  -1.654  -1.576  -1.522  -1.469  -1.429  -1.397  -1.375  -1.361  -1.353  -1.348  -1.345  -1.343  -1.342  -1.340  -1.339  -1.338  -1.337  -1.336  -1.336  -1.335  -1.334  -1.333  -1.332
   3.010  -2.762  -2.757  -2.754  -2.757  -2.777  -2.805  -2.842  -2.882  -2.914  -2.939  -2.950  -2.950  -2.949  -2.946  -2.927  -2.906  -2.888  -2.872  -2.873  -2.888  -2.898  -2.778  -2.522  -2.254  -1.936  -1.692  -1.583  -1.527  -1.472  -1.427  -1.394  -1.373  -1.362  -1.353  -1.347  -1.343  -1.339  -1.336  -1.334  -1.332  -1.330  -1.329  -1.328  -1.326  -1.325  -1.324
   3.020  -2.754  -2.753  -2.751  -2.748  -2.741  -2.738  -2.742  -2.755  -2.779  -2.825  -2.867  -2.892  -2.910  -2.925  -2.936  -2.941  -2.922  -2.894  -2.889  -2.894  -2.897  -2.889  -2.863  -2.809  -2.666  -2.455  -2.137  -1.794  -1.612  -1.531  -1.478  -1.433  -1.404  -1.382  -1.369  -1.360  -1.350  -1.343  -1.337  -1.332  -1.328  -1.325  -1.323  -1.320  -1.318  -1.316
   3.030  -2.744  -2.742  -2.741  -2.739  -2.738  -2.736  -2.733  -2.730  -2.730  -2.734  -2.743  -2.761  -2.787  -2.816  -2.852  -2.882  -2.902  -2.913  -2.911  -2.890  -2.877  -2.879  -2.883  -2.881  -2.860  -2.817  -2.739  -2.595  -2.340  -1.940  -1.651  -1.552  -1.501  -1.457  -1.427  -1.405  -1.384  -1.368  -1.354  -1.344  -1.336  -1.329  -1.323  -1.318  -1.314  -1.310
   3.040  -2.750  -2.741  -2.735  -2.730  -2.728  -2.726  -2.724  -2.722  -2.720  -2.717  -2.715  -2.713  -2.712  -2.715  -2.734  -2.760  -2.793  -2.829  -2.857  -2.878  -2.887  -2.876  -2.860  -2.858  -2.864  -2.868  -2.841  -2.798  -2.797  -2.837  -2.862  -2.471  -1.833  -1.621  -1.563  -1.521  -1.472  -1.430  -1.398  -1.377  -1.361  -1.346  -1.335  -1.325  -1.316  -1.309
   3.050  -2.868  -2.817  -2.777  -2.748  -2.733  -2.723  -2.717  -2.713  -2.711  -2.709  -2.708  -2.706  -2.703  -2.698  -2.692  -2.688  -2.696  -2.714  -2.738  -2.770  -2.801  -2.830  -2.853  -2.857  -2.855  -2.854  -2.853  -2.852  -2.848  -2.828  -2.790  -2.585  -2.247  -2.016  -1.861  -1.736  -1.629  -1.545  -1.482  -1.445  -1.415  -1.388  -1.367  -1.347  -1.330  -1.315
   3.060  -4.299  -3.639  -3.162  -2.947  -2.850  -2.792  -2.752  -2.731  -2.714  -2.705  -2.699  -2.695  -2.693  -2.691  -2.688  -2.685  -2.682  -2.679  -2.679  -2.683  -2.692  -2.715  -2.749  -2.778  -2.808  -2.826  -2.832  -2.835  -2.835  -2.834  -2.831  -2.756  -2.598  -2.431  -2.239  -2.053  -1.883  -1.730  -1.623  -1.561  -1.513  -1.467  -1.429  -1.394  -1.363  -1.336
   3.070  -4.224  -4.225  -4.225  -4.157  -3.766  -3.364  -3.110  -2.919  -2.814  -2.764  -2.732  -2.708  -2.695  -2.685  -2.680  -2.676  -2.673  -2.670  -2.667  -2.664  -2.662  -2.665  -2.674  -2.687  -2.706  -2.728  -2.757  -2.788  -2.805  -2.814  -2.817  -2.814  -2.803  -2.761  -2.583  -2.373  -2.170  -1.967  -1.823  -1.734  -1.662  -1.593  -1.533  -1.476  -1.424  -1.376
   3.080  -4.152  -4.152  -4.153  -4.153  -4.154  -4.154  -4.154  -4.155  -4.051  -3.477  -3.001  -2.859  -2.786  -2.734  -2.704  -2.686  -2.672  -2.665  -2.659  -2.655  -2.652  -2.648  -2.645  -2.645  -2.647  -2.651  -2.662  -2.682  -2.710  -2.749  -2.773  -2.777  -2.780  -2.773  -2.715  -2.608  -2.429  -2.218  -2.062  -1.952  -1.856  -1.765  -1.681  -1.599  -1.520  -1.445
   3.090  -4.085  -4.084  -4.084  -4.084  -4.085  -4.085  -4.085  -4.085  -4.085  -4.086  -4.086  -3.870  -3.462  -3.173  -2.956  -2.811  -2.742  -2.706  -2.677  -2.661  -2.651  -2.643  -2.638  -2.634  -2.630  -2.628  -2.627  -2.627  -2.629  -2.644  -2.664  -2.691  -2.717  -2.721  -2.713  -2.698  -2.600  -2.429  -2.294  -2.180  -2.072  -1.967  -1.865  -1.761  -1.654  -1.546
   3.100  -4.023  -4.022  -4.020  -4.020  -4.019  -4.019  -4.019  -4.019  -4.019  -4.019  -4.019  -4.019  -4.020  -4.020  -4.020  -4.020  -3.676  -3.094  -2.850  -2.759  -2.706  -2.670  -2.651  -2.636  -2.627  -2.621  -2.616  -2.612  -2.608  -2.603  -2.600  -2.613  -2.639  -2.660  -2.680  -2.689  -2.647  -2.558  -2.469  -2.375  -2.274  -2.172  -2.064  -1.946  -1.818  -1.680
   3.110  -3.964  -3.963  -3.962  -3.960  -3.959  -3.958  -3.957  -3.956  -3.956  -3.955  -3.955  -3.955  -3.956  -3.956  -3.956  -3.956  -3.956  -3.956  -3.877  -3.433  -3.023  -2.859  -2.774  -2.705  -2.665  -2.639  -2.620  -2.610  -2.602  -2.595  -2.592  -2.593  -2.596  -2.604  -2.626  -2.640  -2.632  -2.607  -2.566  -2.505  -2.430  -2.346  -2.248  -2.131  -1.995  -1.840
   3.120  -3.917  -3.908  -3.901  -3.899  -3.899  -3.898  -3.898  -3.897  -3.897  -3.896  -3.896  -3.896  -3.895  -3.895  -3.895  -3.895  -3.895  -3.895  -3.895  -3.895  -3.895  -3.895  -3.895  -3.789  -3.216  -2.784  -2.702  -2.660  -2.626  -2.606  -2.594  -2.585  -2.580  -2.581  -2.593  -2.604  -2.608  -2.610  -2.606  -2.576  -2.529  -2.471  -2.396  -2.294  -2.165  -2.011
   3.130  -3.913  -3.882  -3.859  -3.848  -3.842  -3.840  -3.839  -3.839  -3.839  -3.840  -3.840  -3.840  -3.839  -3.839  -3.838  -3.837  -3.836  -3.836  -3.836  -3.836  -3.836  -3.836  -3.836  -3.836  -3.836  -3.836  -3.522  -2.992  -2.777  -2.697  -2.654  -2.625  -2.611  -2.612  -2.624  -2.632  -2.631  -2.626  -2.620  -2.608  -2.586  -2.553  -2.502  -2.422  -2.314  -2.178
   3.140  -4.006  -3.919  -3.855  -3.819  -3.801  -3.792  -3.786  -3.784  -3.783  -3.782  -3.782  -3.783  -3.784  -3.784  -3.783  -3.783  -3.783  -3.782  -3.782  -3.781  -3.781  -3.781  -3.780  -3.780  -3.779  -3.779  -3.779  -3.779  -3.726  -3.422  -3.121  -2.951  -2.839  -2.793  -2.776  -2.759  -2.728  -2.695  -2.671  -2.656  -2.637  -2.613  -2.580  -2.520  -2.436  -2.329
   3.150  -4.270  -4.089  -3.948  -3.849  -3.794  -3.765  -3.747  -3.738  -3.733  -3.730  -3.729  -3.729  -3.729  -3.729  -3.730  -3.730  -3.730  -3.731  -3.731  -3.730  -3.729  -3.729  -3.728  -3.728  -3.727  -3.726  -3.726  -3.726  -3.726  -3.726  -3.725  -3.563  -3.274  -3.117  -3.055  -3.002  -2.922  -2.843  -2.785  -2.748  -2.715  -2.685  -2.654  -2.605  -2.541  -2.463
   3.160  -4.640  -4.385  -4.173  -4.004  -3.878  -3.791  -3.739  -3.713  -3.697  -3.688  -3.683  -3.680  -3.678  -3.678  -3.678  -3.678  -3.678  -3.679  -3.679  -3.680  -3.680  -3.679  -3.678  -3.678  -3.677  -3.677  -3.677  -3.676  -3.676  -3.676  -3.675  -3.630  -3.537  -3.450  -3.361  -3.266  -3.158  -3.048  -2.961  -2.895  -2.839  -2.791  -2.748  -2.699  -2.645  -2.587
   3.170  -5.013  -4.759  -4.523  -4.303  -4.095  -3.925  -3.809  -3.733  -3.687  -3.661  -3.648  -3.640  -3.635  -3.633  -3.632  -3.631  -3.630  -3.630  -3.630  -3.631  -3.631  -3.631  -3.631  -3.631  -3.630  -3.630  -3.630  -3.629  -3.629  -3.628  -3.628  -3.628  -3.628  -3.618  -3.555  -3.469  -3.368  -3.254  -3.157  -3.073  -2.997  -2.930  -2.871  -2.815  -2.761  -2.712
   3.180  -5.324  -5.113  -4.895  -4.663  -4.414  -4.188  -4.001  -3.847  -3.738  -3.675  -3.637  -3.613  -3.601  -3.594  -3.589  -3.587  -3.586  -3.585  -3.585  -3.585  -3.585  -3.585  -3.585  -3.585  -3.585  -3.585  -3.585  -3.585  -3.585  -3.584  -3.584  -3.584  -3.583  -3.581  -3.569  -3.546  -3.490  -3.406  -3.325  -3.242  -3.161  -3.085  -3.013  -2.949  -2.893  -2.844
   3.190  -5.552  -5.395  -5.215  -5.009  -4.772  -4.535  -4.301  -4.079  -3.904  -3.772  -3.676  -3.617  -3.586  -3.567  -3.557  -3.551  -3.547  -3.545  -3.544  -3.543  -3.543  -3.543  -3.542  -3.542  -3.542  -3.542  -3.542  -3.542  -3.542  -3.542  -3.542  -3.542  -3.542  -3.542  -3.542  -3.542  -3.523  -3.479  -3.427  -3.364  -3.295  -3.224  -3.151  -3.087  -3.030  -2.980
   3.200  -5.700  -5.593  -5.458  -5.293  -5.096  -4.881  -4.644  -4.397  -4.176  -3.972  -3.805  -3.692  -3.618  -3.568  -3.540  -3.525  -3.515  -3.510  -3.507  -3.505  -3.504  -3.503  -3.503  -3.503  -3.502  -3.502  -3.502  -3.502  -3.502  -3.502  -3.502  -3.502  -3.502  -3.502  -3.502  -3.502  -3.498  -3.486  -3.465  -3.427  -3.380  -3.324  -3.263  -3.207  -3.155  -3.106
   3.210  -5.788  -5.721  -5.626  -5.503  -5.352  -5.175  -4.966  -4.737  -4.505  -4.264  -4.047  -3.869  -3.723  -3.619  -3.556  -3.519  -3.496  -3.484  -3.476  -3.472  -3.469  -3.467  -3.466  -3.466  -3.465  -3.465  -3.465  -3.465  -3.465  -3.465  -3.465  -3.465  -3.465  -3.465  -3.465  -3.465  -3.464  -3.462  -3.457  -3.440  -3.414  -3.378  -3.335  -3.292  -3.250  -3.207
   3.220  -5.835  -5.795  -5.731  -5.645  -5.537  -5.402  -5.235  -5.042  -4.829  -4.589  -4.354  -4.129  -3.920  -3.758  -3.642  -3.557  -3.503  -3.475  -3.456  -3.445  -3.439  -3.435  -3.433  -3.431  -3.431  -3.430  -3.429  -3.429  -3.429  -3.429  -3.429  -3.429  -3.429  -3.429  -3.430  -3.430  -3.429  -3.429  -3.428  -3.423  -3.412  -3.393  -3.367  -3.339  -3.308  -3.275
   3.230  -5.856  -5.833  -5.792  -5.734  -5.661  -5.564  -5.438  -5.286  -5.106  -4.896  -4.673  -4.437  -4.198  -3.992  -3.810  -3.663  -3.563  -3.498  -3.455  -3.432  -3.419  -3.410  -3.405  -3.401  -3.399  -3.398  -3.397  -3.396  -3.396  -3.396  -3.396  -3.396  -3.396  -3.396  -3.396  -3.396  -3.396  -3.396  -3.395  -3.393  -3.389  -3.381  -3.368  -3.351  -3.332  -3.309
   3.240  -5.858  -5.846  -5.821  -5.785  -5.739  -5.672  -5.581  -5.467  -5.325  -5.154  -4.961  -4.741  -4.505  -4.277  -4.048  -3.849  -3.696  -3.578  -3.493  -3.444  -3.414  -3.394  -3.383  -3.376  -3.372  -3.369  -3.367  -3.365  -3.365  -3.364  -3.364  -3.364  -3.364  -3.364  -3.364  -3.364  -3.364  -3.363  -3.363  -3.362  -3.360  -3.356  -3.350  -3.341  -3.329  -3.314
   3.250  -5.844  -5.840  -5.827  -5.806  -5.779  -5.736  -5.675  -5.595  -5.488  -5.355  -5.197  -5.009  -4.798  -4.576  -4.336  -4.110  -3.909  -3.731  -3.595  -3.501  -3.435  -3.393  -3.372  -3.357  -3.349  -3.344  -3.340  -3.338  -3.336  -3.335  -3.334  -3.334  -3.334  -3.334  -3.333  -3.333  -3.333  -3.333  -3.332  -3.331  -3.330  -3.327  -3.324  -3.319  -3.311  -3.302
   3.260  -5.812  -5.812  -5.811  -5.808  -5.793  -5.766  -5.729  -5.677  -5.601  -5.503  -5.380  -5.228  -5.050  -4.850  -4.624  -4.395  -4.167  -3.947  -3.766  -3.619  -3.505  -3.430  -3.386  -3.353  -3.336  -3.325  -3.317  -3.313  -3.310  -3.308  -3.307  -3.306  -3.305  -3.305  -3.304  -3.304  -3.304  -3.303  -3.302  -3.301  -3.300  -3.298  -3.296  -3.292  -3.286  -3.279
   3.270  -5.764  -5.776  -5.783  -5.783  -5.779  -5.770  -5.753  -5.720  -5.670  -5.603  -5.513  -5.395  -5.253  -5.084  -4.886  -4.674  -4.445  -4.210  -3.998  -3.802  -3.639  -3.520  -3.433  -3.371  -3.336  -3.315  -3.301  -3.293  -3.287  -3.283  -3.281  -3.279  -3.278  -3.278  -3.277  -3.276  -3.276  -3.275  -3.274  -3.273  -3.271  -3.269  -3.267  -3.263  -3.259  -3.253
   3.280  -5.700  -5.720  -5.734  -5.744  -5.750  -5.752  -5.747  -5.731  -5.704  -5.663  -5.601  -5.515  -5.406  -5.270  -5.107  -4.922  -4.710  -4.482  -4.258  -4.033  -3.831  -3.664  -3.527  -3.427  -3.366  -3.324  -3.296  -3.281  -3.269  -3.262  -3.258  -3.255  -3.253  -3.252  -3.251  -3.250  -3.249  -3.248  -3.246  -3.245  -3.243  -3.241  -3.239  -3.235  -3.230  -3.225
   3.290  -5.627  -5.651  -5.672  -5.690  -5.707  -5.714  -5.714  -5.713  -5.710  -5.689  -5.649  -5.592  -5.515  -5.412  -5.282  -5.127  -4.944  -4.739  -4.522  -4.288  -4.065  -3.864  -3.683  -3.542  -3.437  -3.360  -3.309  -3.280  -3.259  -3.247  -3.240  -3.234  -3.231  -3.228  -3.226  -3.225  -3.223  -3.221  -3.220  -3.218  -3.216  -3.213  -3.211  -3.207  -3.203  -3.197
   3.300  -5.551  -5.577  -5.601  -5.623  -5.643  -5.660  -5.674  -5.683  -5.683  -5.676  -5.662  -5.633  -5.582  -5.508  -5.411  -5.288  -5.138  -4.963  -4.766  -4.543  -4.319  -4.098  -3.885  -3.704  -3.552  -3.432  -3.351  -3.300  -3.262  -3.241  -3.227  -3.217  -3.211  -3.207  -3.203  -3.200  -3.198  -3.196  -3.193  -3.191  -3.189  -3.186  -3.183  -3.179  -3.175  -3.170
   3.310  -5.475  -5.501  -5.526  -5.550  -5.574  -5.596  -5.616  -5.633  -5.641  -5.646  -5.647  -5.638  -5.611  -5.565  -5.498  -5.407  -5.289  -5.145  -4.976  -4.778  -4.568  -4.343  -4.113  -3.907  -3.719  -3.560  -3.441  -3.352  -3.287  -3.249  -3.223  -3.205  -3.194  -3.186  -3.181  -3.177  -3.173  -3.170  -3.168  -3.165  -3.162  -3.159  -3.156  -3.152  -3.147  -3.142
   3.320  -5.404  -5.428  -5.452  -5.476  -5.501  -5.525  -5.548  -5.570  -5.588  -5.604  -5.611  -5.609  -5.602  -5.588  -5.548  -5.483  -5.396  -5.284  -5.145  -4.980  -4.793  -4.581  -4.354  -4.137  -3.922  -3.730  -3.570  -3.439  -3.341  -3.277  -3.233  -3.203  -3.186  -3.172  -3.164  -3.157  -3.151  -3.146  -3.142  -3.138  -3.135  -3.132  -3.128  -3.124  -3.119  -3.113
   3.330  -5.339  -5.361  -5.383  -5.406  -5.429  -5.453  -5.477  -5.501  -5.523  -5.543  -5.559  -5.570  -5.575  -5.574  -5.556  -5.521  -5.464  -5.382  -5.274  -5.140  -4.981  -4.794  -4.586  -4.372  -4.145  -3.932  -3.741  -3.571  -3.438  -3.341  -3.268  -3.219  -3.189  -3.165  -3.150  -3.140  -3.131  -3.125  -3.119  -3.114  -3.109  -3.104  -3.100  -3.094  -3.089  -3.083
   3.340  -5.281  -5.299  -5.319  -5.339  -5.361  -5.384  -5.408  -5.431  -5.455  -5.478  -5.498  -5.517  -5.532  -5.534  -5.530  -5.524  -5.499  -5.443  -5.363  -5.259  -5.129  -4.972  -4.792  -4.594  -4.372  -4.152  -3.942  -3.743  -3.576  -3.439  -3.330  -3.254  -3.205  -3.167  -3.144  -3.128  -3.114  -3.105  -3.096  -3.089  -3.082  -3.076  -3.070  -3.064  -3.057  -3.050
   3.350  -5.230  -5.245  -5.261  -5.279  -5.298  -5.319  -5.341  -5.364  -5.386  -5.410  -5.432  -5.453  -5.472  -5.486  -5.496  -5.499  -5.490  -5.463  -5.415  -5.341  -5.240  -5.114  -4.962  -4.786  -4.583  -4.372  -4.155  -3.938  -3.745  -3.570  -3.425  -3.319  -3.243  -3.185  -3.149  -3.123  -3.102  -3.089  -3.076  -3.065  -3.055  -3.046  -3.038  -3.030  -3.022  -3.014
   3.360  -5.185  -5.198  -5.212  -5.227  -5.243  -5.261  -5.280  -5.300  -5.321  -5.343  -5.365  -5.387  -5.409  -5.429  -5.447  -5.456  -5.454  -5.448  -5.434  -5.388  -5.314  -5.217  -5.094  -4.945  -4.769  -4.576  -4.364  -4.143  -3.936  -3.737  -3.563  -3.423  -3.310  -3.224  -3.167  -3.126  -3.095  -3.075  -3.057  -3.043  -3.030  -3.018  -3.007  -2.995  -2.985  -2.974
   3.370  -5.149  -5.157  -5.167  -5.179  -5.193  -5.208  -5.224  -5.242  -5.260  -5.280  -5.301  -5.323  -5.345  -5.365  -5.385  -5.401  -5.412  -5.418  -5.416  -5.395  -5.351  -5.283  -5.188  -5.068  -4.921  -4.752  -4.557  -4.345  -4.135  -3.921  -3.724  -3.552  -3.404  -3.288  -3.205  -3.143  -3.098  -3.068  -3.042  -3.022  -3.005  -2.988  -2.973  -2.959  -2.945  -2.932
   3.380  -5.120  -5.124  -5.130  -5.138  -5.149  -5.161  -5.174  -5.189  -5.205  -5.223  -5.242  -5.262  -5.282  -5.302  -5.323  -5.342  -5.360  -5.373  -5.374  -5.367  -5.354  -5.318  -5.249  -5.156  -5.037  -4.894  -4.722  -4.528  -4.325  -4.107  -3.898  -3.704  -3.526  -3.381  -3.268  -3.179  -3.114  -3.070  -3.032  -3.004  -2.981  -2.959  -2.940  -2.922  -2.904  -2.887
   3.390  -5.097  -5.098  -5.101  -5.106  -5.112  -5.120  -5.130  -5.142  -5.156  -5.171  -5.187  -5.204  -5.223  -5.242  -5.262  -5.281  -5.300  -5.317  -5.325  -5.329  -5.330  -5.315  -5.273  -5.207  -5.116  -5.000  -4.855  -4.685  -4.497  -4.285  -4.073  -3.867  -3.670  -3.500  -3.353  -3.233  -3.144  -3.079  -3.026  -2.989  -2.959  -2.931  -2.907  -2.883  -2.861  -2.840
   3.400  -5.080  -5.079  -5.079  -5.079  -5.082  -5.087  -5.093  -5.101  -5.111  -5.123  -5.137  -5.152  -5.168  -5.185  -5.203  -5.221  -5.239  -5.257  -5.271  -5.283  -5.288  -5.282  -5.262  -5.228  -5.164  -5.072  -4.954  -4.811  -4.642  -4.445  -4.239  -4.028  -3.818  -3.628  -3.453  -3.305  -3.191  -3.103  -3.032  -2.981  -2.940  -2.904  -2.874  -2.844  -2.817  -2.791
   3.410  -5.067  -5.064  -5.061  -5.061  -5.061  -5.061  -5.063  -5.068  -5.074  -5.083  -5.093  -5.105  -5.118  -5.132  -5.149  -5.165  -5.182  -5.198  -5.214  -5.229  -5.236  -5.234  -5.229  -5.216  -5.175  -5.108  -5.018  -4.902  -4.757  -4.580  -4.387  -4.178  -3.962  -3.760  -3.569  -3.399  -3.259  -3.142  -3.048  -2.979  -2.923  -2.877  -2.840  -2.804  -2.771  -2.741
   3.420  -5.056  -5.052  -5.049  -5.045  -5.042  -5.041  -5.041  -5.042  -5.043  -5.048  -5.055  -5.063  -5.073  -5.085  -5.098  -5.112  -5.127  -5.142  -5.156  -5.171  -5.180  -5.183  -5.184  -5.181  -5.157  -5.111  -5.046  -4.957  -4.837  -4.685  -4.511  -4.312  -4.096  -3.889  -3.684  -3.496  -3.332  -3.190  -3.074  -2.985  -2.912  -2.853  -2.807  -2.763  -2.724  -2.690
   3.430  -5.045  -5.041  -5.037  -5.033  -5.029  -5.026  -5.023  -5.021  -5.021  -5.022  -5.023  -5.027  -5.035  -5.043  -5.053  -5.064  -5.076  -5.089  -5.101  -5.113  -5.123  -5.129  -5.132  -5.130  -5.116  -5.087  -5.042  -4.974  -4.879  -4.756  -4.606  -4.422  -4.216  -4.009  -3.795  -3.593  -3.412  -3.248  -3.111  -3.001  -2.909  -2.835  -2.776  -2.723  -2.676  -2.637
   3.440  -5.031  -5.029  -5.026  -5.022  -5.018  -5.014  -5.010  -5.006  -5.003  -5.001  -5.000  -5.001  -5.003  -5.007  -5.013  -5.021  -5.030  -5.040  -5.050  -5.060  -5.068  -5.073  -5.076  -5.075  -5.064  -5.043  -5.010  -4.960  -4.886  -4.790  -4.665  -4.504  -4.316  -4.116  -3.899  -3.688  -3.493  -3.312  -3.156  -3.024  -2.912  -2.822  -2.749  -2.685  -2.630  -2.585
   3.450  -5.008  -5.009  -5.010  -5.010  -5.007  -5.003  -4.999  -4.994  -4.990  -4.986  -4.982  -4.980  -4.978  -4.978  -4.980  -4.984  -4.990  -4.997  -5.004  -5.011  -5.016  -5.018  -5.019  -5.018  -5.008  -4.989  -4.961  -4.921  -4.861  -4.786  -4.684  -4.549  -4.387  -4.202  -3.990  -3.778  -3.574  -3.377  -3.204  -3.052  -2.921  -2.814  -2.727  -2.650  -2.585  -2.534
   3.460  -4.968  -4.979  -4.987  -4.988  -4.989  -4.989  -4.987  -4.983  -4.979  -4.974  -4.969  -4.964  -4.960  -4.957  -4.955  -4.954  -4.955  -4.958  -4.962  -4.966  -4.968  -4.967  -4.965  -4.961  -4.949  -4.929  -4.902  -4.865  -4.814  -4.751  -4.666  -4.554  -4.419  -4.255  -4.060  -3.857  -3.649  -3.441  -3.255  -3.086  -2.938  -2.814  -2.711  -2.621  -2.545  -2.485
   3.470  -4.902  -4.924  -4.941  -4.954  -4.963  -4.967  -4.967  -4.967  -4.966  -4.962  -4.957  -4.952  -4.946  -4.941  -4.936  -4.932  -4.929  -4.927  -4.925  -4.925  -4.924  -4.922  -4.916  -4.907  -4.891  -4.869  -4.839  -4.801  -4.752  -4.694  -4.619  -4.525  -4.411  -4.269  -4.099  -3.913  -3.711  -3.501  -3.307  -3.124  -2.960  -2.820  -2.700  -2.596  -2.508  -2.438
   3.480  -4.808  -4.842  -4.871  -4.895  -4.915  -4.929  -4.939  -4.945  -4.946  -4.945  -4.944  -4.940  -4.934  -4.928  -4.921  -4.915  -4.909  -4.904  -4.898  -4.893  -4.887  -4.880  -4.872  -4.857  -4.837  -4.811  -4.777  -4.736  -4.684  -4.625  -4.552  -4.466  -4.366  -4.242  -4.097  -3.934  -3.748  -3.547  -3.354  -3.161  -2.984  -2.829  -2.693  -2.576  -2.476  -2.396
   3.490  -4.689  -4.734  -4.774  -4.809  -4.840  -4.866  -4.887  -4.903  -4.914  -4.921  -4.923  -4.922  -4.920  -4.916  -4.909  -4.902  -4.895  -4.886  -4.877  -4.868  -4.857  -4.845  -4.831  -4.812  -4.788  -4.757  -4.718  -4.671  -4.615  -4.551  -4.476  -4.392  -4.296  -4.184  -4.058  -3.914  -3.749  -3.568  -3.384  -3.190  -3.007  -2.842  -2.693  -2.562  -2.451  -2.357
   3.500  -4.552  -4.605  -4.654  -4.699  -4.740  -4.777  -4.809  -4.837  -4.859  -4.876  -4.888  -4.895  -4.899  -4.899  -4.895  -4.890  -4.882  -4.872  -4.861  -4.849  -4.835  -4.818  -4.799  -4.774  -4.745  -4.708  -4.663  -4.610  -4.548  -4.477  -4.398  -4.310  -4.213  -4.105  -3.989  -3.859  -3.713  -3.553  -3.383  -3.200  -3.021  -2.851  -2.690  -2.549  -2.426  -2.320
   3.525  -4.162  -4.229  -4.294  -4.355  -4.414  -4.470  -4.522  -4.571  -4.616  -4.657  -4.692  -4.723  -4.750  -4.772  -4.790  -4.803  -4.812  -4.815  -4.811  -4.804  -4.793  -4.776  -4.754  -4.724  -4.686  -4.634  -4.572  -4.499  -4.416  -4.323  -4.223  -4.116  -4.003  -3.887  -3.769  -3.645  -3.516  -3.380  -3.244  -3.086  -2.929  -2.776  -2.625  -2.480  -2.347  -2.223
   3.550  -3.736  -3.812  -3.886  -3.958  -4.028  -4.096  -4.162  -4.225  -4.286  -4.345  -4.401  -4.454  -4.504  -4.551  -4.593  -4.630  -4.662  -4.689  -4.707  -4.717  -4.721  -4.714  -4.695  -4.662  -4.617  -4.559  -4.486  -4.399  -4.301  -4.191  -4.072  -3.947  -3.815  -3.682  -3.547  -3.412  -3.278  -3.144  -3.011  -2.880  -2.749  -2.616  -2.483  -2.351  -2.220  -2.089
   3.575  -3.291  -3.375  -3.457  -3.538  -3.618  -3.696  -3.772  -3.846  -3.917  -3.987  -4.055  -4.120  -4.182  -4.241  -4.296  -4.348  -4.395  -4.438  -4.475  -4.505  -4.526  -4.536  -4.531  -4.512  -4.479  -4.434  -4.372  -4.294  -4.201  -4.092  -3.972  -3.840  -3.698  -3.553  -3.403  -3.253  -3.104  -2.957  -2.814  -2.674  -2.536  -2.399  -2.264  -2.131  -2.000  -1.872
   3.600  -2.843  -2.932  -3.020  -3.107  -3.194  -3.278  -3.361  -3.441  -3.520  -3.597  -3.672  -3.744  -3.814  -3.881  -3.946  -4.008  -4.066  -4.120  -4.167  -4.209  -4.243  -4.267  -4.281  -4.281  -4.266  -4.237  -4.190  -4.125  -4.043  -3.943  -3.829  -3.700  -3.557  -3.409  -3.252  -3.093  -2.934  -2.774  -2.618  -2.465  -2.315  -2.169  -2.026  -1.889  -1.758  -1.632
   3.625  -2.411  -2.503  -2.594  -2.684  -2.774  -2.862  -2.949  -3.035  -3.119  -3.202  -3.283  -3.362  -3.440  -3.514  -3.587  -3.655  -3.720  -3.780  -3.832  -3.878  -3.914  -3.937  -3.951  -3.952  -3.936  -3.904  -3.858  -3.796  -3.720  -3.631  -3.530  -3.418  -3.296  -3.168  -3.033  -2.894  -2.751  -2.605  -2.456  -2.306  -2.155  -2.004  -1.853  -1.707  -1.565  -1.426
   3.650  -1.998  -2.090  -2.182  -2.274  -2.365  -2.455  -2.544  -2.633  -2.721  -2.808  -2.893  -2.977  -3.060  -3.140  -3.217  -3.290  -3.358  -3.421  -3.475  -3.522  -3.554  -3.571  -3.580  -3.578  -3.554  -3.516  -3.466  -3.403  -3.332  -3.252  -3.164  -3.071  -2.972  -2.869  -2.760  -2.645  -2.524  -2.397  -2.263  -2.123  -1.978  -1.828  -1.675  -1.524  -1.374  -1.224
   3.675  -1.607  -1.700  -1.793  -1.885  -1.977  -2.069  -2.160  -2.251  -2.341  -2.430  -2.517  -2.604  -2.688  -2.771  -2.851  -2.927  -2.997  -3.062  -3.118  -3.167  -3.196  -3.206  -3.211  -3.207  -3.177  -3.132  -3.078  -3.013  -2.941  -2.862  -2.778  -2.690  -2.599  -2.504  -2.405  -2.302  -2.194  -2.081  -1.963  -1.840  -1.712  -1.579  -1.441  -1.303  -1.163  -1.020
   3.700  -1.252  -1.342  -1.432  -1.522  -1.614  -1.705  -1.796  -1.887  -1.977  -2.066  -2.154  -2.241  -2.326  -2.409  -2.490  -2.567  -2.639  -2.704  -2.761  -2.811  -2.836  -2.839  -2.841  -2.835  -2.800  -2.749  -2.691  -2.623  -2.550  -2.470  -2.386  -2.299  -2.210  -2.118  -2.024  -1.927  -1.828  -1.727  -1.622  -1.515  -1.404  -1.289  -1.171  -1.048  -0.922  -0.792
   3.725  -0.938  -1.019  -1.101  -1.186  -1.273  -1.362  -1.451  -1.541  -1.630  -1.719  -1.807  -1.894  -1.980  -2.063  -2.144  -2.221  -2.293  -2.358  -2.413  -2.462  -2.484  -2.484  -2.484  -2.477  -2.439  -2.387  -2.328  -2.259  -2.186  -2.107  -2.024  -1.938  -1.850  -1.760  -1.667  -1.573  -1.478  -1.380  -1.280  -1.178  -1.073  -0.965  -0.854  -0.739  -0.622  -0.501
   3.750  -0.690  -0.754  -0.823  -0.896  -0.974  -1.055  -1.137  -1.222  -1.307  -1.393  -1.478  -1.563  -1.646  -1.727  -1.807  -1.881  -1.950  -2.013  -2.065  -2.111  -2.131  -2.130  -2.128  -2.120  -2.082  -2.030  -1.972  -1.905  -1.832  -1.754  -1.672  -1.588  -1.500  -1.411  -1.320  -1.227  -1.132  -1.036  -0.938  -0.837  -0.735  -0.630  -0.522  -0.413  -0.302  -0.189
   3.775  -0.536  -0.573  -0.617  -0.670  -0.730  -0.795  -0.862  -0.933  -1.008  -1.086  -1.164  -1.243  -1.321  -1.397  -1.471  -1.541  -1.606  -1.664  -1.712  -1.754  -1.772  -1.771  -1.768  -1.758  -1.722  -1.672  -1.616  -1.550  -1.480  -1.405  -1.325  -1.243  -1.158  -1.072  -0.983  -0.893  -0.801  -0.707  -0.612  -0.514  -0.414  -0.312  -0.208  -0.102   0.006   0.116
   3.800  -0.465  -0.478  -0.497  -0.523  -0.555  -0.595  -0.642  -0.696  -0.754  -0.817  -0.882  -0.949  -1.016  -1.082  -1.147  -1.208  -1.264  -1.315  -1.356  -1.391  -1.406  -1.405  -1.400  -1.389  -1.355  -1.309  -1.256  -1.195  -1.128  -1.056  -0.981  -0.903  -0.821  -0.738  -0.654  -0.567  -0.479  -0.388  -0.295  -0.200  -0.103  -0.004   0.097   0.201   0.307   0.416
   3.825  -0.443  -0.445  -0.450  -0.457  -0.465  -0.479  -0.501  -0.528  -0.560  -0.600  -0.644  -0.688  -0.736  -0.783  -0.833  -0.879  -0.922  -0.961  -0.991  -1.016  -1.028  -1.026  -1.019  -1.004  -0.974  -0.934  -0.886  -0.831  -0.770  -0.704  -0.635  -0.562  -0.486  -0.408  -0.328  -0.246  -0.163  -0.076   0.012   0.103   0.196   0.292   0.390   0.491   0.594   0.700
   3.850  -0.436  -0.435  -0.434  -0.432  -0.431  -0.431  -0.432  -0.434  -0.439  -0.448  -0.461  -0.479  -0.501  -0.524  -0.551  -0.576  -0.599  -0.621  -0.636  -0.647  -0.651  -0.647  -0.635  -0.615  -0.588  -0.553  -0.511  -0.462  -0.409  -0.350  -0.287  -0.221  -0.152  -0.080  -0.006   0.070   0.149   0.230   0.313   0.399   0.487   0.578   0.673   0.770   0.870   0.973
   3.875  -0.436  -0.435  -0.432  -0.428  -0.423  -0.417  -0.409  -0.398  -0.384  -0.368  -0.352  -0.341  -0.331  -0.324  -0.321  -0.315  -0.310  -0.305  -0.298  -0.291  -0.281  -0.267  -0.249  -0.226  -0.198  -0.166  -0.129  -0.087  -0.040   0.011   0.065   0.124   0.185   0.249   0.316   0.385   0.458   0.532   0.610   0.689   0.772   0.858   0.948   1.040   1.136   1.235
   3.900  -0.437  -0.435  -0.431  -0.426  -0.421  -0.412  -0.401  -0.386  -0.366  -0.340  -0.310  -0.274  -0.234  -0.194  -0.151  -0.110  -0.072  -0.035  -0.001   0.030   0.060   0.089   0.117   0.147   0.178   0.211   0.246   0.284   0.325   0.369   0.416   0.466   0.520   0.577   0.636   0.698   0.763   0.831   0.902   0.975   1.051   1.132   1.216   1.303   1.394   1.488
   3.925  -0.438  -0.436  -0.433  -0.429  -0.422  -0.414  -0.403  -0.388  -0.367  -0.339  -0.302  -0.254  -0.198  -0.131  -0.055   0.020   0.093   0.165   0.230   0.291   0.350   0.402   0.448   0.492   0.531   0.569   0.606   0.643   0.682   0.721   0.763   0.807   0.853   0.902   0.954   1.009   1.066   1.127   1.190   1.257   1.327   1.401   1.479   1.560   1.646   1.735
   3.950  -0.439  -0.438  -0.435  -0.431  -0.425  -0.417  -0.406  -0.391  -0.368  -0.338  -0.299  -0.248  -0.186  -0.111  -0.023   0.073   0.177   0.285   0.388   0.488   0.579   0.659   0.729   0.791   0.845   0.893   0.937   0.978   1.018   1.056   1.095   1.135   1.176   1.219   1.264   1.312   1.363   1.416   1.473   1.533   1.597   1.664   1.736   1.811   1.891   1.975
   3.975  -0.437  -0.436  -0.434  -0.431  -0.427  -0.420  -0.410  -0.396  -0.373  -0.345  -0.306  -0.255  -0.192  -0.115  -0.024   0.079   0.201   0.333   0.468   0.607   0.735   0.845   0.943   1.026   1.100   1.167   1.225   1.275   1.321   1.363   1.403   1.443   1.481   1.521   1.562   1.605   1.650   1.698   1.749   1.803   1.860   1.921   1.987   2.056   2.130   2.208
   4.000  -0.434  -0.434  -0.433  -0.431  -0.428  -0.422  -0.413  -0.400  -0.380  -0.354  -0.317  -0.267  -0.204  -0.125  -0.030   0.081   0.209   0.349   0.495   0.648   0.798   0.939   1.073   1.191   1.294   1.384   1.461   1.526   1.584   1.635   1.681   1.724   1.763   1.803   1.842   1.882   1.924   1.967   2.013   2.062   2.114   2.170   2.230   2.294   2.362   2.434
   4.025  -0.430  -0.430  -0.429  -0.428  -0.425  -0.420  -0.413  -0.402  -0.384  -0.361  -0.326  -0.279  -0.219  -0.142  -0.047   0.065   0.192   0.334   0.483   0.642   0.798   0.962   1.127   1.280   1.420   1.540   1.637   1.719   1.796   1.860   1.917   1.968   2.013   2.056   2.096   2.137   2.178   2.219   2.263   2.308   2.357   2.408   2.464   2.523   2.587   2.654
   4.050  -0.426  -0.426  -0.425  -0.423  -0.421  -0.417  -0.411  -0.402  -0.386  -0.366  -0.334  -0.291  -0.234  -0.161  -0.071   0.036   0.162   0.303   0.457   0.624   0.796   0.970   1.144   1.309   1.468   1.613   1.742   1.856   1.956   2.039   2.112   2.175   2.229   2.280   2.325   2.368   2.411   2.453   2.496   2.540   2.586   2.635   2.687   2.744   2.803   2.867
   4.075  -0.423  -0.423  -0.422  -0.420  -0.418  -0.414  -0.409  -0.400  -0.385  -0.366  -0.338  -0.298  -0.246  -0.178  -0.093   0.009   0.130   0.267   0.418   0.586   0.764   0.941   1.121   1.295   1.463   1.625   1.787   1.938   2.066   2.168   2.259   2.339   2.408   2.470   2.523   2.573   2.620   2.664   2.709   2.753   2.799   2.848   2.898   2.952   3.009   3.070
   4.100  -0.421  -0.420  -0.419  -0.417  -0.415  -0.411  -0.405  -0.397  -0.384  -0.366  -0.340  -0.303  -0.256  -0.192  -0.113  -0.017   0.098   0.229   0.375   0.537   0.709   0.889   1.075   1.261   1.448   1.629   1.802   1.965   2.113   2.245   2.363   2.464   2.551   2.628   2.693   2.752   2.806   2.855   2.903   2.950   2.998   3.047   3.097   3.150   3.206   3.264

