low temperature opacities from Ferguson, Alexander, et al (2005) with gs98 metals
    form     version        X           Z          logRs    logR_min    logR_max       logTs    logT_min    logT_max
       1          38    0.100000    0.030000          46   -8.000000    1.000000         105    2.700000    4.500000

   logT                       logR = logRho - 3*logT + 18
          -8.000  -7.800  -7.600  -7.400  -7.200  -7.000  -6.800  -6.600  -6.400  -6.200  -6.000  -5.800  -5.600  -5.400  -5.200  -5.000  -4.800  -4.600  -4.400  -4.200  -4.000  -3.800  -3.600  -3.400  -3.200  -3.000  -2.800  -2.600  -2.400  -2.200  -2.000  -1.800  -1.600  -1.400  -1.200  -1.000  -0.800  -0.600  -0.400  -0.200   0.000   0.200   0.400   0.600   0.800   1.000

   2.700  -0.100  -0.100  -0.100  -0.100  -0.100  -0.100  -0.100  -0.100  -0.100  -0.100  -0.100  -0.100  -0.100  -0.100  -0.100  -0.100  -0.100  -0.100  -0.100  -0.100  -0.100  -0.100  -0.100  -0.100  -0.100  -0.100  -0.100  -0.100  -0.100  -0.100  -0.100  -0.110  -0.128  -0.141  -0.150  -0.155  -0.153  -0.152  -0.152  -0.154  -0.156  -0.160  -0.163  -0.163  -0.162  -0.160
   2.750  -0.160  -0.158  -0.157  -0.155  -0.154  -0.154  -0.154  -0.154  -0.154  -0.154  -0.154  -0.154  -0.154  -0.154  -0.154  -0.154  -0.154  -0.154  -0.154  -0.154  -0.154  -0.154  -0.154  -0.154  -0.154  -0.154  -0.154  -0.154  -0.154  -0.154  -0.154  -0.153  -0.151  -0.152  -0.158  -0.161  -0.160  -0.157  -0.157  -0.158  -0.160  -0.162  -0.165  -0.165  -0.164  -0.161
   2.800  -0.262  -0.250  -0.239  -0.229  -0.219  -0.211  -0.204  -0.198  -0.194  -0.191  -0.188  -0.186  -0.185  -0.184  -0.183  -0.183  -0.183  -0.183  -0.183  -0.183  -0.183  -0.183  -0.183  -0.183  -0.183  -0.183  -0.183  -0.183  -0.183  -0.183  -0.183  -0.182  -0.180  -0.178  -0.175  -0.173  -0.170  -0.167  -0.166  -0.166  -0.166  -0.167  -0.168  -0.168  -0.167  -0.165
   2.850  -0.387  -0.388  -0.389  -0.390  -0.391  -0.392  -0.361  -0.307  -0.279  -0.269  -0.260  -0.249  -0.239  -0.230  -0.222  -0.215  -0.210  -0.206  -0.204  -0.202  -0.201  -0.200  -0.200  -0.200  -0.199  -0.199  -0.199  -0.199  -0.199  -0.199  -0.199  -0.197  -0.192  -0.188  -0.185  -0.182  -0.179  -0.176  -0.174  -0.173  -0.172  -0.172  -0.172  -0.172  -0.171  -0.169
   2.900  -0.327  -0.326  -0.325  -0.325  -0.325  -0.325  -0.325  -0.324  -0.324  -0.326  -0.327  -0.328  -0.330  -0.324  -0.291  -0.259  -0.245  -0.237  -0.229  -0.224  -0.218  -0.211  -0.204  -0.199  -0.195  -0.192  -0.190  -0.189  -0.188  -0.187  -0.187  -0.187  -0.187  -0.187  -0.185  -0.183  -0.181  -0.179  -0.178  -0.176  -0.175  -0.174  -0.174  -0.173  -0.172  -0.171
   2.910  -0.324  -0.321  -0.319  -0.317  -0.317  -0.316  -0.315  -0.315  -0.315  -0.315  -0.315  -0.315  -0.316  -0.318  -0.319  -0.320  -0.297  -0.256  -0.233  -0.223  -0.216  -0.208  -0.200  -0.194  -0.189  -0.185  -0.182  -0.180  -0.178  -0.177  -0.177  -0.177  -0.178  -0.178  -0.178  -0.178  -0.177  -0.177  -0.176  -0.175  -0.174  -0.173  -0.173  -0.172  -0.171  -0.171
   2.920  -0.329  -0.323  -0.317  -0.313  -0.310  -0.308  -0.307  -0.306  -0.306  -0.305  -0.305  -0.305  -0.304  -0.304  -0.304  -0.305  -0.308  -0.311  -0.304  -0.259  -0.221  -0.209  -0.203  -0.196  -0.190  -0.184  -0.180  -0.177  -0.175  -0.173  -0.172  -0.171  -0.171  -0.171  -0.171  -0.171  -0.171  -0.171  -0.171  -0.170  -0.170  -0.169  -0.169  -0.168  -0.168  -0.168
   2.930  -0.391  -0.356  -0.330  -0.316  -0.309  -0.305  -0.301  -0.299  -0.297  -0.295  -0.294  -0.293  -0.293  -0.293  -0.293  -0.293  -0.294  -0.296  -0.290  -0.257  -0.226  -0.213  -0.206  -0.198  -0.190  -0.184  -0.179  -0.175  -0.171  -0.169  -0.167  -0.166  -0.165  -0.165  -0.164  -0.164  -0.164  -0.164  -0.164  -0.164  -0.164  -0.164  -0.163  -0.163  -0.163  -0.163
   2.940  -0.393  -0.392  -0.389  -0.379  -0.344  -0.314  -0.303  -0.298  -0.292  -0.289  -0.286  -0.284  -0.283  -0.281  -0.280  -0.280  -0.280  -0.280  -0.280  -0.283  -0.284  -0.261  -0.220  -0.199  -0.190  -0.184  -0.178  -0.172  -0.168  -0.165  -0.162  -0.160  -0.159  -0.158  -0.158  -0.157  -0.157  -0.158  -0.158  -0.157  -0.157  -0.157  -0.157  -0.157  -0.157  -0.157
   2.950  -0.386  -0.386  -0.386  -0.386  -0.387  -0.387  -0.362  -0.319  -0.298  -0.289  -0.283  -0.278  -0.274  -0.272  -0.269  -0.268  -0.267  -0.267  -0.267  -0.267  -0.266  -0.248  -0.217  -0.199  -0.192  -0.186  -0.178  -0.170  -0.164  -0.160  -0.157  -0.156  -0.155  -0.154  -0.153  -0.152  -0.151  -0.151  -0.151  -0.151  -0.151  -0.150  -0.150  -0.150  -0.150  -0.150
   2.960  -0.380  -0.379  -0.379  -0.379  -0.379  -0.379  -0.379  -0.379  -0.372  -0.331  -0.295  -0.281  -0.273  -0.269  -0.267  -0.265  -0.263  -0.261  -0.259  -0.258  -0.258  -0.258  -0.258  -0.253  -0.222  -0.193  -0.182  -0.176  -0.170  -0.164  -0.159  -0.155  -0.151  -0.149  -0.147  -0.146  -0.145  -0.145  -0.144  -0.144  -0.143  -0.143  -0.143  -0.143  -0.142  -0.142
   2.970  -0.373  -0.373  -0.372  -0.372  -0.371  -0.371  -0.371  -0.371  -0.371  -0.371  -0.371  -0.345  -0.299  -0.277  -0.268  -0.262  -0.257  -0.253  -0.250  -0.247  -0.246  -0.245  -0.244  -0.244  -0.245  -0.245  -0.223  -0.184  -0.166  -0.160  -0.155  -0.151  -0.147  -0.144  -0.142  -0.140  -0.139  -0.138  -0.137  -0.136  -0.136  -0.135  -0.135  -0.135  -0.135  -0.135
   2.980  -0.370  -0.368  -0.366  -0.364  -0.363  -0.363  -0.363  -0.363  -0.363  -0.362  -0.362  -0.362  -0.362  -0.354  -0.311  -0.272  -0.258  -0.251  -0.245  -0.240  -0.236  -0.233  -0.231  -0.230  -0.229  -0.229  -0.231  -0.235  -0.228  -0.186  -0.153  -0.145  -0.141  -0.137  -0.135  -0.133  -0.131  -0.130  -0.129  -0.128  -0.128  -0.127  -0.127  -0.127  -0.127  -0.126
   2.990  -0.380  -0.372  -0.366  -0.361  -0.359  -0.357  -0.355  -0.354  -0.354  -0.353  -0.353  -0.353  -0.353  -0.353  -0.353  -0.353  -0.325  -0.277  -0.251  -0.240  -0.233  -0.226  -0.222  -0.218  -0.216  -0.215  -0.214  -0.214  -0.207  -0.175  -0.148  -0.140  -0.135  -0.131  -0.128  -0.125  -0.123  -0.122  -0.121  -0.120  -0.119  -0.119  -0.119  -0.118  -0.118  -0.118
   3.000  -0.448  -0.413  -0.387  -0.370  -0.361  -0.355  -0.351  -0.348  -0.346  -0.345  -0.344  -0.343  -0.343  -0.343  -0.343  -0.343  -0.327  -0.297  -0.274  -0.258  -0.243  -0.231  -0.220  -0.212  -0.207  -0.203  -0.200  -0.198  -0.198  -0.200  -0.201  -0.176  -0.137  -0.124  -0.122  -0.119  -0.117  -0.115  -0.113  -0.111  -0.111  -0.110  -0.110  -0.110  -0.110  -0.110
   3.010  -0.747  -0.610  -0.505  -0.433  -0.395  -0.373  -0.358  -0.350  -0.344  -0.340  -0.338  -0.336  -0.334  -0.334  -0.333  -0.333  -0.333  -0.332  -0.332  -0.332  -0.332  -0.300  -0.245  -0.218  -0.206  -0.199  -0.192  -0.188  -0.185  -0.183  -0.181  -0.167  -0.146  -0.132  -0.124  -0.118  -0.113  -0.110  -0.107  -0.104  -0.103  -0.103  -0.103  -0.103  -0.102  -0.102
   3.020  -1.370  -1.162  -0.968  -0.785  -0.606  -0.477  -0.415  -0.382  -0.359  -0.346  -0.338  -0.332  -0.329  -0.327  -0.325  -0.323  -0.322  -0.321  -0.321  -0.321  -0.321  -0.301  -0.264  -0.239  -0.223  -0.209  -0.197  -0.186  -0.179  -0.175  -0.170  -0.161  -0.150  -0.140  -0.130  -0.121  -0.114  -0.108  -0.103  -0.099  -0.097  -0.097  -0.096  -0.096  -0.096  -0.096
   3.030  -1.449  -1.432  -1.381  -1.284  -1.109  -0.920  -0.732  -0.555  -0.450  -0.399  -0.368  -0.346  -0.334  -0.325  -0.319  -0.316  -0.313  -0.312  -0.310  -0.309  -0.309  -0.309  -0.309  -0.303  -0.266  -0.229  -0.209  -0.195  -0.183  -0.172  -0.163  -0.159  -0.156  -0.148  -0.137  -0.125  -0.117  -0.109  -0.102  -0.096  -0.093  -0.092  -0.092  -0.091  -0.091  -0.090
   3.040  -1.336  -1.344  -1.348  -1.347  -1.340  -1.326  -1.225  -1.035  -0.855  -0.662  -0.505  -0.419  -0.375  -0.345  -0.329  -0.318  -0.310  -0.306  -0.302  -0.300  -0.299  -0.298  -0.297  -0.297  -0.296  -0.296  -0.271  -0.226  -0.198  -0.181  -0.168  -0.158  -0.150  -0.143  -0.136  -0.129  -0.120  -0.111  -0.103  -0.095  -0.090  -0.089  -0.088  -0.087  -0.086  -0.086
   3.050  -1.361  -1.334  -1.317  -1.315  -1.318  -1.320  -1.316  -1.307  -1.298  -1.291  -1.276  -1.030  -0.630  -0.457  -0.390  -0.352  -0.326  -0.313  -0.302  -0.296  -0.292  -0.289  -0.287  -0.285  -0.285  -0.284  -0.284  -0.283  -0.275  -0.228  -0.184  -0.164  -0.153  -0.144  -0.136  -0.129  -0.121  -0.112  -0.103  -0.095  -0.089  -0.086  -0.084  -0.083  -0.081  -0.080
   3.060  -1.649  -1.496  -1.385  -1.330  -1.301  -1.291  -1.291  -1.291  -1.296  -1.320  -1.335  -1.322  -1.283  -1.165  -0.798  -0.503  -0.409  -0.361  -0.325  -0.305  -0.293  -0.285  -0.281  -0.277  -0.274  -0.272  -0.271  -0.270  -0.270  -0.269  -0.269  -0.237  -0.181  -0.153  -0.142  -0.134  -0.123  -0.113  -0.104  -0.095  -0.088  -0.083  -0.080  -0.077  -0.075  -0.074
   3.070  -1.531  -1.571  -1.591  -1.571  -1.450  -1.340  -1.296  -1.274  -1.266  -1.261  -1.260  -1.277  -1.304  -1.286  -1.141  -0.960  -0.769  -0.574  -0.443  -0.370  -0.327  -0.300  -0.286  -0.275  -0.268  -0.264  -0.261  -0.259  -0.257  -0.256  -0.255  -0.238  -0.207  -0.184  -0.164  -0.147  -0.131  -0.117  -0.106  -0.096  -0.088  -0.081  -0.076  -0.072  -0.068  -0.066
   3.080  -1.516  -1.513  -1.512  -1.516  -1.535  -1.548  -1.490  -1.384  -1.313  -1.264  -1.244  -1.254  -1.270  -1.271  -1.258  -1.240  -1.226  -1.207  -1.115  -0.768  -0.479  -0.381  -0.331  -0.296  -0.276  -0.264  -0.255  -0.251  -0.247  -0.245  -0.242  -0.235  -0.224  -0.209  -0.189  -0.168  -0.147  -0.127  -0.112  -0.100  -0.091  -0.081  -0.073  -0.067  -0.062  -0.058
   3.090  -1.489  -1.488  -1.486  -1.483  -1.479  -1.477  -1.487  -1.501  -1.490  -1.406  -1.321  -1.266  -1.226  -1.211  -1.205  -1.201  -1.196  -1.192  -1.186  -1.181  -1.171  -0.941  -0.561  -0.396  -0.333  -0.295  -0.267  -0.253  -0.242  -0.237  -0.233  -0.231  -0.229  -0.223  -0.207  -0.187  -0.165  -0.141  -0.123  -0.109  -0.097  -0.085  -0.074  -0.065  -0.057  -0.050
   3.100  -1.471  -1.464  -1.458  -1.455  -1.454  -1.452  -1.447  -1.442  -1.442  -1.446  -1.449  -1.406  -1.324  -1.265  -1.218  -1.189  -1.176  -1.170  -1.173  -1.194  -1.207  -1.119  -0.937  -0.764  -0.575  -0.420  -0.336  -0.292  -0.260  -0.241  -0.230  -0.224  -0.220  -0.215  -0.209  -0.199  -0.180  -0.157  -0.138  -0.122  -0.108  -0.093  -0.080  -0.067  -0.055  -0.045
   3.110  -1.489  -1.463  -1.443  -1.433  -1.427  -1.424  -1.422  -1.421  -1.417  -1.408  -1.403  -1.406  -1.410  -1.399  -1.330  -1.257  -1.202  -1.160  -1.156  -1.171  -1.181  -1.179  -1.174  -1.164  -1.140  -1.093  -0.847  -0.486  -0.337  -0.279  -0.249  -0.231  -0.222  -0.214  -0.210  -0.203  -0.188  -0.170  -0.154  -0.138  -0.122  -0.106  -0.090  -0.074  -0.059  -0.044
   3.120  -1.620  -1.536  -1.472  -1.434  -1.415  -1.404  -1.396  -1.393  -1.390  -1.389  -1.387  -1.381  -1.374  -1.371  -1.370  -1.369  -1.330  -1.258  -1.202  -1.151  -1.120  -1.111  -1.107  -1.101  -1.095  -1.084  -0.986  -0.804  -0.639  -0.464  -0.339  -0.285  -0.257  -0.235  -0.224  -0.214  -0.201  -0.186  -0.171  -0.154  -0.138  -0.121  -0.104  -0.086  -0.068  -0.049
   3.130  -3.034  -2.246  -1.698  -1.520  -1.455  -1.417  -1.392  -1.378  -1.368  -1.363  -1.359  -1.357  -1.355  -1.353  -1.349  -1.345  -1.341  -1.336  -1.317  -1.254  -1.189  -1.139  -1.098  -1.081  -1.073  -1.070  -1.077  -1.088  -1.054  -0.846  -0.630  -0.491  -0.383  -0.317  -0.286  -0.263  -0.239  -0.217  -0.196  -0.176  -0.157  -0.139  -0.121  -0.101  -0.080  -0.058
   3.140  -3.552  -3.323  -3.007  -2.565  -1.937  -1.540  -1.451  -1.406  -1.373  -1.355  -1.343  -1.334  -1.329  -1.325  -1.323  -1.321  -1.316  -1.310  -1.306  -1.304  -1.299  -1.253  -1.174  -1.118  -1.078  -1.052  -1.040  -1.033  -1.027  -1.024  -1.017  -0.894  -0.675  -0.531  -0.441  -0.371  -0.319  -0.282  -0.247  -0.214  -0.185  -0.162  -0.142  -0.121  -0.097  -0.073
   3.150  -4.089  -3.755  -3.440  -3.152  -2.904  -2.607  -2.125  -1.641  -1.465  -1.403  -1.365  -1.337  -1.322  -1.310  -1.302  -1.296  -1.292  -1.290  -1.285  -1.279  -1.273  -1.268  -1.262  -1.240  -1.170  -1.100  -1.056  -1.025  -1.009  -1.005  -0.996  -0.947  -0.857  -0.760  -0.644  -0.538  -0.458  -0.393  -0.333  -0.278  -0.233  -0.199  -0.174  -0.147  -0.120  -0.094
   3.160  -4.582  -4.268  -3.956  -3.642  -3.323  -3.026  -2.787  -2.560  -2.238  -1.794  -1.499  -1.413  -1.368  -1.331  -1.307  -1.290  -1.277  -1.269  -1.263  -1.259  -1.256  -1.253  -1.250  -1.244  -1.235  -1.218  -1.163  -1.085  -1.032  -0.998  -0.978  -0.970  -0.966  -0.938  -0.828  -0.709  -0.619  -0.535  -0.454  -0.374  -0.307  -0.259  -0.222  -0.187  -0.153  -0.124
   3.170  -4.977  -4.719  -4.442  -4.145  -3.822  -3.503  -3.194  -2.900  -2.656  -2.466  -2.261  -1.976  -1.683  -1.492  -1.396  -1.338  -1.298  -1.277  -1.259  -1.246  -1.237  -1.231  -1.226  -1.221  -1.217  -1.210  -1.202  -1.191  -1.159  -1.075  -1.005  -0.985  -0.973  -0.943  -0.898  -0.840  -0.765  -0.678  -0.588  -0.492  -0.407  -0.343  -0.292  -0.245  -0.203  -0.167
   3.180  -5.241  -5.062  -4.848  -4.595  -4.299  -3.990  -3.673  -3.354  -3.058  -2.778  -2.535  -2.355  -2.204  -2.022  -1.810  -1.622  -1.478  -1.369  -1.302  -1.269  -1.247  -1.227  -1.214  -1.203  -1.197  -1.193  -1.190  -1.188  -1.181  -1.168  -1.141  -1.084  -1.011  -0.963  -0.940  -0.908  -0.855  -0.788  -0.709  -0.612  -0.521  -0.448  -0.383  -0.325  -0.273  -0.228
   3.190  -5.369  -5.276  -5.136  -4.948  -4.708  -4.438  -4.140  -3.823  -3.512  -3.199  -2.909  -2.649  -2.421  -2.245  -2.130  -2.012  -1.855  -1.690  -1.548  -1.424  -1.327  -1.270  -1.240  -1.213  -1.194  -1.181  -1.172  -1.166  -1.158  -1.151  -1.137  -1.101  -1.050  -1.010  -0.980  -0.946  -0.908  -0.862  -0.799  -0.717  -0.634  -0.559  -0.487  -0.421  -0.361  -0.307
   3.200  -5.390  -5.363  -5.292  -5.175  -5.012  -4.808  -4.555  -4.266  -3.966  -3.648  -3.337  -3.041  -2.761  -2.518  -2.309  -2.141  -2.027  -1.954  -1.902  -1.883  -1.850  -1.664  -1.400  -1.283  -1.237  -1.207  -1.180  -1.162  -1.148  -1.142  -1.132  -1.113  -1.088  -1.058  -1.019  -0.981  -0.948  -0.913  -0.863  -0.800  -0.732  -0.662  -0.591  -0.524  -0.461  -0.400
   3.210  -5.348  -5.342  -5.323  -5.286  -5.200  -5.064  -4.877  -4.644  -4.383  -4.084  -3.777  -3.466  -3.157  -2.874  -2.610  -2.383  -2.202  -2.060  -1.955  -1.892  -1.850  -1.828  -1.816  -1.750  -1.529  -1.331  -1.249  -1.207  -1.170  -1.145  -1.127  -1.117  -1.109  -1.089  -1.057  -1.022  -0.991  -0.958  -0.916  -0.866  -0.810  -0.750  -0.687  -0.624  -0.561  -0.499
   3.220  -5.283  -5.292  -5.296  -5.293  -5.260  -5.194  -5.085  -4.928  -4.724  -4.470  -4.190  -3.891  -3.577  -3.275  -2.977  -2.704  -2.462  -2.252  -2.090  -1.975  -1.891  -1.835  -1.804  -1.781  -1.772  -1.757  -1.664  -1.509  -1.378  -1.249  -1.167  -1.139  -1.125  -1.110  -1.097  -1.079  -1.049  -1.012  -0.972  -0.926  -0.877  -0.826  -0.771  -0.715  -0.656  -0.596
   3.230  -5.223  -5.238  -5.245  -5.245  -5.239  -5.226  -5.185  -5.095  -4.958  -4.771  -4.546  -4.280  -3.983  -3.684  -3.373  -3.075  -2.795  -2.535  -2.316  -2.136  -1.994  -1.894  -1.829  -1.782  -1.756  -1.740  -1.730  -1.723  -1.688  -1.561  -1.428  -1.328  -1.245  -1.200  -1.183  -1.163  -1.127  -1.085  -1.041  -0.994  -0.946  -0.898  -0.849  -0.797  -0.743  -0.686
   3.240  -5.183  -5.185  -5.188  -5.191  -5.196  -5.198  -5.186  -5.149  -5.084  -4.972  -4.813  -4.600  -4.345  -4.071  -3.769  -3.465  -3.165  -2.874  -2.612  -2.374  -2.174  -2.021  -1.906  -1.821  -1.771  -1.737  -1.713  -1.700  -1.690  -1.685  -1.678  -1.593  -1.450  -1.365  -1.327  -1.291  -1.239  -1.183  -1.130  -1.078  -1.027  -0.978  -0.929  -0.878  -0.826  -0.772
   3.250  -5.175  -5.160  -5.149  -5.148  -5.149  -5.149  -5.146  -5.137  -5.118  -5.065  -4.969  -4.825  -4.636  -4.407  -4.133  -3.842  -3.544  -3.240  -2.953  -2.675  -2.428  -2.221  -2.049  -1.916  -1.824  -1.758  -1.715  -1.691  -1.673  -1.666  -1.653  -1.621  -1.577  -1.530  -1.480  -1.425  -1.363  -1.297  -1.236  -1.179  -1.123  -1.070  -1.017  -0.965  -0.912  -0.859
   3.260  -5.196  -5.167  -5.144  -5.126  -5.114  -5.106  -5.102  -5.100  -5.093  -5.072  -5.029  -4.953  -4.833  -4.663  -4.439  -4.186  -3.906  -3.607  -3.312  -3.016  -2.738  -2.486  -2.261  -2.077  -1.933  -1.823  -1.749  -1.703  -1.668  -1.647  -1.634  -1.626  -1.622  -1.607  -1.573  -1.526  -1.470  -1.405  -1.344  -1.285  -1.227  -1.171  -1.115  -1.060  -1.006  -0.953
   3.270  -5.220  -5.192  -5.164  -5.138  -5.111  -5.089  -5.074  -5.064  -5.053  -5.044  -5.028  -4.994  -4.930  -4.820  -4.665  -4.470  -4.225  -3.946  -3.662  -3.365  -3.074  -2.793  -2.527  -2.299  -2.105  -1.946  -1.829  -1.746  -1.684  -1.649  -1.625  -1.609  -1.600  -1.590  -1.581  -1.563  -1.528  -1.482  -1.433  -1.380  -1.325  -1.270  -1.214  -1.160  -1.106  -1.053
   3.280  -5.222  -5.210  -5.192  -5.167  -5.134  -5.102  -5.074  -5.048  -5.028  -5.016  -5.000  -4.980  -4.951  -4.893  -4.803  -4.668  -4.478  -4.245  -3.988  -3.701  -3.409  -3.119  -2.834  -2.574  -2.335  -2.128  -1.962  -1.831  -1.734  -1.673  -1.631  -1.602  -1.586  -1.574  -1.569  -1.560  -1.541  -1.517  -1.485  -1.445  -1.401  -1.354  -1.304  -1.255  -1.206  -1.158
   3.290  -5.188  -5.191  -5.192  -5.188  -5.164  -5.133  -5.099  -5.062  -5.030  -5.002  -4.977  -4.959  -4.940  -4.903  -4.857  -4.775  -4.646  -4.478  -4.265  -4.005  -3.728  -3.443  -3.152  -2.874  -2.604  -2.360  -2.151  -1.974  -1.835  -1.735  -1.661  -1.613  -1.585  -1.563  -1.551  -1.540  -1.530  -1.519  -1.501  -1.476  -1.447  -1.412  -1.374  -1.337  -1.299  -1.261
   3.300  -5.117  -5.148  -5.166  -5.168  -5.164  -5.154  -5.131  -5.095  -5.058  -5.017  -4.979  -4.949  -4.922  -4.892  -4.863  -4.813  -4.735  -4.628  -4.469  -4.259  -4.019  -3.751  -3.462  -3.179  -2.896  -2.630  -2.386  -2.166  -1.984  -1.837  -1.724  -1.649  -1.603  -1.566  -1.542  -1.525  -1.512  -1.504  -1.493  -1.480  -1.464  -1.445  -1.423  -1.402  -1.381  -1.359
   3.310  -5.019  -5.062  -5.096  -5.122  -5.138  -5.144  -5.137  -5.119  -5.092  -5.053  -5.011  -4.969  -4.926  -4.888  -4.857  -4.817  -4.768  -4.702  -4.592  -4.444  -4.256  -4.020  -3.750  -3.477  -3.193  -2.915  -2.649  -2.397  -2.178  -1.990  -1.835  -1.721  -1.639  -1.577  -1.538  -1.512  -1.493  -1.483  -1.474  -1.468  -1.464  -1.461  -1.458  -1.456  -1.454  -1.453
   3.320  -4.907  -4.959  -5.004  -5.043  -5.078  -5.099  -5.107  -5.111  -5.107  -5.084  -5.049  -5.006  -4.956  -4.910  -4.866  -4.820  -4.778  -4.729  -4.653  -4.557  -4.422  -4.233  -4.005  -3.755  -3.477  -3.196  -2.921  -2.652  -2.408  -2.184  -1.991  -1.836  -1.713  -1.621  -1.561  -1.519  -1.489  -1.471  -1.457  -1.448  -1.442  -1.437  -1.434  -1.430  -1.428  -1.426
   3.330  -4.789  -4.845  -4.897  -4.944  -4.988  -5.025  -5.056  -5.077  -5.079  -5.075  -5.067  -5.042  -5.000  -4.953  -4.899  -4.843  -4.793  -4.741  -4.680  -4.614  -4.518  -4.380  -4.206  -3.993  -3.737  -3.467  -3.194  -2.918  -2.657  -2.407  -2.182  -1.989  -1.826  -1.700  -1.610  -1.544  -1.497  -1.468  -1.446  -1.432  -1.423  -1.415  -1.410  -1.406  -1.402  -1.400
   3.340  -4.676  -4.731  -4.784  -4.836  -4.887  -4.933  -4.973  -5.007  -5.031  -5.046  -5.052  -5.045  -5.025  -4.991  -4.943  -4.889  -4.831  -4.768  -4.705  -4.645  -4.568  -4.469  -4.345  -4.175  -3.958  -3.717  -3.454  -3.176  -2.908  -2.644  -2.399  -2.177  -1.980  -1.818  -1.692  -1.593  -1.523  -1.478  -1.443  -1.422  -1.408  -1.397  -1.389  -1.383  -1.379  -1.376
   3.350  -4.575  -4.624  -4.675  -4.726  -4.779  -4.830  -4.877  -4.921  -4.958  -4.991  -5.008  -5.011  -5.013  -5.009  -4.980  -4.936  -4.881  -4.816  -4.749  -4.680  -4.603  -4.523  -4.429  -4.297  -4.130  -3.930  -3.689  -3.422  -3.157  -2.887  -2.629  -2.386  -2.161  -1.967  -1.803  -1.670  -1.574  -1.506  -1.454  -1.422  -1.399  -1.382  -1.372  -1.363  -1.356  -1.352
   3.360  -4.490  -4.531  -4.575  -4.622  -4.673  -4.724  -4.775  -4.824  -4.868  -4.908  -4.941  -4.966  -4.983  -4.984  -4.975  -4.958  -4.923  -4.870  -4.807  -4.732  -4.651  -4.572  -4.485  -4.376  -4.249  -4.090  -3.884  -3.646  -3.396  -3.125  -2.859  -2.605  -2.362  -2.144  -1.949  -1.783  -1.655  -1.558  -1.483  -1.433  -1.398  -1.373  -1.358  -1.345  -1.335  -1.330
   3.370  -4.419  -4.453  -4.490  -4.531  -4.577  -4.624  -4.674  -4.724  -4.772  -4.818  -4.859  -4.895  -4.923  -4.938  -4.945  -4.948  -4.936  -4.904  -4.856  -4.792  -4.717  -4.633  -4.539  -4.437  -4.332  -4.201  -4.033  -3.835  -3.608  -3.349  -3.085  -2.825  -2.570  -2.335  -2.116  -1.924  -1.764  -1.632  -1.530  -1.460  -1.409  -1.372  -1.350  -1.331  -1.317  -1.310
   3.380  -4.356  -4.386  -4.419  -4.454  -4.493  -4.534  -4.579  -4.626  -4.674  -4.723  -4.769  -4.811  -4.847  -4.877  -4.902  -4.912  -4.909  -4.900  -4.883  -4.840  -4.779  -4.701  -4.607  -4.508  -4.404  -4.283  -4.143  -3.981  -3.784  -3.549  -3.301  -3.043  -2.779  -2.533  -2.298  -2.084  -1.896  -1.733  -1.604  -1.509  -1.436  -1.383  -1.348  -1.321  -1.302  -1.293
   3.390  -4.298  -4.326  -4.356  -4.388  -4.421  -4.456  -4.495  -4.537  -4.581  -4.629  -4.675  -4.720  -4.764  -4.801  -4.834  -4.856  -4.868  -4.874  -4.873  -4.853  -4.815  -4.757  -4.681  -4.589  -4.480  -4.359  -4.233  -4.092  -3.921  -3.719  -3.496  -3.247  -2.984  -2.731  -2.485  -2.255  -2.046  -1.859  -1.704  -1.579  -1.480  -1.408  -1.359  -1.319  -1.292  -1.278
   3.400  -4.248  -4.273  -4.299  -4.327  -4.357  -4.389  -4.423  -4.460  -4.499  -4.541  -4.585  -4.630  -4.676  -4.717  -4.756  -4.788  -4.814  -4.832  -4.834  -4.829  -4.818  -4.789  -4.735  -4.659  -4.560  -4.446  -4.323  -4.185  -4.029  -3.856  -3.659  -3.429  -3.178  -2.928  -2.673  -2.430  -2.206  -2.000  -1.821  -1.667  -1.541  -1.448  -1.381  -1.328  -1.290  -1.268
   3.410  -4.209  -4.227  -4.248  -4.272  -4.300  -4.329  -4.360  -4.392  -4.427  -4.464  -4.503  -4.545  -4.589  -4.631  -4.674  -4.712  -4.745  -4.772  -4.785  -4.793  -4.795  -4.785  -4.753  -4.701  -4.628  -4.533  -4.414  -4.276  -4.127  -3.969  -3.790  -3.583  -3.355  -3.115  -2.857  -2.606  -2.371  -2.150  -1.952  -1.776  -1.626  -1.509  -1.418  -1.346  -1.294  -1.262
   3.420  -4.184  -4.194  -4.208  -4.227  -4.250  -4.275  -4.302  -4.332  -4.363  -4.395  -4.430  -4.468  -4.508  -4.549  -4.591  -4.631  -4.668  -4.701  -4.726  -4.744  -4.752  -4.748  -4.736  -4.714  -4.667  -4.594  -4.492  -4.366  -4.227  -4.072  -3.900  -3.712  -3.507  -3.281  -3.031  -2.781  -2.538  -2.302  -2.088  -1.894  -1.725  -1.584  -1.468  -1.376  -1.308  -1.265
   3.430  -4.169  -4.173  -4.182  -4.193  -4.209  -4.228  -4.251  -4.277  -4.305  -4.335  -4.366  -4.399  -4.435  -4.472  -4.512  -4.551  -4.590  -4.626  -4.657  -4.685  -4.698  -4.699  -4.699  -4.696  -4.669  -4.618  -4.544  -4.445  -4.321  -4.170  -4.002  -3.826  -3.635  -3.423  -3.190  -2.949  -2.702  -2.455  -2.229  -2.020  -1.833  -1.671  -1.532  -1.421  -1.335  -1.276
   3.440  -4.161  -4.162  -4.165  -4.171  -4.180  -4.192  -4.209  -4.230  -4.253  -4.280  -4.308  -4.338  -4.370  -4.403  -4.439  -4.475  -4.512  -4.549  -4.582  -4.612  -4.634  -4.647  -4.653  -4.652  -4.637  -4.607  -4.560  -4.490  -4.387  -4.253  -4.099  -3.930  -3.744  -3.544  -3.329  -3.102  -2.858  -2.607  -2.373  -2.149  -1.945  -1.766  -1.610  -1.479  -1.374  -1.294
   3.450  -4.158  -4.157  -4.157  -4.157  -4.161  -4.168  -4.178  -4.192  -4.209  -4.231  -4.255  -4.281  -4.310  -4.340  -4.372  -4.405  -4.440  -4.475  -4.508  -4.539  -4.565  -4.584  -4.596  -4.597  -4.588  -4.571  -4.542  -4.492  -4.414  -4.309  -4.178  -4.020  -3.840  -3.650  -3.448  -3.232  -2.998  -2.753  -2.515  -2.278  -2.059  -1.865  -1.692  -1.544  -1.420  -1.319
   3.460  -4.156  -4.154  -4.152  -4.152  -4.153  -4.154  -4.158  -4.165  -4.176  -4.191  -4.210  -4.232  -4.257  -4.284  -4.312  -4.342  -4.373  -4.405  -4.437  -4.467  -4.494  -4.516  -4.532  -4.533  -4.528  -4.518  -4.498  -4.460  -4.401  -4.324  -4.220  -4.082  -3.917  -3.740  -3.546  -3.340  -3.119  -2.888  -2.652  -2.408  -2.177  -1.968  -1.778  -1.613  -1.472  -1.355
   3.470  -4.153  -4.152  -4.151  -4.149  -4.148  -4.147  -4.148  -4.150  -4.153  -4.162  -4.174  -4.190  -4.210  -4.233  -4.258  -4.285  -4.313  -4.341  -4.369  -4.398  -4.424  -4.446  -4.462  -4.465  -4.462  -4.456  -4.439  -4.405  -4.358  -4.299  -4.216  -4.103  -3.965  -3.806  -3.623  -3.427  -3.220  -3.000  -2.772  -2.531  -2.296  -2.074  -1.864  -1.683  -1.527  -1.395
   3.480  -4.148  -4.148  -4.148  -4.148  -4.145  -4.143  -4.142  -4.141  -4.141  -4.144  -4.150  -4.159  -4.172  -4.189  -4.209  -4.232  -4.257  -4.282  -4.308  -4.333  -4.356  -4.377  -4.393  -4.395  -4.392  -4.386  -4.369  -4.337  -4.295  -4.244  -4.174  -4.082  -3.969  -3.832  -3.669  -3.489  -3.296  -3.089  -2.871  -2.640  -2.409  -2.179  -1.956  -1.760  -1.587  -1.437
   3.490  -4.139  -4.141  -4.143  -4.143  -4.142  -4.141  -4.139  -4.137  -4.136  -4.135  -4.135  -4.137  -4.144  -4.155  -4.169  -4.186  -4.206  -4.228  -4.250  -4.272  -4.292  -4.310  -4.324  -4.325  -4.321  -4.313  -4.294  -4.261  -4.220  -4.170  -4.106  -4.027  -3.932  -3.814  -3.673  -3.515  -3.339  -3.148  -2.945  -2.728  -2.506  -2.277  -2.048  -1.840  -1.652  -1.480
   3.500  -4.122  -4.129  -4.134  -4.136  -4.137  -4.137  -4.136  -4.134  -4.132  -4.129  -4.127  -4.127  -4.128  -4.131  -4.138  -4.149  -4.163  -4.180  -4.198  -4.216  -4.232  -4.247  -4.257  -4.258  -4.252  -4.240  -4.217  -4.181  -4.137  -4.085  -4.022  -3.948  -3.862  -3.758  -3.638  -3.501  -3.345  -3.172  -2.987  -2.787  -2.579  -2.359  -2.133  -1.921  -1.719  -1.526
   3.525  -4.054  -4.071  -4.085  -4.094  -4.102  -4.108  -4.112  -4.115  -4.116  -4.114  -4.114  -4.114  -4.113  -4.114  -4.113  -4.112  -4.111  -4.109  -4.109  -4.108  -4.107  -4.106  -4.104  -4.097  -4.082  -4.057  -4.022  -3.976  -3.922  -3.859  -3.789  -3.712  -3.628  -3.536  -3.436  -3.326  -3.207  -3.060  -2.904  -2.737  -2.552  -2.352  -2.172  -2.002  -1.827  -1.635
   3.550  -3.908  -3.941  -3.971  -3.996  -4.019  -4.038  -4.054  -4.068  -4.079  -4.089  -4.094  -4.096  -4.097  -4.097  -4.093  -4.088  -4.081  -4.072  -4.062  -4.049  -4.035  -4.019  -3.999  -3.973  -3.942  -3.902  -3.851  -3.790  -3.721  -3.643  -3.558  -3.468  -3.374  -3.276  -3.174  -3.069  -2.960  -2.847  -2.728  -2.604  -2.472  -2.332  -2.185  -2.029  -1.863  -1.689
   3.575  -3.636  -3.694  -3.749  -3.800  -3.847  -3.888  -3.926  -3.959  -3.988  -4.013  -4.032  -4.046  -4.053  -4.059  -4.061  -4.060  -4.057  -4.050  -4.043  -4.032  -4.016  -3.995  -3.962  -3.916  -3.864  -3.802  -3.725  -3.641  -3.552  -3.455  -3.354  -3.250  -3.145  -3.038  -2.931  -2.823  -2.715  -2.606  -2.495  -2.381  -2.272  -2.163  -2.034  -1.892  -1.742  -1.586
   3.600  -3.289  -3.369  -3.445  -3.518  -3.586  -3.649  -3.707  -3.761  -3.810  -3.853  -3.892  -3.926  -3.954  -3.979  -3.998  -4.012  -4.020  -4.024  -4.024  -4.015  -3.998  -3.972  -3.936  -3.884  -3.818  -3.738  -3.643  -3.536  -3.425  -3.307  -3.187  -3.067  -2.946  -2.826  -2.706  -2.588  -2.472  -2.357  -2.243  -2.129  -2.014  -1.896  -1.776  -1.651  -1.523  -1.392
   3.625  -2.889  -2.978  -3.064  -3.148  -3.230  -3.308  -3.383  -3.455  -3.523  -3.586  -3.646  -3.702  -3.755  -3.803  -3.846  -3.882  -3.911  -3.935  -3.951  -3.959  -3.951  -3.930  -3.901  -3.857  -3.793  -3.711  -3.614  -3.498  -3.369  -3.230  -3.088  -2.946  -2.803  -2.665  -2.530  -2.398  -2.271  -2.147  -2.025  -1.905  -1.786  -1.666  -1.547  -1.426  -1.304  -1.182
   3.650  -2.479  -2.569  -2.659  -2.749  -2.837  -2.925  -3.011  -3.096  -3.179  -3.259  -3.337  -3.412  -3.483  -3.550  -3.613  -3.670  -3.721  -3.766  -3.803  -3.834  -3.848  -3.845  -3.836  -3.816  -3.763  -3.685  -3.586  -3.465  -3.331  -3.179  -3.022  -2.862  -2.701  -2.545  -2.394  -2.247  -2.106  -1.969  -1.835  -1.704  -1.576  -1.450  -1.326  -1.202  -1.080  -0.959
   3.675  -2.104  -2.192  -2.280  -2.369  -2.460  -2.550  -2.640  -2.729  -2.818  -2.905  -2.990  -3.074  -3.155  -3.234  -3.309  -3.380  -3.446  -3.508  -3.562  -3.611  -3.647  -3.669  -3.684  -3.681  -3.649  -3.593  -3.512  -3.403  -3.279  -3.133  -2.979  -2.818  -2.650  -2.482  -2.315  -2.151  -1.992  -1.838  -1.689  -1.546  -1.407  -1.271  -1.138  -1.008  -0.879  -0.752
   3.700  -1.785  -1.862  -1.941  -2.023  -2.108  -2.194  -2.281  -2.369  -2.457  -2.545  -2.632  -2.719  -2.805  -2.889  -2.971  -3.050  -3.127  -3.201  -3.268  -3.330  -3.383  -3.428  -3.458  -3.462  -3.450  -3.426  -3.374  -3.288  -3.184  -3.058  -2.917  -2.762  -2.596  -2.427  -2.251  -2.077  -1.906  -1.738  -1.576  -1.420  -1.269  -1.122  -0.979  -0.838  -0.699  -0.563
   3.725  -1.554  -1.606  -1.666  -1.734  -1.806  -1.880  -1.958  -2.040  -2.123  -2.208  -2.294  -2.381  -2.468  -2.553  -2.638  -2.720  -2.801  -2.879  -2.952  -3.020  -3.080  -3.133  -3.172  -3.182  -3.181  -3.173  -3.138  -3.070  -2.987  -2.886  -2.769  -2.635  -2.490  -2.339  -2.178  -2.013  -1.844  -1.673  -1.504  -1.337  -1.172  -1.012  -0.855  -0.702  -0.553  -0.408
   3.750  -1.425  -1.449  -1.481  -1.521  -1.570  -1.626  -1.689  -1.758  -1.831  -1.907  -1.986  -2.067  -2.149  -2.231  -2.313  -2.394  -2.473  -2.550  -2.623  -2.692  -2.752  -2.807  -2.849  -2.862  -2.866  -2.868  -2.845  -2.792  -2.727  -2.647  -2.553  -2.448  -2.330  -2.203  -2.065  -1.918  -1.761  -1.597  -1.430  -1.258  -1.087  -0.918  -0.752  -0.589  -0.431  -0.277
   3.775  -1.381  -1.388  -1.398  -1.410  -1.431  -1.463  -1.501  -1.546  -1.599  -1.660  -1.722  -1.789  -1.860  -1.932  -2.008  -2.083  -2.157  -2.231  -2.299  -2.365  -2.422  -2.475  -2.515  -2.528  -2.535  -2.538  -2.521  -2.477  -2.422  -2.354  -2.275  -2.186  -2.087  -1.979  -1.862  -1.737  -1.603  -1.461  -1.312  -1.156  -0.996  -0.833  -0.667  -0.502  -0.338  -0.173
   3.800  -1.366  -1.366  -1.367  -1.369  -1.374  -1.383  -1.397  -1.416  -1.442  -1.476  -1.516  -1.563  -1.617  -1.674  -1.736  -1.799  -1.863  -1.927  -1.986  -2.043  -2.093  -2.138  -2.172  -2.183  -2.188  -2.189  -2.173  -2.134  -2.086  -2.027  -1.958  -1.881  -1.797  -1.706  -1.609  -1.505  -1.394  -1.277  -1.151  -1.017  -0.876  -0.726  -0.568  -0.407  -0.243  -0.074
   3.825  -1.366  -1.364  -1.362  -1.359  -1.358  -1.357  -1.357  -1.359  -1.365  -1.373  -1.390  -1.413  -1.441  -1.474  -1.515  -1.555  -1.599  -1.644  -1.687  -1.730  -1.767  -1.800  -1.824  -1.833  -1.834  -1.830  -1.813  -1.780  -1.738  -1.686  -1.627  -1.560  -1.487  -1.408  -1.323  -1.232  -1.137  -1.035  -0.926  -0.810  -0.687  -0.555  -0.415  -0.270  -0.119   0.039
   3.850  -1.366  -1.363  -1.360  -1.356  -1.352  -1.348  -1.344  -1.340  -1.336  -1.333  -1.332  -1.333  -1.335  -1.340  -1.350  -1.364  -1.382  -1.403  -1.423  -1.445  -1.463  -1.478  -1.488  -1.488  -1.483  -1.471  -1.450  -1.419  -1.381  -1.335  -1.283  -1.224  -1.159  -1.089  -1.014  -0.934  -0.849  -0.760  -0.665  -0.565  -0.459  -0.346  -0.227  -0.100   0.035   0.176
   3.875  -1.366  -1.364  -1.361  -1.358  -1.354  -1.349  -1.344  -1.338  -1.330  -1.322  -1.312  -1.301  -1.288  -1.272  -1.256  -1.245  -1.234  -1.224  -1.216  -1.207  -1.195  -1.184  -1.172  -1.156  -1.137  -1.116  -1.089  -1.057  -1.021  -0.979  -0.933  -0.881  -0.824  -0.763  -0.698  -0.627  -0.553  -0.474  -0.390  -0.301  -0.207  -0.107  -0.001   0.113   0.232   0.359
   3.900  -1.365  -1.364  -1.362  -1.359  -1.355  -1.350  -1.344  -1.337  -1.329  -1.319  -1.306  -1.291  -1.272  -1.249  -1.221  -1.189  -1.152  -1.111  -1.069  -1.024  -0.980  -0.938  -0.898  -0.859  -0.821  -0.784  -0.747  -0.710  -0.670  -0.629  -0.585  -0.538  -0.488  -0.433  -0.376  -0.314  -0.248  -0.178  -0.103  -0.024   0.061   0.151   0.246   0.347   0.454   0.567
   3.925  -1.332  -1.343  -1.347  -1.349  -1.349  -1.346  -1.342  -1.336  -1.330  -1.321  -1.308  -1.293  -1.273  -1.246  -1.213  -1.170  -1.118  -1.057  -0.987  -0.912  -0.838  -0.763  -0.689  -0.622  -0.555  -0.493  -0.438  -0.386  -0.338  -0.292  -0.246  -0.200  -0.153  -0.104  -0.053   0.001   0.059   0.120   0.186   0.257   0.332   0.413   0.498   0.589   0.686   0.789
   3.950  -1.250  -1.279  -1.302  -1.319  -1.331  -1.335  -1.335  -1.334  -1.331  -1.324  -1.311  -1.295  -1.274  -1.246  -1.210  -1.164  -1.107  -1.039  -0.959  -0.867  -0.767  -0.661  -0.551  -0.447  -0.348  -0.257  -0.177  -0.106  -0.042   0.015   0.068   0.118   0.165   0.213   0.260   0.309   0.361   0.415   0.474   0.537   0.604   0.676   0.753   0.836   0.925   1.019
   3.975  -1.108  -1.143  -1.179  -1.212  -1.242  -1.265  -1.283  -1.298  -1.309  -1.308  -1.301  -1.288  -1.271  -1.246  -1.213  -1.168  -1.112  -1.043  -0.959  -0.858  -0.744  -0.616  -0.479  -0.343  -0.212  -0.091   0.015   0.111   0.197   0.273   0.341   0.401   0.456   0.507   0.555   0.603   0.652   0.702   0.756   0.812   0.872   0.936   1.006   1.081   1.161   1.247
   4.000  -0.969  -1.000  -1.034  -1.071  -1.111  -1.150  -1.186  -1.218  -1.243  -1.262  -1.270  -1.267  -1.260  -1.245  -1.216  -1.173  -1.117  -1.046  -0.959  -0.855  -0.736  -0.602  -0.456  -0.307  -0.153  -0.005   0.133   0.262   0.376   0.476   0.564   0.641   0.708   0.769   0.823   0.874   0.924   0.973   1.024   1.075   1.130   1.189   1.252   1.320   1.393   1.472
   4.025  -0.905  -0.920  -0.940  -0.963  -0.991  -1.023  -1.057  -1.088  -1.118  -1.150  -1.174  -1.191  -1.202  -1.200  -1.183  -1.155  -1.107  -1.041  -0.957  -0.858  -0.743  -0.611  -0.464  -0.310  -0.145   0.022   0.186   0.346   0.491   0.616   0.727   0.821   0.906   0.983   1.049   1.109   1.165   1.217   1.269   1.320   1.373   1.428   1.487   1.550   1.618   1.689
   4.050  -0.877  -0.879  -0.883  -0.891  -0.901  -0.916  -0.936  -0.960  -0.987  -1.018  -1.047  -1.077  -1.101  -1.105  -1.103  -1.100  -1.077  -1.023  -0.952  -0.861  -0.751  -0.620  -0.472  -0.313  -0.142   0.031   0.203   0.374   0.533   0.684   0.822   0.945   1.054   1.150   1.233   1.307   1.373   1.432   1.489   1.542   1.596   1.651   1.707   1.768   1.831   1.898
   4.075  -0.864  -0.864  -0.865  -0.867  -0.870  -0.874  -0.880  -0.890  -0.904  -0.920  -0.937  -0.957  -0.973  -0.978  -0.979  -0.982  -0.974  -0.939  -0.888  -0.816  -0.723  -0.603  -0.464  -0.312  -0.150   0.017   0.189   0.364   0.532   0.700   0.862   1.014   1.151   1.267   1.366   1.458   1.539   1.610   1.676   1.736   1.794   1.852   1.909   1.969   2.031   2.095
   4.100  -0.857  -0.856  -0.855  -0.855  -0.854  -0.853  -0.852  -0.851  -0.851  -0.851  -0.852  -0.853  -0.854  -0.854  -0.850  -0.844  -0.831  -0.807  -0.768  -0.715  -0.644  -0.551  -0.440  -0.309  -0.159   0.003   0.175   0.354   0.530   0.705   0.875   1.038   1.192   1.332   1.457   1.570   1.668   1.755   1.833   1.903   1.968   2.031   2.091   2.153   2.216   2.279
   4.125  -0.851  -0.849  -0.846  -0.843  -0.841  -0.838  -0.835  -0.831  -0.827  -0.822  -0.815  -0.805  -0.794  -0.779  -0.758  -0.733  -0.704  -0.668  -0.622  -0.568  -0.502  -0.428  -0.341  -0.235  -0.108   0.033   0.191   0.359   0.526   0.695   0.863   1.031   1.197   1.357   1.509   1.642   1.760   1.865   1.959   2.041   2.117   2.187   2.253   2.319   2.384   2.448
   4.150  -0.849  -0.846  -0.842  -0.838  -0.834  -0.830  -0.826  -0.821  -0.815  -0.807  -0.796  -0.781  -0.761  -0.733  -0.696  -0.653  -0.602  -0.544  -0.483  -0.418  -0.347  -0.272  -0.191  -0.100   0.001   0.113   0.238   0.375   0.524   0.684   0.851   1.025   1.202   1.370   1.533   1.685   1.822   1.947   2.058   2.155   2.243   2.323   2.397   2.469   2.538   2.604
   4.175  -0.850  -0.846  -0.842  -0.837  -0.832  -0.825  -0.819  -0.812  -0.803  -0.793  -0.780  -0.763  -0.741  -0.710  -0.670  -0.619  -0.554  -0.479  -0.400  -0.312  -0.223  -0.135  -0.042   0.053   0.151   0.253   0.353   0.459   0.581   0.720   0.870   1.036   1.209   1.377   1.544   1.706   1.859   2.001   2.130   2.244   2.347   2.440   2.524   2.603   2.678   2.747
   4.200  -0.851  -0.847  -0.843  -0.837  -0.831  -0.824  -0.816  -0.808  -0.798  -0.787  -0.772  -0.754  -0.731  -0.698  -0.656  -0.602  -0.533  -0.450  -0.356  -0.249  -0.137  -0.024   0.090   0.200   0.307   0.409   0.501   0.590   0.691   0.803   0.927   1.069   1.224   1.386   1.555   1.723   1.885   2.042   2.185   2.315   2.434   2.540   2.635   2.724   2.806   2.880
   4.225  -0.851  -0.847  -0.843  -0.838  -0.833  -0.826  -0.818  -0.809  -0.798  -0.786  -0.769  -0.748  -0.723  -0.688  -0.645  -0.589  -0.520  -0.438  -0.339  -0.225  -0.101   0.034   0.170   0.303   0.437   0.555   0.641   0.723   0.819   0.923   1.036   1.156   1.288   1.432   1.591   1.752   1.914   2.076   2.228   2.372   2.505   2.624   2.731   2.831   2.922   3.003
   4.250  -0.850  -0.847  -0.843  -0.839  -0.834  -0.828  -0.820  -0.811  -0.799  -0.785  -0.768  -0.747  -0.720  -0.684  -0.641  -0.585  -0.516  -0.433  -0.333  -0.217  -0.088   0.055   0.207   0.358   0.512   0.651   0.757   0.847   0.948   1.056   1.167   1.278   1.392   1.519   1.657   1.802   1.957   2.117   2.272   2.424   2.567   2.698   2.818   2.928   3.028   3.118
   4.275  -0.849  -0.846  -0.842  -0.838  -0.833  -0.827  -0.820  -0.812  -0.800  -0.787  -0.770  -0.749  -0.722  -0.686  -0.642  -0.586  -0.515  -0.431  -0.331  -0.216  -0.087   0.059   0.217   0.372   0.527   0.677   0.813   0.931   1.052   1.174   1.294   1.407   1.518   1.637   1.760   1.891   2.032   2.180   2.329   2.481   2.627   2.765   2.896   3.016   3.125   3.225
   4.300  -0.846  -0.843  -0.840  -0.836  -0.831  -0.826  -0.820  -0.812  -0.801  -0.789  -0.772  -0.751  -0.725  -0.689  -0.644  -0.587  -0.515  -0.430  -0.330  -0.216  -0.087   0.061   0.220   0.376   0.531   0.685   0.837   0.987   1.132   1.274   1.408   1.532   1.649   1.766   1.881   2.001   2.129   2.263   2.403   2.549   2.694   2.836   2.973   3.100   3.218   3.327
   4.325  -0.833  -0.834  -0.834  -0.831  -0.828  -0.824  -0.818  -0.811  -0.800  -0.788  -0.772  -0.752  -0.726  -0.692  -0.649  -0.593  -0.521  -0.436  -0.335  -0.219  -0.089   0.060   0.219   0.374   0.527   0.683   0.847   1.016   1.179   1.338   1.490   1.630   1.762   1.889   2.008   2.127   2.249   2.373   2.504   2.641   2.779   2.918   3.056   3.186   3.309   3.426
   4.350  -0.801  -0.811  -0.818  -0.819  -0.819  -0.818  -0.814  -0.807  -0.797  -0.786  -0.771  -0.752  -0.727  -0.693  -0.652  -0.598  -0.528  -0.444  -0.343  -0.225  -0.093   0.056   0.215   0.371   0.523   0.682   0.854   1.032   1.207   1.382   1.550   1.708   1.858   1.999   2.129   2.254   2.376   2.496   2.620   2.748   2.878   3.013   3.148   3.278   3.404   3.525
   4.375  -0.738  -0.754  -0.768  -0.778  -0.787  -0.794  -0.797  -0.796  -0.789  -0.780  -0.767  -0.749  -0.725  -0.692  -0.651  -0.598  -0.532  -0.451  -0.352  -0.235  -0.102   0.048   0.210   0.369   0.527   0.690   0.866   1.048   1.229   1.411   1.589   1.762   1.928   2.084   2.229   2.367   2.496   2.620   2.745   2.869   2.995   3.124   3.255   3.382   3.507   3.631
   4.400  -0.675  -0.690  -0.705  -0.721  -0.737  -0.751  -0.761  -0.768  -0.768  -0.764  -0.756  -0.742  -0.719  -0.688  -0.649  -0.598  -0.533  -0.454  -0.357  -0.241  -0.110   0.040   0.204   0.367   0.532   0.702   0.879   1.061   1.245   1.432   1.617   1.801   1.981   2.151   2.312   2.465   2.606   2.740   2.869   2.995   3.119   3.245   3.370   3.494   3.617   3.740
   4.425  -0.643  -0.651  -0.659  -0.668  -0.679  -0.691  -0.701  -0.710  -0.717  -0.721  -0.721  -0.714  -0.699  -0.675  -0.639  -0.591  -0.528  -0.450  -0.355  -0.241  -0.112   0.035   0.196   0.362   0.533   0.709   0.891   1.077   1.264   1.453   1.642   1.832   2.020   2.201   2.376   2.543   2.698   2.844   2.983   3.115   3.243   3.369   3.492   3.614   3.734   3.853
   4.450  -0.628  -0.627  -0.627  -0.627  -0.630  -0.634  -0.640  -0.648  -0.655  -0.662  -0.666  -0.663  -0.656  -0.642  -0.613  -0.569  -0.512  -0.439  -0.348  -0.238  -0.112   0.032   0.191   0.357   0.534   0.716   0.902   1.091   1.281   1.472   1.664   1.858   2.051   2.240   2.426   2.605   2.774   2.933   3.084   3.225   3.360   3.489   3.613   3.734   3.852   3.967
   4.475  -0.620  -0.616  -0.613  -0.610  -0.607  -0.604  -0.604  -0.606  -0.607  -0.608  -0.606  -0.601  -0.591  -0.578  -0.555  -0.517  -0.467  -0.402  -0.318  -0.216  -0.096   0.043   0.198   0.363   0.540   0.724   0.912   1.104   1.297   1.490   1.685   1.882   2.079   2.274   2.468   2.655   2.834   3.006   3.167   3.319   3.462   3.596   3.723   3.847   3.967   4.082
   4.500  -0.617  -0.613  -0.608  -0.604  -0.599  -0.593  -0.585  -0.576  -0.565  -0.552  -0.537  -0.522  -0.505  -0.485  -0.463  -0.432  -0.390  -0.336  -0.263  -0.171  -0.061   0.069   0.216   0.376   0.550   0.733   0.921   1.116   1.311   1.507   1.705   1.904   2.103   2.301   2.499   2.692   2.880   3.062   3.234   3.398   3.552   3.694   3.826   3.955   4.079   4.198

