low temperature opacities from Ferguson, Alexander, et al (2005) with gs98 metals
    form     version        X           Z          logRs    logR_min    logR_max       logTs    logT_min    logT_max
       1          38    0.350000    0.040000          46   -8.000000    1.000000         105    2.700000    4.500000

   logT                       logR = logRho - 3*logT + 18
          -8.000  -7.800  -7.600  -7.400  -7.200  -7.000  -6.800  -6.600  -6.400  -6.200  -6.000  -5.800  -5.600  -5.400  -5.200  -5.000  -4.800  -4.600  -4.400  -4.200  -4.000  -3.800  -3.600  -3.400  -3.200  -3.000  -2.800  -2.600  -2.400  -2.200  -2.000  -1.800  -1.600  -1.400  -1.200  -1.000  -0.800  -0.600  -0.400  -0.200   0.000   0.200   0.400   0.600   0.800   1.000

   2.700   0.068   0.068   0.068   0.068   0.068   0.068   0.068   0.068   0.068   0.068   0.068   0.068   0.068   0.067   0.065   0.063   0.065   0.067   0.068   0.068   0.068   0.061   0.050   0.048   0.050   0.053   0.060   0.067   0.068   0.068   0.068   0.061   0.050   0.045   0.043   0.042   0.042   0.043   0.044   0.048   0.053   0.056   0.058   0.061   0.064   0.068
   2.750   0.029   0.029   0.029   0.029   0.029   0.029   0.029   0.030   0.030   0.030   0.030   0.030   0.030   0.030   0.030   0.030   0.030   0.030   0.030   0.030   0.030   0.030   0.030   0.030   0.030   0.030   0.030   0.030   0.030   0.030   0.030   0.032   0.037   0.040   0.042   0.043   0.044   0.045   0.047   0.051   0.055   0.058   0.060   0.062   0.066   0.069
   2.800  -0.002   0.005   0.010   0.014   0.016   0.018   0.020   0.021   0.021   0.022   0.022   0.022   0.022   0.022   0.022   0.022   0.022   0.022   0.022   0.022   0.022   0.022   0.023   0.023   0.023   0.023   0.023   0.023   0.023   0.023   0.023   0.027   0.035   0.041   0.046   0.049   0.051   0.052   0.054   0.058   0.061   0.063   0.065   0.067   0.070   0.073
   2.850  -0.030  -0.023  -0.015  -0.007   0.002   0.011   0.019   0.027   0.033   0.040   0.045   0.049   0.052   0.054   0.057   0.058   0.059   0.059   0.059   0.060   0.060   0.060   0.060   0.060   0.061   0.061   0.061   0.061   0.061   0.061   0.061   0.060   0.060   0.060   0.061   0.063   0.064   0.065   0.066   0.068   0.070   0.071   0.073   0.075   0.077   0.079
   2.900  -0.017  -0.016  -0.015  -0.015  -0.014  -0.014  -0.014  -0.013  -0.009   0.012   0.033   0.042   0.047   0.053   0.060   0.066   0.071   0.074   0.078   0.081   0.084   0.086   0.087   0.089   0.089   0.090   0.091   0.092   0.092   0.092   0.092   0.090   0.087   0.084   0.082   0.081   0.080   0.080   0.080   0.081   0.082   0.082   0.083   0.084   0.085   0.087
   2.910  -0.011  -0.007  -0.004  -0.002   0.000   0.001   0.002   0.002   0.002   0.002   0.002   0.018   0.046   0.059   0.063   0.067   0.073   0.079   0.083   0.086   0.089   0.091   0.093   0.095   0.097   0.098   0.098   0.099   0.099   0.100   0.101   0.101   0.101   0.101   0.099   0.097   0.096   0.095   0.095   0.094   0.094   0.094   0.095   0.095   0.096   0.097
   2.920  -0.027  -0.013  -0.002   0.005   0.009   0.012   0.014   0.016   0.016   0.017   0.017   0.017   0.017   0.022   0.050   0.073   0.079   0.082   0.086   0.091   0.095   0.098   0.101   0.103   0.104   0.105   0.106   0.107   0.107   0.108   0.109   0.109   0.110   0.110   0.109   0.109   0.109   0.108   0.107   0.107   0.107   0.107   0.107   0.107   0.107   0.108
   2.930  -0.069  -0.046  -0.027  -0.010   0.003   0.014   0.021   0.025   0.028   0.030   0.031   0.032   0.032   0.031   0.029   0.027   0.048   0.082   0.094   0.097   0.100   0.103   0.107   0.109   0.111   0.113   0.114   0.115   0.115   0.116   0.117   0.118   0.118   0.118   0.119   0.119   0.119   0.119   0.119   0.119   0.119   0.118   0.118   0.118   0.119   0.119
   2.940  -0.291  -0.179  -0.096  -0.047  -0.024  -0.008   0.009   0.022   0.031   0.037   0.041   0.044   0.045   0.047   0.047   0.048   0.061   0.084   0.097   0.104   0.108   0.111   0.113   0.115   0.118   0.120   0.121   0.123   0.123   0.124   0.125   0.126   0.126   0.127   0.127   0.128   0.128   0.129   0.129   0.130   0.130   0.130   0.130   0.130   0.130   0.130
   2.950  -0.285  -0.285  -0.285  -0.265  -0.156  -0.059  -0.025  -0.008   0.011   0.028   0.041   0.049   0.054   0.058   0.060   0.061   0.062   0.062   0.068   0.090   0.110   0.118   0.123   0.125   0.126   0.127   0.129   0.130   0.132   0.133   0.134   0.135   0.136   0.137   0.138   0.138   0.139   0.140   0.141   0.141   0.141   0.141   0.142   0.142   0.142   0.142
   2.960  -0.279  -0.278  -0.278  -0.278  -0.278  -0.278  -0.216  -0.103  -0.035   0.000   0.023   0.040   0.050   0.058   0.065   0.070   0.073   0.075   0.077   0.077   0.078   0.093   0.117   0.129   0.134   0.137   0.140   0.141   0.143   0.144   0.145   0.145   0.146   0.147   0.149   0.151   0.152   0.153   0.153   0.153   0.153   0.153   0.153   0.153   0.153   0.153
   2.970  -0.275  -0.274  -0.272  -0.272  -0.271  -0.271  -0.257  -0.222  -0.175  -0.110  -0.049  -0.002   0.034   0.053   0.062   0.068   0.076   0.082   0.087   0.090   0.091   0.091   0.092   0.097   0.123   0.143   0.147   0.149   0.151   0.152   0.153   0.154   0.155   0.157   0.162   0.165   0.166   0.167   0.167   0.166   0.165   0.165   0.165   0.164   0.164   0.164
   2.980  -0.279  -0.274  -0.270  -0.267  -0.265  -0.264  -0.263  -0.263  -0.263  -0.263  -0.262  -0.199  -0.083  -0.012   0.028   0.057   0.083   0.100   0.102   0.101   0.100   0.102   0.105   0.105   0.103   0.101   0.120   0.150   0.159   0.160   0.162   0.166   0.171   0.175   0.178   0.179   0.179   0.179   0.178   0.177   0.176   0.175   0.174   0.174   0.174   0.174
   2.990  -0.319  -0.298  -0.281  -0.270  -0.265  -0.261  -0.258  -0.257  -0.255  -0.255  -0.254  -0.254  -0.253  -0.234  -0.126  -0.022   0.027   0.057   0.085   0.106   0.123   0.134   0.140   0.145   0.149   0.150   0.149   0.147   0.152   0.180   0.198   0.195   0.191   0.189   0.189   0.189   0.188   0.187   0.186   0.185   0.184   0.183   0.182   0.182   0.182   0.181
   3.000  -0.515  -0.424  -0.354  -0.308  -0.284  -0.270  -0.260  -0.255  -0.251  -0.248  -0.246  -0.245  -0.245  -0.233  -0.173  -0.109  -0.064  -0.024   0.016   0.054   0.087   0.110   0.127   0.140   0.148   0.154   0.157   0.159   0.161   0.161   0.162   0.173   0.189   0.192   0.192   0.191   0.191   0.191   0.190   0.189   0.189   0.188   0.188   0.188   0.188   0.188
   3.010  -1.250  -0.923  -0.668  -0.490  -0.395  -0.337  -0.296  -0.274  -0.259  -0.250  -0.245  -0.241  -0.238  -0.236  -0.235  -0.234  -0.215  -0.173  -0.118  -0.046   0.019   0.061   0.092   0.117   0.135   0.148   0.157   0.163   0.166   0.168   0.170   0.176   0.183   0.187   0.188   0.189   0.191   0.191   0.192   0.192   0.192   0.192   0.192   0.192   0.192   0.193
   3.020  -1.283  -1.272  -1.238  -1.148  -0.884  -0.629  -0.483  -0.382  -0.316  -0.282  -0.261  -0.247  -0.239  -0.233  -0.229  -0.227  -0.225  -0.224  -0.210  -0.140  -0.066  -0.018   0.023   0.060   0.094   0.121   0.141   0.154   0.165   0.171   0.175   0.177   0.179   0.181   0.185   0.189   0.191   0.192   0.194   0.194   0.195   0.196   0.196   0.197   0.197   0.197
   3.030  -1.272  -1.271  -1.268  -1.260  -1.233  -1.180  -1.018  -0.778  -0.598  -0.459  -0.356  -0.296  -0.265  -0.245  -0.233  -0.226  -0.220  -0.217  -0.215  -0.214  -0.212  -0.162  -0.070  -0.008   0.034   0.069   0.102   0.130   0.151   0.165   0.175   0.181   0.184   0.187   0.189   0.191   0.194   0.196   0.197   0.199   0.200   0.201   0.202   0.202   0.203   0.203
   3.040  -1.270  -1.256  -1.249  -1.250  -1.260  -1.267  -1.249  -1.196  -1.098  -0.931  -0.753  -0.580  -0.420  -0.324  -0.278  -0.250  -0.230  -0.220  -0.212  -0.207  -0.204  -0.202  -0.201  -0.184  -0.096  -0.007   0.043   0.080   0.113   0.141   0.162   0.175   0.182   0.189   0.192   0.195   0.198   0.201   0.203   0.204   0.206   0.207   0.208   0.209   0.210   0.211
   3.050  -1.339  -1.297  -1.264  -1.242  -1.230  -1.224  -1.222  -1.220  -1.214  -1.185  -1.127  -1.013  -0.854  -0.690  -0.505  -0.362  -0.292  -0.257  -0.229  -0.214  -0.204  -0.197  -0.194  -0.191  -0.189  -0.187  -0.125  -0.015   0.055   0.096   0.126   0.151   0.168   0.181   0.189   0.195   0.201   0.205   0.208   0.211   0.213   0.215   0.216   0.217   0.218   0.219
   3.060  -1.222  -1.287  -1.322  -1.321  -1.287  -1.251  -1.224  -1.203  -1.196  -1.194  -1.191  -1.175  -1.134  -1.057  -0.926  -0.774  -0.599  -0.423  -0.315  -0.263  -0.231  -0.208  -0.196  -0.187  -0.182  -0.179  -0.177  -0.175  -0.152  -0.040   0.066   0.112   0.136   0.158   0.174   0.186   0.196   0.204   0.210   0.215   0.219   0.222   0.224   0.226   0.227   0.229
   3.070  -1.176  -1.177  -1.180  -1.196  -1.260  -1.301  -1.279  -1.237  -1.207  -1.185  -1.171  -1.166  -1.163  -1.153  -1.135  -1.098  -0.994  -0.832  -0.671  -0.495  -0.351  -0.272  -0.231  -0.203  -0.188  -0.178  -0.172  -0.168  -0.148  -0.075  -0.002   0.045   0.082   0.115   0.142   0.164   0.181   0.194   0.205   0.214   0.221   0.226   0.230   0.234   0.236   0.238
   3.080  -1.161  -1.157  -1.154  -1.155  -1.160  -1.170  -1.201  -1.237  -1.240  -1.219  -1.194  -1.168  -1.146  -1.144  -1.156  -1.163  -1.130  -1.078  -1.068  -1.069  -1.070  -0.836  -0.444  -0.287  -0.232  -0.200  -0.179  -0.168  -0.159  -0.156  -0.150  -0.106  -0.030   0.030   0.082   0.125   0.153   0.172   0.190   0.205   0.217   0.226   0.233   0.239   0.243   0.247
   3.090  -1.137  -1.137  -1.136  -1.135  -1.132  -1.130  -1.131  -1.133  -1.144  -1.183  -1.207  -1.198  -1.179  -1.158  -1.130  -1.112  -1.108  -1.106  -1.099  -1.088  -1.067  -0.967  -0.794  -0.627  -0.447  -0.306  -0.236  -0.200  -0.173  -0.160  -0.146  -0.124  -0.095  -0.050   0.013   0.070   0.107   0.134   0.160   0.184   0.204   0.218   0.229   0.239   0.247   0.253
   3.100  -1.119  -1.116  -1.114  -1.112  -1.111  -1.110  -1.110  -1.110  -1.109  -1.104  -1.100  -1.117  -1.144  -1.149  -1.145  -1.139  -1.119  -1.090  -1.076  -1.071  -1.065  -1.058  -1.048  -1.005  -0.837  -0.650  -0.489  -0.338  -0.241  -0.191  -0.164  -0.151  -0.144  -0.118  -0.057   0.003   0.045   0.080   0.115   0.149   0.179   0.200   0.216   0.231   0.244   0.255
   3.110  -1.117  -1.107  -1.099  -1.094  -1.090  -1.088  -1.086  -1.084  -1.084  -1.083  -1.083  -1.082  -1.080  -1.083  -1.101  -1.112  -1.106  -1.093  -1.078  -1.059  -1.049  -1.058  -1.071  -1.070  -1.038  -0.974  -0.849  -0.682  -0.525  -0.363  -0.248  -0.201  -0.176  -0.143  -0.107  -0.069  -0.029   0.012   0.055   0.100   0.140   0.169   0.192   0.213   0.233   0.250
   3.120  -1.178  -1.144  -1.116  -1.096  -1.084  -1.076  -1.070  -1.066  -1.062  -1.060  -1.058  -1.056  -1.055  -1.054  -1.053  -1.053  -1.060  -1.071  -1.072  -1.064  -1.053  -1.038  -1.021  -1.010  -1.006  -0.999  -0.985  -0.958  -0.889  -0.713  -0.535  -0.407  -0.301  -0.229  -0.194  -0.163  -0.119  -0.071  -0.020   0.036   0.086   0.122   0.153   0.182   0.210   0.236
   3.130  -1.684  -1.430  -1.247  -1.163  -1.126  -1.101  -1.079  -1.065  -1.054  -1.046  -1.040  -1.036  -1.033  -1.031  -1.031  -1.030  -1.027  -1.024  -1.025  -1.037  -1.044  -1.038  -1.024  -1.010  -0.994  -0.979  -0.966  -0.953  -0.939  -0.926  -0.901  -0.777  -0.580  -0.448  -0.363  -0.293  -0.230  -0.174  -0.113  -0.047   0.013   0.059   0.097   0.136   0.174   0.211
   3.140  -2.667  -2.218  -1.850  -1.564  -1.362  -1.231  -1.159  -1.122  -1.088  -1.063  -1.044  -1.030  -1.021  -1.014  -1.009  -1.006  -1.005  -1.004  -1.001  -0.992  -0.987  -0.997  -1.012  -1.011  -0.987  -0.964  -0.954  -0.948  -0.939  -0.929  -0.909  -0.854  -0.766  -0.672  -0.565  -0.464  -0.382  -0.307  -0.230  -0.150  -0.079  -0.023   0.024   0.073   0.122   0.170
   3.150  -3.128  -2.828  -2.577  -2.385  -2.271  -2.110  -1.779  -1.418  -1.242  -1.168  -1.118  -1.074  -1.044  -1.021  -1.006  -0.995  -0.987  -0.983  -0.979  -0.977  -0.975  -0.974  -0.973  -0.974  -0.976  -0.978  -0.964  -0.937  -0.918  -0.906  -0.895  -0.886  -0.875  -0.840  -0.740  -0.631  -0.543  -0.456  -0.367  -0.274  -0.190  -0.124  -0.067  -0.008   0.052   0.112
   3.160  -3.638  -3.307  -3.007  -2.735  -2.487  -2.286  -2.169  -2.084  -1.925  -1.696  -1.483  -1.319  -1.187  -1.098  -1.054  -1.024  -0.998  -0.981  -0.968  -0.960  -0.955  -0.951  -0.949  -0.947  -0.945  -0.944  -0.946  -0.950  -0.946  -0.916  -0.886  -0.874  -0.865  -0.841  -0.805  -0.753  -0.682  -0.598  -0.507  -0.408  -0.315  -0.240  -0.174  -0.104  -0.034   0.036
   3.170  -4.122  -3.804  -3.494  -3.191  -2.888  -2.618  -2.392  -2.207  -2.072  -1.989  -1.936  -1.910  -1.896  -1.804  -1.475  -1.194  -1.092  -1.039  -0.996  -0.971  -0.954  -0.941  -0.933  -0.927  -0.924  -0.921  -0.914  -0.907  -0.907  -0.913  -0.917  -0.898  -0.863  -0.841  -0.829  -0.808  -0.764  -0.701  -0.626  -0.533  -0.442  -0.364  -0.290  -0.213  -0.136  -0.057
   3.180  -4.527  -4.256  -3.973  -3.673  -3.353  -3.046  -2.758  -2.495  -2.284  -2.125  -2.005  -1.927  -1.883  -1.855  -1.845  -1.827  -1.655  -1.369  -1.187  -1.082  -1.011  -0.967  -0.944  -0.925  -0.913  -0.905  -0.898  -0.895  -0.895  -0.899  -0.901  -0.885  -0.857  -0.841  -0.835  -0.825  -0.799  -0.759  -0.704  -0.631  -0.554  -0.480  -0.405  -0.327  -0.246  -0.162
   3.190  -4.817  -4.617  -4.387  -4.122  -3.820  -3.510  -3.199  -2.894  -2.623  -2.381  -2.181  -2.037  -1.936  -1.866  -1.830  -1.807  -1.794  -1.787  -1.737  -1.540  -1.334  -1.181  -1.051  -0.975  -0.938  -0.914  -0.895  -0.885  -0.876  -0.871  -0.866  -0.858  -0.849  -0.841  -0.834  -0.823  -0.806  -0.781  -0.745  -0.697  -0.641  -0.578  -0.508  -0.434  -0.356  -0.272
   3.200  -4.980  -4.862  -4.701  -4.494  -4.236  -3.955  -3.653  -3.337  -3.035  -2.739  -2.476  -2.260  -2.085  -1.954  -1.871  -1.815  -1.779  -1.760  -1.745  -1.737  -1.732  -1.729  -1.727  -1.654  -1.282  -0.998  -0.940  -0.909  -0.883  -0.867  -0.855  -0.847  -0.843  -0.837  -0.831  -0.821  -0.806  -0.787  -0.763  -0.735  -0.698  -0.649  -0.591  -0.527  -0.456  -0.379
   3.210  -5.037  -4.988  -4.894  -4.754  -4.565  -4.339  -4.071  -3.772  -3.470  -3.158  -2.861  -2.588  -2.340  -2.141  -1.988  -1.874  -1.802  -1.762  -1.732  -1.715  -1.704  -1.696  -1.692  -1.688  -1.687  -1.684  -1.458  -1.088  -0.949  -0.904  -0.876  -0.856  -0.846  -0.836  -0.830  -0.822  -0.809  -0.794  -0.777  -0.759  -0.734  -0.697  -0.652  -0.599  -0.540  -0.473
   3.220  -5.027  -5.013  -4.972  -4.901  -4.787  -4.628  -4.416  -4.161  -3.886  -3.582  -3.276  -2.974  -2.682  -2.428  -2.206  -2.026  -1.898  -1.809  -1.745  -1.709  -1.687  -1.671  -1.663  -1.657  -1.653  -1.650  -1.648  -1.647  -1.580  -1.238  -0.976  -0.920  -0.891  -0.874  -0.866  -0.857  -0.840  -0.821  -0.802  -0.785  -0.763  -0.733  -0.697  -0.655  -0.607  -0.553
   3.230  -4.988  -4.985  -4.975  -4.954  -4.900  -4.803  -4.660  -4.474  -4.247  -3.973  -3.682  -3.381  -3.074  -2.787  -2.512  -2.272  -2.077  -1.922  -1.808  -1.739  -1.693  -1.661  -1.645  -1.632  -1.624  -1.619  -1.615  -1.613  -1.611  -1.610  -1.609  -1.471  -1.221  -1.072  -1.000  -0.950  -0.910  -0.883  -0.855  -0.830  -0.803  -0.773  -0.740  -0.704  -0.663  -0.619
   3.240  -4.949  -4.949  -4.947  -4.943  -4.921  -4.878  -4.804  -4.687  -4.519  -4.300  -4.050  -3.770  -3.468  -3.171  -2.871  -2.592  -2.343  -2.124  -1.953  -1.829  -1.738  -1.678  -1.644  -1.618  -1.603  -1.594  -1.587  -1.583  -1.580  -1.578  -1.576  -1.520  -1.410  -1.309  -1.205  -1.112  -1.045  -0.993  -0.945  -0.904  -0.866  -0.829  -0.793  -0.756  -0.719  -0.680
   3.250  -4.930  -4.925  -4.918  -4.910  -4.903  -4.888  -4.857  -4.795  -4.689  -4.541  -4.351  -4.110  -3.833  -3.548  -3.246  -2.951  -2.669  -2.404  -2.179  -1.991  -1.841  -1.738  -1.672  -1.623  -1.595  -1.578  -1.565  -1.558  -1.552  -1.549  -1.546  -1.545  -1.544  -1.522  -1.406  -1.283  -1.203  -1.133  -1.069  -1.010  -0.958  -0.910  -0.867  -0.824  -0.784  -0.746
   3.260  -4.936  -4.917  -4.901  -4.889  -4.881  -4.869  -4.852  -4.825  -4.772  -4.687  -4.559  -4.376  -4.150  -3.897  -3.609  -3.315  -3.021  -2.732  -2.469  -2.226  -2.021  -1.865  -1.748  -1.662  -1.611  -1.576  -1.552  -1.538  -1.528  -1.522  -1.518  -1.516  -1.514  -1.505  -1.466  -1.411  -1.345  -1.271  -1.201  -1.133  -1.070  -1.012  -0.960  -0.911  -0.866  -0.824
   3.270  -4.952  -4.929  -4.907  -4.887  -4.870  -4.852  -4.838  -4.821  -4.789  -4.747  -4.672  -4.552  -4.394  -4.189  -3.934  -3.659  -3.372  -3.075  -2.793  -2.518  -2.271  -2.062  -1.886  -1.752  -1.661  -1.596  -1.553  -1.531  -1.512  -1.501  -1.494  -1.490  -1.488  -1.482  -1.473  -1.457  -1.421  -1.367  -1.310  -1.246  -1.183  -1.123  -1.065  -1.012  -0.963  -0.918
   3.280  -4.961  -4.945  -4.925  -4.904  -4.878  -4.853  -4.832  -4.811  -4.786  -4.762  -4.717  -4.647  -4.549  -4.399  -4.199  -3.966  -3.700  -3.411  -3.126  -2.837  -2.564  -2.313  -2.085  -1.903  -1.764  -1.658  -1.586  -1.541  -1.507  -1.488  -1.476  -1.467  -1.462  -1.458  -1.456  -1.453  -1.439  -1.412  -1.375  -1.327  -1.276  -1.222  -1.166  -1.116  -1.068  -1.024
   3.290  -4.947  -4.944  -4.936  -4.922  -4.898  -4.872  -4.845  -4.816  -4.788  -4.763  -4.728  -4.686  -4.627  -4.527  -4.390  -4.213  -3.984  -3.719  -3.446  -3.158  -2.875  -2.602  -2.342  -2.119  -1.926  -1.770  -1.657  -1.578  -1.520  -1.487  -1.466  -1.450  -1.442  -1.436  -1.432  -1.428  -1.422  -1.414  -1.397  -1.369  -1.334  -1.294  -1.250  -1.210  -1.172  -1.135
   3.300  -4.901  -4.916  -4.923  -4.922  -4.911  -4.892  -4.867  -4.837  -4.805  -4.773  -4.737  -4.702  -4.659  -4.592  -4.506  -4.381  -4.204  -3.987  -3.743  -3.465  -3.182  -2.902  -2.626  -2.373  -2.137  -1.935  -1.778  -1.657  -1.566  -1.509  -1.470  -1.443  -1.429  -1.417  -1.410  -1.404  -1.400  -1.397  -1.388  -1.375  -1.359  -1.337  -1.312  -1.289  -1.267  -1.246
   3.310  -4.827  -4.861  -4.884  -4.891  -4.894  -4.895  -4.884  -4.860  -4.832  -4.798  -4.760  -4.722  -4.679  -4.626  -4.567  -4.480  -4.354  -4.194  -3.991  -3.741  -3.474  -3.198  -2.916  -2.647  -2.386  -2.152  -1.952  -1.783  -1.652  -1.560  -1.493  -1.448  -1.422  -1.402  -1.390  -1.382  -1.375  -1.371  -1.367  -1.365  -1.363  -1.361  -1.359  -1.357  -1.355  -1.354
   3.320  -4.731  -4.775  -4.811  -4.840  -4.863  -4.872  -4.870  -4.864  -4.851  -4.825  -4.791  -4.752  -4.707  -4.657  -4.606  -4.537  -4.448  -4.335  -4.176  -3.971  -3.739  -3.478  -3.197  -2.925  -2.653  -2.398  -2.164  -1.952  -1.781  -1.648  -1.546  -1.476  -1.433  -1.399  -1.380  -1.366  -1.355  -1.349  -1.343  -1.340  -1.337  -1.334  -1.332  -1.330  -1.328  -1.327
   3.330  -4.625  -4.675  -4.720  -4.759  -4.793  -4.820  -4.838  -4.847  -4.846  -4.834  -4.813  -4.783  -4.743  -4.697  -4.645  -4.582  -4.511  -4.424  -4.301  -4.147  -3.959  -3.726  -3.462  -3.197  -2.921  -2.654  -2.399  -2.159  -1.954  -1.781  -1.640  -1.537  -1.465  -1.410  -1.378  -1.356  -1.340  -1.331  -1.323  -1.317  -1.313  -1.310  -1.307  -1.305  -1.302  -1.300
   3.340  -4.517  -4.569  -4.618  -4.664  -4.708  -4.746  -4.779  -4.804  -4.811  -4.813  -4.814  -4.802  -4.773  -4.735  -4.688  -4.630  -4.566  -4.489  -4.390  -4.273  -4.123  -3.928  -3.700  -3.452  -3.180  -2.908  -2.645  -2.390  -2.160  -1.949  -1.770  -1.630  -1.522  -1.442  -1.392  -1.357  -1.332  -1.317  -1.305  -1.297  -1.291  -1.286  -1.283  -1.279  -1.276  -1.273
   3.350  -4.416  -4.465  -4.513  -4.561  -4.610  -4.655  -4.696  -4.732  -4.760  -4.781  -4.790  -4.787  -4.777  -4.759  -4.725  -4.678  -4.621  -4.550  -4.465  -4.366  -4.241  -4.083  -3.897  -3.677  -3.420  -3.155  -2.890  -2.627  -2.379  -2.142  -1.933  -1.759  -1.616  -1.505  -1.429  -1.373  -1.333  -1.309  -1.290  -1.279  -1.271  -1.264  -1.259  -1.255  -1.251  -1.248
   3.360  -4.325  -4.368  -4.413  -4.460  -4.509  -4.557  -4.603  -4.647  -4.684  -4.717  -4.740  -4.752  -4.758  -4.757  -4.740  -4.709  -4.666  -4.608  -4.534  -4.446  -4.337  -4.207  -4.052  -3.861  -3.634  -3.389  -3.129  -2.859  -2.602  -2.352  -2.123  -1.919  -1.741  -1.597  -1.488  -1.405  -1.348  -1.312  -1.284  -1.266  -1.254  -1.244  -1.237  -1.231  -1.226  -1.222
   3.370  -4.247  -4.284  -4.323  -4.366  -4.411  -4.458  -4.506  -4.553  -4.596  -4.637  -4.672  -4.701  -4.722  -4.725  -4.721  -4.715  -4.694  -4.652  -4.594  -4.520  -4.425  -4.311  -4.175  -4.010  -3.816  -3.598  -3.350  -3.083  -2.825  -2.567  -2.324  -2.097  -1.890  -1.717  -1.576  -1.463  -1.383  -1.328  -1.285  -1.259  -1.240  -1.226  -1.216  -1.208  -1.201  -1.197
   3.380  -4.180  -4.212  -4.246  -4.283  -4.323  -4.365  -4.410  -4.457  -4.503  -4.548  -4.590  -4.626  -4.657  -4.678  -4.691  -4.695  -4.688  -4.667  -4.631  -4.577  -4.502  -4.404  -4.284  -4.138  -3.969  -3.774  -3.547  -3.297  -3.043  -2.780  -2.525  -2.285  -2.059  -1.862  -1.690  -1.548  -1.440  -1.360  -1.299  -1.260  -1.232  -1.212  -1.199  -1.187  -1.178  -1.172
   3.390  -4.119  -4.147  -4.177  -4.210  -4.244  -4.282  -4.323  -4.366  -4.410  -4.456  -4.500  -4.542  -4.581  -4.614  -4.642  -4.654  -4.653  -4.651  -4.643  -4.611  -4.555  -4.479  -4.380  -4.254  -4.101  -3.924  -3.719  -3.492  -3.249  -2.985  -2.725  -2.477  -2.239  -2.023  -1.825  -1.655  -1.518  -1.409  -1.326  -1.272  -1.232  -1.202  -1.183  -1.167  -1.155  -1.147
   3.400  -4.067  -4.091  -4.117  -4.145  -4.176  -4.209  -4.244  -4.282  -4.323  -4.366  -4.410  -4.454  -4.497  -4.534  -4.568  -4.595  -4.612  -4.621  -4.620  -4.605  -4.576  -4.528  -4.454  -4.350  -4.217  -4.058  -3.873  -3.664  -3.435  -3.181  -2.924  -2.669  -2.418  -2.187  -1.970  -1.779  -1.617  -1.482  -1.376  -1.300  -1.242  -1.200  -1.172  -1.149  -1.132  -1.123
   3.410  -4.024  -4.043  -4.064  -4.088  -4.115  -4.144  -4.175  -4.208  -4.244  -4.283  -4.323  -4.366  -4.409  -4.450  -4.490  -4.524  -4.553  -4.573  -4.576  -4.573  -4.567  -4.545  -4.495  -4.417  -4.311  -4.177  -4.010  -3.816  -3.602  -3.364  -3.116  -2.858  -2.598  -2.355  -2.125  -1.916  -1.732  -1.572  -1.442  -1.341  -1.262  -1.205  -1.167  -1.136  -1.113  -1.100
   3.420  -3.994  -4.005  -4.020  -4.039  -4.062  -4.087  -4.114  -4.143  -4.174  -4.208  -4.244  -4.283  -4.324  -4.364  -4.406  -4.444  -4.478  -4.507  -4.522  -4.530  -4.533  -4.523  -4.495  -4.446  -4.373  -4.268  -4.125  -3.950  -3.752  -3.530  -3.292  -3.039  -2.776  -2.526  -2.283  -2.058  -1.855  -1.673  -1.520  -1.396  -1.296  -1.222  -1.170  -1.128  -1.097  -1.078
   3.430  -3.974  -3.979  -3.988  -4.001  -4.017  -4.037  -4.059  -4.085  -4.112  -4.141  -4.173  -4.208  -4.244  -4.282  -4.322  -4.360  -4.397  -4.430  -4.456  -4.474  -4.482  -4.478  -4.465  -4.441  -4.395  -4.317  -4.204  -4.060  -3.885  -3.678  -3.451  -3.208  -2.952  -2.698  -2.443  -2.202  -1.983  -1.783  -1.610  -1.465  -1.344  -1.250  -1.180  -1.123  -1.082  -1.057
   3.440  -3.964  -3.965  -3.968  -3.973  -3.983  -3.996  -4.013  -4.034  -4.057  -4.082  -4.110  -4.140  -4.172  -4.206  -4.242  -4.278  -4.315  -4.350  -4.379  -4.406  -4.418  -4.417  -4.414  -4.407  -4.378  -4.322  -4.241  -4.132  -3.985  -3.800  -3.591  -3.362  -3.115  -2.863  -2.601  -2.350  -2.117  -1.900  -1.709  -1.542  -1.401  -1.287  -1.197  -1.125  -1.072  -1.039
   3.450  -3.960  -3.958  -3.957  -3.957  -3.961  -3.967  -3.977  -3.992  -4.009  -4.030  -4.053  -4.079  -4.107  -4.137  -4.169  -4.201  -4.235  -4.270  -4.300  -4.328  -4.345  -4.350  -4.353  -4.351  -4.331  -4.291  -4.235  -4.157  -4.040  -3.886  -3.704  -3.493  -3.259  -3.015  -2.756  -2.501  -2.255  -2.020  -1.811  -1.625  -1.464  -1.332  -1.224  -1.137  -1.069  -1.023
   3.460  -3.959  -3.954  -3.951  -3.950  -3.949  -3.949  -3.952  -3.960  -3.971  -3.986  -4.004  -4.025  -4.049  -4.075  -4.102  -4.131  -4.161  -4.192  -4.220  -4.247  -4.266  -4.276  -4.281  -4.280  -4.264  -4.234  -4.194  -4.136  -4.046  -3.927  -3.777  -3.591  -3.376  -3.147  -2.899  -2.647  -2.394  -2.146  -1.921  -1.715  -1.535  -1.383  -1.257  -1.152  -1.070  -1.010
   3.470  -3.958  -3.954  -3.951  -3.947  -3.942  -3.940  -3.940  -3.941  -3.943  -3.951  -3.964  -3.979  -3.998  -4.019  -4.042  -4.067  -4.093  -4.119  -4.143  -4.168  -4.187  -4.197  -4.202  -4.201  -4.188  -4.162  -4.128  -4.081  -4.010  -3.918  -3.798  -3.642  -3.456  -3.250  -3.018  -2.776  -2.525  -2.271  -2.035  -1.811  -1.611  -1.440  -1.295  -1.173  -1.074  -0.999
   3.480  -3.955  -3.953  -3.950  -3.946  -3.941  -3.937  -3.933  -3.930  -3.929  -3.931  -3.934  -3.942  -3.955  -3.971  -3.990  -4.010  -4.031  -4.053  -4.073  -4.094  -4.109  -4.117  -4.121  -4.120  -4.105  -4.080  -4.047  -4.003  -3.943  -3.869  -3.771  -3.643  -3.489  -3.310  -3.102  -2.879  -2.640  -2.391  -2.150  -1.912  -1.694  -1.503  -1.337  -1.196  -1.082  -0.994
   3.490  -3.947  -3.947  -3.946  -3.945  -3.941  -3.936  -3.931  -3.925  -3.921  -3.918  -3.916  -3.918  -3.923  -3.932  -3.944  -3.959  -3.975  -3.993  -4.009  -4.026  -4.036  -4.039  -4.040  -4.037  -4.020  -3.992  -3.958  -3.915  -3.859  -3.792  -3.706  -3.599  -3.472  -3.319  -3.141  -2.943  -2.724  -2.490  -2.254  -2.012  -1.783  -1.576  -1.388  -1.229  -1.097  -0.992
   3.500  -3.931  -3.936  -3.939  -3.939  -3.937  -3.934  -3.930  -3.925  -3.919  -3.913  -3.908  -3.905  -3.903  -3.904  -3.909  -3.917  -3.928  -3.940  -3.952  -3.963  -3.968  -3.967  -3.964  -3.956  -3.934  -3.903  -3.865  -3.819  -3.763  -3.697  -3.618  -3.524  -3.415  -3.284  -3.133  -2.962  -2.769  -2.558  -2.336  -2.100  -1.869  -1.651  -1.446  -1.269  -1.119  -0.993
   3.525  -3.838  -3.861  -3.880  -3.891  -3.899  -3.905  -3.908  -3.909  -3.907  -3.903  -3.898  -3.895  -3.892  -3.890  -3.885  -3.878  -3.870  -3.859  -3.845  -3.834  -3.821  -3.806  -3.788  -3.766  -3.732  -3.689  -3.637  -3.578  -3.512  -3.439  -3.359  -3.273  -3.179  -3.074  -2.961  -2.827  -2.668  -2.496  -2.306  -2.095  -1.917  -1.743  -1.559  -1.374  -1.199  -1.030
   3.550  -3.658  -3.701  -3.740  -3.775  -3.804  -3.829  -3.849  -3.865  -3.876  -3.883  -3.886  -3.885  -3.882  -3.876  -3.866  -3.854  -3.838  -3.820  -3.798  -3.773  -3.744  -3.711  -3.672  -3.626  -3.572  -3.511  -3.441  -3.363  -3.280  -3.191  -3.098  -3.002  -2.903  -2.800  -2.693  -2.582  -2.467  -2.346  -2.216  -2.080  -1.933  -1.774  -1.604  -1.430  -1.251  -1.065
   3.575  -3.365  -3.427  -3.486  -3.544  -3.598  -3.647  -3.691  -3.729  -3.762  -3.791  -3.812  -3.828  -3.836  -3.837  -3.835  -3.829  -3.816  -3.802  -3.790  -3.766  -3.733  -3.692  -3.635  -3.564  -3.484  -3.395  -3.298  -3.196  -3.093  -2.986  -2.877  -2.768  -2.659  -2.549  -2.439  -2.328  -2.217  -2.105  -1.997  -1.895  -1.766  -1.624  -1.476  -1.322  -1.164  -1.001
   3.600  -3.004  -3.083  -3.159  -3.232  -3.302  -3.369  -3.432  -3.492  -3.547  -3.599  -3.645  -3.686  -3.721  -3.750  -3.775  -3.786  -3.786  -3.785  -3.782  -3.759  -3.722  -3.673  -3.610  -3.530  -3.433  -3.326  -3.208  -3.082  -2.956  -2.827  -2.699  -2.572  -2.446  -2.322  -2.199  -2.078  -1.959  -1.842  -1.724  -1.607  -1.488  -1.367  -1.244  -1.117  -0.987  -0.854
   3.625  -2.604  -2.691  -2.777  -2.861  -2.943  -3.022  -3.099  -3.173  -3.244  -3.312  -3.376  -3.436  -3.494  -3.548  -3.598  -3.635  -3.661  -3.684  -3.700  -3.697  -3.675  -3.632  -3.576  -3.502  -3.407  -3.300  -3.178  -3.043  -2.896  -2.745  -2.594  -2.446  -2.299  -2.157  -2.019  -1.885  -1.754  -1.627  -1.501  -1.378  -1.255  -1.134  -1.013  -0.890  -0.766  -0.642
   3.650  -2.194  -2.285  -2.375  -2.465  -2.553  -2.640  -2.726  -2.810  -2.892  -2.972  -3.049  -3.124  -3.196  -3.265  -3.330  -3.389  -3.442  -3.488  -3.523  -3.547  -3.556  -3.545  -3.514  -3.460  -3.378  -3.274  -3.149  -3.005  -2.853  -2.689  -2.523  -2.358  -2.194  -2.035  -1.882  -1.732  -1.587  -1.446  -1.307  -1.172  -1.040  -0.910  -0.782  -0.656  -0.530  -0.406
   3.675  -1.809  -1.900  -1.991  -2.083  -2.174  -2.264  -2.354  -2.443  -2.530  -2.616  -2.701  -2.784  -2.864  -2.942  -3.016  -3.087  -3.153  -3.212  -3.262  -3.304  -3.329  -3.339  -3.332  -3.306  -3.246  -3.161  -3.053  -2.923  -2.786  -2.633  -2.471  -2.307  -2.137  -1.969  -1.800  -1.634  -1.473  -1.316  -1.163  -1.015  -0.871  -0.730  -0.593  -0.458  -0.325  -0.195
   3.700  -1.464  -1.549  -1.635  -1.723  -1.812  -1.901  -1.990  -2.080  -2.168  -2.257  -2.344  -2.430  -2.514  -2.596  -2.675  -2.751  -2.823  -2.891  -2.950  -3.004  -3.039  -3.054  -3.062  -3.058  -3.020  -2.959  -2.880  -2.782  -2.668  -2.536  -2.392  -2.236  -2.071  -1.902  -1.728  -1.554  -1.383  -1.214  -1.050  -0.890  -0.734  -0.581  -0.432  -0.286  -0.144  -0.004
   3.725  -1.177  -1.250  -1.323  -1.400  -1.481  -1.565  -1.650  -1.738  -1.825  -1.913  -2.001  -2.088  -2.173  -2.257  -2.339  -2.418  -2.493  -2.563  -2.626  -2.682  -2.722  -2.745  -2.757  -2.757  -2.729  -2.680  -2.616  -2.534  -2.439  -2.330  -2.210  -2.077  -1.935  -1.786  -1.629  -1.469  -1.304  -1.136  -0.968  -0.800  -0.634  -0.470  -0.309  -0.152   0.002   0.152
   3.750  -0.972  -1.020  -1.074  -1.134  -1.202  -1.274  -1.350  -1.430  -1.511  -1.594  -1.677  -1.761  -1.844  -1.926  -2.007  -2.084  -2.158  -2.228  -2.289  -2.342  -2.383  -2.408  -2.420  -2.419  -2.394  -2.354  -2.299  -2.230  -2.151  -2.062  -1.963  -1.857  -1.742  -1.619  -1.487  -1.347  -1.197  -1.039  -0.877  -0.709  -0.539  -0.370  -0.201  -0.036   0.126   0.286
   3.775  -0.869  -0.887  -0.916  -0.953  -0.996  -1.047  -1.106  -1.169  -1.235  -1.305  -1.379  -1.454  -1.531  -1.607  -1.683  -1.756  -1.827  -1.892  -1.950  -2.000  -2.038  -2.061  -2.072  -2.071  -2.049  -2.013  -1.965  -1.904  -1.834  -1.755  -1.669  -1.577  -1.478  -1.371  -1.258  -1.137  -1.009  -0.872  -0.728  -0.578  -0.422  -0.262  -0.098   0.066   0.230   0.396
   3.800  -0.831  -0.834  -0.843  -0.856  -0.874  -0.898  -0.930  -0.968  -1.014  -1.067  -1.124  -1.185  -1.249  -1.313  -1.379  -1.443  -1.504  -1.561  -1.611  -1.655  -1.686  -1.703  -1.712  -1.710  -1.690  -1.656  -1.612  -1.556  -1.494  -1.422  -1.345  -1.262  -1.174  -1.081  -0.984  -0.881  -0.773  -0.659  -0.537  -0.408  -0.272  -0.127   0.024   0.181   0.342   0.508
   3.825  -0.823  -0.820  -0.820  -0.820  -0.822  -0.827  -0.835  -0.849  -0.870  -0.898  -0.930  -0.969  -1.011  -1.054  -1.100  -1.146  -1.192  -1.235  -1.273  -1.306  -1.328  -1.338  -1.342  -1.340  -1.320  -1.289  -1.249  -1.201  -1.145  -1.082  -1.013  -0.939  -0.860  -0.777  -0.690  -0.599  -0.503  -0.402  -0.294  -0.181  -0.060   0.068   0.204   0.345   0.493   0.647
   3.850  -0.820  -0.816  -0.812  -0.808  -0.805  -0.802  -0.799  -0.797  -0.797  -0.800  -0.804  -0.813  -0.827  -0.844  -0.866  -0.888  -0.911  -0.934  -0.953  -0.971  -0.979  -0.978  -0.975  -0.968  -0.947  -0.917  -0.881  -0.838  -0.788  -0.732  -0.671  -0.605  -0.535  -0.460  -0.381  -0.298  -0.211  -0.120  -0.023   0.077   0.184   0.297   0.415   0.540   0.672   0.810
   3.875  -0.822  -0.819  -0.814  -0.809  -0.804  -0.798  -0.790  -0.781  -0.770  -0.757  -0.743  -0.727  -0.715  -0.704  -0.695  -0.688  -0.682  -0.674  -0.665  -0.658  -0.646  -0.631  -0.616  -0.598  -0.573  -0.543  -0.509  -0.469  -0.425  -0.377  -0.323  -0.266  -0.204  -0.138  -0.068   0.007   0.085   0.167   0.254   0.345   0.442   0.544   0.652   0.765   0.885   1.010
   3.900  -0.825  -0.821  -0.817  -0.811  -0.804  -0.796  -0.786  -0.775  -0.760  -0.743  -0.722  -0.696  -0.666  -0.631  -0.592  -0.551  -0.509  -0.467  -0.427  -0.389  -0.352  -0.317  -0.284  -0.250  -0.217  -0.182  -0.145  -0.107  -0.066  -0.023   0.024   0.075   0.129   0.188   0.249   0.315   0.385   0.459   0.538   0.621   0.709   0.803   0.902   1.006   1.115   1.229
   3.925  -0.823  -0.821  -0.817  -0.813  -0.807  -0.799  -0.790  -0.779  -0.763  -0.745  -0.722  -0.690  -0.651  -0.603  -0.545  -0.479  -0.407  -0.334  -0.262  -0.189  -0.122  -0.057   0.004   0.060   0.109   0.155   0.200   0.242   0.284   0.325   0.368   0.414   0.462   0.513   0.567   0.625   0.686   0.752   0.822   0.897   0.976   1.061   1.152   1.247   1.348   1.453
   3.950  -0.818  -0.818  -0.817  -0.815  -0.810  -0.803  -0.795  -0.783  -0.768  -0.748  -0.722  -0.688  -0.646  -0.593  -0.529  -0.455  -0.368  -0.271  -0.169  -0.061   0.044   0.142   0.235   0.316   0.388   0.452   0.509   0.560   0.609   0.653   0.696   0.740   0.784   0.830   0.878   0.929   0.983   1.041   1.104   1.170   1.242   1.319   1.402   1.489   1.582   1.680
   3.975  -0.781  -0.789  -0.795  -0.799  -0.801  -0.797  -0.791  -0.782  -0.770  -0.753  -0.727  -0.695  -0.654  -0.600  -0.534  -0.456  -0.362  -0.252  -0.131   0.002   0.138   0.270   0.393   0.503   0.600   0.686   0.764   0.833   0.894   0.947   0.996   1.043   1.087   1.132   1.177   1.223   1.272   1.324   1.380   1.439   1.503   1.573   1.647   1.727   1.812   1.903
   4.000  -0.728  -0.743  -0.756  -0.766  -0.776  -0.780  -0.779  -0.776  -0.770  -0.756  -0.733  -0.702  -0.662  -0.608  -0.541  -0.459  -0.360  -0.246  -0.119   0.023   0.170   0.320   0.471   0.610   0.741   0.859   0.962   1.052   1.131   1.199   1.259   1.313   1.362   1.409   1.454   1.499   1.545   1.593   1.644   1.698   1.756   1.819   1.886   1.959   2.037   2.121
   4.025  -0.695  -0.703  -0.711  -0.720  -0.728  -0.736  -0.741  -0.745  -0.745  -0.736  -0.723  -0.698  -0.661  -0.611  -0.549  -0.470  -0.373  -0.260  -0.130   0.015   0.167   0.323   0.491   0.654   0.814   0.965   1.096   1.209   1.308   1.392   1.470   1.538   1.597   1.652   1.701   1.748   1.795   1.842   1.891   1.941   1.996   2.054   2.116   2.183   2.256   2.333
   4.050  -0.670  -0.671  -0.673  -0.676  -0.681  -0.686  -0.693  -0.700  -0.701  -0.700  -0.697  -0.684  -0.655  -0.612  -0.555  -0.480  -0.386  -0.275  -0.146   0.000   0.157   0.324   0.497   0.668   0.839   1.002   1.154   1.296   1.422   1.533   1.632   1.717   1.791   1.857   1.915   1.969   2.020   2.068   2.118   2.168   2.220   2.275   2.334   2.397   2.465   2.537
   4.075  -0.657  -0.656  -0.656  -0.656  -0.657  -0.659  -0.661  -0.663  -0.661  -0.657  -0.652  -0.642  -0.620  -0.584  -0.534  -0.468  -0.381  -0.275  -0.158  -0.020   0.132   0.298   0.475   0.650   0.827   0.998   1.162   1.327   1.481   1.624   1.744   1.846   1.938   2.020   2.092   2.156   2.214   2.268   2.321   2.372   2.425   2.480   2.537   2.597   2.661   2.729
   4.100  -0.650  -0.649  -0.647  -0.645  -0.643  -0.640  -0.637  -0.632  -0.626  -0.618  -0.606  -0.591  -0.570  -0.538  -0.496  -0.440  -0.366  -0.275  -0.164  -0.033   0.113   0.273   0.445   0.622   0.805   0.987   1.164   1.337   1.501   1.657   1.800   1.928   2.043   2.145   2.233   2.311   2.380   2.442   2.501   2.557   2.612   2.668   2.725   2.784   2.846   2.910
   4.125  -0.643  -0.640  -0.636  -0.633  -0.630  -0.626  -0.621  -0.615  -0.606  -0.596  -0.581  -0.562  -0.536  -0.500  -0.454  -0.395  -0.324  -0.240  -0.135  -0.014   0.121   0.275   0.434   0.602   0.780   0.960   1.142   1.317   1.487   1.654   1.816   1.973   2.113   2.232   2.338   2.433   2.517   2.590   2.658   2.721   2.781   2.839   2.897   2.957   3.018   3.081
   4.150  -0.640  -0.635  -0.630  -0.626  -0.621  -0.616  -0.610  -0.604  -0.594  -0.582  -0.565  -0.541  -0.510  -0.467  -0.415  -0.351  -0.275  -0.188  -0.089   0.022   0.145   0.282   0.431   0.591   0.764   0.940   1.112   1.285   1.463   1.646   1.822   1.988   2.144   2.286   2.413   2.527   2.627   2.714   2.794   2.865   2.932   2.996   3.056   3.118   3.180   3.242
   4.175  -0.641  -0.636  -0.631  -0.625  -0.617  -0.609  -0.601  -0.592  -0.580  -0.568  -0.550  -0.525  -0.493  -0.450  -0.395  -0.329  -0.248  -0.154  -0.049   0.067   0.192   0.323   0.466   0.618   0.777   0.942   1.100   1.261   1.435   1.621   1.806   1.982   2.152   2.314   2.461   2.594   2.711   2.815   2.909   2.991   3.067   3.137   3.203   3.268   3.333   3.395
   4.200  -0.643  -0.638  -0.631  -0.624  -0.616  -0.607  -0.597  -0.585  -0.572  -0.558  -0.539  -0.514  -0.482  -0.439  -0.384  -0.316  -0.232  -0.133  -0.021   0.105   0.239   0.379   0.524   0.666   0.806   0.949   1.096   1.248   1.417   1.602   1.789   1.973   2.155   2.326   2.490   2.640   2.775   2.896   3.005   3.100   3.186   3.265   3.338   3.408   3.476   3.540
   4.225  -0.644  -0.639  -0.633  -0.626  -0.618  -0.609  -0.599  -0.587  -0.572  -0.555  -0.533  -0.506  -0.473  -0.428  -0.374  -0.305  -0.222  -0.125  -0.011   0.120   0.263   0.417   0.574   0.719   0.854   0.985   1.119   1.265   1.426   1.605   1.788   1.969   2.153   2.330   2.505   2.669   2.820   2.958   3.083   3.192   3.291   3.380   3.461   3.537   3.609   3.675
   4.250  -0.644  -0.640  -0.634  -0.628  -0.621  -0.612  -0.601  -0.589  -0.573  -0.554  -0.531  -0.503  -0.468  -0.423  -0.369  -0.301  -0.219  -0.123  -0.008   0.126   0.272   0.436   0.607   0.757   0.886   1.016   1.153   1.295   1.449   1.615   1.788   1.968   2.152   2.334   2.516   2.690   2.854   3.008   3.146   3.271   3.383   3.483   3.573   3.657   3.734   3.804
   4.275  -0.643  -0.639  -0.634  -0.627  -0.620  -0.612  -0.602  -0.590  -0.575  -0.557  -0.535  -0.506  -0.471  -0.425  -0.370  -0.301  -0.219  -0.123  -0.009   0.123   0.269   0.437   0.617   0.767   0.887   1.015   1.167   1.325   1.486   1.648   1.815   1.989   2.168   2.348   2.532   2.710   2.882   3.047   3.198   3.337   3.463   3.575   3.676   3.770   3.855   3.932
   4.300  -0.641  -0.637  -0.632  -0.626  -0.619  -0.611  -0.602  -0.591  -0.577  -0.560  -0.538  -0.510  -0.475  -0.429  -0.372  -0.303  -0.220  -0.123  -0.010   0.118   0.264   0.438   0.621   0.771   0.887   1.014   1.177   1.354   1.525   1.693   1.861   2.030   2.201   2.376   2.556   2.734   2.910   3.083   3.244   3.395   3.534   3.659   3.771   3.875   3.970   4.055
   4.325  -0.637  -0.633  -0.629  -0.624  -0.618  -0.610  -0.601  -0.589  -0.575  -0.559  -0.537  -0.510  -0.477  -0.433  -0.379  -0.310  -0.227  -0.130  -0.016   0.114   0.258   0.426   0.600   0.752   0.880   1.019   1.190   1.374   1.553   1.728   1.903   2.075   2.247   2.421   2.596   2.772   2.948   3.123   3.289   3.450   3.599   3.735   3.858   3.971   4.074   4.166
   4.350  -0.626  -0.626  -0.624  -0.621  -0.615  -0.607  -0.597  -0.586  -0.572  -0.556  -0.535  -0.510  -0.478  -0.435  -0.383  -0.317  -0.235  -0.139  -0.025   0.107   0.251   0.407   0.570   0.726   0.873   1.029   1.205   1.391   1.575   1.760   1.943   2.121   2.297   2.472   2.646   2.819   2.994   3.168   3.337   3.504   3.662   3.807   3.940   4.063   4.173   4.272
   4.375  -0.595  -0.600  -0.603  -0.604  -0.603  -0.599  -0.592  -0.581  -0.568  -0.552  -0.532  -0.507  -0.475  -0.433  -0.382  -0.317  -0.239  -0.146  -0.034   0.098   0.241   0.395   0.556   0.715   0.875   1.041   1.220   1.406   1.594   1.785   1.974   2.160   2.344   2.524   2.701   2.876   3.051   3.225   3.396   3.566   3.727   3.879   4.021   4.152   4.272   4.381
   4.400  -0.560  -0.567  -0.573  -0.577  -0.581  -0.582  -0.579  -0.572  -0.561  -0.546  -0.525  -0.499  -0.467  -0.427  -0.378  -0.317  -0.241  -0.150  -0.039   0.092   0.234   0.386   0.547   0.711   0.880   1.054   1.235   1.422   1.613   1.807   2.002   2.195   2.387   2.574   2.757   2.937   3.114   3.289   3.461   3.631   3.795   3.952   4.101   4.238   4.365   4.482
   4.425  -0.541  -0.544  -0.546  -0.548  -0.549  -0.550  -0.549  -0.545  -0.538  -0.527  -0.510  -0.487  -0.458  -0.418  -0.371  -0.311  -0.236  -0.146  -0.037   0.092   0.232   0.381   0.542   0.711   0.885   1.068   1.253   1.443   1.636   1.832   2.030   2.227   2.425   2.618   2.809   2.995   3.178   3.356   3.531   3.702   3.867   4.027   4.178   4.317   4.444   4.560
   4.450  -0.528  -0.525  -0.523  -0.521  -0.519  -0.517  -0.515  -0.512  -0.506  -0.498  -0.485  -0.465  -0.438  -0.401  -0.354  -0.295  -0.222  -0.135  -0.030   0.094   0.231   0.380   0.540   0.711   0.894   1.082   1.272   1.465   1.660   1.858   2.057   2.258   2.460   2.659   2.857   3.051   3.240   3.423   3.601   3.774   3.941   4.102   4.256   4.394   4.520   4.632
   4.475  -0.519  -0.514  -0.510  -0.506  -0.502  -0.497  -0.492  -0.486  -0.477  -0.466  -0.450  -0.429  -0.402  -0.366  -0.322  -0.265  -0.195  -0.112  -0.011   0.108   0.242   0.389   0.549   0.721   0.908   1.098   1.290   1.487   1.684   1.884   2.086   2.290   2.495   2.699   2.902   3.101   3.295   3.485   3.668   3.844   4.014   4.178   4.334   4.474   4.600   4.713
   4.500  -0.514  -0.510  -0.505  -0.499  -0.494  -0.486  -0.476  -0.464  -0.448  -0.429  -0.406  -0.381  -0.351  -0.315  -0.274  -0.221  -0.155  -0.076   0.021   0.136   0.266   0.411   0.571   0.742   0.925   1.115   1.310   1.509   1.709   1.912   2.116   2.322   2.529   2.735   2.942   3.146   3.346   3.543   3.731   3.913   4.087   4.254   4.413   4.555   4.684   4.798

