low temperature opacities from Ferguson, Alexander, et al (2005) with gs98 metals
    form     version        X           Z          logRs    logR_min    logR_max       logTs    logT_min    logT_max
       1          38    0.999700    0.000300          46   -8.000000    1.000000         105    2.700000    4.500000

   logT                       logR = logRho - 3*logT + 18
          -8.000  -7.800  -7.600  -7.400  -7.200  -7.000  -6.800  -6.600  -6.400  -6.200  -6.000  -5.800  -5.600  -5.400  -5.200  -5.000  -4.800  -4.600  -4.400  -4.200  -4.000  -3.800  -3.600  -3.400  -3.200  -3.000  -2.800  -2.600  -2.400  -2.200  -2.000  -1.800  -1.600  -1.400  -1.200  -1.000  -0.800  -0.600  -0.400  -0.200   0.000   0.200   0.400   0.600   0.800   1.000

   2.700  -1.963  -1.963  -1.963  -1.963  -1.963  -1.963  -1.963  -1.964  -1.964  -1.964  -1.964  -1.964  -1.964  -1.964  -1.964  -1.964  -1.964  -1.964  -1.964  -1.964  -1.964  -1.964  -1.963  -1.962  -1.961  -1.960  -1.961  -1.963  -1.960  -1.946  -1.936  -1.936  -1.937  -1.938  -1.939  -1.939  -1.937  -1.934  -1.931  -1.928  -1.925  -1.922  -1.919  -1.915  -1.911  -1.907
   2.750  -1.990  -1.990  -1.991  -1.991  -1.992  -1.992  -1.992  -1.992  -1.992  -1.992  -1.992  -1.992  -1.992  -1.992  -1.992  -1.992  -1.992  -1.992  -1.992  -1.992  -1.992  -1.992  -1.992  -1.992  -1.992  -1.992  -1.992  -1.991  -1.991  -1.989  -1.987  -1.977  -1.962  -1.954  -1.951  -1.948  -1.944  -1.940  -1.936  -1.932  -1.929  -1.925  -1.922  -1.918  -1.913  -1.908
   2.800  -1.993  -1.993  -1.993  -1.993  -1.993  -1.993  -1.993  -1.994  -1.994  -1.994  -1.994  -1.994  -1.995  -1.995  -1.996  -1.996  -1.996  -1.997  -1.997  -1.997  -1.997  -1.997  -1.997  -1.997  -1.996  -1.996  -1.996  -1.996  -1.996  -1.996  -1.996  -1.994  -1.989  -1.982  -1.972  -1.964  -1.957  -1.952  -1.947  -1.942  -1.937  -1.933  -1.928  -1.923  -1.917  -1.911
   2.850  -1.997  -1.996  -1.996  -1.996  -1.996  -1.996  -1.996  -1.996  -1.996  -1.993  -1.991  -1.990  -1.990  -1.990  -1.990  -1.990  -1.990  -1.990  -1.990  -1.990  -1.990  -1.990  -1.991  -1.991  -1.991  -1.991  -1.991  -1.990  -1.990  -1.991  -1.991  -1.990  -1.988  -1.985  -1.980  -1.974  -1.969  -1.963  -1.957  -1.952  -1.947  -1.942  -1.936  -1.930  -1.923  -1.915
   2.900  -2.271  -2.215  -2.165  -2.120  -2.080  -2.047  -2.025  -2.010  -1.999  -1.992  -1.987  -1.984  -1.983  -1.981  -1.981  -1.980  -1.979  -1.979  -1.979  -1.979  -1.979  -1.979  -1.979  -1.979  -1.977  -1.976  -1.975  -1.975  -1.975  -1.974  -1.974  -1.975  -1.978  -1.978  -1.977  -1.975  -1.972  -1.968  -1.964  -1.960  -1.955  -1.950  -1.944  -1.937  -1.929  -1.920
   2.910  -2.512  -2.462  -2.401  -2.327  -2.236  -2.156  -2.104  -2.068  -2.039  -2.018  -2.003  -1.993  -1.987  -1.982  -1.979  -1.977  -1.976  -1.975  -1.975  -1.975  -1.975  -1.975  -1.974  -1.974  -1.974  -1.974  -1.974  -1.974  -1.974  -1.972  -1.970  -1.970  -1.969  -1.969  -1.970  -1.971  -1.970  -1.968  -1.966  -1.962  -1.959  -1.955  -1.950  -1.943  -1.935  -1.925
   2.920  -2.586  -2.569  -2.540  -2.498  -2.443  -2.377  -2.292  -2.203  -2.137  -2.093  -2.058  -2.030  -2.009  -1.994  -1.986  -1.980  -1.975  -1.973  -1.971  -1.971  -1.970  -1.969  -1.969  -1.969  -1.969  -1.969  -1.969  -1.969  -1.969  -1.969  -1.969  -1.968  -1.966  -1.965  -1.965  -1.965  -1.965  -1.964  -1.963  -1.961  -1.959  -1.956  -1.952  -1.946  -1.939  -1.930
   2.930  -2.997  -2.832  -2.704  -2.616  -2.574  -2.536  -2.481  -2.419  -2.344  -2.252  -2.171  -2.116  -2.076  -2.043  -2.018  -1.999  -1.986  -1.978  -1.972  -1.969  -1.967  -1.965  -1.964  -1.964  -1.963  -1.963  -1.963  -1.963  -1.963  -1.963  -1.963  -1.963  -1.962  -1.961  -1.961  -1.960  -1.960  -1.959  -1.958  -1.958  -1.956  -1.954  -1.952  -1.947  -1.940  -1.932
   2.940  -3.455  -3.503  -3.527  -3.462  -3.083  -2.755  -2.643  -2.586  -2.548  -2.534  -2.509  -2.399  -2.239  -2.140  -2.092  -2.058  -2.027  -2.004  -1.987  -1.976  -1.969  -1.964  -1.962  -1.960  -1.959  -1.958  -1.957  -1.957  -1.957  -1.957  -1.957  -1.957  -1.957  -1.956  -1.956  -1.955  -1.954  -1.954  -1.953  -1.952  -1.952  -1.950  -1.949  -1.945  -1.940  -1.933
   2.950  -3.602  -3.512  -3.463  -3.467  -3.523  -3.559  -3.373  -3.030  -2.815  -2.691  -2.607  -2.567  -2.544  -2.466  -2.314  -2.179  -2.112  -2.074  -2.038  -2.010  -1.989  -1.975  -1.966  -1.960  -1.956  -1.954  -1.952  -1.951  -1.951  -1.950  -1.950  -1.950  -1.950  -1.950  -1.949  -1.949  -1.948  -1.948  -1.947  -1.947  -1.946  -1.945  -1.944  -1.941  -1.937  -1.932
   2.960  -3.664  -3.653  -3.629  -3.591  -3.535  -3.486  -3.465  -3.452  -3.398  -3.240  -3.062  -2.902  -2.744  -2.613  -2.508  -2.411  -2.309  -2.214  -2.141  -2.090  -2.050  -2.017  -1.993  -1.975  -1.964  -1.956  -1.951  -1.948  -1.946  -1.945  -1.944  -1.943  -1.943  -1.943  -1.942  -1.942  -1.942  -1.941  -1.940  -1.940  -1.939  -1.939  -1.938  -1.936  -1.933  -1.929
   2.970  -3.769  -3.720  -3.680  -3.651  -3.634  -3.619  -3.607  -3.593  -3.553  -3.468  -3.418  -3.432  -3.455  -3.400  -3.067  -2.760  -2.654  -2.596  -2.481  -2.313  -2.171  -2.098  -2.059  -2.023  -1.996  -1.975  -1.961  -1.952  -1.945  -1.941  -1.939  -1.937  -1.937  -1.936  -1.936  -1.935  -1.935  -1.934  -1.934  -1.933  -1.933  -1.932  -1.931  -1.930  -1.928  -1.924
   2.980  -3.525  -3.611  -3.676  -3.715  -3.737  -3.744  -3.708  -3.644  -3.608  -3.597  -3.577  -3.510  -3.436  -3.424  -3.429  -3.432  -3.270  -2.971  -2.785  -2.687  -2.581  -2.407  -2.225  -2.117  -2.067  -2.032  -1.999  -1.975  -1.957  -1.946  -1.939  -1.935  -1.933  -1.931  -1.930  -1.929  -1.928  -1.927  -1.927  -1.926  -1.926  -1.925  -1.925  -1.923  -1.921  -1.919
   2.990  -3.366  -3.398  -3.437  -3.486  -3.545  -3.602  -3.658  -3.703  -3.702  -3.658  -3.615  -3.593  -3.579  -3.564  -3.553  -3.534  -3.507  -3.465  -3.376  -3.219  -3.028  -2.799  -2.557  -2.376  -2.247  -2.149  -2.081  -2.038  -2.001  -1.973  -1.954  -1.943  -1.937  -1.932  -1.929  -1.927  -1.925  -1.923  -1.922  -1.921  -1.920  -1.919  -1.918  -1.917  -1.915  -1.913
   3.000  -3.362  -3.356  -3.352  -3.353  -3.362  -3.379  -3.419  -3.481  -3.545  -3.625  -3.666  -3.623  -3.556  -3.545  -3.558  -3.566  -3.559  -3.538  -3.497  -3.423  -3.382  -3.404  -3.438  -3.347  -2.811  -2.365  -2.235  -2.167  -2.101  -2.044  -2.002  -1.975  -1.959  -1.947  -1.940  -1.935  -1.929  -1.925  -1.922  -1.919  -1.916  -1.914  -1.913  -1.911  -1.909  -1.906
   3.010  -3.354  -3.352  -3.350  -3.347  -3.342  -3.340  -3.342  -3.348  -3.363  -3.403  -3.452  -3.518  -3.579  -3.586  -3.565  -3.551  -3.553  -3.555  -3.554  -3.538  -3.505  -3.436  -3.364  -3.357  -3.386  -3.405  -3.085  -2.533  -2.278  -2.180  -2.115  -2.059  -2.023  -1.995  -1.978  -1.966  -1.954  -1.945  -1.936  -1.927  -1.920  -1.916  -1.912  -1.908  -1.905  -1.901
   3.020  -3.346  -3.343  -3.340  -3.338  -3.336  -3.334  -3.332  -3.330  -3.325  -3.319  -3.315  -3.324  -3.349  -3.391  -3.453  -3.509  -3.551  -3.580  -3.574  -3.519  -3.484  -3.494  -3.509  -3.497  -3.416  -3.360  -3.356  -3.353  -3.259  -2.770  -2.360  -2.235  -2.170  -2.112  -2.070  -2.039  -2.017  -2.002  -1.982  -1.959  -1.940  -1.928  -1.921  -1.914  -1.906  -1.900
   3.030  -3.383  -3.362  -3.345  -3.334  -3.329  -3.325  -3.322  -3.319  -3.317  -3.315  -3.313  -3.308  -3.304  -3.304  -3.311  -3.326  -3.362  -3.416  -3.469  -3.529  -3.559  -3.525  -3.471  -3.465  -3.484  -3.497  -3.462  -3.400  -3.369  -3.361  -3.346  -3.123  -2.733  -2.473  -2.296  -2.191  -2.149  -2.126  -2.087  -2.032  -1.987  -1.963  -1.949  -1.934  -1.919  -1.905
   3.040  -3.879  -3.651  -3.485  -3.404  -3.366  -3.343  -3.326  -3.317  -3.310  -3.307  -3.304  -3.301  -3.298  -3.295  -3.291  -3.289  -3.290  -3.293  -3.303  -3.334  -3.376  -3.437  -3.497  -3.504  -3.484  -3.463  -3.448  -3.434  -3.421  -3.410  -3.390  -3.289  -3.102  -2.889  -2.619  -2.428  -2.368  -2.335  -2.266  -2.164  -2.077  -2.032  -2.007  -1.979  -1.950  -1.924
   3.050  -4.715  -4.716  -4.716  -4.608  -4.019  -3.557  -3.448  -3.391  -3.348  -3.323  -3.308  -3.297  -3.292  -3.287  -3.283  -3.280  -3.277  -3.275  -3.271  -3.266  -3.263  -3.276  -3.308  -3.357  -3.434  -3.476  -3.464  -3.441  -3.425  -3.414  -3.400  -3.385  -3.364  -3.278  -2.983  -2.731  -2.653  -2.609  -2.509  -2.353  -2.219  -2.149  -2.107  -2.059  -2.010  -1.963
   3.060  -4.636  -4.637  -4.638  -4.638  -4.639  -4.639  -4.438  -4.057  -3.783  -3.567  -3.425  -3.361  -3.328  -3.301  -3.286  -3.277  -3.270  -3.267  -3.263  -3.260  -3.256  -3.250  -3.245  -3.246  -3.258  -3.284  -3.338  -3.395  -3.407  -3.409  -3.409  -3.401  -3.376  -3.316  -3.158  -3.008  -2.942  -2.890  -2.770  -2.580  -2.412  -2.317  -2.254  -2.181  -2.105  -2.030
   3.070  -4.559  -4.560  -4.561  -4.561  -4.562  -4.563  -4.563  -4.564  -4.564  -4.565  -4.565  -4.283  -3.783  -3.519  -3.403  -3.339  -3.299  -3.278  -3.263  -3.255  -3.249  -3.244  -3.240  -3.236  -3.231  -3.228  -3.231  -3.240  -3.263  -3.326  -3.364  -3.361  -3.354  -3.333  -3.266  -3.194  -3.153  -3.105  -2.994  -2.806  -2.631  -2.523  -2.439  -2.342  -2.238  -2.130
   3.080  -4.487  -4.487  -4.487  -4.487  -4.488  -4.489  -4.489  -4.490  -4.490  -4.491  -4.492  -4.492  -4.492  -4.444  -4.163  -3.861  -3.636  -3.448  -3.349  -3.303  -3.274  -3.252  -3.240  -3.230  -3.224  -3.220  -3.215  -3.211  -3.210  -3.214  -3.221  -3.248  -3.283  -3.287  -3.276  -3.257  -3.239  -3.213  -3.146  -2.993  -2.840  -2.735  -2.641  -2.528  -2.402  -2.265
   3.090  -4.418  -4.418  -4.418  -4.418  -4.418  -4.418  -4.418  -4.419  -4.419  -4.420  -4.420  -4.420  -4.421  -4.421  -4.422  -4.422  -4.422  -4.423  -4.341  -3.891  -3.506  -3.380  -3.315  -3.268  -3.243  -3.226  -3.213  -3.205  -3.199  -3.193  -3.191  -3.203  -3.224  -3.236  -3.243  -3.245  -3.243  -3.237  -3.213  -3.116  -3.005  -2.920  -2.830  -2.716  -2.580  -2.426
   3.100  -4.350  -4.352  -4.353  -4.353  -4.352  -4.352  -4.352  -4.352  -4.352  -4.352  -4.352  -4.352  -4.353  -4.353  -4.353  -4.353  -4.353  -4.354  -4.354  -4.354  -4.354  -4.194  -3.888  -3.655  -3.454  -3.321  -3.265  -3.235  -3.211  -3.195  -3.187  -3.183  -3.181  -3.183  -3.197  -3.211  -3.220  -3.227  -3.221  -3.175  -3.113  -3.054  -2.983  -2.882  -2.753  -2.599
   3.110  -4.284  -4.283  -4.283  -4.283  -4.284  -4.286  -4.288  -4.290  -4.290  -4.289  -4.288  -4.288  -4.288  -4.288  -4.288  -4.288  -4.288  -4.288  -4.288  -4.288  -4.288  -4.288  -4.288  -4.288  -4.289  -4.289  -4.016  -3.551  -3.348  -3.267  -3.228  -3.208  -3.197  -3.199  -3.215  -3.225  -3.226  -3.226  -3.224  -3.205  -3.175  -3.141  -3.092  -3.013  -2.904  -2.769
   3.120  -4.234  -4.227  -4.222  -4.221  -4.220  -4.220  -4.221  -4.222  -4.224  -4.226  -4.227  -4.227  -4.227  -4.227  -4.227  -4.227  -4.227  -4.226  -4.226  -4.225  -4.225  -4.225  -4.225  -4.225  -4.225  -4.225  -4.225  -4.224  -4.154  -3.774  -3.479  -3.414  -3.380  -3.353  -3.340  -3.327  -3.303  -3.278  -3.258  -3.242  -3.222  -3.201  -3.171  -3.113  -3.029  -2.923
   3.130  -4.219  -4.194  -4.175  -4.167  -4.162  -4.161  -4.161  -4.161  -4.161  -4.162  -4.163  -4.164  -4.165  -4.167  -4.168  -4.169  -4.168  -4.167  -4.167  -4.166  -4.166  -4.166  -4.165  -4.165  -4.164  -4.164  -4.164  -4.164  -4.164  -4.164  -4.163  -4.019  -3.764  -3.627  -3.574  -3.528  -3.462  -3.396  -3.347  -3.315  -3.287  -3.264  -3.240  -3.197  -3.135  -3.059
   3.140  -4.290  -4.217  -4.163  -4.133  -4.117  -4.110  -4.106  -4.104  -4.104  -4.104  -4.104  -4.104  -4.105  -4.107  -4.108  -4.109  -4.110  -4.111  -4.111  -4.110  -4.110  -4.110  -4.109  -4.109  -4.108  -4.107  -4.107  -4.106  -4.106  -4.106  -4.105  -4.066  -3.984  -3.909  -3.831  -3.748  -3.656  -3.562  -3.488  -3.432  -3.385  -3.351  -3.322  -3.283  -3.235  -3.181
   3.150  -4.516  -4.355  -4.231  -4.147  -4.102  -4.078  -4.064  -4.057  -4.054  -4.052  -4.051  -4.051  -4.051  -4.051  -4.052  -4.053  -4.053  -4.054  -4.054  -4.055  -4.056  -4.056  -4.056  -4.056  -4.055  -4.054  -4.054  -4.053  -4.053  -4.052  -4.051  -4.051  -4.051  -4.043  -3.988  -3.913  -3.826  -3.729  -3.646  -3.573  -3.511  -3.463  -3.423  -3.382  -3.339  -3.298
   3.160  -4.849  -4.616  -4.424  -4.273  -4.165  -4.092  -4.048  -4.026  -4.013  -4.006  -4.003  -4.001  -4.000  -4.000  -4.001  -4.001  -4.001  -4.002  -4.002  -4.003  -4.003  -4.003  -4.004  -4.004  -4.004  -4.004  -4.003  -4.002  -4.002  -4.001  -4.001  -4.001  -4.001  -4.000  -3.989  -3.968  -3.920  -3.848  -3.779  -3.706  -3.639  -3.584  -3.535  -3.490  -3.449  -3.412
   3.170  -5.192  -4.956  -4.739  -4.538  -4.351  -4.199  -4.097  -4.033  -3.996  -3.975  -3.965  -3.959  -3.956  -3.954  -3.953  -3.953  -3.953  -3.953  -3.953  -3.954  -3.954  -3.954  -3.955  -3.955  -3.955  -3.955  -3.955  -3.955  -3.955  -3.954  -3.954  -3.954  -3.954  -3.954  -3.954  -3.954  -3.937  -3.900  -3.855  -3.799  -3.742  -3.689  -3.639  -3.594  -3.554  -3.519
   3.180  -5.486  -5.285  -5.079  -4.864  -4.633  -4.427  -4.261  -4.128  -4.033  -3.980  -3.949  -3.930  -3.920  -3.915  -3.911  -3.910  -3.909  -3.909  -3.909  -3.909  -3.909  -3.909  -3.909  -3.909  -3.910  -3.910  -3.910  -3.910  -3.910  -3.910  -3.910  -3.910  -3.910  -3.910  -3.910  -3.910  -3.906  -3.896  -3.877  -3.843  -3.803  -3.761  -3.717  -3.677  -3.642  -3.609
   3.190  -5.712  -5.554  -5.379  -5.183  -4.963  -4.744  -4.530  -4.328  -4.171  -4.054  -3.973  -3.925  -3.900  -3.885  -3.877  -3.873  -3.870  -3.868  -3.868  -3.867  -3.867  -3.867  -3.867  -3.867  -3.868  -3.868  -3.868  -3.868  -3.868  -3.868  -3.868  -3.868  -3.869  -3.869  -3.869  -3.869  -3.868  -3.866  -3.861  -3.845  -3.823  -3.795  -3.762  -3.731  -3.701  -3.672
   3.200  -5.873  -5.756  -5.616  -5.453  -5.264  -5.061  -4.840  -4.613  -4.412  -4.230  -4.083  -3.984  -3.921  -3.880  -3.857  -3.845  -3.837  -3.833  -3.831  -3.829  -3.829  -3.829  -3.829  -3.829  -3.829  -3.829  -3.829  -3.829  -3.829  -3.829  -3.829  -3.829  -3.830  -3.830  -3.830  -3.830  -3.830  -3.830  -3.829  -3.823  -3.812  -3.796  -3.775  -3.753  -3.731  -3.706
   3.210  -5.980  -5.898  -5.792  -5.663  -5.510  -5.336  -5.139  -4.926  -4.712  -4.491  -4.293  -4.134  -4.006  -3.915  -3.863  -3.834  -3.816  -3.806  -3.800  -3.797  -3.795  -3.794  -3.793  -3.793  -3.793  -3.793  -3.793  -3.793  -3.793  -3.793  -3.793  -3.793  -3.794  -3.794  -3.794  -3.795  -3.794  -3.794  -3.793  -3.791  -3.787  -3.778  -3.766  -3.751  -3.734  -3.715
   3.220  -6.045  -5.991  -5.915  -5.818  -5.699  -5.559  -5.394  -5.208  -5.007  -4.785  -4.570  -4.366  -4.178  -4.035  -3.934  -3.862  -3.817  -3.794  -3.779  -3.771  -3.766  -3.763  -3.761  -3.761  -3.760  -3.760  -3.760  -3.760  -3.760  -3.760  -3.760  -3.760  -3.761  -3.761  -3.761  -3.761  -3.761  -3.761  -3.760  -3.759  -3.756  -3.751  -3.744  -3.734  -3.721  -3.705
   3.230  -6.077  -6.044  -5.993  -5.923  -5.837  -5.729  -5.596  -5.441  -5.267  -5.069  -4.863  -4.645  -4.428  -4.240  -4.077  -3.947  -3.860  -3.807  -3.773  -3.754  -3.744  -3.737  -3.733  -3.731  -3.729  -3.729  -3.729  -3.729  -3.729  -3.729  -3.729  -3.729  -3.729  -3.729  -3.730  -3.730  -3.730  -3.729  -3.729  -3.728  -3.725  -3.722  -3.717  -3.709  -3.699  -3.686
   3.240  -6.079  -6.064  -6.033  -5.988  -5.929  -5.850  -5.749  -5.626  -5.481  -5.313  -5.128  -4.923  -4.706  -4.498  -4.291  -4.112  -3.977  -3.876  -3.802  -3.761  -3.736  -3.720  -3.712  -3.707  -3.704  -3.702  -3.701  -3.700  -3.700  -3.700  -3.700  -3.700  -3.700  -3.700  -3.700  -3.701  -3.700  -3.700  -3.699  -3.698  -3.696  -3.693  -3.689  -3.682  -3.673  -3.662
   3.250  -6.053  -6.049  -6.038  -6.017  -5.982  -5.928  -5.856  -5.764  -5.649  -5.510  -5.352  -5.172  -4.976  -4.770  -4.551  -4.345  -4.163  -4.004  -3.885  -3.804  -3.750  -3.717  -3.700  -3.688  -3.682  -3.678  -3.676  -3.674  -3.674  -3.673  -3.673  -3.673  -3.673  -3.673  -3.673  -3.673  -3.673  -3.673  -3.672  -3.671  -3.669  -3.666  -3.662  -3.656  -3.648  -3.638
   3.260  -6.003  -6.011  -6.015  -6.013  -5.997  -5.966  -5.920  -5.857  -5.771  -5.663  -5.534  -5.382  -5.210  -5.021  -4.814  -4.605  -4.396  -4.196  -4.035  -3.907  -3.810  -3.746  -3.708  -3.682  -3.668  -3.660  -3.654  -3.651  -3.649  -3.649  -3.648  -3.648  -3.647  -3.647  -3.647  -3.647  -3.647  -3.647  -3.646  -3.645  -3.643  -3.640  -3.637  -3.631  -3.623  -3.614
   3.270  -5.935  -5.956  -5.970  -5.972  -5.971  -5.968  -5.951  -5.910  -5.850  -5.773  -5.673  -5.549  -5.403  -5.239  -5.055  -4.859  -4.649  -4.435  -4.244  -4.069  -3.924  -3.820  -3.747  -3.695  -3.667  -3.651  -3.639  -3.633  -3.629  -3.626  -3.625  -3.624  -3.624  -3.624  -3.624  -3.623  -3.623  -3.623  -3.622  -3.621  -3.619  -3.616  -3.612  -3.607  -3.600  -3.591
   3.280  -5.861  -5.884  -5.903  -5.919  -5.931  -5.937  -5.932  -5.917  -5.890  -5.841  -5.769  -5.675  -5.558  -5.420  -5.261  -5.085  -4.891  -4.684  -4.481  -4.275  -4.092  -3.946  -3.829  -3.744  -3.691  -3.657  -3.634  -3.623  -3.614  -3.609  -3.606  -3.604  -3.603  -3.602  -3.602  -3.601  -3.601  -3.600  -3.599  -3.597  -3.595  -3.593  -3.589  -3.584  -3.577  -3.569
   3.290  -5.787  -5.810  -5.831  -5.851  -5.872  -5.885  -5.890  -5.893  -5.890  -5.866  -5.821  -5.757  -5.671  -5.562  -5.428  -5.275  -5.104  -4.916  -4.719  -4.507  -4.307  -4.126  -3.966  -3.841  -3.751  -3.686  -3.644  -3.621  -3.604  -3.595  -3.590  -3.586  -3.585  -3.583  -3.582  -3.581  -3.580  -3.578  -3.577  -3.576  -3.573  -3.571  -3.567  -3.562  -3.555  -3.547
   3.300  -5.718  -5.739  -5.760  -5.780  -5.801  -5.820  -5.838  -5.851  -5.852  -5.846  -5.834  -5.802  -5.743  -5.662  -5.557  -5.431  -5.284  -5.118  -4.937  -4.737  -4.537  -4.337  -4.144  -3.984  -3.853  -3.750  -3.681  -3.639  -3.608  -3.590  -3.580  -3.573  -3.569  -3.566  -3.564  -3.562  -3.560  -3.558  -3.556  -3.554  -3.552  -3.549  -3.545  -3.540  -3.533  -3.525
   3.310  -5.654  -5.672  -5.691  -5.711  -5.732  -5.752  -5.772  -5.790  -5.803  -5.810  -5.813  -5.803  -5.772  -5.721  -5.647  -5.550  -5.428  -5.285  -5.125  -4.947  -4.759  -4.557  -4.352  -4.169  -4.003  -3.863  -3.760  -3.684  -3.629  -3.598  -3.578  -3.564  -3.557  -3.551  -3.547  -3.544  -3.541  -3.538  -3.536  -3.534  -3.531  -3.528  -3.524  -3.518  -3.512  -3.504
   3.320  -5.597  -5.613  -5.629  -5.647  -5.666  -5.685  -5.705  -5.724  -5.742  -5.760  -5.768  -5.766  -5.759  -5.744  -5.699  -5.628  -5.534  -5.417  -5.282  -5.126  -4.955  -4.766  -4.567  -4.376  -4.185  -4.015  -3.875  -3.760  -3.677  -3.625  -3.590  -3.566  -3.553  -3.542  -3.535  -3.530  -3.525  -3.522  -3.518  -3.515  -3.511  -3.507  -3.503  -3.497  -3.491  -3.483
   3.330  -5.546  -5.559  -5.573  -5.589  -5.606  -5.623  -5.641  -5.660  -5.678  -5.697  -5.712  -5.722  -5.728  -5.727  -5.707  -5.667  -5.604  -5.516  -5.406  -5.272  -5.121  -4.953  -4.770  -4.581  -4.381  -4.194  -4.028  -3.882  -3.767  -3.684  -3.622  -3.580  -3.556  -3.537  -3.527  -3.519  -3.512  -3.507  -3.503  -3.498  -3.493  -3.488  -3.482  -3.476  -3.468  -3.460
   3.340  -5.498  -5.510  -5.523  -5.537  -5.551  -5.566  -5.582  -5.599  -5.616  -5.634  -5.651  -5.669  -5.683  -5.684  -5.680  -5.670  -5.639  -5.578  -5.494  -5.385  -5.257  -5.111  -4.948  -4.772  -4.579  -4.389  -4.206  -4.034  -3.890  -3.771  -3.678  -3.614  -3.574  -3.543  -3.525  -3.513  -3.502  -3.495  -3.487  -3.481  -3.475  -3.468  -3.461  -3.453  -3.444  -3.434
   3.350  -5.455  -5.465  -5.476  -5.488  -5.501  -5.514  -5.528  -5.542  -5.558  -5.575  -5.591  -5.608  -5.624  -5.635  -5.642  -5.645  -5.634  -5.601  -5.546  -5.467  -5.365  -5.240  -5.096  -4.936  -4.760  -4.578  -4.391  -4.205  -4.040  -3.892  -3.768  -3.677  -3.612  -3.563  -3.533  -3.512  -3.495  -3.484  -3.474  -3.465  -3.457  -3.448  -3.439  -3.429  -3.418  -3.407
   3.360  -5.418  -5.425  -5.433  -5.443  -5.454  -5.466  -5.478  -5.491  -5.505  -5.520  -5.535  -5.551  -5.566  -5.580  -5.595  -5.602  -5.599  -5.589  -5.568  -5.516  -5.439  -5.338  -5.215  -5.075  -4.918  -4.749  -4.568  -4.381  -4.206  -4.038  -3.891  -3.771  -3.674  -3.601  -3.553  -3.518  -3.493  -3.477  -3.462  -3.450  -3.439  -3.428  -3.416  -3.404  -3.390  -3.376
   3.370  -5.389  -5.392  -5.397  -5.403  -5.412  -5.421  -5.432  -5.444  -5.456  -5.469  -5.482  -5.496  -5.511  -5.525  -5.541  -5.551  -5.555  -5.558  -5.555  -5.528  -5.478  -5.403  -5.306  -5.189  -5.051  -4.898  -4.729  -4.548  -4.372  -4.195  -4.031  -3.885  -3.758  -3.659  -3.589  -3.537  -3.499  -3.473  -3.451  -3.435  -3.420  -3.405  -3.391  -3.375  -3.359  -3.342
   3.380  -5.365  -5.366  -5.368  -5.371  -5.376  -5.382  -5.390  -5.400  -5.410  -5.422  -5.434  -5.447  -5.460  -5.473  -5.486  -5.498  -5.509  -5.517  -5.517  -5.506  -5.484  -5.440  -5.368  -5.274  -5.156  -5.021  -4.868  -4.701  -4.529  -4.349  -4.176  -4.016  -3.870  -3.749  -3.650  -3.572  -3.516  -3.477  -3.444  -3.420  -3.400  -3.381  -3.363  -3.344  -3.325  -3.305
   3.390  -5.345  -5.344  -5.344  -5.344  -5.346  -5.350  -5.355  -5.361  -5.369  -5.379  -5.389  -5.400  -5.411  -5.423  -5.435  -5.447  -5.459  -5.469  -5.471  -5.468  -5.464  -5.443  -5.396  -5.326  -5.233  -5.119  -4.985  -4.834  -4.672  -4.495  -4.320  -4.152  -3.992  -3.851  -3.726  -3.622  -3.545  -3.488  -3.441  -3.408  -3.381  -3.356  -3.333  -3.310  -3.287  -3.264
   3.400  -5.328  -5.325  -5.323  -5.323  -5.323  -5.323  -5.324  -5.328  -5.333  -5.340  -5.348  -5.357  -5.367  -5.377  -5.388  -5.399  -5.410  -5.419  -5.424  -5.427  -5.428  -5.419  -5.392  -5.347  -5.279  -5.189  -5.077  -4.945  -4.796  -4.627  -4.455  -4.283  -4.112  -3.957  -3.814  -3.690  -3.591  -3.512  -3.448  -3.402  -3.363  -3.329  -3.300  -3.272  -3.244  -3.218
   3.410  -5.314  -5.310  -5.307  -5.305  -5.302  -5.301  -5.301  -5.302  -5.303  -5.306  -5.311  -5.318  -5.326  -5.334  -5.344  -5.353  -5.362  -5.371  -5.378  -5.382  -5.384  -5.379  -5.365  -5.339  -5.294  -5.227  -5.138  -5.027  -4.897  -4.744  -4.580  -4.406  -4.228  -4.063  -3.908  -3.768  -3.648  -3.545  -3.462  -3.398  -3.346  -3.302  -3.266  -3.232  -3.198  -3.168
   3.420  -5.299  -5.296  -5.293  -5.289  -5.286  -5.283  -5.281  -5.279  -5.279  -5.280  -5.281  -5.284  -5.289  -5.295  -5.303  -5.311  -5.319  -5.327  -5.333  -5.337  -5.339  -5.336  -5.327  -5.312  -5.282  -5.233  -5.165  -5.079  -4.969  -4.837  -4.688  -4.519  -4.338  -4.166  -3.999  -3.844  -3.706  -3.585  -3.483  -3.402  -3.334  -3.278  -3.233  -3.190  -3.150  -3.115
   3.430  -5.278  -5.278  -5.277  -5.275  -5.272  -5.268  -5.265  -5.261  -5.259  -5.258  -5.257  -5.257  -5.259  -5.261  -5.266  -5.271  -5.277  -5.284  -5.289  -5.293  -5.294  -5.292  -5.285  -5.273  -5.251  -5.215  -5.164  -5.097  -5.009  -4.901  -4.772  -4.615  -4.439  -4.264  -4.084  -3.915  -3.764  -3.628  -3.511  -3.412  -3.327  -3.257  -3.200  -3.147  -3.100  -3.059
   3.440  -5.244  -5.250  -5.254  -5.255  -5.254  -5.252  -5.249  -5.246  -5.242  -5.240  -5.237  -5.235  -5.233  -5.233  -5.235  -5.237  -5.240  -5.244  -5.247  -5.250  -5.251  -5.249  -5.241  -5.229  -5.211  -5.182  -5.142  -5.089  -5.019  -4.933  -4.824  -4.686  -4.526  -4.354  -4.167  -3.986  -3.822  -3.671  -3.538  -3.423  -3.323  -3.239  -3.169  -3.106  -3.051  -3.004
   3.450  -5.184  -5.201  -5.214  -5.223  -5.229  -5.231  -5.230  -5.229  -5.227  -5.223  -5.220  -5.217  -5.213  -5.211  -5.209  -5.208  -5.209  -5.210  -5.210  -5.210  -5.209  -5.206  -5.198  -5.185  -5.167  -5.141  -5.106  -5.061  -5.003  -4.933  -4.843  -4.727  -4.588  -4.428  -4.242  -4.056  -3.880  -3.711  -3.563  -3.433  -3.319  -3.223  -3.141  -3.068  -3.004  -2.950
   3.460  -5.096  -5.124  -5.149  -5.168  -5.184  -5.195  -5.202  -5.206  -5.206  -5.205  -5.203  -5.200  -5.196  -5.192  -5.188  -5.185  -5.182  -5.179  -5.177  -5.175  -5.171  -5.165  -5.157  -5.142  -5.122  -5.096  -5.062  -5.021  -4.969  -4.908  -4.831  -4.734  -4.618  -4.474  -4.302  -4.121  -3.936  -3.752  -3.589  -3.444  -3.317  -3.208  -3.115  -3.031  -2.958  -2.896
   3.470  -4.984  -5.022  -5.056  -5.087  -5.113  -5.135  -5.152  -5.165  -5.174  -5.179  -5.181  -5.180  -5.178  -5.175  -5.171  -5.166  -5.161  -5.156  -5.150  -5.144  -5.137  -5.128  -5.117  -5.100  -5.079  -5.052  -5.017  -4.975  -4.925  -4.868  -4.798  -4.714  -4.613  -4.487  -4.336  -4.169  -3.985  -3.793  -3.620  -3.459  -3.315  -3.193  -3.087  -2.993  -2.912  -2.843
   3.480  -4.852  -4.899  -4.942  -4.981  -5.017  -5.049  -5.077  -5.101  -5.120  -5.136  -5.146  -5.152  -5.155  -5.155  -5.152  -5.148  -5.143  -5.136  -5.128  -5.119  -5.108  -5.096  -5.081  -5.062  -5.038  -5.008  -4.972  -4.929  -4.878  -4.820  -4.751  -4.673  -4.581  -4.469  -4.337  -4.187  -4.014  -3.829  -3.651  -3.475  -3.315  -3.179  -3.061  -2.956  -2.866  -2.790
   3.490  -4.708  -4.761  -4.810  -4.857  -4.901  -4.942  -4.979  -5.013  -5.042  -5.067  -5.088  -5.105  -5.117  -5.122  -5.125  -5.126  -5.123  -5.116  -5.108  -5.098  -5.085  -5.069  -5.050  -5.027  -5.000  -4.967  -4.928  -4.882  -4.828  -4.768  -4.698  -4.619  -4.529  -4.425  -4.307  -4.172  -4.015  -3.844  -3.670  -3.489  -3.319  -3.170  -3.037  -2.921  -2.821  -2.737
   3.500  -4.555  -4.612  -4.667  -4.720  -4.770  -4.818  -4.862  -4.904  -4.942  -4.976  -5.007  -5.034  -5.056  -5.073  -5.087  -5.092  -5.092  -5.091  -5.088  -5.078  -5.064  -5.046  -5.025  -4.998  -4.968  -4.931  -4.888  -4.838  -4.780  -4.716  -4.642  -4.559  -4.467  -4.364  -4.252  -4.126  -3.984  -3.830  -3.667  -3.492  -3.322  -3.164  -3.016  -2.887  -2.776  -2.682
   3.525  -4.146  -4.214  -4.280  -4.344  -4.406  -4.466  -4.523  -4.578  -4.631  -4.682  -4.729  -4.774  -4.816  -4.854  -4.888  -4.914  -4.933  -4.953  -4.968  -4.976  -4.975  -4.966  -4.953  -4.935  -4.906  -4.867  -4.821  -4.764  -4.696  -4.618  -4.529  -4.430  -4.321  -4.207  -4.086  -3.959  -3.825  -3.685  -3.542  -3.387  -3.231  -3.074  -2.923  -2.786  -2.661  -2.547
   3.550  -3.714  -3.791  -3.865  -3.938  -4.009  -4.078  -4.145  -4.209  -4.272  -4.333  -4.392  -4.449  -4.504  -4.556  -4.605  -4.651  -4.693  -4.732  -4.765  -4.795  -4.813  -4.820  -4.824  -4.821  -4.800  -4.765  -4.719  -4.660  -4.586  -4.499  -4.399  -4.287  -4.164  -4.036  -3.901  -3.763  -3.622  -3.480  -3.338  -3.198  -3.058  -2.919  -2.781  -2.648  -2.517  -2.390
   3.575  -3.267  -3.351  -3.434  -3.514  -3.594  -3.671  -3.747  -3.820  -3.892  -3.962  -4.030  -4.096  -4.160  -4.222  -4.280  -4.336  -4.389  -4.437  -4.480  -4.520  -4.549  -4.569  -4.583  -4.585  -4.573  -4.548  -4.509  -4.455  -4.387  -4.307  -4.214  -4.109  -3.994  -3.871  -3.739  -3.602  -3.460  -3.314  -3.169  -3.022  -2.877  -2.732  -2.588  -2.449  -2.313  -2.180
   3.600  -2.820  -2.909  -2.997  -3.084  -3.170  -3.254  -3.336  -3.417  -3.496  -3.573  -3.648  -3.721  -3.792  -3.860  -3.924  -3.986  -4.044  -4.099  -4.148  -4.192  -4.228  -4.257  -4.275  -4.277  -4.269  -4.252  -4.220  -4.171  -4.111  -4.039  -3.956  -3.864  -3.761  -3.648  -3.526  -3.395  -3.256  -3.111  -2.964  -2.813  -2.662  -2.513  -2.365  -2.222  -2.084  -1.950
   3.625  -2.388  -2.480  -2.571  -2.661  -2.750  -2.838  -2.925  -3.011  -3.095  -3.178  -3.259  -3.338  -3.415  -3.490  -3.561  -3.629  -3.693  -3.752  -3.803  -3.849  -3.884  -3.907  -3.921  -3.921  -3.906  -3.880  -3.841  -3.786  -3.723  -3.649  -3.567  -3.478  -3.383  -3.280  -3.171  -3.057  -2.937  -2.812  -2.683  -2.551  -2.417  -2.281  -2.144  -2.008  -1.873  -1.739
   3.650  -1.975  -2.067  -2.159  -2.251  -2.342  -2.432  -2.521  -2.610  -2.698  -2.785  -2.870  -2.954  -3.036  -3.115  -3.193  -3.265  -3.332  -3.394  -3.447  -3.492  -3.522  -3.536  -3.543  -3.540  -3.515  -3.476  -3.426  -3.364  -3.294  -3.216  -3.133  -3.046  -2.955  -2.862  -2.766  -2.667  -2.566  -2.462  -2.355  -2.244  -2.130  -2.011  -1.888  -1.762  -1.634  -1.503
   3.675  -1.585  -1.678  -1.770  -1.863  -1.955  -2.047  -2.138  -2.229  -2.318  -2.407  -2.495  -2.581  -2.665  -2.747  -2.826  -2.901  -2.971  -3.035  -3.089  -3.136  -3.161  -3.167  -3.170  -3.165  -3.132  -3.084  -3.028  -2.962  -2.890  -2.810  -2.727  -2.641  -2.552  -2.462  -2.369  -2.275  -2.180  -2.082  -1.982  -1.879  -1.773  -1.663  -1.550  -1.435  -1.317  -1.196
   3.700  -1.229  -1.319  -1.410  -1.500  -1.592  -1.683  -1.774  -1.865  -1.955  -2.044  -2.132  -2.219  -2.304  -2.386  -2.466  -2.542  -2.613  -2.677  -2.732  -2.780  -2.801  -2.801  -2.799  -2.791  -2.753  -2.700  -2.641  -2.571  -2.497  -2.417  -2.334  -2.249  -2.161  -2.071  -1.979  -1.886  -1.791  -1.695  -1.597  -1.497  -1.395  -1.292  -1.186  -1.079  -0.970  -0.859
   3.725  -0.913  -0.994  -1.077  -1.163  -1.250  -1.339  -1.429  -1.519  -1.608  -1.697  -1.785  -1.872  -1.958  -2.041  -2.121  -2.197  -2.267  -2.331  -2.384  -2.429  -2.449  -2.447  -2.443  -2.432  -2.391  -2.337  -2.277  -2.207  -2.133  -2.053  -1.970  -1.885  -1.797  -1.708  -1.617  -1.525  -1.431  -1.335  -1.238  -1.140  -1.039  -0.938  -0.835  -0.731  -0.624  -0.517
   3.750  -0.661  -0.727  -0.797  -0.871  -0.950  -1.031  -1.114  -1.199  -1.285  -1.371  -1.456  -1.541  -1.624  -1.705  -1.784  -1.857  -1.925  -1.986  -2.036  -2.078  -2.096  -2.094  -2.088  -2.074  -2.034  -1.981  -1.921  -1.853  -1.780  -1.702  -1.620  -1.535  -1.448  -1.360  -1.270  -1.178  -1.085  -0.990  -0.894  -0.796  -0.696  -0.595  -0.493  -0.389  -0.284  -0.177
   3.775  -0.501  -0.540  -0.587  -0.641  -0.703  -0.768  -0.837  -0.909  -0.984  -1.062  -1.141  -1.219  -1.298  -1.373  -1.447  -1.516  -1.580  -1.636  -1.682  -1.720  -1.736  -1.734  -1.728  -1.713  -1.675  -1.623  -1.566  -1.499  -1.429  -1.353  -1.273  -1.191  -1.106  -1.020  -0.932  -0.843  -0.752  -0.659  -0.564  -0.468  -0.370  -0.271  -0.170  -0.068   0.036   0.142
   3.800  -0.426  -0.440  -0.461  -0.489  -0.524  -0.565  -0.614  -0.668  -0.727  -0.791  -0.856  -0.923  -0.990  -1.056  -1.121  -1.181  -1.236  -1.285  -1.324  -1.356  -1.370  -1.368  -1.360  -1.345  -1.309  -1.261  -1.207  -1.144  -1.077  -1.005  -0.929  -0.850  -0.769  -0.686  -0.602  -0.516  -0.428  -0.339  -0.247  -0.153  -0.058   0.039   0.138   0.239   0.341   0.446
   3.825  -0.403  -0.405  -0.410  -0.417  -0.427  -0.443  -0.466  -0.495  -0.529  -0.570  -0.613  -0.658  -0.706  -0.753  -0.802  -0.848  -0.890  -0.928  -0.957  -0.980  -0.990  -0.988  -0.978  -0.961  -0.928  -0.886  -0.837  -0.780  -0.719  -0.653  -0.583  -0.510  -0.434  -0.357  -0.277  -0.195  -0.112  -0.027   0.061   0.151   0.243   0.336   0.433   0.531   0.632   0.734
   3.850  -0.395  -0.394  -0.392  -0.392  -0.391  -0.391  -0.392  -0.395  -0.401  -0.411  -0.425  -0.443  -0.465  -0.489  -0.515  -0.540  -0.563  -0.584  -0.599  -0.608  -0.611  -0.606  -0.593  -0.571  -0.542  -0.505  -0.462  -0.412  -0.358  -0.299  -0.236  -0.170  -0.100  -0.029   0.045   0.121   0.199   0.279   0.362   0.447   0.534   0.624   0.717   0.812   0.910   1.010
   3.875  -0.394  -0.393  -0.391  -0.387  -0.383  -0.376  -0.367  -0.357  -0.342  -0.325  -0.310  -0.299  -0.289  -0.283  -0.279  -0.273  -0.267  -0.263  -0.256  -0.248  -0.238  -0.224  -0.205  -0.181  -0.152  -0.119  -0.081  -0.038   0.009   0.061   0.116   0.174   0.236   0.300   0.367   0.436   0.508   0.582   0.658   0.738   0.820   0.905   0.993   1.084   1.178   1.275
   3.900  -0.394  -0.393  -0.390  -0.386  -0.380  -0.371  -0.359  -0.344  -0.323  -0.296  -0.264  -0.227  -0.186  -0.145  -0.102  -0.061  -0.023   0.013   0.046   0.077   0.107   0.136   0.164   0.194   0.225   0.258   0.294   0.332   0.373   0.418   0.466   0.517   0.570   0.627   0.686   0.748   0.813   0.880   0.951   1.024   1.100   1.180   1.262   1.348   1.438   1.530
   3.925  -0.395  -0.394  -0.391  -0.386  -0.381  -0.372  -0.361  -0.345  -0.323  -0.294  -0.255  -0.205  -0.146  -0.078   0.001   0.076   0.149   0.221   0.285   0.345   0.403   0.454   0.500   0.542   0.580   0.618   0.655   0.691   0.730   0.770   0.812   0.856   0.903   0.952   1.004   1.058   1.116   1.176   1.239   1.306   1.376   1.449   1.526   1.607   1.691   1.779
   3.950  -0.396  -0.395  -0.392  -0.388  -0.383  -0.375  -0.364  -0.348  -0.324  -0.293  -0.252  -0.198  -0.133  -0.055   0.036   0.134   0.239   0.348   0.450   0.548   0.638   0.716   0.785   0.845   0.897   0.944   0.987   1.027   1.067   1.104   1.143   1.183   1.225   1.268   1.313   1.361   1.412   1.465   1.522   1.582   1.645   1.713   1.784   1.859   1.938   2.021
   3.975  -0.397  -0.395  -0.393  -0.389  -0.385  -0.378  -0.367  -0.353  -0.329  -0.299  -0.259  -0.205  -0.140  -0.060   0.034   0.141   0.266   0.400   0.536   0.674   0.801   0.907   1.003   1.083   1.156   1.220   1.277   1.326   1.371   1.412   1.452   1.491   1.529   1.569   1.610   1.653   1.699   1.746   1.797   1.851   1.908   1.970   2.035   2.105   2.178   2.255
   4.000  -0.397  -0.396  -0.394  -0.390  -0.387  -0.380  -0.371  -0.358  -0.337  -0.309  -0.270  -0.218  -0.153  -0.070   0.030   0.144   0.275   0.417   0.564   0.719   0.868   1.008   1.138   1.253   1.353   1.441   1.516   1.580   1.637   1.685   1.730   1.772   1.811   1.851   1.890   1.930   1.972   2.015   2.061   2.110   2.162   2.218   2.278   2.343   2.411   2.483
   4.025  -0.397  -0.396  -0.393  -0.391  -0.388  -0.382  -0.374  -0.362  -0.343  -0.317  -0.281  -0.231  -0.168  -0.088   0.012   0.126   0.257   0.401   0.553   0.713   0.868   1.034   1.198   1.350   1.486   1.602   1.695   1.776   1.850   1.913   1.968   2.018   2.062   2.105   2.145   2.185   2.225   2.266   2.310   2.356   2.404   2.456   2.511   2.571   2.636   2.704
   4.050  -0.396  -0.395  -0.393  -0.391  -0.388  -0.383  -0.376  -0.365  -0.348  -0.325  -0.291  -0.245  -0.185  -0.108  -0.015   0.095   0.224   0.370   0.526   0.695   0.868   1.043   1.218   1.382   1.538   1.681   1.807   1.918   2.014   2.095   2.166   2.228   2.281   2.330   2.374   2.417   2.459   2.500   2.543   2.587   2.634   2.683   2.734   2.791   2.852   2.918
   4.075  -0.395  -0.394  -0.392  -0.390  -0.388  -0.383  -0.376  -0.367  -0.351  -0.330  -0.299  -0.256  -0.201  -0.129  -0.040   0.065   0.190   0.331   0.485   0.655   0.835   1.013   1.194   1.367   1.534   1.697   1.858   2.006   2.129   2.229   2.317   2.396   2.462   2.522   2.574   2.623   2.669   2.713   2.757   2.802   2.848   2.896   2.947   3.001   3.060   3.122
   4.100  -0.393  -0.392  -0.391  -0.389  -0.386  -0.382  -0.376  -0.368  -0.353  -0.334  -0.306  -0.267  -0.216  -0.148  -0.065   0.035   0.154   0.289   0.439   0.604   0.778   0.960   1.148   1.334   1.522   1.703   1.875   2.037   2.183   2.312   2.427   2.525   2.609   2.683   2.746   2.804   2.857   2.906   2.954   3.001   3.048   3.097   3.148   3.201   3.258   3.318
   4.125  -0.391  -0.390  -0.388  -0.386  -0.384  -0.380  -0.375  -0.367  -0.354  -0.338  -0.312  -0.275  -0.228  -0.165  -0.087   0.007   0.120   0.249   0.393   0.554   0.725   0.906   1.096   1.286   1.484   1.675   1.857   2.031   2.192   2.355   2.500   2.616   2.719   2.812   2.890   2.960   3.022   3.078   3.132   3.183   3.233   3.284   3.335   3.390   3.447   3.507
   4.150  -0.389  -0.388  -0.386  -0.384  -0.382  -0.378  -0.373  -0.366  -0.355  -0.339  -0.315  -0.281  -0.238  -0.179  -0.106  -0.018   0.088   0.211   0.349   0.505   0.672   0.851   1.040   1.232   1.429   1.626   1.822   2.014   2.196   2.369   2.529   2.672   2.799   2.911   3.007   3.092   3.166   3.231   3.292   3.350   3.405   3.459   3.512   3.569   3.627   3.688
   4.175  -0.389  -0.388  -0.385  -0.382  -0.379  -0.375  -0.371  -0.364  -0.353  -0.338  -0.316  -0.286  -0.245  -0.191  -0.123  -0.040   0.060   0.177   0.310   0.460   0.624   0.800   0.987   1.180   1.378   1.579   1.779   1.980   2.175   2.359   2.530   2.700   2.852   2.982   3.098   3.200   3.289   3.366   3.438   3.502   3.564   3.623   3.680   3.739   3.800   3.862
   4.200  -0.390  -0.388  -0.385  -0.381  -0.378  -0.373  -0.368  -0.361  -0.350  -0.337  -0.316  -0.288  -0.251  -0.200  -0.137  -0.059   0.036   0.147   0.275   0.421   0.580   0.754   0.939   1.130   1.329   1.531   1.735   1.939   2.140   2.339   2.530   2.710   2.879   3.031   3.166   3.287   3.392   3.484   3.568   3.641   3.710   3.776   3.838   3.902   3.966   4.029
   4.225  -0.391  -0.388  -0.385  -0.381  -0.377  -0.371  -0.366  -0.359  -0.348  -0.335  -0.316  -0.288  -0.254  -0.207  -0.147  -0.073   0.017   0.123   0.246   0.387   0.543   0.714   0.898   1.088   1.287   1.489   1.695   1.902   2.108   2.314   2.517   2.706   2.890   3.060   3.215   3.354   3.477   3.585   3.682   3.767   3.846   3.919   3.988   4.056   4.124   4.190
   4.250  -0.391  -0.388  -0.385  -0.381  -0.376  -0.370  -0.364  -0.357  -0.346  -0.333  -0.314  -0.288  -0.255  -0.210  -0.154  -0.084   0.002   0.103   0.222   0.359   0.512   0.680   0.862   1.052   1.250   1.453   1.659   1.869   2.078   2.288   2.495   2.697   2.894   3.077   3.249   3.406   3.546   3.670   3.782   3.880   3.970   4.052   4.128   4.202   4.274   4.343
   4.275  -0.391  -0.388  -0.385  -0.380  -0.375  -0.368  -0.362  -0.354  -0.343  -0.330  -0.312  -0.287  -0.255  -0.211  -0.158  -0.092  -0.010   0.088   0.204   0.338   0.488   0.654   0.834   1.022   1.221   1.424   1.631   1.842   2.053   2.267   2.478   2.687   2.892   3.087   3.273   3.445   3.601   3.743   3.870   3.981   4.083   4.175   4.259   4.340   4.417   4.490
   4.300  -0.391  -0.388  -0.384  -0.379  -0.374  -0.367  -0.359  -0.350  -0.339  -0.326  -0.308  -0.284  -0.253  -0.211  -0.160  -0.095  -0.016   0.079   0.192   0.323   0.470   0.634   0.812   1.000   1.199   1.403   1.610   1.822   2.035   2.250   2.465   2.679   2.890   3.094   3.291   3.476   3.647   3.804   3.946   4.071   4.185   4.288   4.381   4.468   4.550   4.626
   4.325  -0.391  -0.388  -0.384  -0.379  -0.373  -0.366  -0.357  -0.346  -0.334  -0.320  -0.302  -0.278  -0.248  -0.208  -0.158  -0.095  -0.017   0.074   0.185   0.314   0.459   0.621   0.799   0.986   1.184   1.389   1.597   1.810   2.024   2.241   2.458   2.676   2.892   3.101   3.307   3.503   3.686   3.857   4.012   4.151   4.277   4.390   4.492   4.585   4.670   4.746
   4.350  -0.391  -0.388  -0.384  -0.379  -0.373  -0.365  -0.355  -0.343  -0.329  -0.314  -0.294  -0.271  -0.241  -0.202  -0.154  -0.093  -0.018   0.073   0.182   0.310   0.455   0.617   0.794   0.981   1.179   1.383   1.592   1.806   2.021   2.238   2.456   2.676   2.895   3.110   3.324   3.528   3.722   3.904   4.071   4.223   4.361   4.485   4.596   4.695   4.783   4.859
   4.375  -0.391  -0.389  -0.385  -0.380  -0.374  -0.365  -0.355  -0.341  -0.325  -0.308  -0.287  -0.262  -0.232  -0.192  -0.146  -0.086  -0.012   0.077   0.186   0.313   0.458   0.619   0.796   0.983   1.181   1.386   1.595   1.808   2.024   2.242   2.461   2.682   2.905   3.125   3.343   3.554   3.756   3.949   4.127   4.290   4.441   4.577   4.699   4.807   4.900   4.978
   4.400  -0.391  -0.390  -0.386  -0.381  -0.375  -0.366  -0.354  -0.340  -0.323  -0.304  -0.280  -0.253  -0.221  -0.181  -0.134  -0.074   0.000   0.088   0.195   0.322   0.465   0.626   0.803   0.990   1.188   1.393   1.603   1.817   2.034   2.253   2.474   2.697   2.921   3.143   3.365   3.581   3.790   3.991   4.178   4.352   4.513   4.659   4.791   4.907   5.007   5.092
   4.425  -0.392  -0.390  -0.387  -0.382  -0.376  -0.368  -0.356  -0.341  -0.323  -0.301  -0.275  -0.245  -0.211  -0.169  -0.120  -0.060   0.014   0.103   0.210   0.336   0.479   0.640   0.817   1.004   1.202   1.408   1.618   1.833   2.051   2.271   2.493   2.716   2.942   3.166   3.390   3.610   3.825   4.033   4.227   4.409   4.576   4.724   4.857   4.981   5.095   5.198
   4.450  -0.393  -0.391  -0.388  -0.384  -0.378  -0.370  -0.358  -0.343  -0.324  -0.300  -0.272  -0.240  -0.203  -0.158  -0.107  -0.044   0.031   0.120   0.229   0.355   0.499   0.661   0.838   1.025   1.224   1.429   1.640   1.855   2.073   2.294   2.516   2.740   2.966   3.192   3.418   3.641   3.860   4.073   4.272   4.460   4.632   4.781   4.914   5.044   5.168   5.286
   4.475  -0.394  -0.392  -0.389  -0.385  -0.380  -0.372  -0.361  -0.346  -0.326  -0.302  -0.273  -0.238  -0.197  -0.149  -0.095  -0.029   0.049   0.140   0.250   0.378   0.523   0.685   0.863   1.050   1.249   1.455   1.666   1.881   2.100   2.320   2.543   2.768   2.994   3.220   3.448   3.673   3.894   4.110   4.313   4.507   4.684   4.837   4.974   5.105   5.229   5.345
   4.500  -0.394  -0.393  -0.391  -0.387  -0.382  -0.375  -0.364  -0.350  -0.330  -0.305  -0.274  -0.237  -0.193  -0.141  -0.083  -0.014   0.067   0.161   0.274   0.404   0.551   0.715   0.893   1.081   1.280   1.486   1.697   1.912   2.130   2.351   2.574   2.798   3.024   3.251   3.479   3.705   3.927   4.144   4.350   4.549   4.731   4.891   5.034   5.163   5.278   5.378

