low temperature opacities from Ferguson, Alexander, et al (2005) with gs98 metals
    form     version        X           Z          logRs    logR_min    logR_max       logTs    logT_min    logT_max
       1          38    0.900000    0.100000          46   -8.000000    1.000000         105    2.700000    4.500000

   logT                       logR = logRho - 3*logT + 18
          -8.000  -7.800  -7.600  -7.400  -7.200  -7.000  -6.800  -6.600  -6.400  -6.200  -6.000  -5.800  -5.600  -5.400  -5.200  -5.000  -4.800  -4.600  -4.400  -4.200  -4.000  -3.800  -3.600  -3.400  -3.200  -3.000  -2.800  -2.600  -2.400  -2.200  -2.000  -1.800  -1.600  -1.400  -1.200  -1.000  -0.800  -0.600  -0.400  -0.200   0.000   0.200   0.400   0.600   0.800   1.000

   2.700   0.508   0.508   0.508   0.508   0.508   0.508   0.514   0.522   0.522   0.514   0.508   0.508   0.508   0.509   0.516   0.521   0.517   0.510   0.511   0.521   0.528   0.521   0.511   0.509   0.509   0.509   0.509   0.509   0.512   0.525   0.534   0.532   0.530   0.530   0.534   0.539   0.541   0.543   0.549   0.559   0.565   0.563   0.560   0.562   0.573   0.591
   2.750   0.527   0.528   0.528   0.528   0.528   0.528   0.528   0.528   0.528   0.528   0.528   0.528   0.528   0.528   0.528   0.528   0.528   0.528   0.528   0.529   0.529   0.529   0.529   0.529   0.529   0.530   0.531   0.533   0.535   0.537   0.538   0.538   0.537   0.538   0.543   0.548   0.550   0.552   0.557   0.566   0.571   0.570   0.567   0.568   0.578   0.595
   2.800   0.563   0.564   0.564   0.562   0.554   0.549   0.549   0.550   0.550   0.551   0.551   0.551   0.551   0.551   0.551   0.551   0.551   0.551   0.551   0.552   0.552   0.552   0.552   0.552   0.552   0.552   0.552   0.553   0.553   0.553   0.553   0.555   0.560   0.563   0.567   0.570   0.572   0.572   0.575   0.582   0.585   0.583   0.581   0.582   0.590   0.604
   2.850   0.563   0.567   0.571   0.575   0.579   0.583   0.586   0.588   0.590   0.591   0.592   0.593   0.594   0.596   0.597   0.598   0.599   0.599   0.599   0.599   0.599   0.599   0.599   0.599   0.600   0.600   0.600   0.600   0.600   0.600   0.600   0.601   0.601   0.601   0.600   0.599   0.599   0.598   0.599   0.601   0.603   0.602   0.600   0.600   0.607   0.616
   2.900   0.589   0.590   0.590   0.590   0.590   0.590   0.598   0.610   0.614   0.615   0.616   0.619   0.622   0.624   0.626   0.628   0.629   0.630   0.634   0.645   0.651   0.651   0.650   0.650   0.650   0.650   0.650   0.651   0.651   0.651   0.651   0.647   0.639   0.633   0.629   0.627   0.624   0.622   0.622   0.622   0.622   0.621   0.619   0.619   0.623   0.630
   2.910   0.595   0.597   0.599   0.599   0.600   0.600   0.599   0.598   0.600   0.613   0.624   0.627   0.628   0.630   0.630   0.632   0.640   0.652   0.654   0.655   0.655   0.655   0.654   0.654   0.655   0.655   0.655   0.654   0.654   0.654   0.654   0.654   0.655   0.654   0.650   0.646   0.644   0.642   0.641   0.640   0.639   0.638   0.637   0.637   0.639   0.642
   2.920   0.605   0.613   0.619   0.623   0.626   0.627   0.627   0.628   0.628   0.629   0.630   0.637   0.648   0.654   0.657   0.658   0.658   0.658   0.658   0.659   0.659   0.659   0.659   0.659   0.658   0.658   0.658   0.659   0.659   0.659   0.659   0.659   0.659   0.659   0.658   0.658   0.657   0.656   0.654   0.654   0.653   0.652   0.651   0.651   0.651   0.653
   2.930   0.559   0.583   0.602   0.615   0.622   0.627   0.630   0.632   0.634   0.635   0.635   0.634   0.633   0.635   0.649   0.660   0.663   0.665   0.665   0.665   0.665   0.665   0.664   0.664   0.664   0.664   0.664   0.663   0.663   0.663   0.663   0.663   0.664   0.665   0.665   0.665   0.665   0.664   0.664   0.663   0.663   0.662   0.661   0.661   0.662   0.662
   2.940   0.449   0.501   0.543   0.576   0.597   0.613   0.624   0.631   0.635   0.637   0.639   0.640   0.640   0.643   0.653   0.661   0.664   0.666   0.668   0.670   0.671   0.672   0.673   0.673   0.674   0.674   0.674   0.673   0.673   0.673   0.673   0.672   0.671   0.671   0.671   0.671   0.671   0.671   0.671   0.671   0.670   0.670   0.670   0.670   0.670   0.670
   2.950   0.184   0.309   0.410   0.485   0.532   0.566   0.593   0.611   0.626   0.634   0.640   0.643   0.645   0.647   0.647   0.648   0.655   0.665   0.671   0.673   0.675   0.677   0.678   0.678   0.679   0.679   0.679   0.679   0.679   0.678   0.678   0.678   0.678   0.678   0.678   0.678   0.678   0.677   0.677   0.677   0.677   0.677   0.676   0.676   0.676   0.677
   2.960  -0.006   0.131   0.246   0.337   0.403   0.458   0.510   0.554   0.587   0.610   0.627   0.638   0.644   0.649   0.652   0.654   0.655   0.655   0.659   0.669   0.678   0.680   0.681   0.683   0.684   0.684   0.684   0.684   0.684   0.684   0.684   0.684   0.684   0.684   0.684   0.684   0.684   0.684   0.683   0.683   0.683   0.683   0.683   0.683   0.683   0.683
   2.970  -0.003  -0.003  -0.001   0.025   0.166   0.307   0.384   0.441   0.495   0.543   0.582   0.609   0.627   0.641   0.650   0.655   0.659   0.661   0.663   0.663   0.664   0.672   0.683   0.687   0.688   0.689   0.690   0.690   0.690   0.691   0.691   0.691   0.690   0.690   0.690   0.690   0.690   0.690   0.689   0.689   0.689   0.689   0.688   0.688   0.688   0.688
   2.980  -0.011  -0.005   0.000   0.003   0.005   0.007   0.097   0.261   0.367   0.430   0.482   0.533   0.576   0.609   0.630   0.645   0.655   0.661   0.666   0.669   0.671   0.672   0.672   0.676   0.686   0.694   0.696   0.697   0.697   0.697   0.697   0.697   0.697   0.697   0.696   0.696   0.695   0.695   0.695   0.694   0.694   0.694   0.694   0.694   0.694   0.694
   2.990  -0.062  -0.036  -0.017  -0.003   0.004   0.008   0.011   0.013   0.043   0.195   0.345   0.422   0.476   0.526   0.571   0.607   0.632   0.649   0.662   0.669   0.674   0.677   0.679   0.681   0.681   0.682   0.683   0.685   0.690   0.699   0.704   0.703   0.700   0.700   0.700   0.700   0.700   0.700   0.700   0.700   0.700   0.700   0.700   0.700   0.700   0.700
   3.000  -0.291  -0.185  -0.104  -0.051  -0.024  -0.007   0.006   0.012   0.017   0.019   0.023   0.122   0.299   0.410   0.473   0.523   0.570   0.607   0.636   0.655   0.668   0.677   0.682   0.686   0.689   0.690   0.690   0.691   0.692   0.694   0.697   0.700   0.703   0.704   0.704   0.704   0.705   0.705   0.705   0.705   0.705   0.706   0.706   0.706   0.706   0.706
   3.010  -0.919  -0.660  -0.447  -0.282  -0.166  -0.087  -0.040  -0.015   0.004   0.015   0.022   0.026   0.028   0.062   0.228   0.389   0.470   0.523   0.571   0.610   0.641   0.662   0.675   0.685   0.691   0.695   0.698   0.699   0.701   0.704   0.705   0.705   0.705   0.705   0.707   0.709   0.710   0.711   0.711   0.711   0.712   0.712   0.712   0.713   0.713   0.713
   3.020  -0.851  -0.847  -0.834  -0.786  -0.606  -0.416  -0.275  -0.152  -0.070  -0.027  -0.002   0.016   0.025   0.032   0.035   0.040   0.152   0.349   0.468   0.528   0.572   0.613   0.644   0.668   0.682   0.692   0.699   0.703   0.706   0.708   0.709   0.710   0.712   0.713   0.714   0.716   0.717   0.718   0.718   0.719   0.719   0.720   0.720   0.720   0.721   0.721
   3.030  -0.831  -0.835  -0.838  -0.835  -0.819  -0.809  -0.830  -0.863  -0.799  -0.418  -0.119  -0.049  -0.013   0.013   0.028   0.037   0.043   0.046   0.087   0.276   0.456   0.537   0.582   0.622   0.652   0.675   0.691   0.702   0.709   0.713   0.716   0.718   0.719   0.720   0.722   0.723   0.724   0.726   0.726   0.727   0.727   0.728   0.729   0.729   0.729   0.730
   3.040  -0.843  -0.826  -0.816  -0.815  -0.819  -0.821  -0.816  -0.801  -0.765  -0.667  -0.537  -0.371  -0.193  -0.082  -0.027   0.006   0.030   0.042   0.051   0.054   0.060   0.195   0.424   0.545   0.596   0.630   0.662   0.686   0.703   0.713   0.720   0.724   0.726   0.728   0.730   0.731   0.733   0.734   0.735   0.736   0.736   0.737   0.738   0.738   0.739   0.739
   3.050  -0.768  -0.795  -0.813  -0.816  -0.815  -0.814  -0.810  -0.804  -0.803  -0.804  -0.804  -0.746  -0.618  -0.471  -0.287  -0.132  -0.049  -0.004   0.026   0.037   0.057   0.159   0.316   0.422   0.489   0.545   0.597   0.641   0.674   0.697   0.713   0.723   0.729   0.733   0.736   0.738   0.740   0.742   0.744   0.744   0.745   0.746   0.747   0.748   0.749   0.749
   3.060  -0.665  -0.694  -0.720  -0.746  -0.773  -0.788  -0.792  -0.795  -0.795  -0.791  -0.783  -0.773  -0.758  -0.724  -0.650  -0.541  -0.381  -0.203  -0.084  -0.016   0.025   0.044   0.055   0.108   0.270   0.424   0.506   0.562   0.613   0.655   0.688   0.709   0.722   0.732   0.737   0.741   0.746   0.749   0.751   0.753   0.754   0.756   0.757   0.758   0.759   0.759
   3.070  -0.630  -0.639  -0.650  -0.664  -0.680  -0.699  -0.727  -0.756  -0.768  -0.773  -0.775  -0.773  -0.767  -0.755  -0.730  -0.716  -0.729  -0.748  -0.697  -0.390  -0.123  -0.031   0.017   0.049   0.060   0.081   0.208   0.405   0.526   0.588   0.631   0.669   0.696   0.716   0.728   0.737   0.745   0.751   0.756   0.759   0.762   0.764   0.766   0.768   0.769   0.770
   3.080  -0.617  -0.614  -0.613  -0.613  -0.617  -0.625  -0.638  -0.656  -0.677  -0.703  -0.725  -0.741  -0.751  -0.753  -0.749  -0.741  -0.723  -0.703  -0.707  -0.745  -0.770  -0.564  -0.211  -0.051   0.011   0.049   0.070   0.081   0.145   0.353   0.536   0.608   0.645   0.678   0.702   0.720   0.735   0.746   0.755   0.761   0.766   0.771   0.774   0.776   0.778   0.780
   3.090  -0.599  -0.599  -0.598  -0.597  -0.596  -0.595  -0.595  -0.595  -0.598  -0.616  -0.638  -0.661  -0.686  -0.706  -0.725  -0.733  -0.731  -0.724  -0.714  -0.703  -0.682  -0.632  -0.544  -0.417  -0.238  -0.085  -0.017   0.025   0.126   0.284   0.424   0.506   0.561   0.610   0.651   0.683   0.709   0.728   0.744   0.756   0.765   0.773   0.778   0.783   0.787   0.789
   3.100  -0.585  -0.583  -0.582  -0.580  -0.580  -0.579  -0.578  -0.577  -0.574  -0.570  -0.568  -0.578  -0.600  -0.622  -0.645  -0.668  -0.691  -0.710  -0.712  -0.705  -0.695  -0.679  -0.663  -0.662  -0.672  -0.678  -0.486  -0.156  -0.011   0.031   0.086   0.203   0.338   0.448   0.540   0.614   0.662   0.692   0.719   0.739   0.754   0.767   0.777   0.786   0.792   0.796
   3.110  -0.585  -0.578  -0.571  -0.567  -0.564  -0.562  -0.560  -0.559  -0.559  -0.558  -0.557  -0.554  -0.550  -0.551  -0.564  -0.583  -0.605  -0.630  -0.649  -0.663  -0.670  -0.671  -0.671  -0.669  -0.652  -0.617  -0.552  -0.454  -0.328  -0.165  -0.017   0.079   0.157   0.260   0.386   0.497   0.571   0.625   0.669   0.701   0.727   0.749   0.767   0.782   0.793   0.800
   3.120  -0.634  -0.609  -0.588  -0.573  -0.563  -0.555  -0.549  -0.546  -0.543  -0.541  -0.540  -0.539  -0.538  -0.538  -0.537  -0.536  -0.541  -0.553  -0.569  -0.592  -0.612  -0.627  -0.638  -0.643  -0.645  -0.646  -0.640  -0.623  -0.580  -0.456  -0.320  -0.212  -0.104   0.025   0.176   0.315   0.424   0.514   0.584   0.633   0.673   0.710   0.741   0.766   0.784   0.797
   3.130  -0.874  -0.775  -0.697  -0.639  -0.605  -0.581  -0.561  -0.548  -0.537  -0.531  -0.526  -0.523  -0.521  -0.519  -0.518  -0.517  -0.513  -0.510  -0.511  -0.522  -0.538  -0.557  -0.577  -0.593  -0.604  -0.613  -0.620  -0.624  -0.623  -0.611  -0.585  -0.491  -0.332  -0.189  -0.050   0.087   0.223   0.351   0.450   0.522   0.583   0.641   0.692   0.732   0.761   0.781
   3.140  -2.160  -1.595  -1.170  -0.918  -0.794  -0.714  -0.648  -0.608  -0.573  -0.549  -0.531  -0.518  -0.511  -0.505  -0.502  -0.500  -0.498  -0.497  -0.494  -0.490  -0.488  -0.494  -0.507  -0.523  -0.547  -0.560  -0.558  -0.554  -0.558  -0.582  -0.597  -0.569  -0.500  -0.407  -0.284  -0.149  -0.003   0.146   0.268   0.364   0.451   0.536   0.611   0.671   0.716   0.746
   3.150  -2.450  -2.253  -2.099  -1.997  -1.959  -1.894  -1.518  -0.982  -0.750  -0.662  -0.605  -0.560  -0.535  -0.514  -0.500  -0.491  -0.484  -0.481  -0.478  -0.476  -0.475  -0.475  -0.476  -0.477  -0.482  -0.492  -0.511  -0.531  -0.533  -0.528  -0.525  -0.530  -0.537  -0.525  -0.443  -0.331  -0.206  -0.067   0.059   0.173   0.283   0.393   0.496   0.577   0.639   0.684
   3.160  -2.881  -2.590  -2.350  -2.160  -2.023  -1.927  -1.883  -1.857  -1.742  -1.398  -1.060  -0.841  -0.680  -0.590  -0.546  -0.518  -0.495  -0.481  -0.470  -0.463  -0.459  -0.456  -0.455  -0.453  -0.450  -0.448  -0.454  -0.466  -0.479  -0.496  -0.508  -0.514  -0.516  -0.513  -0.486  -0.433  -0.350  -0.246  -0.137  -0.021   0.098   0.224   0.348   0.448   0.527   0.587
   3.170  -3.357  -3.036  -2.747  -2.489  -2.260  -2.076  -1.950  -1.869  -1.817  -1.798  -1.766  -1.568  -1.246  -1.001  -0.801  -0.653  -0.572  -0.530  -0.495  -0.474  -0.459  -0.448  -0.442  -0.437  -0.433  -0.432  -0.434  -0.438  -0.442  -0.445  -0.449  -0.457  -0.464  -0.465  -0.462  -0.456  -0.424  -0.361  -0.282  -0.185  -0.075   0.051   0.183   0.292   0.382   0.457
   3.180  -3.800  -3.500  -3.206  -2.916  -2.623  -2.364  -2.156  -1.990  -1.871  -1.803  -1.760  -1.732  -1.717  -1.706  -1.702  -1.695  -1.364  -0.825  -0.621  -0.554  -0.510  -0.474  -0.451  -0.434  -0.425  -0.419  -0.414  -0.410  -0.411  -0.415  -0.419  -0.423  -0.426  -0.430  -0.434  -0.437  -0.429  -0.405  -0.363  -0.297  -0.211  -0.102   0.021   0.126   0.218   0.301
   3.190  -4.157  -3.911  -3.649  -3.366  -3.057  -2.761  -2.490  -2.244  -2.051  -1.910  -1.806  -1.740  -1.705  -1.681  -1.667  -1.659  -1.654  -1.651  -1.577  -1.192  -0.820  -0.642  -0.539  -0.479  -0.447  -0.427  -0.411  -0.402  -0.394  -0.390  -0.388  -0.389  -0.391  -0.395  -0.401  -0.404  -0.403  -0.400  -0.391  -0.355  -0.298  -0.215  -0.117  -0.028   0.056   0.138
   3.200  -4.403  -4.230  -4.022  -3.778  -3.492  -3.197  -2.898  -2.604  -2.348  -2.124  -1.943  -1.820  -1.740  -1.684  -1.654  -1.635  -1.621  -1.614  -1.609  -1.607  -1.603  -1.379  -0.973  -0.723  -0.584  -0.498  -0.448  -0.422  -0.400  -0.386  -0.378  -0.372  -0.370  -0.370  -0.373  -0.376  -0.379  -0.382  -0.381  -0.367  -0.338  -0.287  -0.218  -0.151  -0.083  -0.012
   3.210  -4.540  -4.440  -4.298  -4.110  -3.873  -3.610  -3.321  -3.016  -2.728  -2.449  -2.204  -2.009  -1.854  -1.742  -1.674  -1.631  -1.603  -1.588  -1.577  -1.570  -1.566  -1.563  -1.562  -1.498  -1.152  -0.813  -0.642  -0.534  -0.458  -0.417  -0.393  -0.377  -0.368  -0.364  -0.362  -0.361  -0.363  -0.367  -0.367  -0.361  -0.349  -0.322  -0.280  -0.235  -0.187  -0.133
   3.220  -4.589  -4.547  -4.464  -4.337  -4.168  -3.960  -3.708  -3.424  -3.136  -2.835  -2.551  -2.293  -2.062  -1.885  -1.761  -1.671  -1.612  -1.581  -1.557  -1.543  -1.535  -1.529  -1.525  -1.523  -1.520  -1.519  -1.518  -1.518  -1.414  -0.869  -0.481  -0.428  -0.402  -0.399  -0.399  -0.399  -0.394  -0.382  -0.372  -0.364  -0.353  -0.336  -0.316  -0.289  -0.256  -0.218
   3.230  -4.578  -4.566  -4.529  -4.467  -4.365  -4.219  -4.022  -3.784  -3.522  -3.229  -2.935  -2.648  -2.372  -2.138  -1.940  -1.783  -1.676  -1.606  -1.557  -1.530  -1.513  -1.501  -1.495  -1.489  -1.486  -1.484  -1.482  -1.482  -1.480  -1.480  -1.478  -1.170  -0.683  -0.560  -0.543  -0.525  -0.491  -0.454  -0.422  -0.393  -0.370  -0.357  -0.346  -0.328  -0.304  -0.274
   3.240  -4.543  -4.540  -4.531  -4.513  -4.464  -4.375  -4.243  -4.071  -3.856  -3.594  -3.315  -3.026  -2.731  -2.459  -2.202  -1.982  -1.814  -1.688  -1.596  -1.543  -1.508  -1.484  -1.471  -1.461  -1.456  -1.452  -1.449  -1.447  -1.445  -1.444  -1.443  -1.289  -1.016  -0.868  -0.811  -0.759  -0.681  -0.601  -0.530  -0.465  -0.421  -0.403  -0.394  -0.375  -0.350  -0.320
   3.250  -4.509  -4.508  -4.506  -4.501  -4.482  -4.442  -4.373  -4.264  -4.106  -3.899  -3.660  -3.390  -3.098  -2.813  -2.528  -2.267  -2.042  -1.849  -1.702  -1.602  -1.531  -1.485  -1.460  -1.441  -1.431  -1.424  -1.419  -1.415  -1.413  -1.411  -1.409  -1.361  -1.268  -1.185  -1.105  -1.018  -0.914  -0.804  -0.698  -0.589  -0.515  -0.489  -0.474  -0.448  -0.414  -0.373
   3.260  -4.490  -4.486  -4.481  -4.474  -4.466  -4.452  -4.422  -4.363  -4.262  -4.122  -3.941  -3.709  -3.441  -3.166  -2.875  -2.594  -2.328  -2.083  -1.882  -1.723  -1.601  -1.520  -1.472  -1.435  -1.415  -1.402  -1.392  -1.387  -1.383  -1.379  -1.377  -1.376  -1.375  -1.364  -1.305  -1.221  -1.124  -1.011  -0.891  -0.753  -0.651  -0.612  -0.591  -0.554  -0.507  -0.453
   3.270  -4.486  -4.475  -4.465  -4.456  -4.449  -4.437  -4.420  -4.393  -4.340  -4.259  -4.135  -3.958  -3.740  -3.494  -3.214  -2.930  -2.649  -2.375  -2.133  -1.918  -1.741  -1.612  -1.521  -1.454  -1.416  -1.391  -1.373  -1.364  -1.356  -1.351  -1.348  -1.346  -1.344  -1.340  -1.328  -1.303  -1.252  -1.169  -1.063  -0.924  -0.810  -0.761  -0.734  -0.689  -0.631  -0.564
   3.280  -4.490  -4.477  -4.464  -4.450  -4.437  -4.423  -4.411  -4.394  -4.363  -4.320  -4.244  -4.127  -3.971  -3.771  -3.521  -3.253  -2.975  -2.691  -2.425  -2.169  -1.945  -1.763  -1.616  -1.509  -1.443  -1.397  -1.365  -1.348  -1.335  -1.326  -1.321  -1.317  -1.314  -1.312  -1.311  -1.309  -1.293  -1.250  -1.175  -1.062  -0.963  -0.914  -0.883  -0.835  -0.774  -0.704
   3.290  -4.492  -4.481  -4.468  -4.454  -4.438  -4.421  -4.406  -4.388  -4.365  -4.339  -4.292  -4.221  -4.122  -3.973  -3.775  -3.546  -3.286  -3.004  -2.729  -2.453  -2.199  -1.975  -1.779  -1.625  -1.514  -1.432  -1.377  -1.346  -1.322  -1.307  -1.298  -1.291  -1.287  -1.284  -1.283  -1.280  -1.273  -1.260  -1.229  -1.154  -1.082  -1.044  -1.016  -0.974  -0.922  -0.863
   3.300  -4.483  -4.479  -4.471  -4.460  -4.444  -4.427  -4.409  -4.389  -4.367  -4.345  -4.311  -4.266  -4.203  -4.100  -3.961  -3.784  -3.557  -3.296  -3.030  -2.752  -2.482  -2.228  -1.991  -1.793  -1.632  -1.505  -1.418  -1.363  -1.321  -1.297  -1.282  -1.270  -1.264  -1.258  -1.254  -1.251  -1.248  -1.244  -1.232  -1.196  -1.160  -1.139  -1.120  -1.095  -1.065  -1.030
   3.310  -4.452  -4.458  -4.462  -4.460  -4.450  -4.435  -4.418  -4.397  -4.375  -4.352  -4.323  -4.289  -4.244  -4.174  -4.082  -3.953  -3.772  -3.553  -3.311  -3.039  -2.765  -2.497  -2.238  -2.008  -1.802  -1.631  -1.504  -1.412  -1.343  -1.302  -1.274  -1.254  -1.243  -1.234  -1.227  -1.223  -1.219  -1.216  -1.214  -1.211  -1.209  -1.207  -1.205  -1.203  -1.201  -1.199
   3.320  -4.394  -4.420  -4.437  -4.440  -4.439  -4.436  -4.426  -4.407  -4.387  -4.364  -4.337  -4.307  -4.270  -4.217  -4.154  -4.060  -3.927  -3.760  -3.554  -3.303  -3.040  -2.772  -2.502  -2.251  -2.012  -1.804  -1.634  -1.497  -1.394  -1.327  -1.280  -1.248  -1.230  -1.215  -1.206  -1.199  -1.193  -1.189  -1.185  -1.182  -1.180  -1.178  -1.175  -1.173  -1.170  -1.168
   3.330  -4.314  -4.351  -4.381  -4.403  -4.418  -4.423  -4.420  -4.411  -4.396  -4.376  -4.352  -4.325  -4.293  -4.250  -4.200  -4.128  -4.032  -3.909  -3.742  -3.530  -3.295  -3.037  -2.764  -2.503  -2.246  -2.011  -1.804  -1.625  -1.484  -1.384  -1.309  -1.258  -1.227  -1.203  -1.188  -1.177  -1.169  -1.163  -1.159  -1.154  -1.151  -1.148  -1.145  -1.143  -1.140  -1.137
   3.340  -4.217  -4.263  -4.303  -4.338  -4.368  -4.386  -4.394  -4.398  -4.396  -4.383  -4.364  -4.342  -4.313  -4.277  -4.235  -4.178  -4.105  -4.012  -3.880  -3.713  -3.515  -3.277  -3.014  -2.754  -2.489  -2.237  -2.005  -1.793  -1.617  -1.477  -1.366  -1.288  -1.237  -1.198  -1.176  -1.160  -1.148  -1.140  -1.133  -1.127  -1.123  -1.119  -1.116  -1.112  -1.109  -1.106
   3.350  -4.115  -4.165  -4.211  -4.253  -4.292  -4.325  -4.352  -4.370  -4.373  -4.370  -4.366  -4.353  -4.328  -4.299  -4.265  -4.218  -4.160  -4.085  -3.982  -3.852  -3.689  -3.483  -3.245  -2.997  -2.730  -2.469  -2.221  -1.986  -1.781  -1.601  -1.453  -1.345  -1.269  -1.210  -1.174  -1.149  -1.130  -1.119  -1.109  -1.102  -1.096  -1.091  -1.087  -1.083  -1.079  -1.075
   3.360  -4.013  -4.062  -4.110  -4.156  -4.202  -4.244  -4.281  -4.312  -4.334  -4.347  -4.351  -4.346  -4.333  -4.312  -4.285  -4.248  -4.202  -4.142  -4.059  -3.956  -3.823  -3.651  -3.447  -3.219  -2.960  -2.698  -2.442  -2.191  -1.964  -1.756  -1.578  -1.437  -1.326  -1.242  -1.187  -1.147  -1.119  -1.101  -1.087  -1.078  -1.070  -1.063  -1.058  -1.052  -1.047  -1.043
   3.370  -3.918  -3.964  -4.010  -4.057  -4.105  -4.151  -4.195  -4.235  -4.270  -4.300  -4.315  -4.318  -4.319  -4.316  -4.297  -4.267  -4.232  -4.186  -4.120  -4.038  -3.929  -3.787  -3.616  -3.412  -3.172  -2.921  -2.663  -2.402  -2.160  -1.932  -1.728  -1.554  -1.408  -1.295  -1.215  -1.156  -1.115  -1.090  -1.069  -1.055  -1.044  -1.035  -1.028  -1.022  -1.016  -1.011
   3.380  -3.831  -3.872  -3.915  -3.960  -4.006  -4.053  -4.100  -4.146  -4.187  -4.225  -4.256  -4.279  -4.292  -4.293  -4.286  -4.272  -4.249  -4.213  -4.162  -4.099  -4.011  -3.895  -3.752  -3.574  -3.361  -3.128  -2.875  -2.611  -2.360  -2.116  -1.892  -1.692  -1.517  -1.375  -1.267  -1.184  -1.125  -1.086  -1.056  -1.035  -1.020  -1.008  -0.999  -0.991  -0.983  -0.977
   3.390  -3.756  -3.791  -3.828  -3.869  -3.912  -3.957  -4.003  -4.050  -4.095  -4.140  -4.179  -4.214  -4.241  -4.252  -4.257  -4.259  -4.249  -4.224  -4.187  -4.139  -4.071  -3.979  -3.861  -3.709  -3.523  -3.312  -3.073  -2.815  -2.561  -2.305  -2.064  -1.845  -1.647  -1.479  -1.341  -1.230  -1.149  -1.092  -1.048  -1.019  -0.998  -0.981  -0.969  -0.959  -0.949  -0.942
   3.400  -3.691  -3.720  -3.752  -3.787  -3.825  -3.866  -3.909  -3.954  -4.000  -4.046  -4.090  -4.131  -4.167  -4.195  -4.217  -4.226  -4.222  -4.212  -4.193  -4.160  -4.107  -4.036  -3.944  -3.817  -3.658  -3.471  -3.252  -3.009  -2.759  -2.496  -2.243  -2.008  -1.789  -1.598  -1.431  -1.293  -1.188  -1.110  -1.049  -1.009  -0.980  -0.957  -0.940  -0.926  -0.914  -0.905
   3.410  -3.637  -3.660  -3.686  -3.715  -3.748  -3.783  -3.822  -3.863  -3.906  -3.952  -3.997  -4.041  -4.082  -4.119  -4.153  -4.172  -4.178  -4.182  -4.179  -4.158  -4.119  -4.068  -3.997  -3.895  -3.764  -3.603  -3.406  -3.181  -2.942  -2.682  -2.425  -2.177  -1.938  -1.726  -1.538  -1.376  -1.246  -1.143  -1.063  -1.007  -0.965  -0.933  -0.911  -0.892  -0.877  -0.866
   3.420  -3.594  -3.610  -3.630  -3.653  -3.679  -3.709  -3.742  -3.779  -3.818  -3.860  -3.903  -3.947  -3.991  -4.032  -4.070  -4.101  -4.124  -4.137  -4.138  -4.127  -4.107  -4.074  -4.021  -3.941  -3.838  -3.704  -3.533  -3.331  -3.108  -2.859  -2.604  -2.348  -2.095  -1.866  -1.656  -1.472  -1.318  -1.190  -1.087  -1.013  -0.955  -0.913  -0.884  -0.859  -0.839  -0.825
   3.430  -3.564  -3.573  -3.586  -3.603  -3.623  -3.646  -3.673  -3.704  -3.737  -3.774  -3.813  -3.855  -3.898  -3.940  -3.981  -4.017  -4.050  -4.074  -4.078  -4.076  -4.073  -4.056  -4.014  -3.954  -3.876  -3.769  -3.625  -3.451  -3.249  -3.016  -2.771  -2.515  -2.255  -2.013  -1.782  -1.575  -1.398  -1.246  -1.123  -1.029  -0.955  -0.899  -0.859  -0.826  -0.800  -0.782
   3.440  -3.547  -3.549  -3.554  -3.563  -3.576  -3.593  -3.614  -3.639  -3.666  -3.697  -3.731  -3.768  -3.808  -3.848  -3.889  -3.927  -3.962  -3.991  -4.007  -4.016  -4.019  -4.009  -3.980  -3.937  -3.879  -3.795  -3.679  -3.534  -3.357  -3.147  -2.918  -2.671  -2.413  -2.163  -1.915  -1.688  -1.490  -1.317  -1.172  -1.056  -0.962  -0.890  -0.838  -0.794  -0.760  -0.737
   3.450  -3.540  -3.537  -3.536  -3.537  -3.542  -3.552  -3.566  -3.584  -3.605  -3.630  -3.658  -3.689  -3.723  -3.759  -3.798  -3.835  -3.870  -3.901  -3.925  -3.941  -3.948  -3.942  -3.924  -3.894  -3.850  -3.784  -3.693  -3.575  -3.425  -3.242  -3.036  -2.806  -2.558  -2.309  -2.054  -1.813  -1.595  -1.397  -1.229  -1.090  -0.976  -0.887  -0.819  -0.763  -0.721  -0.693
   3.460  -3.540  -3.532  -3.527  -3.526  -3.525  -3.525  -3.529  -3.539  -3.554  -3.572  -3.594  -3.619  -3.647  -3.678  -3.711  -3.745  -3.778  -3.810  -3.835  -3.855  -3.864  -3.860  -3.850  -3.831  -3.796  -3.741  -3.669  -3.575  -3.450  -3.295  -3.115  -2.907  -2.678  -2.439  -2.186  -1.940  -1.706  -1.486  -1.296  -1.135  -1.000  -0.893  -0.809  -0.740  -0.686  -0.649
   3.470  -3.543  -3.535  -3.527  -3.520  -3.513  -3.510  -3.510  -3.512  -3.515  -3.526  -3.541  -3.559  -3.580  -3.604  -3.632  -3.660  -3.690  -3.719  -3.743  -3.764  -3.773  -3.771  -3.764  -3.751  -3.721  -3.674  -3.615  -3.538  -3.435  -3.305  -3.151  -2.969  -2.763  -2.542  -2.301  -2.059  -1.818  -1.583  -1.376  -1.193  -1.035  -0.907  -0.805  -0.720  -0.653  -0.606
   3.480  -3.546  -3.539  -3.531  -3.523  -3.513  -3.505  -3.498  -3.493  -3.492  -3.495  -3.499  -3.509  -3.524  -3.542  -3.562  -3.584  -3.607  -3.631  -3.651  -3.670  -3.679  -3.677  -3.671  -3.659  -3.631  -3.590  -3.538  -3.471  -3.382  -3.274  -3.143  -2.986  -2.807  -2.608  -2.387  -2.158  -1.921  -1.682  -1.463  -1.259  -1.079  -0.930  -0.807  -0.704  -0.624  -0.566
   3.490  -3.546  -3.540  -3.534  -3.526  -3.517  -3.507  -3.497  -3.487  -3.480  -3.474  -3.472  -3.474  -3.480  -3.489  -3.502  -3.517  -3.533  -3.551  -3.565  -3.579  -3.585  -3.582  -3.575  -3.561  -3.533  -3.493  -3.444  -3.383  -3.305  -3.210  -3.096  -2.961  -2.806  -2.631  -2.436  -2.227  -2.003  -1.771  -1.548  -1.329  -1.131  -0.963  -0.820  -0.700  -0.604  -0.532
   3.500  -3.540  -3.538  -3.535  -3.529  -3.521  -3.511  -3.500  -3.489  -3.478  -3.467  -3.458  -3.452  -3.449  -3.450  -3.454  -3.461  -3.470  -3.480  -3.487  -3.493  -3.495  -3.491  -3.478  -3.458  -3.429  -3.391  -3.342  -3.282  -3.209  -3.122  -3.020  -2.901  -2.766  -2.613  -2.443  -2.257  -2.053  -1.837  -1.620  -1.398  -1.191  -1.007  -0.842  -0.704  -0.591  -0.503
   3.525  -3.464  -3.485  -3.496  -3.500  -3.500  -3.497  -3.493  -3.486  -3.478  -3.471  -3.463  -3.455  -3.445  -3.434  -3.418  -3.395  -3.374  -3.354  -3.334  -3.311  -3.290  -3.271  -3.245  -3.213  -3.171  -3.123  -3.066  -3.001  -2.929  -2.849  -2.761  -2.663  -2.556  -2.437  -2.311  -2.155  -1.985  -1.801  -1.603  -1.403  -1.235  -1.066  -0.893  -0.732  -0.591  -0.469
   3.550  -3.301  -3.344  -3.381  -3.412  -3.438  -3.457  -3.470  -3.477  -3.478  -3.474  -3.468  -3.457  -3.441  -3.422  -3.399  -3.372  -3.342  -3.308  -3.271  -3.229  -3.184  -3.134  -3.080  -3.020  -2.956  -2.886  -2.812  -2.734  -2.651  -2.565  -2.475  -2.380  -2.281  -2.176  -2.065  -1.948  -1.824  -1.693  -1.553  -1.405  -1.250  -1.086  -0.917  -0.753  -0.592  -0.433
   3.575  -3.045  -3.103  -3.160  -3.214  -3.263  -3.306  -3.343  -3.374  -3.397  -3.414  -3.425  -3.425  -3.418  -3.402  -3.386  -3.371  -3.350  -3.319  -3.280  -3.232  -3.175  -3.101  -3.013  -2.914  -2.816  -2.716  -2.616  -2.516  -2.418  -2.316  -2.214  -2.111  -2.008  -1.903  -1.798  -1.690  -1.579  -1.467  -1.359  -1.241  -1.101  -0.955  -0.804  -0.655  -0.507  -0.341
   3.600  -2.725  -2.794  -2.861  -2.926  -2.988  -3.048  -3.106  -3.160  -3.211  -3.257  -3.296  -3.330  -3.355  -3.364  -3.369  -3.370  -3.359  -3.330  -3.289  -3.235  -3.167  -3.082  -2.982  -2.873  -2.750  -2.624  -2.496  -2.366  -2.239  -2.115  -1.993  -1.874  -1.758  -1.643  -1.531  -1.420  -1.308  -1.196  -1.081  -0.963  -0.843  -0.719  -0.592  -0.463  -0.333  -0.200
   3.625  -2.356  -2.436  -2.515  -2.592  -2.667  -2.739  -2.810  -2.879  -2.944  -3.006  -3.063  -3.122  -3.174  -3.211  -3.243  -3.270  -3.280  -3.274  -3.248  -3.205  -3.144  -3.066  -2.970  -2.864  -2.740  -2.607  -2.465  -2.310  -2.155  -2.004  -1.858  -1.717  -1.581  -1.449  -1.322  -1.199  -1.077  -0.958  -0.840  -0.722  -0.603  -0.483  -0.362  -0.240  -0.116   0.010
   3.650  -1.966  -2.054  -2.141  -2.226  -2.310  -2.392  -2.472  -2.549  -2.624  -2.697  -2.767  -2.835  -2.899  -2.958  -3.013  -3.059  -3.098  -3.124  -3.127  -3.115  -3.092  -3.041  -2.958  -2.855  -2.729  -2.589  -2.436  -2.271  -2.106  -1.937  -1.771  -1.610  -1.453  -1.302  -1.157  -1.017  -0.881  -0.749  -0.620  -0.494  -0.370  -0.246  -0.123  -0.001   0.122   0.244
   3.675  -1.585  -1.676  -1.767  -1.856  -1.945  -2.032  -2.117  -2.202  -2.284  -2.364  -2.443  -2.519  -2.593  -2.662  -2.728  -2.786  -2.838  -2.879  -2.903  -2.916  -2.918  -2.893  -2.833  -2.752  -2.645  -2.520  -2.376  -2.221  -2.061  -1.894  -1.726  -1.558  -1.386  -1.220  -1.056  -0.898  -0.745  -0.596  -0.452  -0.313  -0.177  -0.044   0.087   0.215   0.342   0.466
   3.700  -1.228  -1.317  -1.406  -1.494  -1.583  -1.672  -1.760  -1.848  -1.934  -2.018  -2.101  -2.182  -2.260  -2.335  -2.405  -2.470  -2.529  -2.579  -2.615  -2.638  -2.646  -2.634  -2.598  -2.543  -2.466  -2.371  -2.259  -2.130  -1.989  -1.834  -1.672  -1.502  -1.327  -1.153  -0.979  -0.808  -0.641  -0.478  -0.319  -0.166  -0.016   0.130   0.272   0.410   0.544   0.674
   3.725  -0.914  -0.993  -1.075  -1.158  -1.244  -1.331  -1.418  -1.506  -1.593  -1.679  -1.764  -1.847  -1.928  -2.005  -2.079  -2.147  -2.209  -2.262  -2.303  -2.331  -2.342  -2.335  -2.309  -2.264  -2.201  -2.122  -2.029  -1.924  -1.808  -1.677  -1.535  -1.385  -1.229  -1.069  -0.903  -0.735  -0.566  -0.395  -0.227  -0.060   0.103   0.262   0.417   0.567   0.712   0.852
   3.750  -0.664  -0.727  -0.794  -0.865  -0.942  -1.021  -1.102  -1.185  -1.269  -1.352  -1.435  -1.517  -1.596  -1.673  -1.747  -1.814  -1.875  -1.928  -1.967  -1.995  -2.006  -1.998  -1.976  -1.938  -1.883  -1.816  -1.738  -1.649  -1.553  -1.447  -1.334  -1.213  -1.083  -0.944  -0.796  -0.640  -0.477  -0.308  -0.138   0.035   0.206   0.374   0.540   0.701   0.857   1.008
   3.775  -0.506  -0.542  -0.586  -0.637  -0.697  -0.759  -0.825  -0.896  -0.969  -1.045  -1.121  -1.198  -1.273  -1.345  -1.415  -1.479  -1.536  -1.586  -1.622  -1.648  -1.658  -1.651  -1.631  -1.597  -1.548  -1.488  -1.419  -1.341  -1.256  -1.164  -1.066  -0.961  -0.850  -0.730  -0.603  -0.468  -0.324  -0.174  -0.018   0.144   0.308   0.476   0.645   0.810   0.974   1.135
   3.800  -0.431  -0.442  -0.460  -0.485  -0.517  -0.556  -0.602  -0.655  -0.712  -0.774  -0.838  -0.903  -0.968  -1.031  -1.092  -1.148  -1.197  -1.239  -1.270  -1.290  -1.297  -1.290  -1.270  -1.238  -1.193  -1.139  -1.076  -1.005  -0.929  -0.847  -0.759  -0.667  -0.570  -0.468  -0.361  -0.248  -0.128   0.000   0.136   0.281   0.433   0.592   0.757   0.922   1.088   1.255
   3.825  -0.405  -0.405  -0.407  -0.412  -0.419  -0.434  -0.457  -0.484  -0.516  -0.557  -0.598  -0.642  -0.688  -0.733  -0.779  -0.821  -0.859  -0.891  -0.910  -0.922  -0.928  -0.921  -0.900  -0.870  -0.830  -0.782  -0.726  -0.663  -0.595  -0.521  -0.443  -0.361  -0.274  -0.183  -0.088   0.013   0.119   0.232   0.352   0.481   0.616   0.760   0.911   1.065   1.222   1.382
   3.850  -0.397  -0.393  -0.389  -0.385  -0.382  -0.381  -0.382  -0.384  -0.388  -0.398  -0.412  -0.430  -0.451  -0.473  -0.497  -0.519  -0.539  -0.555  -0.559  -0.560  -0.560  -0.550  -0.527  -0.498  -0.461  -0.418  -0.368  -0.313  -0.252  -0.186  -0.116  -0.042   0.037   0.120   0.206   0.297   0.393   0.493   0.600   0.713   0.833   0.960   1.093   1.232   1.376   1.526
   3.875  -0.399  -0.393  -0.388  -0.381  -0.373  -0.363  -0.352  -0.339  -0.323  -0.309  -0.298  -0.288  -0.279  -0.273  -0.266  -0.257  -0.249  -0.240  -0.226  -0.213  -0.199  -0.180  -0.154  -0.123  -0.089  -0.049  -0.005   0.044   0.097   0.154   0.216   0.282   0.352   0.426   0.504   0.586   0.673   0.764   0.861   0.964   1.072   1.188   1.309   1.435   1.567   1.705
   3.900  -0.402  -0.396  -0.388  -0.379  -0.369  -0.357  -0.342  -0.324  -0.301  -0.276  -0.246  -0.211  -0.173  -0.133  -0.090  -0.048  -0.008   0.030   0.067   0.101   0.135   0.169   0.203   0.238   0.274   0.313   0.354   0.398   0.445   0.496   0.550   0.608   0.670   0.736   0.806   0.880   0.959   1.042   1.131   1.225   1.325   1.430   1.541   1.656   1.777   1.903
   3.925  -0.406  -0.401  -0.392  -0.383  -0.373  -0.360  -0.344  -0.325  -0.300  -0.268  -0.228  -0.179  -0.122  -0.056   0.015   0.086   0.159   0.232   0.297   0.363   0.424   0.479   0.529   0.576   0.619   0.662   0.704   0.745   0.789   0.835   0.883   0.935   0.989   1.047   1.108   1.174   1.245   1.320   1.401   1.486   1.577   1.674   1.776   1.883   1.995   2.111
   3.950  -0.409  -0.404  -0.397  -0.389  -0.378  -0.365  -0.349  -0.328  -0.300  -0.266  -0.222  -0.168  -0.105  -0.030   0.058   0.153   0.256   0.364   0.467   0.566   0.657   0.737   0.809   0.873   0.929   0.981   1.029   1.073   1.117   1.161   1.206   1.252   1.300   1.351   1.405   1.464   1.527   1.595   1.668   1.746   1.829   1.918   2.013   2.112   2.216   2.324
   3.975  -0.409  -0.404  -0.399  -0.391  -0.382  -0.370  -0.355  -0.335  -0.306  -0.272  -0.228  -0.173  -0.107  -0.029   0.068   0.177   0.300   0.433   0.567   0.697   0.817   0.925   1.022   1.109   1.186   1.254   1.315   1.368   1.418   1.464   1.509   1.554   1.598   1.646   1.695   1.747   1.804   1.865   1.930   2.001   2.077   2.158   2.245   2.336   2.432   2.532
   4.000  -0.408  -0.405  -0.399  -0.392  -0.384  -0.373  -0.359  -0.341  -0.315  -0.283  -0.239  -0.182  -0.113  -0.029   0.071   0.185   0.315   0.456   0.601   0.753   0.900   1.039   1.169   1.285   1.386   1.476   1.554   1.621   1.681   1.735   1.784   1.831   1.876   1.922   1.968   2.017   2.069   2.124   2.184   2.248   2.317   2.391   2.471   2.555   2.643   2.737
   4.025  -0.405  -0.402  -0.397  -0.391  -0.383  -0.373  -0.360  -0.344  -0.321  -0.291  -0.249  -0.194  -0.126  -0.040   0.060   0.175   0.306   0.451   0.600   0.762   0.927   1.090   1.251   1.397   1.524   1.637   1.732   1.817   1.894   1.960   2.020   2.074   2.123   2.172   2.218   2.266   2.316   2.367   2.423   2.482   2.546   2.615   2.688   2.766   2.849   2.935
   4.050  -0.399  -0.396  -0.392  -0.386  -0.380  -0.371  -0.360  -0.345  -0.323  -0.295  -0.256  -0.204  -0.140  -0.058   0.041   0.156   0.289   0.438   0.595   0.764   0.936   1.108   1.278   1.438   1.590   1.729   1.852   1.962   2.059   2.142   2.216   2.281   2.338   2.393   2.443   2.493   2.543   2.594   2.647   2.703   2.763   2.828   2.896   2.969   3.045   3.126
   4.075  -0.390  -0.387  -0.383  -0.379  -0.373  -0.366  -0.356  -0.342  -0.321  -0.294  -0.258  -0.211  -0.151  -0.073   0.023   0.135   0.266   0.413   0.573   0.744   0.918   1.094   1.270   1.436   1.605   1.767   1.919   2.057   2.173   2.274   2.366   2.446   2.516   2.581   2.639   2.694   2.747   2.799   2.853   2.907   2.965   3.027   3.092   3.160   3.231   3.306
   4.100  -0.380  -0.377  -0.373  -0.369  -0.364  -0.357  -0.348  -0.335  -0.316  -0.293  -0.259  -0.214  -0.157  -0.083   0.008   0.116   0.243   0.386   0.541   0.711   0.887   1.068   1.253   1.432   1.610   1.780   1.941   2.094   2.233   2.361   2.475   2.574   2.660   2.738   2.806   2.869   2.928   2.984   3.040   3.096   3.153   3.213   3.275   3.340   3.407   3.477
   4.125  -0.369  -0.365  -0.360  -0.356  -0.351  -0.344  -0.335  -0.323  -0.306  -0.285  -0.254  -0.211  -0.156  -0.085   0.000   0.102   0.224   0.363   0.515   0.681   0.856   1.036   1.223   1.409   1.590   1.764   1.933   2.093   2.254   2.410   2.549   2.664   2.769   2.863   2.944   3.019   3.086   3.148   3.209   3.267   3.326   3.385   3.446   3.508   3.573   3.640
   4.150  -0.363  -0.357  -0.351  -0.345  -0.338  -0.330  -0.321  -0.310  -0.293  -0.273  -0.243  -0.203  -0.152  -0.085  -0.003   0.096   0.214   0.349   0.497   0.660   0.832   1.013   1.199   1.379   1.554   1.730   1.910   2.089   2.261   2.427   2.581   2.721   2.847   2.959   3.057   3.144   3.222   3.293   3.360   3.424   3.485   3.545   3.605   3.667   3.731   3.797
   4.175  -0.365  -0.358  -0.349  -0.339  -0.330  -0.319  -0.308  -0.294  -0.277  -0.257  -0.228  -0.190  -0.143  -0.079   0.000   0.097   0.214   0.345   0.492   0.654   0.824   1.007   1.193   1.361   1.520   1.686   1.870   2.064   2.246   2.421   2.588   2.752   2.899   3.028   3.143   3.246   3.338   3.420   3.495   3.564   3.630   3.694   3.756   3.819   3.883   3.948
   4.200  -0.367  -0.358  -0.348  -0.338  -0.327  -0.314  -0.300  -0.284  -0.265  -0.243  -0.214  -0.177  -0.130  -0.068   0.007   0.100   0.213   0.344   0.490   0.651   0.822   1.005   1.191   1.353   1.490   1.639   1.825   2.025   2.218   2.408   2.590   2.763   2.926   3.074   3.208   3.328   3.434   3.529   3.615   3.691   3.763   3.832   3.897   3.963   4.028   4.093
   4.225  -0.369  -0.361  -0.352  -0.341  -0.330  -0.317  -0.302  -0.285  -0.263  -0.237  -0.205  -0.166  -0.118  -0.056   0.017   0.108   0.217   0.346   0.492   0.657   0.832   1.021   1.212   1.365   1.474   1.601   1.784   1.991   2.190   2.386   2.579   2.760   2.937   3.102   3.253   3.390   3.512   3.621   3.719   3.805   3.885   3.960   4.031   4.100   4.168   4.234
   4.250  -0.370  -0.363  -0.355  -0.345  -0.334  -0.320  -0.304  -0.285  -0.262  -0.235  -0.201  -0.160  -0.110  -0.049   0.024   0.113   0.221   0.347   0.493   0.662   0.841   1.038   1.233   1.376   1.461   1.570   1.749   1.959   2.162   2.363   2.560   2.753   2.941   3.117   3.283   3.436   3.574   3.698   3.809   3.907   3.996   4.079   4.156   4.230   4.301   4.369
   4.275  -0.368  -0.362  -0.354  -0.344  -0.334  -0.321  -0.306  -0.288  -0.265  -0.239  -0.205  -0.163  -0.113  -0.050   0.023   0.113   0.220   0.345   0.491   0.661   0.839   1.030   1.219   1.359   1.440   1.546   1.724   1.933   2.137   2.341   2.543   2.742   2.938   3.124   3.303   3.470   3.622   3.761   3.886   3.996   4.097   4.189   4.273   4.353   4.429   4.500
   4.300  -0.366  -0.360  -0.352  -0.343  -0.333  -0.321  -0.307  -0.290  -0.269  -0.243  -0.210  -0.168  -0.117  -0.054   0.022   0.112   0.218   0.340   0.486   0.657   0.833   1.010   1.182   1.320   1.416   1.535   1.713   1.919   2.121   2.326   2.530   2.734   2.935   3.129   3.317   3.495   3.660   3.814   3.952   4.076   4.189   4.290   4.382   4.469   4.549   4.624
   4.325  -0.366  -0.359  -0.351  -0.342  -0.331  -0.319  -0.304  -0.288  -0.267  -0.242  -0.210  -0.171  -0.123  -0.062   0.013   0.104   0.209   0.331   0.477   0.651   0.821   0.974   1.114   1.251   1.385   1.536   1.716   1.918   2.117   2.321   2.526   2.732   2.936   3.135   3.330   3.517   3.693   3.859   4.010   4.147   4.271   4.383   4.483   4.575   4.659   4.734
   4.350  -0.366  -0.359  -0.350  -0.340  -0.328  -0.315  -0.300  -0.284  -0.263  -0.240  -0.210  -0.173  -0.127  -0.067   0.005   0.093   0.198   0.320   0.466   0.640   0.806   0.938   1.060   1.204   1.365   1.538   1.723   1.917   2.116   2.319   2.525   2.732   2.939   3.142   3.343   3.537   3.723   3.900   4.062   4.211   4.346   4.468   4.577   4.676   4.763   4.839
   4.375  -0.365  -0.358  -0.349  -0.339  -0.328  -0.314  -0.299  -0.281  -0.260  -0.235  -0.206  -0.169  -0.124  -0.066   0.005   0.088   0.189   0.308   0.452   0.624   0.789   0.921   1.050   1.204   1.371   1.549   1.737   1.928   2.125   2.328   2.533   2.740   2.949   3.155   3.360   3.559   3.752   3.938   4.110   4.270   4.418   4.551   4.672   4.779   4.871   4.950
   4.400  -0.364  -0.357  -0.349  -0.339  -0.327  -0.313  -0.297  -0.278  -0.255  -0.230  -0.198  -0.161  -0.117  -0.061   0.005   0.086   0.185   0.300   0.440   0.607   0.771   0.911   1.047   1.205   1.383   1.568   1.756   1.948   2.145   2.347   2.551   2.758   2.966   3.173   3.380   3.583   3.782   3.975   4.156   4.326   4.483   4.627   4.757   4.872   4.972   5.058
   4.425  -0.362  -0.356  -0.348  -0.338  -0.326  -0.312  -0.295  -0.275  -0.251  -0.225  -0.192  -0.154  -0.109  -0.053   0.011   0.091   0.188   0.302   0.435   0.588   0.746   0.896   1.047   1.212   1.397   1.587   1.777   1.971   2.168   2.370   2.575   2.782   2.990   3.199   3.407   3.613   3.816   4.014   4.201   4.377   4.540   4.686   4.818   4.941   5.055   5.158
   4.450  -0.359  -0.353  -0.346  -0.336  -0.324  -0.310  -0.293  -0.272  -0.247  -0.220  -0.186  -0.147  -0.100  -0.043   0.023   0.102   0.197   0.306   0.433   0.578   0.731   0.887   1.050   1.226   1.414   1.606   1.799   1.996   2.195   2.398   2.603   2.810   3.019   3.229   3.439   3.647   3.853   4.054   4.244   4.425   4.592   4.739   4.872   5.001   5.124   5.241
   4.475  -0.352  -0.347  -0.340  -0.331  -0.320  -0.306  -0.289  -0.269  -0.243  -0.214  -0.178  -0.137  -0.089  -0.031   0.036   0.116   0.210   0.317   0.440   0.582   0.734   0.891   1.059   1.240   1.430   1.625   1.822   2.021   2.223   2.428   2.634   2.842   3.052   3.262   3.473   3.682   3.889   4.092   4.286   4.471   4.642   4.793   4.930   5.060   5.182   5.295
   4.500  -0.341  -0.336  -0.330  -0.322  -0.313  -0.301  -0.285  -0.265  -0.239  -0.208  -0.170  -0.126  -0.076  -0.016   0.052   0.133   0.227   0.335   0.457   0.594   0.743   0.904   1.076   1.257   1.448   1.644   1.844   2.049   2.254   2.460   2.668   2.878   3.089   3.299   3.511   3.720   3.927   4.131   4.326   4.514   4.689   4.846   4.989   5.116   5.227   5.324

