low temperature opacities from Ferguson, Alexander, et al (2005) with gs98 metals
    form     version        X           Z          logRs    logR_min    logR_max       logTs    logT_min    logT_max
       1          38    0.350000    0.000100          46   -8.000000    1.000000         105    2.700000    4.500000

   logT                       logR = logRho - 3*logT + 18
          -8.000  -7.800  -7.600  -7.400  -7.200  -7.000  -6.800  -6.600  -6.400  -6.200  -6.000  -5.800  -5.600  -5.400  -5.200  -5.000  -4.800  -4.600  -4.400  -4.200  -4.000  -3.800  -3.600  -3.400  -3.200  -3.000  -2.800  -2.600  -2.400  -2.200  -2.000  -1.800  -1.600  -1.400  -1.200  -1.000  -0.800  -0.600  -0.400  -0.200   0.000   0.200   0.400   0.600   0.800   1.000

   2.700  -2.566  -2.567  -2.568  -2.568  -2.567  -2.566  -2.566  -2.566  -2.566  -2.566  -2.566  -2.566  -2.566  -2.566  -2.566  -2.566  -2.566  -2.566  -2.566  -2.566  -2.566  -2.567  -2.568  -2.568  -2.567  -2.566  -2.566  -2.565  -2.564  -2.562  -2.560  -2.567  -2.580  -2.589  -2.596  -2.601  -2.603  -2.604  -2.604  -2.604  -2.603  -2.602  -2.601  -2.599  -2.596  -2.593
   2.750  -2.626  -2.626  -2.626  -2.626  -2.627  -2.627  -2.627  -2.627  -2.627  -2.627  -2.627  -2.627  -2.627  -2.627  -2.627  -2.627  -2.627  -2.627  -2.627  -2.627  -2.627  -2.627  -2.627  -2.627  -2.627  -2.627  -2.627  -2.627  -2.627  -2.627  -2.627  -2.622  -2.613  -2.612  -2.613  -2.614  -2.614  -2.613  -2.612  -2.611  -2.609  -2.608  -2.606  -2.603  -2.600  -2.597
   2.800  -2.664  -2.664  -2.664  -2.664  -2.664  -2.664  -2.664  -2.665  -2.665  -2.664  -2.664  -2.664  -2.664  -2.664  -2.664  -2.664  -2.664  -2.664  -2.664  -2.665  -2.665  -2.665  -2.665  -2.665  -2.665  -2.665  -2.665  -2.665  -2.665  -2.665  -2.665  -2.663  -2.657  -2.651  -2.644  -2.638  -2.634  -2.631  -2.628  -2.625  -2.622  -2.619  -2.616  -2.613  -2.610  -2.606
   2.850  -2.680  -2.679  -2.678  -2.678  -2.677  -2.677  -2.677  -2.677  -2.677  -2.677  -2.677  -2.677  -2.677  -2.677  -2.675  -2.674  -2.673  -2.673  -2.673  -2.673  -2.673  -2.673  -2.673  -2.673  -2.673  -2.673  -2.673  -2.673  -2.673  -2.673  -2.673  -2.672  -2.669  -2.665  -2.661  -2.656  -2.652  -2.647  -2.644  -2.640  -2.636  -2.633  -2.629  -2.625  -2.621  -2.617
   2.900  -2.892  -2.892  -2.890  -2.883  -2.849  -2.814  -2.789  -2.767  -2.745  -2.724  -2.706  -2.693  -2.685  -2.678  -2.674  -2.672  -2.670  -2.669  -2.669  -2.668  -2.668  -2.668  -2.667  -2.667  -2.667  -2.667  -2.667  -2.667  -2.667  -2.666  -2.665  -2.666  -2.666  -2.666  -2.665  -2.663  -2.660  -2.657  -2.654  -2.650  -2.647  -2.643  -2.640  -2.636  -2.632  -2.628
   2.910  -2.910  -2.901  -2.894  -2.891  -2.889  -2.887  -2.878  -2.859  -2.832  -2.795  -2.761  -2.736  -2.716  -2.701  -2.689  -2.680  -2.674  -2.670  -2.668  -2.666  -2.665  -2.664  -2.664  -2.664  -2.663  -2.663  -2.663  -2.663  -2.663  -2.663  -2.663  -2.663  -2.662  -2.662  -2.662  -2.661  -2.660  -2.659  -2.657  -2.655  -2.652  -2.650  -2.647  -2.643  -2.640  -2.637
   2.920  -3.033  -2.980  -2.939  -2.915  -2.903  -2.895  -2.891  -2.888  -2.880  -2.867  -2.846  -2.815  -2.779  -2.751  -2.728  -2.709  -2.694  -2.683  -2.674  -2.669  -2.665  -2.663  -2.662  -2.660  -2.659  -2.659  -2.659  -2.659  -2.659  -2.659  -2.659  -2.659  -2.659  -2.659  -2.658  -2.658  -2.657  -2.656  -2.655  -2.654  -2.653  -2.651  -2.649  -2.647  -2.644  -2.641
   2.930  -4.015  -3.565  -3.237  -3.073  -2.995  -2.951  -2.922  -2.906  -2.895  -2.890  -2.883  -2.871  -2.856  -2.831  -2.796  -2.763  -2.738  -2.717  -2.700  -2.685  -2.674  -2.667  -2.663  -2.659  -2.657  -2.656  -2.655  -2.654  -2.654  -2.654  -2.654  -2.654  -2.654  -2.654  -2.653  -2.653  -2.652  -2.652  -2.651  -2.651  -2.650  -2.649  -2.648  -2.646  -2.644  -2.642
   2.940  -3.974  -3.986  -3.992  -3.936  -3.607  -3.288  -3.134  -3.041  -2.971  -2.932  -2.909  -2.896  -2.888  -2.876  -2.862  -2.842  -2.811  -2.775  -2.747  -2.724  -2.704  -2.688  -2.675  -2.666  -2.659  -2.655  -2.652  -2.651  -2.649  -2.648  -2.648  -2.648  -2.648  -2.648  -2.648  -2.648  -2.647  -2.647  -2.646  -2.646  -2.645  -2.645  -2.644  -2.643  -2.642  -2.640
   2.950  -4.003  -4.006  -4.007  -4.003  -3.982  -3.968  -3.969  -3.972  -3.888  -3.431  -3.072  -2.985  -2.940  -2.910  -2.894  -2.884  -2.878  -2.874  -2.858  -2.808  -2.759  -2.731  -2.709  -2.691  -2.676  -2.664  -2.656  -2.651  -2.647  -2.645  -2.644  -2.643  -2.643  -2.642  -2.642  -2.642  -2.641  -2.641  -2.640  -2.640  -2.639  -2.639  -2.639  -2.638  -2.637  -2.636
   2.960  -3.980  -3.970  -3.966  -3.974  -4.021  -4.051  -4.019  -3.969  -3.963  -3.981  -3.993  -3.746  -3.313  -3.098  -3.008  -2.954  -2.914  -2.894  -2.880  -2.875  -2.866  -2.829  -2.774  -2.737  -2.713  -2.694  -2.677  -2.663  -2.652  -2.646  -2.642  -2.640  -2.638  -2.637  -2.637  -2.636  -2.636  -2.635  -2.634  -2.634  -2.633  -2.633  -2.633  -2.632  -2.631  -2.631
   2.970  -4.135  -4.052  -3.993  -3.969  -3.958  -3.954  -3.962  -3.974  -3.978  -3.979  -3.979  -3.973  -3.954  -3.879  -3.590  -3.305  -3.143  -3.031  -2.956  -2.918  -2.891  -2.866  -2.845  -2.816  -2.780  -2.746  -2.719  -2.695  -2.676  -2.661  -2.650  -2.643  -2.639  -2.636  -2.634  -2.633  -2.631  -2.630  -2.629  -2.628  -2.627  -2.627  -2.626  -2.626  -2.625  -2.624
   2.980  -4.299  -4.286  -4.249  -4.180  -4.071  -3.991  -3.960  -3.945  -3.946  -3.961  -3.977  -3.989  -3.998  -3.996  -3.968  -3.913  -3.783  -3.590  -3.402  -3.199  -3.039  -2.956  -2.914  -2.886  -2.876  -2.859  -2.813  -2.758  -2.719  -2.695  -2.676  -2.661  -2.651  -2.643  -2.638  -2.635  -2.631  -2.629  -2.626  -2.624  -2.623  -2.622  -2.621  -2.620  -2.618  -2.617
   2.990  -4.173  -4.179  -4.195  -4.237  -4.337  -4.397  -4.284  -4.087  -3.993  -3.954  -3.934  -3.922  -3.917  -3.926  -3.978  -4.012  -3.977  -3.923  -3.916  -3.930  -3.940  -3.682  -3.239  -3.038  -2.961  -2.910  -2.868  -2.839  -2.803  -2.761  -2.724  -2.699  -2.680  -2.665  -2.655  -2.646  -2.639  -2.634  -2.629  -2.626  -2.622  -2.620  -2.618  -2.615  -2.613  -2.611
   3.000  -4.194  -4.173  -4.159  -4.157  -4.157  -4.157  -4.200  -4.266  -4.266  -4.189  -4.102  -4.025  -3.955  -3.922  -3.905  -3.900  -3.908  -3.921  -3.923  -3.920  -3.914  -3.905  -3.887  -3.803  -3.475  -3.167  -3.032  -2.960  -2.890  -2.832  -2.787  -2.757  -2.737  -2.716  -2.695  -2.678  -2.665  -2.655  -2.646  -2.638  -2.631  -2.626  -2.621  -2.616  -2.611  -2.607
   3.010  -4.195  -4.189  -4.183  -4.175  -4.166  -4.156  -4.140  -4.126  -4.127  -4.155  -4.197  -4.262  -4.327  -4.300  -4.097  -3.941  -3.905  -3.887  -3.885  -3.889  -3.895  -3.921  -3.955  -3.957  -3.926  -3.864  -3.658  -3.350  -3.150  -3.030  -2.943  -2.881  -2.843  -2.807  -2.776  -2.750  -2.728  -2.710  -2.692  -2.675  -2.660  -2.647  -2.636  -2.626  -2.617  -2.610
   3.020  -4.204  -4.191  -4.181  -4.172  -4.166  -4.160  -4.154  -4.147  -4.135  -4.117  -4.107  -4.109  -4.113  -4.137  -4.230  -4.288  -4.187  -4.012  -3.926  -3.888  -3.872  -3.866  -3.863  -3.871  -3.914  -3.942  -3.927  -3.881  -3.785  -3.570  -3.360  -3.219  -3.106  -3.014  -2.945  -2.891  -2.851  -2.820  -2.787  -2.753  -2.722  -2.696  -2.673  -2.653  -2.637  -2.624
   3.030  -4.405  -4.319  -4.252  -4.206  -4.180  -4.165  -4.155  -4.149  -4.142  -4.135  -4.126  -4.115  -4.104  -4.095  -4.087  -4.083  -4.120  -4.177  -4.172  -4.080  -3.985  -3.923  -3.875  -3.850  -3.836  -3.832  -3.843  -3.860  -3.861  -3.849  -3.824  -3.695  -3.480  -3.323  -3.203  -3.107  -3.042  -2.996  -2.943  -2.885  -2.831  -2.784  -2.742  -2.707  -2.679  -2.658
   3.040  -5.143  -4.946  -4.762  -4.587  -4.415  -4.285  -4.218  -4.184  -4.156  -4.139  -4.128  -4.118  -4.110  -4.102  -4.094  -4.084  -4.064  -4.044  -4.049  -4.089  -4.115  -4.091  -4.039  -3.979  -3.904  -3.849  -3.825  -3.813  -3.813  -3.818  -3.821  -3.790  -3.716  -3.616  -3.480  -3.357  -3.280  -3.220  -3.148  -3.066  -2.987  -2.915  -2.849  -2.795  -2.753  -2.721
   3.050  -5.052  -5.054  -5.056  -5.058  -5.061  -5.062  -4.922  -4.655  -4.460  -4.302  -4.198  -4.153  -4.129  -4.109  -4.097  -4.087  -4.078  -4.071  -4.059  -4.042  -4.033  -4.037  -4.042  -4.042  -4.037  -4.025  -3.966  -3.874  -3.824  -3.798  -3.790  -3.790  -3.790  -3.774  -3.677  -3.572  -3.505  -3.443  -3.365  -3.270  -3.175  -3.081  -2.992  -2.919  -2.862  -2.819
   3.060  -4.964  -4.966  -4.968  -4.970  -4.972  -4.974  -4.976  -4.977  -4.979  -4.980  -4.981  -4.769  -4.404  -4.234  -4.166  -4.125  -4.097  -4.082  -4.068  -4.057  -4.046  -4.034  -4.022  -4.012  -4.003  -3.999  -4.032  -4.084  -4.073  -3.956  -3.856  -3.826  -3.810  -3.784  -3.751  -3.712  -3.669  -3.618  -3.549  -3.462  -3.367  -3.263  -3.156  -3.071  -3.003  -2.951
   3.070  -4.881  -4.882  -4.883  -4.885  -4.887  -4.889  -4.891  -4.892  -4.894  -4.895  -4.897  -4.899  -4.900  -4.870  -4.691  -4.494  -4.335  -4.196  -4.121  -4.088  -4.065  -4.046  -4.032  -4.020  -4.008  -3.997  -3.982  -3.969  -3.976  -4.025  -4.056  -4.003  -3.906  -3.846  -3.814  -3.786  -3.758  -3.726  -3.677  -3.611  -3.532  -3.432  -3.323  -3.235  -3.164  -3.105
   3.080  -4.802  -4.803  -4.804  -4.806  -4.807  -4.808  -4.810  -4.811  -4.813  -4.814  -4.816  -4.817  -4.818  -4.820  -4.821  -4.822  -4.823  -4.823  -4.772  -4.486  -4.230  -4.135  -4.086  -4.049  -4.030  -4.015  -3.998  -3.983  -3.970  -3.959  -3.948  -3.940  -3.930  -3.908  -3.871  -3.835  -3.811  -3.787  -3.753  -3.711  -3.654  -3.570  -3.473  -3.393  -3.325  -3.266
   3.090  -4.726  -4.727  -4.728  -4.729  -4.730  -4.731  -4.733  -4.734  -4.736  -4.737  -4.738  -4.739  -4.740  -4.742  -4.743  -4.744  -4.745  -4.746  -4.746  -4.747  -4.748  -4.658  -4.479  -4.329  -4.183  -4.080  -4.035  -4.012  -3.988  -3.965  -3.955  -3.955  -3.955  -3.948  -3.914  -3.877  -3.852  -3.829  -3.803  -3.776  -3.736  -3.672  -3.597  -3.530  -3.471  -3.415
   3.100  -4.656  -4.655  -4.654  -4.654  -4.655  -4.657  -4.659  -4.661  -4.663  -4.664  -4.665  -4.666  -4.667  -4.668  -4.669  -4.670  -4.671  -4.672  -4.672  -4.673  -4.674  -4.674  -4.674  -4.674  -4.675  -4.675  -4.515  -4.234  -4.091  -4.030  -3.994  -3.970  -3.957  -3.947  -3.942  -3.932  -3.909  -3.878  -3.851  -3.827  -3.796  -3.749  -3.695  -3.643  -3.592  -3.541
   3.110  -4.603  -4.595  -4.589  -4.587  -4.586  -4.586  -4.587  -4.588  -4.590  -4.591  -4.593  -4.595  -4.596  -4.598  -4.599  -4.600  -4.601  -4.602  -4.602  -4.603  -4.603  -4.603  -4.603  -4.603  -4.603  -4.603  -4.603  -4.603  -4.571  -4.389  -4.214  -4.138  -4.096  -4.060  -4.036  -4.012  -3.979  -3.944  -3.912  -3.884  -3.853  -3.817  -3.778  -3.736  -3.691  -3.644
   3.120  -4.593  -4.562  -4.540  -4.530  -4.525  -4.523  -4.522  -4.522  -4.522  -4.524  -4.525  -4.526  -4.527  -4.529  -4.531  -4.533  -4.534  -4.535  -4.535  -4.536  -4.536  -4.536  -4.536  -4.536  -4.536  -4.536  -4.535  -4.534  -4.534  -4.533  -4.532  -4.453  -4.309  -4.220  -4.173  -4.131  -4.081  -4.033  -3.990  -3.953  -3.918  -3.887  -3.857  -3.820  -3.777  -3.730
   3.130  -4.695  -4.602  -4.534  -4.497  -4.479  -4.470  -4.465  -4.463  -4.462  -4.461  -4.461  -4.462  -4.463  -4.465  -4.466  -4.467  -4.468  -4.469  -4.470  -4.471  -4.472  -4.473  -4.473  -4.473  -4.473  -4.472  -4.471  -4.470  -4.470  -4.469  -4.468  -4.451  -4.413  -4.366  -4.308  -4.247  -4.189  -4.132  -4.080  -4.035  -3.995  -3.965  -3.938  -3.902  -3.858  -3.808
   3.140  -4.962  -4.776  -4.630  -4.528  -4.471  -4.441  -4.422  -4.413  -4.408  -4.405  -4.404  -4.404  -4.404  -4.404  -4.405  -4.406  -4.407  -4.408  -4.409  -4.410  -4.411  -4.412  -4.412  -4.412  -4.411  -4.411  -4.411  -4.410  -4.410  -4.409  -4.408  -4.408  -4.407  -4.401  -4.368  -4.324  -4.273  -4.216  -4.164  -4.115  -4.072  -4.043  -4.018  -3.982  -3.937  -3.884
   3.150  -5.335  -5.087  -4.876  -4.703  -4.566  -4.469  -4.413  -4.384  -4.368  -4.359  -4.354  -4.351  -4.350  -4.350  -4.350  -4.350  -4.350  -4.351  -4.351  -4.352  -4.353  -4.354  -4.354  -4.354  -4.354  -4.354  -4.354  -4.354  -4.354  -4.353  -4.352  -4.352  -4.352  -4.350  -4.344  -4.332  -4.305  -4.264  -4.223  -4.179  -4.138  -4.112  -4.088  -4.053  -4.009  -3.957
   3.160  -5.699  -5.458  -5.230  -5.010  -4.796  -4.618  -4.495  -4.413  -4.360  -4.332  -4.317  -4.308  -4.303  -4.301  -4.299  -4.299  -4.299  -4.299  -4.299  -4.300  -4.300  -4.300  -4.301  -4.301  -4.301  -4.301  -4.301  -4.301  -4.301  -4.301  -4.301  -4.301  -4.300  -4.300  -4.300  -4.301  -4.292  -4.271  -4.245  -4.213  -4.181  -4.159  -4.139  -4.108  -4.068  -4.020
   3.170  -6.001  -5.801  -5.591  -5.369  -5.129  -4.906  -4.710  -4.542  -4.422  -4.350  -4.307  -4.281  -4.268  -4.261  -4.256  -4.254  -4.253  -4.252  -4.252  -4.251  -4.251  -4.251  -4.252  -4.252  -4.252  -4.252  -4.252  -4.252  -4.252  -4.252  -4.252  -4.252  -4.253  -4.253  -4.253  -4.253  -4.252  -4.246  -4.236  -4.216  -4.196  -4.181  -4.164  -4.139  -4.106  -4.066
   3.180  -6.231  -6.076  -5.900  -5.703  -5.481  -5.254  -5.021  -4.794  -4.612  -4.468  -4.360  -4.292  -4.256  -4.234  -4.222  -4.216  -4.212  -4.210  -4.208  -4.207  -4.207  -4.207  -4.207  -4.207  -4.207  -4.207  -4.207  -4.208  -4.208  -4.208  -4.208  -4.208  -4.208  -4.209  -4.209  -4.210  -4.209  -4.209  -4.206  -4.197  -4.186  -4.177  -4.166  -4.147  -4.123  -4.093
   3.190  -6.395  -6.279  -6.141  -5.979  -5.791  -5.587  -5.363  -5.128  -4.908  -4.694  -4.515  -4.386  -4.297  -4.239  -4.208  -4.191  -4.180  -4.174  -4.170  -4.168  -4.167  -4.166  -4.166  -4.166  -4.166  -4.166  -4.166  -4.166  -4.166  -4.167  -4.167  -4.167  -4.168  -4.168  -4.168  -4.169  -4.169  -4.169  -4.169  -4.166  -4.161  -4.156  -4.149  -4.137  -4.120  -4.099
   3.200  -6.508  -6.425  -6.319  -6.191  -6.041  -5.869  -5.674  -5.460  -5.238  -4.999  -4.779  -4.590  -4.430  -4.313  -4.239  -4.192  -4.164  -4.149  -4.140  -4.135  -4.132  -4.130  -4.129  -4.129  -4.128  -4.128  -4.128  -4.128  -4.128  -4.129  -4.129  -4.129  -4.130  -4.130  -4.131  -4.131  -4.131  -4.132  -4.132  -4.131  -4.129  -4.126  -4.122  -4.114  -4.103  -4.089
   3.210  -6.581  -6.522  -6.444  -6.347  -6.231  -6.093  -5.931  -5.749  -5.548  -5.324  -5.100  -4.875  -4.658  -4.483  -4.345  -4.241  -4.178  -4.145  -4.123  -4.110  -4.103  -4.098  -4.096  -4.095  -4.094  -4.094  -4.094  -4.093  -4.093  -4.093  -4.093  -4.093  -4.094  -4.095  -4.095  -4.096  -4.096  -4.097  -4.097  -4.096  -4.095  -4.094  -4.091  -4.086  -4.078  -4.068
   3.220  -6.617  -6.582  -6.529  -6.459  -6.371  -6.263  -6.133  -5.982  -5.810  -5.617  -5.410  -5.183  -4.950  -4.739  -4.543  -4.380  -4.265  -4.185  -4.131  -4.101  -4.085  -4.074  -4.069  -4.065  -4.063  -4.062  -4.061  -4.061  -4.061  -4.061  -4.061  -4.061  -4.061  -4.062  -4.062  -4.063  -4.063  -4.064  -4.064  -4.064  -4.063  -4.062  -4.060  -4.056  -4.050  -4.043
   3.230  -6.617  -6.603  -6.573  -6.527  -6.467  -6.387  -6.287  -6.166  -6.024  -5.861  -5.679  -5.476  -5.258  -5.038  -4.810  -4.603  -4.430  -4.287  -4.185  -4.125  -4.088  -4.063  -4.051  -4.042  -4.037  -4.034  -4.032  -4.031  -4.031  -4.031  -4.031  -4.031  -4.031  -4.031  -4.032  -4.032  -4.033  -4.033  -4.033  -4.033  -4.033  -4.032  -4.030  -4.027  -4.022  -4.016
   3.240  -6.580  -6.578  -6.572  -6.558  -6.523  -6.468  -6.396  -6.305  -6.192  -6.057  -5.903  -5.728  -5.535  -5.327  -5.100  -4.879  -4.669  -4.474  -4.322  -4.211  -4.128  -4.075  -4.046  -4.027  -4.017  -4.011  -4.007  -4.005  -4.004  -4.003  -4.003  -4.003  -4.003  -4.003  -4.003  -4.004  -4.004  -4.005  -4.005  -4.004  -4.004  -4.003  -4.002  -3.999  -3.995  -3.990
   3.250  -6.513  -6.531  -6.540  -6.540  -6.528  -6.504  -6.463  -6.399  -6.315  -6.210  -6.084  -5.936  -5.769  -5.584  -5.379  -5.166  -4.943  -4.721  -4.528  -4.359  -4.223  -4.131  -4.072  -4.032  -4.010  -3.997  -3.988  -3.983  -3.980  -3.978  -3.977  -3.977  -3.976  -3.976  -3.977  -3.977  -3.978  -3.978  -3.978  -3.978  -3.977  -3.977  -3.975  -3.973  -3.969  -3.964
   3.260  -6.432  -6.458  -6.477  -6.487  -6.493  -6.495  -6.482  -6.447  -6.392  -6.318  -6.222  -6.102  -5.961  -5.802  -5.623  -5.429  -5.215  -4.992  -4.780  -4.571  -4.391  -4.252  -4.146  -4.068  -4.023  -3.995  -3.976  -3.967  -3.960  -3.956  -3.954  -3.953  -3.952  -3.952  -3.952  -3.953  -3.953  -3.953  -3.953  -3.953  -3.952  -3.952  -3.950  -3.948  -3.945  -3.940
   3.270  -6.348  -6.374  -6.398  -6.419  -6.439  -6.449  -6.447  -6.441  -6.426  -6.382  -6.314  -6.225  -6.113  -5.981  -5.827  -5.655  -5.464  -5.257  -5.046  -4.822  -4.615  -4.432  -4.274  -4.154  -4.073  -4.016  -3.980  -3.961  -3.947  -3.939  -3.935  -3.932  -3.930  -3.930  -3.930  -3.930  -3.930  -3.930  -3.929  -3.929  -3.929  -3.928  -3.927  -3.925  -3.922  -3.918
   3.280  -6.270  -6.294  -6.317  -6.340  -6.363  -6.382  -6.397  -6.407  -6.406  -6.390  -6.358  -6.304  -6.223  -6.119  -5.991  -5.844  -5.679  -5.496  -5.297  -5.080  -4.865  -4.656  -4.458  -4.298  -4.173  -4.076  -4.012  -3.973  -3.945  -3.930  -3.921  -3.915  -3.912  -3.911  -3.910  -3.909  -3.909  -3.908  -3.908  -3.907  -3.907  -3.906  -3.905  -3.903  -3.900  -3.896
   3.290  -6.200  -6.220  -6.241  -6.263  -6.286  -6.308  -6.331  -6.349  -6.354  -6.355  -6.355  -6.336  -6.285  -6.212  -6.115  -5.997  -5.856  -5.695  -5.518  -5.321  -5.116  -4.901  -4.685  -4.495  -4.325  -4.184  -4.082  -4.010  -3.959  -3.932  -3.916  -3.905  -3.899  -3.894  -3.892  -3.891  -3.889  -3.888  -3.887  -3.887  -3.886  -3.885  -3.884  -3.882  -3.879  -3.876
   3.300  -6.141  -6.157  -6.174  -6.193  -6.213  -6.234  -6.256  -6.277  -6.295  -6.310  -6.317  -6.311  -6.293  -6.261  -6.197  -6.108  -5.995  -5.859  -5.705  -5.533  -5.346  -5.141  -4.925  -4.720  -4.517  -4.340  -4.200  -4.090  -4.008  -3.956  -3.923  -3.902  -3.891  -3.883  -3.878  -3.874  -3.871  -3.870  -3.868  -3.867  -3.866  -3.865  -3.864  -3.862  -3.859  -3.856
   3.310  -6.090  -6.103  -6.116  -6.132  -6.149  -6.167  -6.186  -6.206  -6.226  -6.247  -6.260  -6.265  -6.268  -6.264  -6.232  -6.174  -6.092  -5.986  -5.859  -5.709  -5.542  -5.357  -5.158  -4.954  -4.740  -4.541  -4.366  -4.214  -4.096  -4.011  -3.950  -3.911  -3.890  -3.874  -3.865  -3.859  -3.855  -3.852  -3.850  -3.848  -3.847  -3.846  -3.844  -3.842  -3.839  -3.836
   3.320  -6.041  -6.053  -6.065  -6.079  -6.092  -6.107  -6.123  -6.141  -6.159  -6.179  -6.197  -6.213  -6.225  -6.226  -6.215  -6.195  -6.150  -6.074  -5.974  -5.849  -5.705  -5.544  -5.366  -5.175  -4.965  -4.760  -4.563  -4.378  -4.226  -4.104  -4.010  -3.947  -3.907  -3.877  -3.861  -3.851  -3.844  -3.840  -3.836  -3.834  -3.832  -3.830  -3.827  -3.825  -3.822  -3.819
   3.330  -5.993  -6.005  -6.018  -6.030  -6.042  -6.055  -6.068  -6.082  -6.098  -6.116  -6.133  -6.152  -6.168  -6.176  -6.179  -6.180  -6.164  -6.119  -6.049  -5.954  -5.837  -5.699  -5.541  -5.368  -5.176  -4.979  -4.775  -4.573  -4.395  -4.238  -4.108  -4.013  -3.946  -3.897  -3.869  -3.850  -3.837  -3.830  -3.824  -3.821  -3.818  -3.815  -3.812  -3.809  -3.806  -3.802
   3.340  -5.949  -5.960  -5.971  -5.983  -5.995  -6.007  -6.019  -6.031  -6.045  -6.059  -6.074  -6.090  -6.107  -6.121  -6.135  -6.141  -6.135  -6.119  -6.087  -6.023  -5.933  -5.819  -5.683  -5.531  -5.361  -5.180  -4.984  -4.781  -4.590  -4.406  -4.245  -4.116  -4.013  -3.937  -3.892  -3.861  -3.839  -3.826  -3.816  -3.810  -3.806  -3.802  -3.799  -3.795  -3.791  -3.786
   3.350  -5.913  -5.920  -5.928  -5.938  -5.949  -5.960  -5.972  -5.984  -5.996  -6.008  -6.021  -6.035  -6.049  -6.064  -6.081  -6.090  -6.091  -6.092  -6.087  -6.052  -5.991  -5.905  -5.795  -5.666  -5.517  -5.353  -5.172  -4.980  -4.788  -4.591  -4.410  -4.253  -4.119  -4.014  -3.941  -3.887  -3.850  -3.829  -3.812  -3.803  -3.796  -3.790  -3.785  -3.780  -3.775  -3.770
   3.360  -5.883  -5.887  -5.892  -5.899  -5.907  -5.916  -5.927  -5.938  -5.950  -5.962  -5.974  -5.986  -5.998  -6.010  -6.024  -6.036  -6.047  -6.055  -6.054  -6.040  -6.011  -5.958  -5.876  -5.772  -5.644  -5.498  -5.336  -5.159  -4.976  -4.782  -4.595  -4.419  -4.256  -4.122  -4.015  -3.932  -3.877  -3.843  -3.817  -3.801  -3.789  -3.779  -3.772  -3.766  -3.759  -3.754
   3.370  -5.859  -5.860  -5.862  -5.866  -5.871  -5.877  -5.885  -5.895  -5.905  -5.917  -5.928  -5.939  -5.950  -5.962  -5.974  -5.985  -5.998  -6.008  -6.010  -6.007  -6.001  -5.976  -5.922  -5.844  -5.740  -5.616  -5.474  -5.315  -5.145  -4.960  -4.774  -4.591  -4.413  -4.258  -4.121  -4.009  -3.929  -3.874  -3.831  -3.804  -3.785  -3.770  -3.761  -3.751  -3.742  -3.735
   3.380  -5.838  -5.838  -5.838  -5.838  -5.840  -5.844  -5.849  -5.855  -5.863  -5.873  -5.883  -5.894  -5.905  -5.916  -5.927  -5.937  -5.948  -5.958  -5.965  -5.969  -5.970  -5.960  -5.931  -5.881  -5.805  -5.707  -5.586  -5.446  -5.290  -5.117  -4.939  -4.758  -4.577  -4.410  -4.252  -4.115  -4.007  -3.923  -3.859  -3.818  -3.788  -3.765  -3.750  -3.736  -3.724  -3.714
   3.390  -5.821  -5.819  -5.817  -5.817  -5.817  -5.818  -5.820  -5.823  -5.828  -5.834  -5.842  -5.851  -5.862  -5.872  -5.883  -5.893  -5.903  -5.912  -5.920  -5.926  -5.929  -5.925  -5.912  -5.888  -5.839  -5.766  -5.669  -5.549  -5.412  -5.255  -5.089  -4.914  -4.733  -4.560  -4.392  -4.239  -4.106  -3.992  -3.905  -3.845  -3.800  -3.766  -3.742  -3.721  -3.703  -3.690
   3.400  -5.805  -5.802  -5.800  -5.798  -5.797  -5.796  -5.796  -5.797  -5.798  -5.802  -5.807  -5.813  -5.821  -5.829  -5.839  -5.849  -5.859  -5.868  -5.876  -5.883  -5.886  -5.884  -5.880  -5.870  -5.841  -5.791  -5.718  -5.624  -5.509  -5.372  -5.220  -5.052  -4.874  -4.701  -4.529  -4.367  -4.218  -4.084  -3.975  -3.890  -3.823  -3.773  -3.737  -3.706  -3.681  -3.664
   3.410  -5.789  -5.787  -5.784  -5.782  -5.779  -5.777  -5.775  -5.774  -5.774  -5.775  -5.777  -5.780  -5.785  -5.791  -5.799  -5.808  -5.817  -5.825  -5.833  -5.840  -5.843  -5.843  -5.841  -5.837  -5.821  -5.788  -5.737  -5.667  -5.575  -5.460  -5.327  -5.172  -5.001  -4.831  -4.657  -4.489  -4.331  -4.183  -4.056  -3.946  -3.856  -3.789  -3.739  -3.696  -3.661  -3.636
   3.420  -5.768  -5.768  -5.767  -5.766  -5.764  -5.761  -5.758  -5.756  -5.754  -5.753  -5.752  -5.753  -5.755  -5.758  -5.763  -5.769  -5.776  -5.784  -5.791  -5.798  -5.802  -5.802  -5.801  -5.798  -5.787  -5.764  -5.730  -5.680  -5.609  -5.518  -5.406  -5.269  -5.114  -4.949  -4.771  -4.597  -4.433  -4.278  -4.138  -4.011  -3.902  -3.816  -3.748  -3.690  -3.643  -3.607
   3.430  -5.733  -5.740  -5.744  -5.745  -5.745  -5.744  -5.742  -5.739  -5.737  -5.734  -5.732  -5.731  -5.730  -5.730  -5.733  -5.736  -5.740  -5.745  -5.751  -5.758  -5.761  -5.761  -5.761  -5.760  -5.750  -5.731  -5.705  -5.668  -5.614  -5.543  -5.453  -5.339  -5.205  -5.051  -4.873  -4.695  -4.525  -4.360  -4.210  -4.073  -3.951  -3.848  -3.761  -3.687  -3.626  -3.580
   3.440  -5.675  -5.691  -5.704  -5.713  -5.719  -5.721  -5.721  -5.720  -5.719  -5.717  -5.714  -5.712  -5.710  -5.709  -5.708  -5.708  -5.709  -5.712  -5.715  -5.719  -5.721  -5.721  -5.720  -5.719  -5.710  -5.694  -5.672  -5.641  -5.596  -5.541  -5.468  -5.376  -5.266  -5.128  -4.962  -4.788  -4.610  -4.432  -4.271  -4.124  -3.992  -3.875  -3.773  -3.685  -3.613  -3.555
   3.450  -5.586  -5.615  -5.639  -5.658  -5.673  -5.684  -5.692  -5.696  -5.697  -5.697  -5.696  -5.694  -5.691  -5.689  -5.687  -5.685  -5.684  -5.683  -5.683  -5.684  -5.685  -5.684  -5.682  -5.679  -5.670  -5.654  -5.633  -5.605  -5.567  -5.520  -5.459  -5.384  -5.293  -5.175  -5.029  -4.868  -4.688  -4.499  -4.326  -4.166  -4.021  -3.894  -3.783  -3.685  -3.600  -3.530
   3.460  -5.471  -5.510  -5.544  -5.575  -5.601  -5.623  -5.641  -5.655  -5.665  -5.671  -5.673  -5.673  -5.672  -5.671  -5.668  -5.665  -5.662  -5.659  -5.657  -5.655  -5.653  -5.650  -5.646  -5.639  -5.630  -5.615  -5.594  -5.566  -5.530  -5.486  -5.432  -5.368  -5.290  -5.190  -5.067  -4.923  -4.750  -4.561  -4.381  -4.206  -4.045  -3.907  -3.785  -3.676  -3.582  -3.501
   3.470  -5.336  -5.383  -5.427  -5.466  -5.503  -5.535  -5.564  -5.588  -5.608  -5.624  -5.635  -5.643  -5.647  -5.648  -5.647  -5.646  -5.643  -5.639  -5.635  -5.630  -5.625  -5.620  -5.613  -5.604  -5.592  -5.576  -5.554  -5.526  -5.490  -5.448  -5.396  -5.336  -5.265  -5.176  -5.072  -4.945  -4.789  -4.613  -4.434  -4.245  -4.069  -3.916  -3.779  -3.659  -3.555  -3.467
   3.480  -5.189  -5.241  -5.291  -5.338  -5.383  -5.424  -5.462  -5.496  -5.527  -5.553  -5.575  -5.593  -5.606  -5.615  -5.620  -5.622  -5.621  -5.619  -5.615  -5.609  -5.602  -5.594  -5.585  -5.573  -5.558  -5.539  -5.515  -5.485  -5.449  -5.405  -5.354  -5.295  -5.227  -5.144  -5.050  -4.936  -4.798  -4.640  -4.469  -4.279  -4.095  -3.927  -3.772  -3.638  -3.523  -3.428
   3.490  -5.032  -5.089  -5.144  -5.197  -5.248  -5.296  -5.341  -5.384  -5.423  -5.459  -5.491  -5.519  -5.542  -5.561  -5.576  -5.585  -5.590  -5.593  -5.592  -5.588  -5.581  -5.572  -5.560  -5.545  -5.528  -5.506  -5.479  -5.447  -5.408  -5.363  -5.310  -5.249  -5.180  -5.099  -5.008  -4.901  -4.777  -4.636  -4.478  -4.298  -4.118  -3.941  -3.770  -3.622  -3.494  -3.385
   3.500  -4.868  -4.930  -4.990  -5.048  -5.103  -5.156  -5.207  -5.257  -5.303  -5.346  -5.386  -5.422  -5.455  -5.484  -5.508  -5.528  -5.544  -5.555  -5.557  -5.557  -5.556  -5.550  -5.538  -5.521  -5.501  -5.476  -5.446  -5.411  -5.369  -5.322  -5.266  -5.202  -5.130  -5.047  -4.955  -4.850  -4.732  -4.602  -4.456  -4.292  -4.123  -3.947  -3.770  -3.612  -3.469  -3.341
   3.525  -4.436  -4.508  -4.578  -4.646  -4.712  -4.776  -4.839  -4.900  -4.958  -5.014  -5.068  -5.119  -5.168  -5.214  -5.256  -5.296  -5.333  -5.364  -5.385  -5.404  -5.422  -5.434  -5.437  -5.430  -5.417  -5.402  -5.378  -5.343  -5.299  -5.246  -5.184  -5.109  -5.025  -4.929  -4.823  -4.708  -4.586  -4.457  -4.319  -4.174  -4.023  -3.860  -3.696  -3.534  -3.383  -3.237
   3.550  -3.986  -4.067  -4.145  -4.222  -4.297  -4.370  -4.441  -4.510  -4.577  -4.642  -4.705  -4.766  -4.825  -4.882  -4.938  -4.991  -5.041  -5.089  -5.132  -5.172  -5.207  -5.239  -5.263  -5.270  -5.273  -5.274  -5.261  -5.230  -5.188  -5.135  -5.068  -4.987  -4.892  -4.786  -4.668  -4.542  -4.410  -4.271  -4.130  -3.986  -3.840  -3.694  -3.547  -3.401  -3.256  -3.111
   3.575  -3.525  -3.612  -3.697  -3.781  -3.864  -3.945  -4.024  -4.102  -4.178  -4.252  -4.323  -4.393  -4.462  -4.528  -4.592  -4.655  -4.714  -4.770  -4.823  -4.873  -4.917  -4.958  -4.991  -5.012  -5.026  -5.032  -5.025  -5.002  -4.967  -4.918  -4.856  -4.781  -4.693  -4.594  -4.483  -4.364  -4.237  -4.102  -3.964  -3.820  -3.674  -3.526  -3.377  -3.228  -3.079  -2.930
   3.600  -3.068  -3.159  -3.249  -3.339  -3.427  -3.514  -3.600  -3.684  -3.767  -3.848  -3.927  -4.004  -4.079  -4.152  -4.224  -4.292  -4.357  -4.419  -4.478  -4.534  -4.584  -4.629  -4.667  -4.695  -4.716  -4.724  -4.718  -4.700  -4.670  -4.624  -4.567  -4.499  -4.420  -4.331  -4.233  -4.125  -4.008  -3.882  -3.749  -3.608  -3.463  -3.315  -3.165  -3.016  -2.867  -2.718
   3.625  -2.631  -2.724  -2.817  -2.909  -3.000  -3.090  -3.179  -3.267  -3.354  -3.440  -3.525  -3.608  -3.689  -3.768  -3.846  -3.921  -3.993  -4.062  -4.126  -4.186  -4.240  -4.287  -4.325  -4.348  -4.362  -4.368  -4.358  -4.331  -4.293  -4.240  -4.178  -4.107  -4.027  -3.941  -3.848  -3.749  -3.644  -3.532  -3.416  -3.294  -3.168  -3.038  -2.905  -2.771  -2.635  -2.496
   3.650  -2.217  -2.311  -2.404  -2.496  -2.588  -2.679  -2.770  -2.860  -2.950  -3.039  -3.127  -3.214  -3.300  -3.384  -3.466  -3.546  -3.623  -3.697  -3.766  -3.829  -3.884  -3.932  -3.968  -3.981  -3.986  -3.988  -3.971  -3.931  -3.883  -3.822  -3.753  -3.677  -3.594  -3.509  -3.419  -3.327  -3.232  -3.134  -3.034  -2.931  -2.825  -2.715  -2.601  -2.484  -2.362  -2.237
   3.675  -1.828  -1.921  -2.014  -2.106  -2.199  -2.291  -2.383  -2.475  -2.567  -2.657  -2.747  -2.836  -2.924  -3.010  -3.095  -3.177  -3.257  -3.334  -3.404  -3.470  -3.526  -3.575  -3.610  -3.617  -3.617  -3.613  -3.590  -3.543  -3.488  -3.423  -3.351  -3.273  -3.190  -3.105  -3.017  -2.927  -2.835  -2.741  -2.646  -2.549  -2.449  -2.346  -2.240  -2.130  -2.018  -1.902
   3.700  -1.485  -1.572  -1.660  -1.749  -1.839  -1.930  -2.021  -2.112  -2.203  -2.294  -2.384  -2.473  -2.561  -2.648  -2.734  -2.817  -2.898  -2.975  -3.046  -3.113  -3.169  -3.217  -3.250  -3.254  -3.250  -3.241  -3.212  -3.161  -3.103  -3.035  -2.961  -2.883  -2.800  -2.715  -2.628  -2.538  -2.447  -2.354  -2.260  -2.163  -2.065  -1.965  -1.862  -1.757  -1.650  -1.541
   3.725  -1.199  -1.274  -1.348  -1.426  -1.509  -1.594  -1.681  -1.770  -1.860  -1.949  -2.038  -2.127  -2.216  -2.302  -2.388  -2.472  -2.552  -2.630  -2.701  -2.766  -2.821  -2.867  -2.899  -2.902  -2.896  -2.884  -2.852  -2.800  -2.742  -2.674  -2.600  -2.522  -2.439  -2.355  -2.267  -2.178  -2.088  -1.996  -1.902  -1.806  -1.709  -1.610  -1.509  -1.406  -1.301  -1.194
   3.750  -0.998  -1.047  -1.102  -1.164  -1.233  -1.306  -1.384  -1.465  -1.547  -1.632  -1.717  -1.802  -1.888  -1.972  -2.056  -2.137  -2.216  -2.291  -2.360  -2.423  -2.475  -2.518  -2.547  -2.550  -2.543  -2.529  -2.497  -2.446  -2.389  -2.322  -2.250  -2.173  -2.092  -2.008  -1.921  -1.833  -1.743  -1.652  -1.559  -1.464  -1.367  -1.269  -1.169  -1.067  -0.962  -0.856
   3.775  -0.900  -0.918  -0.949  -0.986  -1.030  -1.081  -1.141  -1.207  -1.274  -1.345  -1.420  -1.496  -1.575  -1.653  -1.731  -1.808  -1.882  -1.952  -2.016  -2.075  -2.123  -2.163  -2.188  -2.191  -2.184  -2.170  -2.138  -2.090  -2.034  -1.970  -1.900  -1.826  -1.747  -1.665  -1.581  -1.495  -1.408  -1.319  -1.228  -1.135  -1.040  -0.944  -0.845  -0.745  -0.643  -0.538
   3.800  -0.864  -0.869  -0.879  -0.894  -0.912  -0.937  -0.970  -1.010  -1.056  -1.109  -1.167  -1.229  -1.294  -1.360  -1.428  -1.494  -1.559  -1.620  -1.676  -1.727  -1.769  -1.802  -1.823  -1.825  -1.818  -1.803  -1.773  -1.728  -1.676  -1.615  -1.549  -1.478  -1.403  -1.326  -1.246  -1.163  -1.079  -0.993  -0.905  -0.815  -0.724  -0.630  -0.535  -0.437  -0.336  -0.234
   3.825  -0.856  -0.857  -0.859  -0.863  -0.867  -0.873  -0.882  -0.895  -0.916  -0.943  -0.975  -1.014  -1.058  -1.102  -1.149  -1.197  -1.245  -1.292  -1.335  -1.374  -1.405  -1.429  -1.443  -1.445  -1.437  -1.420  -1.392  -1.352  -1.306  -1.251  -1.191  -1.126  -1.057  -0.985  -0.910  -0.832  -0.753  -0.672  -0.589  -0.503  -0.416  -0.326  -0.234  -0.140  -0.042   0.057
   3.850  -0.853  -0.853  -0.852  -0.852  -0.851  -0.850  -0.849  -0.849  -0.849  -0.852  -0.857  -0.866  -0.878  -0.895  -0.916  -0.939  -0.964  -0.990  -1.013  -1.035  -1.051  -1.061  -1.065  -1.064  -1.053  -1.033  -1.006  -0.971  -0.929  -0.881  -0.828  -0.770  -0.708  -0.643  -0.574  -0.503  -0.430  -0.355  -0.277  -0.197  -0.114  -0.029   0.058   0.149   0.242   0.338
   3.875  -0.853  -0.852  -0.852  -0.850  -0.848  -0.845  -0.842  -0.836  -0.828  -0.818  -0.805  -0.789  -0.772  -0.760  -0.749  -0.741  -0.737  -0.731  -0.725  -0.720  -0.714  -0.706  -0.696  -0.684  -0.666  -0.643  -0.616  -0.584  -0.547  -0.505  -0.459  -0.409  -0.355  -0.297  -0.236  -0.172  -0.106  -0.038   0.033   0.108   0.184   0.263   0.345   0.430   0.518   0.610
   3.900  -0.853  -0.852  -0.851  -0.849  -0.847  -0.844  -0.839  -0.832  -0.821  -0.807  -0.788  -0.763  -0.732  -0.697  -0.656  -0.614  -0.572  -0.529  -0.490  -0.453  -0.419  -0.387  -0.358  -0.328  -0.300  -0.270  -0.239  -0.207  -0.172  -0.135  -0.094  -0.050  -0.004   0.046   0.100   0.156   0.215   0.276   0.341   0.408   0.478   0.551   0.627   0.706   0.788   0.874
   3.925  -0.850  -0.850  -0.849  -0.848  -0.847  -0.844  -0.840  -0.833  -0.822  -0.808  -0.789  -0.762  -0.726  -0.679  -0.622  -0.556  -0.480  -0.401  -0.328  -0.255  -0.188  -0.129  -0.069  -0.016   0.031   0.074   0.113   0.151   0.188   0.225   0.263   0.303   0.344   0.388   0.434   0.483   0.534   0.589   0.646   0.705   0.768   0.834   0.904   0.977   1.054   1.134
   3.950  -0.841  -0.845  -0.847  -0.847  -0.846  -0.844  -0.840  -0.834  -0.824  -0.810  -0.790  -0.761  -0.723  -0.673  -0.611  -0.537  -0.449  -0.351  -0.249  -0.140  -0.034   0.065   0.157   0.238   0.308   0.371   0.426   0.474   0.519   0.560   0.599   0.638   0.676   0.716   0.757   0.800   0.845   0.893   0.943   0.996   1.052   1.112   1.175   1.242   1.313   1.388
   3.975  -0.800  -0.812  -0.822  -0.829  -0.835  -0.837  -0.836  -0.831  -0.823  -0.812  -0.794  -0.766  -0.731  -0.681  -0.618  -0.542  -0.452  -0.348  -0.229  -0.096   0.040   0.178   0.308   0.421   0.519   0.604   0.679   0.746   0.805   0.856   0.902   0.945   0.984   1.024   1.062   1.102   1.143   1.186   1.231   1.278   1.329   1.382   1.439   1.500   1.565   1.634
   4.000  -0.747  -0.765  -0.781  -0.795  -0.808  -0.817  -0.821  -0.823  -0.822  -0.813  -0.796  -0.772  -0.738  -0.690  -0.630  -0.553  -0.458  -0.347  -0.222  -0.082   0.065   0.216   0.369   0.511   0.644   0.765   0.869   0.960   1.039   1.105   1.164   1.216   1.261   1.304   1.344   1.383   1.422   1.462   1.504   1.548   1.594   1.642   1.694   1.749   1.809   1.873
   4.025  -0.712  -0.723  -0.734  -0.746  -0.758  -0.770  -0.780  -0.789  -0.795  -0.793  -0.785  -0.767  -0.736  -0.693  -0.639  -0.569  -0.478  -0.367  -0.241  -0.099   0.051   0.208   0.367   0.529   0.693   0.850   0.991   1.113   1.213   1.296   1.373   1.440   1.496   1.548   1.594   1.636   1.677   1.717   1.758   1.800   1.843   1.889   1.937   1.989   2.044   2.104
   4.050  -0.692  -0.694  -0.698  -0.704  -0.711  -0.720  -0.731  -0.742  -0.751  -0.756  -0.758  -0.751  -0.729  -0.694  -0.645  -0.579  -0.494  -0.390  -0.269  -0.129   0.023   0.188   0.362   0.535   0.710   0.878   1.036   1.184   1.315   1.430   1.531   1.617   1.690   1.754   1.810   1.860   1.906   1.949   1.991   2.033   2.076   2.120   2.167   2.216   2.269   2.325
   4.075  -0.687  -0.688  -0.689  -0.690  -0.692  -0.695  -0.700  -0.705  -0.709  -0.711  -0.712  -0.707  -0.692  -0.665  -0.624  -0.567  -0.489  -0.395  -0.287  -0.159  -0.016   0.145   0.326   0.504   0.684   0.861   1.030   1.194   1.357   1.509   1.640   1.745   1.835   1.918   1.988   2.050   2.105   2.153   2.200   2.245   2.289   2.334   2.380   2.429   2.481   2.534
   4.100  -0.685  -0.685  -0.684  -0.684  -0.684  -0.683  -0.682  -0.680  -0.678  -0.674  -0.668  -0.658  -0.643  -0.619  -0.587  -0.540  -0.476  -0.396  -0.296  -0.177  -0.041   0.113   0.280   0.456   0.641   0.827   1.013   1.197   1.371   1.536   1.687   1.821   1.939   2.043   2.130   2.207   2.274   2.332   2.387   2.436   2.484   2.532   2.579   2.629   2.680   2.733
   4.125  -0.684  -0.683  -0.682  -0.681  -0.680  -0.678  -0.677  -0.674  -0.668  -0.661  -0.649  -0.633  -0.612  -0.582  -0.543  -0.494  -0.435  -0.363  -0.269  -0.160  -0.036   0.108   0.256   0.419   0.595   0.778   0.971   1.168   1.349   1.526   1.691   1.855   2.006   2.129   2.236   2.331   2.414   2.485   2.550   2.607   2.661   2.713   2.763   2.815   2.868   2.921
   4.150  -0.684  -0.682  -0.681  -0.679  -0.678  -0.676  -0.674  -0.670  -0.663  -0.655  -0.641  -0.622  -0.596  -0.560  -0.514  -0.458  -0.391  -0.315  -0.227  -0.130  -0.019   0.106   0.245   0.399   0.568   0.746   0.932   1.125   1.315   1.507   1.692   1.867   2.031   2.178   2.310   2.426   2.526   2.613   2.691   2.759   2.821   2.879   2.934   2.989   3.045   3.100
   4.175  -0.684  -0.682  -0.680  -0.678  -0.676  -0.674  -0.671  -0.667  -0.660  -0.652  -0.639  -0.620  -0.594  -0.557  -0.510  -0.450  -0.376  -0.290  -0.195  -0.089   0.026   0.141   0.275   0.421   0.577   0.748   0.920   1.100   1.286   1.478   1.671   1.854   2.031   2.201   2.355   2.492   2.612   2.717   2.811   2.891   2.964   3.031   3.092   3.153   3.213   3.271
   4.200  -0.684  -0.682  -0.680  -0.678  -0.675  -0.672  -0.669  -0.664  -0.658  -0.650  -0.637  -0.618  -0.593  -0.556  -0.509  -0.448  -0.371  -0.280  -0.178  -0.063   0.059   0.186   0.319   0.458   0.601   0.753   0.916   1.088   1.268   1.459   1.650   1.842   2.031   2.210   2.381   2.537   2.676   2.801   2.911   3.006   3.091   3.168   3.238   3.306   3.371   3.432
   4.225  -0.684  -0.683  -0.681  -0.678  -0.675  -0.671  -0.667  -0.662  -0.655  -0.647  -0.635  -0.617  -0.593  -0.557  -0.512  -0.452  -0.377  -0.288  -0.185  -0.067   0.059   0.201   0.348   0.496   0.644   0.791   0.948   1.113   1.285   1.465   1.652   1.842   2.030   2.213   2.395   2.566   2.722   2.865   2.992   3.103   3.203   3.292   3.372   3.447   3.517   3.581
   4.250  -0.684  -0.683  -0.681  -0.679  -0.675  -0.671  -0.666  -0.661  -0.653  -0.645  -0.632  -0.615  -0.593  -0.559  -0.516  -0.459  -0.387  -0.301  -0.197  -0.075   0.059   0.206   0.362   0.520   0.680   0.841   0.998   1.156   1.319   1.486   1.659   1.842   2.030   2.217   2.406   2.587   2.757   2.916   3.059   3.186   3.301   3.403   3.494   3.578   3.655   3.723
   4.275  -0.683  -0.683  -0.681  -0.678  -0.675  -0.671  -0.665  -0.659  -0.651  -0.642  -0.629  -0.612  -0.590  -0.558  -0.516  -0.463  -0.395  -0.311  -0.208  -0.088   0.048   0.196   0.356   0.519   0.693   0.868   1.034   1.200   1.366   1.530   1.696   1.870   2.050   2.235   2.425   2.609   2.787   2.959   3.115   3.258   3.387   3.502   3.605   3.700   3.786   3.863
   4.300  -0.682  -0.682  -0.680  -0.678  -0.674  -0.670  -0.664  -0.657  -0.649  -0.639  -0.625  -0.608  -0.586  -0.555  -0.517  -0.465  -0.399  -0.318  -0.219  -0.102   0.031   0.181   0.345   0.517   0.697   0.879   1.059   1.239   1.413   1.583   1.752   1.922   2.093   2.271   2.454   2.637   2.820   2.999   3.166   3.321   3.464   3.592   3.707   3.813   3.909   3.996
   4.325  -0.678  -0.678  -0.678  -0.676  -0.673  -0.669  -0.663  -0.656  -0.646  -0.635  -0.621  -0.603  -0.582  -0.551  -0.514  -0.464  -0.398  -0.321  -0.225  -0.111   0.020   0.169   0.334   0.508   0.692   0.879   1.069   1.259   1.444   1.624   1.801   1.975   2.147   2.323   2.502   2.681   2.863   3.044   3.215   3.381   3.534   3.673   3.800   3.916   4.021   4.115
   4.350  -0.667  -0.670  -0.672  -0.672  -0.670  -0.667  -0.662  -0.654  -0.644  -0.632  -0.616  -0.598  -0.575  -0.545  -0.508  -0.459  -0.397  -0.322  -0.227  -0.115   0.014   0.162   0.326   0.501   0.687   0.879   1.074   1.271   1.466   1.658   1.846   2.028   2.205   2.383   2.559   2.735   2.915   3.094   3.269   3.440   3.602   3.751   3.888   4.013   4.126   4.227
   4.375  -0.636  -0.644  -0.650  -0.655  -0.659  -0.659  -0.656  -0.649  -0.640  -0.628  -0.612  -0.593  -0.569  -0.537  -0.500  -0.452  -0.392  -0.317  -0.224  -0.113   0.015   0.163   0.327   0.501   0.688   0.881   1.078   1.280   1.481   1.681   1.877   2.069   2.256   2.440   2.620   2.799   2.979   3.158   3.333   3.507   3.672   3.828   3.975   4.109   4.231   4.342
   4.400  -0.600  -0.611  -0.621  -0.629  -0.638  -0.642  -0.641  -0.639  -0.634  -0.622  -0.605  -0.585  -0.559  -0.527  -0.490  -0.441  -0.381  -0.307  -0.216  -0.107   0.019   0.165   0.328   0.503   0.690   0.885   1.085   1.289   1.493   1.699   1.903   2.104   2.301   2.494   2.681   2.866   3.048   3.227   3.403   3.577   3.745   3.906   4.059   4.200   4.329   4.448
   4.425  -0.579  -0.585  -0.592  -0.598  -0.604  -0.609  -0.610  -0.611  -0.610  -0.602  -0.589  -0.572  -0.548  -0.516  -0.478  -0.429  -0.368  -0.295  -0.204  -0.097   0.029   0.174   0.337   0.511   0.699   0.895   1.096   1.302   1.509   1.718   1.927   2.133   2.338   2.538   2.735   2.927   3.115   3.298   3.477   3.653   3.822   3.985   4.141   4.283   4.412   4.529
   4.450  -0.569  -0.570  -0.571  -0.573  -0.574  -0.576  -0.577  -0.578  -0.577  -0.573  -0.564  -0.549  -0.527  -0.497  -0.458  -0.409  -0.349  -0.276  -0.185  -0.078   0.047   0.192   0.355   0.529   0.716   0.911   1.112   1.319   1.527   1.739   1.950   2.161   2.371   2.578   2.783   2.983   3.178   3.367   3.551   3.729   3.900   4.065   4.222   4.364   4.491   4.604
   4.475  -0.567  -0.567  -0.566  -0.565  -0.563  -0.560  -0.558  -0.555  -0.551  -0.542  -0.530  -0.513  -0.491  -0.460  -0.423  -0.375  -0.316  -0.245  -0.156  -0.051   0.073   0.216   0.377   0.551   0.737   0.932   1.133   1.341   1.550   1.762   1.976   2.190   2.404   2.615   2.826   3.032   3.234   3.430   3.620   3.802   3.977   4.146   4.305   4.448   4.576   4.689
   4.500  -0.566  -0.565  -0.564  -0.562  -0.560  -0.555  -0.548  -0.538  -0.525  -0.507  -0.487  -0.465  -0.440  -0.409  -0.374  -0.329  -0.273  -0.204  -0.118  -0.015   0.106   0.248   0.407   0.579   0.765   0.959   1.160   1.367   1.576   1.789   2.003   2.218   2.434   2.649   2.864   3.075   3.283   3.488   3.684   3.874   4.054   4.226   4.388   4.534   4.663   4.778

