low temperature opacities from Ferguson, Alexander, et al (2005) with gs98 metals
    form     version        X           Z          logRs    logR_min    logR_max       logTs    logT_min    logT_max
       1          38    0.200000    0.030000          46   -8.000000    1.000000         105    2.700000    4.500000

   logT                       logR = logRho - 3*logT + 18
          -8.000  -7.800  -7.600  -7.400  -7.200  -7.000  -6.800  -6.600  -6.400  -6.200  -6.000  -5.800  -5.600  -5.400  -5.200  -5.000  -4.800  -4.600  -4.400  -4.200  -4.000  -3.800  -3.600  -3.400  -3.200  -3.000  -2.800  -2.600  -2.400  -2.200  -2.000  -1.800  -1.600  -1.400  -1.200  -1.000  -0.800  -0.600  -0.400  -0.200   0.000   0.200   0.400   0.600   0.800   1.000

   2.700  -0.024  -0.024  -0.024  -0.024  -0.024  -0.024  -0.024  -0.024  -0.024  -0.024  -0.024  -0.024  -0.024  -0.024  -0.024  -0.024  -0.023  -0.020  -0.016  -0.011  -0.009  -0.014  -0.022  -0.023  -0.019  -0.014  -0.009  -0.006  -0.007  -0.017  -0.023  -0.020  -0.015  -0.008   0.001   0.008   0.011   0.013   0.024   0.061   0.085   0.069   0.045   0.041   0.043   0.047
   2.750  -0.007  -0.006  -0.006  -0.006  -0.006  -0.006  -0.006  -0.006  -0.006  -0.006  -0.006  -0.006  -0.006  -0.006  -0.006  -0.006  -0.006  -0.006  -0.006  -0.005  -0.005  -0.005  -0.005  -0.005  -0.005  -0.005  -0.005  -0.004  -0.004  -0.004  -0.004  -0.003   0.001   0.006   0.012   0.018   0.020   0.022   0.031   0.064   0.084   0.071   0.050   0.046   0.048   0.052
   2.800   0.015   0.019   0.022   0.022   0.021   0.021   0.022   0.025   0.027   0.027   0.028   0.029   0.030   0.030   0.030   0.030   0.030   0.031   0.031   0.031   0.031   0.031   0.031   0.031   0.031   0.031   0.031   0.031   0.031   0.032   0.032   0.032   0.032   0.033   0.037   0.040   0.041   0.041   0.047   0.070   0.085   0.076   0.061   0.059   0.060   0.064
   2.850   0.011   0.014   0.017   0.021   0.026   0.031   0.035   0.038   0.042   0.046   0.049   0.052   0.055   0.057   0.059   0.061   0.062   0.063   0.064   0.065   0.066   0.067   0.067   0.067   0.067   0.067   0.067   0.067   0.067   0.067   0.067   0.068   0.069   0.069   0.069   0.069   0.068   0.067   0.069   0.082   0.090   0.085   0.077   0.076   0.077   0.079
   2.900   0.047   0.048   0.049   0.051   0.052   0.052   0.052   0.052   0.054   0.066   0.075   0.077   0.078   0.080   0.084   0.088   0.091   0.095   0.097   0.099   0.100   0.102   0.103   0.105   0.106   0.107   0.107   0.106   0.106   0.107   0.107   0.106   0.104   0.102   0.100   0.097   0.095   0.092   0.093   0.097   0.100   0.098   0.095   0.095   0.095   0.096
   2.910   0.045   0.051   0.055   0.058   0.060   0.061   0.062   0.063   0.063   0.063   0.063   0.071   0.084   0.089   0.090   0.092   0.095   0.098   0.101   0.104   0.106   0.108   0.109   0.111   0.113   0.114   0.114   0.115   0.117   0.128   0.134   0.132   0.128   0.125   0.122   0.120   0.117   0.114   0.114   0.114   0.114   0.113   0.113   0.112   0.112   0.113
   2.920   0.011   0.031   0.047   0.058   0.064   0.068   0.070   0.071   0.073   0.074   0.074   0.073   0.071   0.074   0.089   0.101   0.104   0.105   0.107   0.110   0.112   0.114   0.116   0.118   0.118   0.119   0.126   0.135   0.138   0.139   0.139   0.139   0.139   0.138   0.136   0.134   0.132   0.131   0.129   0.128   0.128   0.127   0.127   0.127   0.127   0.127
   2.930  -0.082  -0.027   0.015   0.040   0.053   0.061   0.069   0.076   0.080   0.082   0.083   0.084   0.084   0.087   0.096   0.105   0.109   0.112   0.114   0.117   0.119   0.120   0.121   0.125   0.136   0.143   0.143   0.143   0.143   0.142   0.142   0.142   0.143   0.143   0.143   0.142   0.142   0.141   0.140   0.139   0.139   0.139   0.139   0.138   0.138   0.138
   2.940  -0.347  -0.224  -0.125  -0.051  -0.004   0.031   0.059   0.078   0.093   0.103   0.107   0.102   0.095   0.094   0.095   0.096   0.109   0.130   0.138   0.141   0.143   0.146   0.148   0.148   0.147   0.147   0.147   0.148   0.148   0.148   0.148   0.148   0.148   0.148   0.148   0.149   0.149   0.149   0.149   0.148   0.148   0.148   0.147   0.147   0.147   0.147
   2.950  -0.537  -0.405  -0.293  -0.203  -0.137  -0.081  -0.028   0.016   0.051   0.075   0.092   0.104   0.110   0.116   0.119   0.121   0.122   0.122   0.125   0.136   0.145   0.149   0.151   0.153   0.155   0.156   0.155   0.153   0.153   0.154   0.154   0.154   0.155   0.155   0.155   0.155   0.155   0.156   0.156   0.155   0.155   0.155   0.155   0.155   0.155   0.155
   2.960  -0.533  -0.533  -0.532  -0.507  -0.374  -0.239  -0.163  -0.105  -0.049   0.002   0.043   0.072   0.091   0.106   0.115   0.121   0.125   0.127   0.129   0.129   0.130   0.138   0.150   0.156   0.158   0.160   0.162   0.163   0.163   0.164   0.164   0.163   0.163   0.162   0.162   0.162   0.162   0.162   0.162   0.162   0.162   0.162   0.162   0.162   0.162   0.162
   2.970  -0.536  -0.532  -0.529  -0.527  -0.526  -0.525  -0.479  -0.383  -0.283  -0.166  -0.066  -0.005   0.035   0.068   0.091   0.108   0.120   0.126   0.131   0.134   0.136   0.137   0.138   0.142   0.154   0.163   0.165   0.166   0.168   0.168   0.169   0.170   0.170   0.170   0.170   0.170   0.170   0.169   0.169   0.169   0.169   0.169   0.169   0.168   0.168   0.168
   2.980  -0.564  -0.548  -0.537  -0.529  -0.525  -0.522  -0.520  -0.519  -0.493  -0.353  -0.212  -0.134  -0.076  -0.022   0.025   0.064   0.091   0.110   0.124   0.133   0.138   0.142   0.145   0.145   0.144   0.144   0.153   0.168   0.173   0.174   0.175   0.176   0.176   0.176   0.176   0.176   0.176   0.176   0.176   0.176   0.176   0.175   0.175   0.175   0.175   0.175
   2.990  -0.706  -0.636  -0.584  -0.553  -0.539  -0.529  -0.521  -0.517  -0.514  -0.512  -0.510  -0.420  -0.256  -0.150  -0.085  -0.032   0.019   0.061   0.092   0.114   0.129   0.140   0.146   0.150   0.151   0.154   0.161   0.170   0.175   0.179   0.181   0.182   0.183   0.183   0.182   0.182   0.182   0.182   0.183   0.182   0.182   0.182   0.182   0.181   0.181   0.181
   3.000  -1.447  -1.100  -0.841  -0.693  -0.619  -0.576  -0.547  -0.532  -0.520  -0.513  -0.508  -0.505  -0.504  -0.473  -0.316  -0.162  -0.085  -0.034   0.015   0.060   0.095   0.119   0.135   0.146   0.153   0.158   0.162   0.164   0.164   0.162   0.161   0.168   0.179   0.183   0.184   0.185   0.186   0.188   0.188   0.188   0.188   0.188   0.188   0.188   0.188   0.188
   3.010  -1.328  -1.373  -1.395  -1.349  -1.068  -0.799  -0.679  -0.614  -0.566  -0.539  -0.522  -0.510  -0.504  -0.499  -0.497  -0.493  -0.392  -0.211  -0.097  -0.033   0.016   0.061   0.097   0.124   0.142   0.154   0.162   0.167   0.171   0.172   0.174   0.177   0.181   0.184   0.186   0.187   0.190   0.192   0.193   0.193   0.193   0.193   0.194   0.194   0.194   0.194
   3.020  -1.376  -1.368  -1.364  -1.366  -1.378  -1.386  -1.234  -0.954  -0.776  -0.670  -0.597  -0.551  -0.528  -0.510  -0.499  -0.493  -0.489  -0.487  -0.452  -0.281  -0.115  -0.034   0.018   0.064   0.100   0.128   0.148   0.161   0.170   0.176   0.179   0.181   0.182   0.184   0.188   0.191   0.193   0.196   0.198   0.198   0.199   0.199   0.200   0.200   0.200   0.200
   3.030  -1.397  -1.372  -1.356  -1.354  -1.355  -1.357  -1.364  -1.372  -1.336  -1.118  -0.894  -0.753  -0.644  -0.572  -0.536  -0.513  -0.496  -0.488  -0.481  -0.479  -0.474  -0.356  -0.148  -0.026   0.030   0.069   0.107   0.136   0.158   0.170   0.179   0.185   0.188   0.191   0.193   0.195   0.198   0.201   0.202   0.204   0.205   0.205   0.206   0.207   0.207   0.207
   3.040  -1.345  -1.362  -1.371  -1.368  -1.349  -1.336  -1.339  -1.344  -1.344  -1.335  -1.316  -1.203  -1.007  -0.852  -0.717  -0.611  -0.550  -0.518  -0.497  -0.489  -0.475  -0.390  -0.254  -0.159  -0.093  -0.035   0.024   0.078   0.118   0.147   0.167   0.180   0.187   0.193   0.197   0.199   0.202   0.205   0.208   0.209   0.211   0.212   0.213   0.214   0.215   0.215
   3.050  -1.235  -1.279  -1.313  -1.332  -1.343  -1.347  -1.337  -1.321  -1.319  -1.325  -1.329  -1.324  -1.310  -1.270  -1.139  -0.984  -0.826  -0.670  -0.574  -0.526  -0.498  -0.478  -0.468  -0.461  -0.457  -0.452  -0.308  -0.066   0.052   0.100   0.131   0.157   0.173   0.186   0.193   0.199   0.204   0.209   0.212   0.215   0.217   0.219   0.221   0.222   0.223   0.224
   3.060  -1.170  -1.179  -1.194  -1.216  -1.245  -1.273  -1.297  -1.316  -1.317  -1.305  -1.298  -1.302  -1.309  -1.309  -1.298  -1.276  -1.197  -1.059  -0.915  -0.747  -0.611  -0.540  -0.503  -0.478  -0.469  -0.452  -0.344  -0.172  -0.061   0.006   0.057   0.101   0.135   0.160   0.176   0.188   0.199   0.207   0.213   0.218   0.222   0.225   0.228   0.230   0.231   0.233
   3.070  -1.161  -1.157  -1.154  -1.155  -1.162  -1.176  -1.199  -1.227  -1.253  -1.278  -1.291  -1.292  -1.293  -1.293  -1.290  -1.286  -1.279  -1.264  -1.226  -1.113  -0.974  -0.818  -0.658  -0.558  -0.509  -0.479  -0.462  -0.452  -0.398  -0.221  -0.055   0.023   0.068   0.108   0.138   0.161   0.180   0.194   0.206   0.215   0.223   0.228   0.233   0.236   0.239   0.241
   3.080  -1.143  -1.143  -1.142  -1.141  -1.139  -1.138  -1.139  -1.144  -1.153  -1.178  -1.208  -1.245  -1.279  -1.284  -1.279  -1.273  -1.271  -1.269  -1.264  -1.251  -1.227  -1.137  -0.987  -0.848  -0.703  -0.585  -0.517  -0.478  -0.452  -0.443  -0.426  -0.284  -0.067   0.035   0.074   0.102   0.134   0.160   0.183   0.201   0.215   0.226   0.233   0.240   0.245   0.249
   3.090  -1.126  -1.125  -1.124  -1.124  -1.123  -1.123  -1.122  -1.120  -1.121  -1.130  -1.141  -1.153  -1.168  -1.187  -1.211  -1.231  -1.243  -1.250  -1.251  -1.249  -1.246  -1.236  -1.210  -1.160  -1.055  -0.928  -0.776  -0.620  -0.526  -0.492  -0.446  -0.345  -0.228  -0.134  -0.060   0.003   0.054   0.095   0.133   0.167   0.194   0.213   0.226   0.238   0.247   0.253
   3.100  -1.116  -1.113  -1.110  -1.108  -1.106  -1.105  -1.105  -1.104  -1.103  -1.102  -1.101  -1.103  -1.108  -1.117  -1.131  -1.148  -1.170  -1.193  -1.210  -1.223  -1.229  -1.227  -1.222  -1.214  -1.203  -1.181  -1.095  -0.950  -0.811  -0.663  -0.534  -0.449  -0.383  -0.307  -0.223  -0.144  -0.075  -0.013   0.047   0.104   0.151   0.184   0.206   0.226   0.242   0.253
   3.110  -1.129  -1.116  -1.106  -1.099  -1.094  -1.091  -1.088  -1.087  -1.085  -1.085  -1.084  -1.083  -1.082  -1.082  -1.081  -1.080  -1.091  -1.113  -1.133  -1.154  -1.174  -1.193  -1.208  -1.210  -1.206  -1.199  -1.189  -1.173  -1.120  -0.954  -0.789  -0.692  -0.613  -0.521  -0.420  -0.324  -0.239  -0.160  -0.079   0.005   0.078   0.129   0.167   0.199   0.225   0.244
   3.120  -1.237  -1.185  -1.145  -1.117  -1.101  -1.091  -1.082  -1.076  -1.072  -1.069  -1.067  -1.065  -1.064  -1.063  -1.062  -1.062  -1.064  -1.069  -1.076  -1.085  -1.098  -1.117  -1.138  -1.155  -1.171  -1.178  -1.176  -1.170  -1.161  -1.148  -1.123  -1.020  -0.854  -0.726  -0.623  -0.526  -0.431  -0.340  -0.240  -0.130  -0.032   0.041   0.100   0.150   0.190   0.221
   3.130  -2.986  -2.052  -1.410  -1.230  -1.175  -1.139  -1.110  -1.093  -1.078  -1.067  -1.059  -1.053  -1.050  -1.047  -1.045  -1.044  -1.042  -1.041  -1.041  -1.044  -1.049  -1.056  -1.066  -1.082  -1.107  -1.120  -1.116  -1.110  -1.113  -1.136  -1.150  -1.111  -1.025  -0.934  -0.831  -0.725  -0.629  -0.532  -0.421  -0.294  -0.177  -0.081   0.000   0.070   0.130   0.177
   3.140  -3.418  -3.283  -3.007  -2.540  -1.807  -1.336  -1.238  -1.187  -1.141  -1.107  -1.082  -1.063  -1.050  -1.040  -1.034  -1.029  -1.026  -1.025  -1.023  -1.022  -1.021  -1.021  -1.022  -1.024  -1.036  -1.051  -1.071  -1.090  -1.092  -1.087  -1.082  -1.080  -1.077  -1.061  -0.984  -0.890  -0.806  -0.712  -0.602  -0.471  -0.345  -0.234  -0.132  -0.042   0.038   0.107
   3.150  -3.919  -3.593  -3.305  -3.066  -2.894  -2.664  -2.266  -1.822  -1.514  -1.321  -1.201  -1.136  -1.101  -1.071  -1.048  -1.032  -1.021  -1.014  -1.008  -1.005  -1.003  -1.001  -1.000  -1.001  -1.005  -1.011  -1.016  -1.023  -1.036  -1.056  -1.067  -1.066  -1.062  -1.054  -1.031  -0.989  -0.930  -0.854  -0.757  -0.639  -0.518  -0.402  -0.288  -0.183  -0.086   0.005
   3.160  -4.390  -4.087  -3.791  -3.500  -3.207  -2.951  -2.749  -2.590  -2.485  -2.447  -2.380  -1.995  -1.452  -1.228  -1.146  -1.094  -1.053  -1.031  -1.012  -1.001  -0.993  -0.987  -0.984  -0.980  -0.978  -0.977  -0.981  -0.988  -0.994  -0.999  -1.005  -1.013  -1.021  -1.022  -1.020  -1.015  -0.991  -0.940  -0.869  -0.775  -0.671  -0.564  -0.451  -0.342  -0.234  -0.128
   3.170  -4.763  -4.521  -4.260  -3.977  -3.665  -3.366  -3.093  -2.847  -2.656  -2.518  -2.419  -2.372  -2.344  -2.201  -1.738  -1.348  -1.208  -1.135  -1.075  -1.038  -1.012  -0.992  -0.979  -0.970  -0.964  -0.961  -0.958  -0.956  -0.956  -0.956  -0.957  -0.964  -0.977  -0.986  -0.991  -0.994  -0.987  -0.966  -0.929  -0.866  -0.788  -0.700  -0.601  -0.499  -0.393  -0.282
   3.180  -5.018  -4.852  -4.650  -4.410  -4.125  -3.830  -3.529  -3.230  -2.970  -2.741  -2.557  -2.434  -2.356  -2.304  -2.286  -2.253  -2.039  -1.691  -1.440  -1.251  -1.120  -1.052  -1.016  -0.987  -0.969  -0.957  -0.948  -0.942  -0.938  -0.935  -0.934  -0.936  -0.940  -0.945  -0.953  -0.957  -0.956  -0.954  -0.946  -0.912  -0.861  -0.798  -0.721  -0.636  -0.543  -0.440
   3.190  -5.163  -5.068  -4.930  -4.749  -4.522  -4.266  -3.978  -3.670  -3.378  -3.091  -2.838  -2.636  -2.476  -2.360  -2.291  -2.247  -2.219  -2.205  -2.194  -2.190  -2.183  -1.835  -1.275  -1.084  -1.029  -0.993  -0.963  -0.945  -0.932  -0.924  -0.919  -0.916  -0.914  -0.915  -0.920  -0.925  -0.929  -0.932  -0.931  -0.919  -0.894  -0.855  -0.802  -0.739  -0.666  -0.582
   3.200  -5.216  -5.177  -5.098  -4.980  -4.822  -4.625  -4.381  -4.102  -3.814  -3.508  -3.216  -2.949  -2.708  -2.522  -2.389  -2.292  -2.229  -2.195  -2.170  -2.157  -2.148  -2.143  -2.140  -2.048  -1.579  -1.189  -1.069  -1.007  -0.961  -0.935  -0.920  -0.909  -0.904  -0.903  -0.903  -0.904  -0.906  -0.908  -0.908  -0.906  -0.900  -0.881  -0.847  -0.805  -0.754  -0.695
   3.210  -5.206  -5.195  -5.164  -5.109  -5.016  -4.881  -4.698  -4.475  -4.221  -3.930  -3.633  -3.337  -3.050  -2.803  -2.591  -2.421  -2.302  -2.224  -2.171  -2.143  -2.125  -2.111  -2.104  -2.099  -2.097  -2.093  -1.814  -1.338  -1.112  -1.019  -0.969  -0.937  -0.922  -0.916  -0.915  -0.912  -0.907  -0.900  -0.898  -0.897  -0.896  -0.887  -0.867  -0.841  -0.809  -0.770
   3.220  -5.161  -5.161  -5.159  -5.152  -5.111  -5.031  -4.914  -4.759  -4.558  -4.309  -4.037  -3.746  -3.444  -3.162  -2.889  -2.653  -2.469  -2.326  -2.223  -2.161  -2.121  -2.094  -2.080  -2.069  -2.062  -2.058  -2.055  -2.054  -1.965  -1.502  -1.140  -1.048  -1.002  -0.992  -0.990  -0.986  -0.965  -0.932  -0.915  -0.908  -0.902  -0.892  -0.881  -0.864  -0.842  -0.816
   3.230  -5.110  -5.123  -5.129  -5.128  -5.116  -5.090  -5.037  -4.940  -4.800  -4.613  -4.391  -4.129  -3.839  -3.550  -3.252  -2.976  -2.732  -2.519  -2.354  -2.237  -2.152  -2.099  -2.071  -2.049  -2.036  -2.028  -2.022  -2.018  -2.016  -2.014  -2.012  -1.816  -1.471  -1.287  -1.212  -1.155  -1.085  -1.022  -0.979  -0.954  -0.936  -0.921  -0.909  -0.892  -0.870  -0.844
   3.240  -5.072  -5.079  -5.084  -5.085  -5.086  -5.086  -5.070  -5.023  -4.944  -4.826  -4.664  -4.450  -4.197  -3.927  -3.633  -3.342  -3.062  -2.797  -2.575  -2.391  -2.247  -2.151  -2.091  -2.047  -2.022  -2.006  -1.995  -1.989  -1.984  -1.982  -1.978  -1.899  -1.748  -1.624  -1.511  -1.401  -1.288  -1.182  -1.104  -1.053  -1.014  -0.987  -0.968  -0.941  -0.910  -0.875
   3.250  -5.054  -5.050  -5.048  -5.049  -5.052  -5.054  -5.049  -5.034  -5.005  -4.943  -4.839  -4.688  -4.495  -4.266  -3.993  -3.709  -3.419  -3.129  -2.868  -2.628  -2.426  -2.273  -2.159  -2.076  -2.029  -1.998  -1.977  -1.966  -1.957  -1.951  -1.947  -1.945  -1.943  -1.919  -1.789  -1.639  -1.510  -1.384  -1.282  -1.203  -1.140  -1.097  -1.065  -1.024  -0.977  -0.925
   3.260  -5.051  -5.041  -5.032  -5.026  -5.023  -5.020  -5.017  -5.013  -5.004  -4.977  -4.923  -4.835  -4.707  -4.531  -4.303  -4.050  -3.773  -3.481  -3.201  -2.926  -2.678  -2.468  -2.291  -2.160  -2.075  -2.015  -1.974  -1.952  -1.935  -1.925  -1.919  -1.915  -1.913  -1.903  -1.863  -1.798  -1.698  -1.580  -1.476  -1.381  -1.299  -1.242  -1.196  -1.140  -1.075  -1.005
   3.270  -5.055  -5.043  -5.032  -5.020  -5.009  -4.999  -4.993  -4.988  -4.979  -4.967  -4.944  -4.902  -4.829  -4.709  -4.544  -4.342  -4.095  -3.818  -3.539  -3.251  -2.978  -2.727  -2.500  -2.317  -2.177  -2.070  -1.999  -1.957  -1.925  -1.908  -1.897  -1.890  -1.885  -1.878  -1.869  -1.853  -1.802  -1.721  -1.638  -1.547  -1.463  -1.401  -1.345  -1.278  -1.202  -1.119
   3.280  -5.055  -5.046  -5.036  -5.024  -5.010  -4.996  -4.984  -4.972  -4.961  -4.952  -4.935  -4.912  -4.875  -4.806  -4.703  -4.558  -4.359  -4.120  -3.862  -3.579  -3.297  -3.024  -2.763  -2.536  -2.338  -2.178  -2.067  -1.992  -1.937  -1.904  -1.883  -1.869  -1.861  -1.855  -1.852  -1.847  -1.827  -1.789  -1.737  -1.669  -1.600  -1.543  -1.486  -1.419  -1.343  -1.259
   3.290  -5.040  -5.039  -5.036  -5.029  -5.016  -5.001  -4.986  -4.970  -4.955  -4.941  -4.924  -4.907  -4.884  -4.842  -4.784  -4.691  -4.549  -4.367  -4.147  -3.884  -3.610  -3.333  -3.055  -2.800  -2.561  -2.356  -2.196  -2.072  -1.979  -1.921  -1.882  -1.857  -1.844  -1.834  -1.827  -1.821  -1.812  -1.801  -1.776  -1.735  -1.690  -1.647  -1.601  -1.546  -1.484  -1.414
   3.300  -5.000  -5.015  -5.023  -5.023  -5.017  -5.007  -4.993  -4.976  -4.958  -4.941  -4.922  -4.903  -4.881  -4.851  -4.816  -4.757  -4.666  -4.543  -4.371  -4.148  -3.901  -3.633  -3.352  -3.083  -2.820  -2.582  -2.375  -2.198  -2.064  -1.971  -1.905  -1.862  -1.838  -1.819  -1.806  -1.797  -1.791  -1.785  -1.773  -1.754  -1.732  -1.709  -1.682  -1.651  -1.614  -1.574
   3.310  -4.931  -4.963  -4.987  -4.997  -5.002  -5.004  -4.998  -4.984  -4.968  -4.949  -4.928  -4.907  -4.884  -4.858  -4.829  -4.786  -4.728  -4.647  -4.522  -4.355  -4.153  -3.909  -3.638  -3.370  -3.096  -2.837  -2.597  -2.380  -2.204  -2.067  -1.961  -1.888  -1.843  -1.808  -1.788  -1.775  -1.765  -1.759  -1.753  -1.749  -1.746  -1.743  -1.741  -1.739  -1.736  -1.734
   3.320  -4.840  -4.882  -4.918  -4.947  -4.972  -4.982  -4.981  -4.979  -4.974  -4.959  -4.939  -4.918  -4.894  -4.868  -4.839  -4.802  -4.759  -4.703  -4.615  -4.499  -4.345  -4.140  -3.899  -3.645  -3.371  -3.102  -2.845  -2.601  -2.389  -2.206  -2.057  -1.950  -1.875  -1.819  -1.786  -1.764  -1.747  -1.737  -1.729  -1.723  -1.719  -1.715  -1.712  -1.710  -1.707  -1.704
   3.330  -4.736  -4.785  -4.830  -4.869  -4.905  -4.933  -4.952  -4.963  -4.963  -4.957  -4.946  -4.929  -4.907  -4.882  -4.855  -4.821  -4.784  -4.737  -4.671  -4.590  -4.475  -4.316  -4.121  -3.895  -3.632  -3.364  -3.100  -2.841  -2.604  -2.383  -2.195  -2.049  -1.938  -1.854  -1.800  -1.763  -1.736  -1.721  -1.708  -1.700  -1.694  -1.688  -1.684  -1.680  -1.677  -1.674
   3.340  -4.628  -4.680  -4.729  -4.775  -4.820  -4.859  -4.893  -4.919  -4.932  -4.939  -4.941  -4.933  -4.916  -4.895  -4.871  -4.841  -4.807  -4.766  -4.712  -4.649  -4.560  -4.441  -4.291  -4.101  -3.867  -3.616  -3.354  -3.085  -2.833  -2.592  -2.376  -2.193  -2.038  -1.919  -1.837  -1.776  -1.735  -1.711  -1.692  -1.679  -1.670  -1.663  -1.657  -1.653  -1.648  -1.645
   3.350  -4.525  -4.574  -4.623  -4.671  -4.721  -4.767  -4.810  -4.849  -4.880  -4.905  -4.915  -4.914  -4.911  -4.904  -4.885  -4.858  -4.828  -4.792  -4.746  -4.694  -4.622  -4.530  -4.413  -4.258  -4.063  -3.843  -3.593  -3.324  -3.066  -2.813  -2.577  -2.363  -2.172  -2.019  -1.903  -1.814  -1.752  -1.713  -1.683  -1.664  -1.650  -1.639  -1.632  -1.626  -1.620  -1.616
   3.360  -4.431  -4.476  -4.522  -4.569  -4.618  -4.667  -4.715  -4.760  -4.800  -4.836  -4.864  -4.883  -4.893  -4.893  -4.884  -4.867  -4.844  -4.813  -4.775  -4.731  -4.671  -4.596  -4.502  -4.376  -4.220  -4.033  -3.806  -3.553  -3.299  -3.037  -2.786  -2.552  -2.336  -2.153  -2.001  -1.879  -1.791  -1.729  -1.683  -1.655  -1.635  -1.619  -1.609  -1.599  -1.592  -1.587
   3.370  -4.347  -4.386  -4.427  -4.471  -4.518  -4.565  -4.614  -4.663  -4.709  -4.753  -4.792  -4.826  -4.851  -4.858  -4.861  -4.862  -4.852  -4.827  -4.796  -4.760  -4.711  -4.650  -4.573  -4.469  -4.340  -4.182  -3.986  -3.761  -3.520  -3.256  -2.997  -2.751  -2.518  -2.311  -2.126  -1.971  -1.853  -1.764  -1.697  -1.655  -1.625  -1.602  -1.588  -1.575  -1.565  -1.558
   3.380  -4.276  -4.309  -4.344  -4.383  -4.424  -4.468  -4.515  -4.563  -4.611  -4.659  -4.704  -4.745  -4.781  -4.809  -4.829  -4.837  -4.834  -4.824  -4.807  -4.779  -4.739  -4.690  -4.628  -4.542  -4.436  -4.302  -4.135  -3.939  -3.717  -3.465  -3.208  -2.955  -2.706  -2.479  -2.269  -2.087  -1.940  -1.823  -1.732  -1.670  -1.624  -1.591  -1.569  -1.551  -1.538  -1.530
   3.390  -4.215  -4.241  -4.271  -4.304  -4.340  -4.379  -4.421  -4.466  -4.512  -4.561  -4.608  -4.654  -4.698  -4.735  -4.768  -4.789  -4.798  -4.802  -4.801  -4.783  -4.754  -4.717  -4.667  -4.598  -4.512  -4.400  -4.257  -4.086  -3.886  -3.655  -3.411  -3.156  -2.897  -2.656  -2.429  -2.226  -2.051  -1.903  -1.785  -1.698  -1.632  -1.586  -1.557  -1.532  -1.513  -1.502
   3.400  -4.165  -4.185  -4.209  -4.236  -4.266  -4.300  -4.337  -4.376  -4.419  -4.465  -4.511  -4.558  -4.604  -4.647  -4.688  -4.722  -4.749  -4.766  -4.768  -4.763  -4.751  -4.728  -4.689  -4.634  -4.567  -4.475  -4.354  -4.206  -4.029  -3.822  -3.595  -3.346  -3.086  -2.837  -2.596  -2.374  -2.175  -2.000  -1.857  -1.745  -1.657  -1.594  -1.550  -1.515  -1.489  -1.474
   3.410  -4.128  -4.142  -4.159  -4.180  -4.204  -4.231  -4.262  -4.296  -4.333  -4.374  -4.417  -4.462  -4.508  -4.554  -4.598  -4.639  -4.676  -4.706  -4.719  -4.726  -4.728  -4.718  -4.690  -4.650  -4.599  -4.526  -4.427  -4.303  -4.149  -3.963  -3.755  -3.522  -3.271  -3.021  -2.767  -2.527  -2.310  -2.113  -1.947  -1.809  -1.697  -1.612  -1.551  -1.502  -1.467  -1.447
   3.420  -4.104  -4.110  -4.121  -4.134  -4.152  -4.173  -4.198  -4.226  -4.257  -4.292  -4.330  -4.371  -4.415  -4.459  -4.505  -4.548  -4.589  -4.626  -4.654  -4.676  -4.685  -4.681  -4.668  -4.645  -4.607  -4.549  -4.472  -4.372  -4.241  -4.078  -3.890  -3.675  -3.440  -3.195  -2.936  -2.686  -2.453  -2.237  -2.048  -1.885  -1.749  -1.643  -1.562  -1.498  -1.451  -1.423
   3.430  -4.092  -4.093  -4.096  -4.101  -4.112  -4.126  -4.144  -4.166  -4.191  -4.220  -4.252  -4.288  -4.327  -4.368  -4.411  -4.454  -4.497  -4.538  -4.574  -4.607  -4.623  -4.624  -4.624  -4.620  -4.593  -4.547  -4.488  -4.409  -4.301  -4.163  -3.998  -3.804  -3.585  -3.352  -3.099  -2.847  -2.602  -2.367  -2.158  -1.972  -1.813  -1.685  -1.584  -1.502  -1.441  -1.400
   3.440  -4.089  -4.085  -4.082  -4.082  -4.086  -4.092  -4.102  -4.117  -4.136  -4.159  -4.185  -4.214  -4.247  -4.282  -4.322  -4.362  -4.404  -4.446  -4.483  -4.518  -4.545  -4.562  -4.570  -4.569  -4.552  -4.520  -4.476  -4.415  -4.327  -4.214  -4.074  -3.902  -3.703  -3.486  -3.246  -3.001  -2.751  -2.503  -2.277  -2.071  -1.890  -1.740  -1.616  -1.515  -1.436  -1.381
   3.450  -4.090  -4.083  -4.078  -4.074  -4.072  -4.071  -4.074  -4.081  -4.092  -4.108  -4.127  -4.150  -4.177  -4.206  -4.240  -4.275  -4.313  -4.353  -4.391  -4.427  -4.458  -4.482  -4.498  -4.499  -4.490  -4.471  -4.439  -4.389  -4.318  -4.228  -4.111  -3.962  -3.787  -3.591  -3.370  -3.137  -2.891  -2.639  -2.403  -2.177  -1.975  -1.803  -1.656  -1.535  -1.439  -1.369
   3.460  -4.094  -4.087  -4.080  -4.074  -4.067  -4.062  -4.060  -4.059  -4.060  -4.068  -4.081  -4.097  -4.117  -4.140  -4.166  -4.196  -4.229  -4.265  -4.299  -4.335  -4.366  -4.394  -4.414  -4.416  -4.412  -4.403  -4.381  -4.338  -4.280  -4.207  -4.110  -3.985  -3.835  -3.661  -3.460  -3.244  -3.011  -2.767  -2.528  -2.289  -2.069  -1.876  -1.705  -1.564  -1.450  -1.363
   3.470  -4.096  -4.090  -4.084  -4.076  -4.068  -4.060  -4.053  -4.047  -4.046  -4.046  -4.047  -4.053  -4.067  -4.083  -4.103  -4.126  -4.153  -4.182  -4.212  -4.244  -4.273  -4.301  -4.323  -4.326  -4.325  -4.322  -4.305  -4.268  -4.218  -4.156  -4.074  -3.968  -3.841  -3.689  -3.511  -3.316  -3.102  -2.873  -2.640  -2.398  -2.168  -1.958  -1.767  -1.605  -1.470  -1.362
   3.480  -4.094  -4.091  -4.087  -4.081  -4.073  -4.064  -4.055  -4.046  -4.038  -4.031  -4.028  -4.029  -4.032  -4.039  -4.051  -4.067  -4.087  -4.109  -4.133  -4.159  -4.184  -4.209  -4.229  -4.232  -4.232  -4.231  -4.217  -4.182  -4.138  -4.082  -4.010  -3.918  -3.808  -3.676  -3.522  -3.350  -3.158  -2.949  -2.729  -2.495  -2.265  -2.044  -1.835  -1.654  -1.499  -1.368
   3.490  -4.085  -4.085  -4.084  -4.083  -4.076  -4.068  -4.059  -4.050  -4.040  -4.030  -4.021  -4.014  -4.009  -4.009  -4.012  -4.020  -4.031  -4.046  -4.063  -4.082  -4.101  -4.120  -4.135  -4.138  -4.137  -4.134  -4.119  -4.087  -4.045  -3.993  -3.926  -3.844  -3.746  -3.629  -3.495  -3.343  -3.172  -2.985  -2.785  -2.568  -2.348  -2.125  -1.906  -1.711  -1.538  -1.385
   3.500  -4.065  -4.073  -4.077  -4.078  -4.075  -4.070  -4.063  -4.054  -4.044  -4.032  -4.021  -4.010  -3.999  -3.992  -3.987  -3.986  -3.989  -3.995  -4.004  -4.016  -4.027  -4.038  -4.047  -4.047  -4.043  -4.035  -4.017  -3.985  -3.943  -3.892  -3.828  -3.751  -3.661  -3.555  -3.435  -3.300  -3.149  -2.983  -2.803  -2.607  -2.403  -2.188  -1.970  -1.769  -1.584  -1.411
   3.525  -3.935  -3.965  -3.990  -4.010  -4.029  -4.036  -4.038  -4.037  -4.034  -4.028  -4.020  -4.013  -4.006  -3.998  -3.989  -3.980  -3.967  -3.949  -3.927  -3.907  -3.890  -3.872  -3.853  -3.836  -3.818  -3.795  -3.765  -3.723  -3.674  -3.616  -3.550  -3.477  -3.395  -3.303  -3.203  -3.093  -2.973  -2.849  -2.697  -2.531  -2.357  -2.163  -1.963  -1.785  -1.619  -1.452
   3.550  -3.720  -3.770  -3.817  -3.860  -3.900  -3.935  -3.963  -3.986  -4.003  -4.014  -4.018  -4.017  -4.012  -4.005  -3.991  -3.974  -3.953  -3.929  -3.902  -3.871  -3.838  -3.802  -3.763  -3.720  -3.672  -3.620  -3.563  -3.500  -3.432  -3.359  -3.281  -3.200  -3.114  -3.023  -2.927  -2.826  -2.719  -2.607  -2.487  -2.362  -2.229  -2.090  -1.944  -1.791  -1.631  -1.465
   3.575  -3.442  -3.506  -3.567  -3.624  -3.678  -3.732  -3.782  -3.827  -3.867  -3.901  -3.928  -3.947  -3.962  -3.968  -3.965  -3.954  -3.939  -3.923  -3.908  -3.884  -3.851  -3.812  -3.765  -3.706  -3.629  -3.539  -3.443  -3.347  -3.251  -3.154  -3.057  -2.961  -2.860  -2.759  -2.657  -2.555  -2.451  -2.345  -2.236  -2.123  -2.006  -1.894  -1.778  -1.645  -1.500  -1.350
   3.600  -3.108  -3.183  -3.254  -3.323  -3.387  -3.450  -3.511  -3.570  -3.626  -3.681  -3.732  -3.779  -3.822  -3.857  -3.888  -3.906  -3.913  -3.917  -3.914  -3.896  -3.864  -3.822  -3.766  -3.695  -3.608  -3.509  -3.397  -3.275  -3.152  -3.025  -2.898  -2.774  -2.652  -2.533  -2.417  -2.303  -2.192  -2.082  -1.972  -1.861  -1.748  -1.632  -1.514  -1.391  -1.265  -1.136
   3.625  -2.720  -2.804  -2.886  -2.966  -3.044  -3.120  -3.194  -3.266  -3.336  -3.404  -3.469  -3.531  -3.589  -3.645  -3.700  -3.745  -3.779  -3.809  -3.828  -3.833  -3.821  -3.788  -3.744  -3.680  -3.598  -3.504  -3.394  -3.268  -3.135  -2.989  -2.835  -2.682  -2.534  -2.391  -2.254  -2.121  -1.993  -1.869  -1.747  -1.629  -1.510  -1.392  -1.275  -1.155  -1.033  -0.910
   3.650  -2.319  -2.409  -2.498  -2.586  -2.673  -2.759  -2.842  -2.924  -3.004  -3.081  -3.156  -3.228  -3.297  -3.364  -3.428  -3.488  -3.544  -3.595  -3.638  -3.675  -3.692  -3.688  -3.676  -3.651  -3.588  -3.500  -3.391  -3.261  -3.119  -2.961  -2.797  -2.631  -2.463  -2.300  -2.142  -1.988  -1.841  -1.698  -1.561  -1.428  -1.298  -1.171  -1.047  -0.923  -0.799  -0.676
   3.675  -1.940  -2.029  -2.119  -2.209  -2.300  -2.389  -2.477  -2.564  -2.650  -2.735  -2.817  -2.897  -2.975  -3.051  -3.125  -3.195  -3.263  -3.325  -3.381  -3.431  -3.466  -3.488  -3.502  -3.500  -3.462  -3.398  -3.311  -3.198  -3.066  -2.914  -2.757  -2.594  -2.425  -2.259  -2.088  -1.919  -1.753  -1.592  -1.437  -1.286  -1.141  -1.000  -0.862  -0.728  -0.595  -0.466
   3.700  -1.604  -1.686  -1.770  -1.855  -1.942  -2.030  -2.118  -2.206  -2.294  -2.382  -2.468  -2.553  -2.636  -2.717  -2.797  -2.873  -2.946  -3.015  -3.078  -3.135  -3.182  -3.218  -3.241  -3.242  -3.224  -3.188  -3.129  -3.045  -2.944  -2.824  -2.689  -2.540  -2.379  -2.213  -2.039  -1.863  -1.688  -1.514  -1.345  -1.180  -1.019  -0.863  -0.711  -0.562  -0.418  -0.278
   3.725  -1.338  -1.403  -1.474  -1.545  -1.622  -1.702  -1.785  -1.870  -1.956  -2.042  -2.129  -2.215  -2.301  -2.385  -2.467  -2.546  -2.623  -2.696  -2.762  -2.823  -2.875  -2.917  -2.945  -2.949  -2.938  -2.915  -2.869  -2.800  -2.717  -2.621  -2.511  -2.386  -2.247  -2.099  -1.943  -1.783  -1.618  -1.449  -1.279  -1.107  -0.936  -0.767  -0.601  -0.439  -0.282  -0.128
   3.750  -1.166  -1.203  -1.247  -1.299  -1.359  -1.425  -1.496  -1.571  -1.649  -1.729  -1.811  -1.894  -1.977  -2.059  -2.140  -2.219  -2.295  -2.368  -2.434  -2.495  -2.546  -2.588  -2.617  -2.620  -2.611  -2.594  -2.557  -2.497  -2.428  -2.347  -2.255  -2.154  -2.043  -1.924  -1.797  -1.660  -1.513  -1.358  -1.196  -1.026  -0.854  -0.680  -0.506  -0.335  -0.167  -0.002
   3.775  -1.093  -1.105  -1.121  -1.148  -1.182  -1.224  -1.273  -1.330  -1.392  -1.456  -1.525  -1.598  -1.673  -1.748  -1.825  -1.899  -1.972  -2.041  -2.104  -2.162  -2.209  -2.249  -2.275  -2.278  -2.271  -2.256  -2.223  -2.171  -2.110  -2.039  -1.959  -1.871  -1.776  -1.673  -1.564  -1.447  -1.321  -1.187  -1.046  -0.895  -0.739  -0.577  -0.409  -0.241  -0.071   0.101
   3.800  -1.067  -1.068  -1.072  -1.079  -1.089  -1.105  -1.128  -1.158  -1.194  -1.239  -1.289  -1.345  -1.406  -1.469  -1.534  -1.598  -1.661  -1.722  -1.777  -1.827  -1.868  -1.901  -1.922  -1.924  -1.916  -1.900  -1.869  -1.822  -1.768  -1.703  -1.631  -1.553  -1.469  -1.380  -1.285  -1.185  -1.079  -0.968  -0.848  -0.721  -0.586  -0.441  -0.289  -0.130   0.035   0.207
   3.825  -1.062  -1.060  -1.057  -1.055  -1.055  -1.056  -1.060  -1.066  -1.080  -1.100  -1.124  -1.155  -1.194  -1.235  -1.278  -1.323  -1.368  -1.414  -1.455  -1.493  -1.524  -1.545  -1.560  -1.562  -1.552  -1.534  -1.505  -1.464  -1.415  -1.358  -1.294  -1.225  -1.151  -1.071  -0.987  -0.898  -0.804  -0.706  -0.600  -0.489  -0.370  -0.242  -0.106   0.037   0.187   0.345
   3.850  -1.061  -1.057  -1.052  -1.048  -1.043  -1.039  -1.035  -1.032  -1.031  -1.030  -1.030  -1.034  -1.043  -1.056  -1.073  -1.092  -1.114  -1.137  -1.159  -1.179  -1.193  -1.199  -1.203  -1.201  -1.187  -1.165  -1.136  -1.099  -1.055  -1.004  -0.948  -0.887  -0.820  -0.749  -0.673  -0.592  -0.507  -0.418  -0.324  -0.225  -0.120  -0.008   0.111   0.237   0.370   0.511
   3.875  -1.064  -1.060  -1.055  -1.050  -1.044  -1.038  -1.031  -1.023  -1.013  -1.003  -0.989  -0.975  -0.961  -0.948  -0.938  -0.929  -0.922  -0.915  -0.906  -0.897  -0.886  -0.873  -0.860  -0.845  -0.823  -0.797  -0.766  -0.730  -0.690  -0.645  -0.596  -0.542  -0.483  -0.420  -0.353  -0.281  -0.205  -0.126  -0.041   0.049   0.144   0.245   0.353   0.467   0.588   0.715
   3.900  -1.067  -1.063  -1.058  -1.052  -1.046  -1.038  -1.030  -1.020  -1.008  -0.993  -0.976  -0.955  -0.930  -0.901  -0.867  -0.830  -0.790  -0.748  -0.706  -0.665  -0.625  -0.587  -0.551  -0.515  -0.481  -0.446  -0.410  -0.372  -0.332  -0.290  -0.245  -0.196  -0.144  -0.089  -0.029   0.034   0.101   0.173   0.250   0.331   0.418   0.511   0.609   0.713   0.823   0.939
   3.925  -1.058  -1.057  -1.055  -1.050  -1.045  -1.039  -1.033  -1.023  -1.011  -0.996  -0.977  -0.954  -0.923  -0.884  -0.838  -0.783  -0.718  -0.650  -0.580  -0.506  -0.434  -0.366  -0.297  -0.234  -0.178  -0.125  -0.077  -0.032   0.013   0.056   0.100   0.145   0.192   0.242   0.294   0.350   0.410   0.473   0.542   0.615   0.693   0.777   0.866   0.962   1.062   1.169
   3.950  -1.031  -1.040  -1.045  -1.046  -1.044  -1.041  -1.035  -1.027  -1.015  -0.999  -0.979  -0.953  -0.921  -0.879  -0.828  -0.767  -0.694  -0.611  -0.518  -0.415  -0.310  -0.205  -0.103  -0.010   0.074   0.149   0.215   0.273   0.328   0.377   0.424   0.470   0.515   0.561   0.609   0.659   0.712   0.769   0.830   0.895   0.966   1.042   1.124   1.211   1.304   1.402
   3.975  -0.950  -0.970  -0.987  -1.000  -1.011  -1.019  -1.022  -1.018  -1.009  -0.996  -0.979  -0.956  -0.926  -0.885  -0.834  -0.771  -0.694  -0.601  -0.495  -0.375  -0.246  -0.111   0.021   0.141   0.254   0.355   0.444   0.524   0.596   0.659   0.715   0.767   0.815   0.862   0.908   0.955   1.005   1.056   1.111   1.170   1.234   1.302   1.377   1.456   1.542   1.633
   4.000  -0.854  -0.878  -0.902  -0.925  -0.948  -0.967  -0.982  -0.992  -0.992  -0.987  -0.977  -0.959  -0.931  -0.891  -0.839  -0.774  -0.693  -0.598  -0.488  -0.361  -0.225  -0.079   0.072   0.218   0.361   0.494   0.613   0.719   0.813   0.893   0.964   1.027   1.082   1.135   1.183   1.231   1.279   1.328   1.379   1.433   1.491   1.554   1.621   1.694   1.773   1.858
   4.025  -0.803  -0.816  -0.831  -0.847  -0.866  -0.883  -0.900  -0.918  -0.929  -0.938  -0.940  -0.930  -0.913  -0.882  -0.835  -0.773  -0.696  -0.605  -0.496  -0.370  -0.231  -0.080   0.082   0.245   0.410   0.571   0.720   0.852   0.967   1.067   1.156   1.236   1.305   1.368   1.424   1.477   1.527   1.576   1.627   1.678   1.733   1.792   1.854   1.922   1.995   2.073
   4.050  -0.774  -0.775  -0.779  -0.784  -0.791  -0.801  -0.814  -0.830  -0.845  -0.863  -0.872  -0.871  -0.867  -0.857  -0.823  -0.769  -0.700  -0.612  -0.505  -0.378  -0.237  -0.082   0.085   0.254   0.427   0.596   0.759   0.914   1.054   1.182   1.296   1.396   1.483   1.561   1.628   1.690   1.747   1.800   1.852   1.904   1.958   2.014   2.074   2.138   2.206   2.278
   4.075  -0.759  -0.759  -0.759  -0.759  -0.760  -0.762  -0.768  -0.775  -0.782  -0.791  -0.794  -0.792  -0.787  -0.782  -0.759  -0.719  -0.663  -0.588  -0.491  -0.371  -0.236  -0.088   0.073   0.239   0.414   0.588   0.758   0.928   1.090   1.244   1.386   1.506   1.611   1.706   1.790   1.865   1.932   1.992   2.051   2.106   2.162   2.218   2.276   2.337   2.402   2.470
   4.100  -0.752  -0.750  -0.748  -0.746  -0.744  -0.741  -0.739  -0.736  -0.732  -0.728  -0.722  -0.715  -0.705  -0.689  -0.668  -0.636  -0.591  -0.531  -0.451  -0.351  -0.232  -0.093   0.061   0.225   0.401   0.579   0.756   0.933   1.102   1.265   1.419   1.562   1.694   1.812   1.914   2.005   2.086   2.157   2.224   2.285   2.345   2.404   2.462   2.523   2.586   2.651
   4.125  -0.746  -0.741  -0.737  -0.732  -0.728  -0.724  -0.720  -0.714  -0.707  -0.698  -0.687  -0.673  -0.655  -0.629  -0.597  -0.555  -0.503  -0.440  -0.364  -0.277  -0.174  -0.051   0.088   0.240   0.409   0.581   0.748   0.917   1.085   1.256   1.419   1.583   1.741   1.879   1.999   2.110   2.207   2.292   2.371   2.441   2.507   2.570   2.631   2.693   2.756   2.820
   4.150  -0.743  -0.737  -0.732  -0.726  -0.721  -0.715  -0.709  -0.702  -0.693  -0.682  -0.667  -0.647  -0.621  -0.585  -0.540  -0.485  -0.420  -0.347  -0.266  -0.177  -0.078   0.031   0.151   0.285   0.433   0.587   0.742   0.901   1.068   1.243   1.418   1.590   1.757   1.912   2.055   2.185   2.300   2.402   2.494   2.574   2.649   2.719   2.784   2.850   2.914   2.978
   4.175  -0.746  -0.739  -0.733  -0.726  -0.719  -0.710  -0.701  -0.691  -0.679  -0.666  -0.649  -0.627  -0.599  -0.560  -0.511  -0.451  -0.377  -0.291  -0.196  -0.093   0.016   0.130   0.252   0.380   0.516   0.652   0.780   0.912   1.069   1.237   1.411   1.584   1.757   1.922   2.084   2.232   2.365   2.485   2.592   2.686   2.772   2.851   2.923   2.993   3.060   3.124
   4.200  -0.748  -0.742  -0.735  -0.727  -0.718  -0.708  -0.697  -0.686  -0.672  -0.658  -0.639  -0.616  -0.587  -0.547  -0.497  -0.433  -0.353  -0.259  -0.152  -0.031   0.096   0.225   0.357   0.490   0.627   0.753   0.851   0.944   1.072   1.234   1.405   1.579   1.757   1.930   2.101   2.262   2.411   2.548   2.671   2.779   2.878   2.967   3.048   3.124   3.194   3.260
   4.225  -0.748  -0.743  -0.737  -0.729  -0.721  -0.711  -0.700  -0.688  -0.674  -0.658  -0.636  -0.610  -0.578  -0.535  -0.484  -0.418  -0.338  -0.244  -0.132  -0.003   0.137   0.284   0.435   0.581   0.725   0.851   0.937   1.015   1.125   1.274   1.433   1.597   1.767   1.941   2.114   2.282   2.442   2.593   2.731   2.855   2.968   3.068   3.158   3.242   3.319   3.390
   4.250  -0.748  -0.744  -0.738  -0.732  -0.724  -0.715  -0.704  -0.692  -0.676  -0.658  -0.635  -0.608  -0.575  -0.531  -0.479  -0.413  -0.333  -0.239  -0.126   0.006   0.151   0.313   0.483   0.637   0.780   0.908   1.007   1.096   1.210   1.347   1.492   1.641   1.798   1.961   2.133   2.303   2.469   2.631   2.780   2.918   3.044   3.156   3.257   3.350   3.435   3.512
   4.275  -0.747  -0.743  -0.737  -0.731  -0.724  -0.715  -0.705  -0.694  -0.679  -0.661  -0.639  -0.612  -0.579  -0.535  -0.482  -0.415  -0.335  -0.240  -0.127   0.005   0.150   0.320   0.501   0.652   0.779   0.904   1.031   1.154   1.284   1.425   1.569   1.712   1.858   2.011   2.174   2.337   2.502   2.667   2.822   2.971   3.109   3.233   3.345   3.448   3.542   3.626
   4.300  -0.744  -0.740  -0.735  -0.729  -0.723  -0.715  -0.706  -0.695  -0.681  -0.664  -0.643  -0.617  -0.585  -0.541  -0.487  -0.420  -0.339  -0.243  -0.130   0.000   0.147   0.322   0.507   0.657   0.775   0.897   1.043   1.198   1.349   1.500   1.649   1.792   1.934   2.081   2.232   2.386   2.546   2.709   2.867   3.022   3.169   3.303   3.426   3.539   3.642   3.734
   4.325  -0.736  -0.734  -0.730  -0.726  -0.721  -0.713  -0.704  -0.693  -0.680  -0.663  -0.642  -0.617  -0.586  -0.545  -0.494  -0.429  -0.349  -0.253  -0.141  -0.011   0.137   0.314   0.499   0.650   0.767   0.894   1.052   1.224   1.390   1.553   1.712   1.865   2.013   2.162   2.309   2.458   2.612   2.768   2.923   3.079   3.230   3.371   3.504   3.627   3.738   3.840
   4.350  -0.717  -0.720  -0.721  -0.720  -0.715  -0.708  -0.700  -0.689  -0.676  -0.661  -0.641  -0.617  -0.587  -0.547  -0.498  -0.436  -0.358  -0.265  -0.154  -0.025   0.122   0.296   0.480   0.634   0.758   0.892   1.060   1.241   1.418   1.593   1.764   1.929   2.089   2.244   2.393   2.541   2.690   2.839   2.990   3.144   3.295   3.441   3.582   3.712   3.831   3.942
   4.375  -0.670  -0.679  -0.686  -0.692  -0.695  -0.694  -0.689  -0.681  -0.671  -0.656  -0.637  -0.614  -0.584  -0.545  -0.497  -0.436  -0.362  -0.273  -0.165  -0.038   0.106   0.273   0.449   0.608   0.748   0.897   1.071   1.256   1.438   1.621   1.801   1.977   2.149   2.313   2.471   2.625   2.775   2.923   3.073   3.224   3.372   3.519   3.662   3.795   3.920   4.037
   4.400  -0.619  -0.630  -0.640  -0.650  -0.661  -0.666  -0.665  -0.663  -0.659  -0.647  -0.628  -0.605  -0.576  -0.538  -0.493  -0.435  -0.363  -0.277  -0.171  -0.046   0.094   0.251   0.418   0.581   0.740   0.905   1.083   1.269   1.455   1.643   1.830   2.015   2.198   2.374   2.542   2.705   2.861   3.012   3.162   3.311   3.457   3.603   3.745   3.880   4.009   4.130
   4.425  -0.593  -0.598  -0.602  -0.608  -0.615  -0.619  -0.620  -0.622  -0.623  -0.616  -0.604  -0.588  -0.563  -0.527  -0.484  -0.428  -0.358  -0.273  -0.169  -0.045   0.089   0.238   0.399   0.564   0.734   0.909   1.093   1.282   1.472   1.664   1.856   2.048   2.238   2.422   2.601   2.774   2.939   3.097   3.252   3.403   3.550   3.696   3.838   3.975   4.106   4.231
   4.450  -0.577  -0.574  -0.572  -0.572  -0.572  -0.572  -0.573  -0.575  -0.575  -0.572  -0.566  -0.555  -0.534  -0.503  -0.463  -0.409  -0.342  -0.260  -0.161  -0.043   0.088   0.233   0.391   0.557   0.732   0.914   1.102   1.295   1.489   1.684   1.880   2.076   2.272   2.463   2.652   2.834   3.009   3.177   3.339   3.494   3.644   3.791   3.933   4.070   4.201   4.328
   4.475  -0.565  -0.560  -0.556  -0.552  -0.549  -0.545  -0.543  -0.540  -0.535  -0.527  -0.518  -0.504  -0.483  -0.455  -0.418  -0.369  -0.306  -0.230  -0.137  -0.026   0.100   0.241   0.396   0.561   0.738   0.923   1.113   1.309   1.505   1.704   1.903   2.103   2.303   2.500   2.695   2.885   3.068   3.245   3.415   3.576   3.731   3.880   4.024   4.160   4.288   4.409
   4.500  -0.559  -0.555  -0.551  -0.545  -0.540  -0.532  -0.523  -0.511  -0.496  -0.478  -0.458  -0.437  -0.412  -0.383  -0.350  -0.306  -0.250  -0.182  -0.095   0.009   0.128   0.262   0.412   0.574   0.751   0.936   1.126   1.322   1.520   1.722   1.924   2.127   2.329   2.530   2.731   2.927   3.118   3.304   3.482   3.651   3.813   3.967   4.113   4.246   4.368   4.479

