low temperature opacities from Ferguson, Alexander, et al (2005) with gs98 metals
    form     version        X           Z          logRs    logR_min    logR_max       logTs    logT_min    logT_max
       1          38    0.999900    0.000100          46   -8.000000    1.000000         105    2.700000    4.500000

   logT                       logR = logRho - 3*logT + 18
          -8.000  -7.800  -7.600  -7.400  -7.200  -7.000  -6.800  -6.600  -6.400  -6.200  -6.000  -5.800  -5.600  -5.400  -5.200  -5.000  -4.800  -4.600  -4.400  -4.200  -4.000  -3.800  -3.600  -3.400  -3.200  -3.000  -2.800  -2.600  -2.400  -2.200  -2.000  -1.800  -1.600  -1.400  -1.200  -1.000  -0.800  -0.600  -0.400  -0.200   0.000   0.200   0.400   0.600   0.800   1.000

   2.700  -2.446  -2.446  -2.446  -2.446  -2.446  -2.446  -2.446  -2.446  -2.446  -2.446  -2.446  -2.446  -2.446  -2.446  -2.446  -2.446  -2.446  -2.446  -2.446  -2.446  -2.446  -2.446  -2.445  -2.443  -2.439  -2.437  -2.443  -2.451  -2.446  -2.412  -2.390  -2.396  -2.406  -2.408  -2.409  -2.409  -2.408  -2.406  -2.404  -2.401  -2.398  -2.395  -2.393  -2.389  -2.385  -2.380
   2.750  -2.464  -2.464  -2.464  -2.464  -2.465  -2.465  -2.465  -2.466  -2.466  -2.467  -2.467  -2.467  -2.467  -2.467  -2.467  -2.467  -2.467  -2.467  -2.467  -2.468  -2.468  -2.468  -2.468  -2.468  -2.467  -2.467  -2.468  -2.470  -2.469  -2.465  -2.457  -2.446  -2.434  -2.426  -2.422  -2.419  -2.416  -2.413  -2.409  -2.405  -2.402  -2.398  -2.395  -2.391  -2.386  -2.380
   2.800  -2.474  -2.473  -2.473  -2.473  -2.473  -2.473  -2.473  -2.473  -2.473  -2.474  -2.474  -2.474  -2.474  -2.474  -2.475  -2.475  -2.475  -2.475  -2.475  -2.476  -2.476  -2.476  -2.477  -2.477  -2.477  -2.477  -2.477  -2.476  -2.476  -2.476  -2.475  -2.470  -2.462  -2.454  -2.444  -2.436  -2.430  -2.425  -2.420  -2.415  -2.410  -2.405  -2.401  -2.395  -2.388  -2.381
   2.850  -2.478  -2.477  -2.476  -2.476  -2.476  -2.476  -2.476  -2.476  -2.476  -2.476  -2.476  -2.476  -2.476  -2.476  -2.473  -2.471  -2.470  -2.470  -2.470  -2.470  -2.470  -2.470  -2.470  -2.470  -2.471  -2.471  -2.471  -2.471  -2.471  -2.471  -2.470  -2.469  -2.467  -2.463  -2.457  -2.450  -2.444  -2.438  -2.432  -2.426  -2.420  -2.414  -2.408  -2.401  -2.392  -2.383
   2.900  -3.005  -2.888  -2.790  -2.714  -2.661  -2.617  -2.575  -2.540  -2.513  -2.495  -2.482  -2.474  -2.469  -2.465  -2.463  -2.462  -2.461  -2.460  -2.460  -2.459  -2.459  -2.459  -2.459  -2.459  -2.459  -2.459  -2.459  -2.459  -2.459  -2.456  -2.455  -2.457  -2.459  -2.459  -2.457  -2.454  -2.450  -2.445  -2.440  -2.435  -2.429  -2.423  -2.416  -2.407  -2.397  -2.386
   2.910  -3.137  -3.108  -3.057  -2.980  -2.872  -2.774  -2.708  -2.656  -2.608  -2.566  -2.531  -2.506  -2.489  -2.476  -2.468  -2.463  -2.460  -2.458  -2.456  -2.455  -2.455  -2.455  -2.455  -2.455  -2.454  -2.454  -2.454  -2.454  -2.454  -2.454  -2.454  -2.454  -2.453  -2.452  -2.452  -2.452  -2.450  -2.447  -2.444  -2.440  -2.435  -2.429  -2.422  -2.413  -2.402  -2.390
   2.920  -4.042  -3.648  -3.354  -3.191  -3.118  -3.058  -2.983  -2.909  -2.825  -2.728  -2.645  -2.590  -2.551  -2.519  -2.496  -2.480  -2.469  -2.462  -2.457  -2.454  -2.452  -2.451  -2.450  -2.450  -2.449  -2.449  -2.449  -2.449  -2.449  -2.449  -2.449  -2.449  -2.449  -2.448  -2.448  -2.447  -2.446  -2.445  -2.443  -2.441  -2.437  -2.432  -2.426  -2.418  -2.407  -2.393
   2.930  -3.953  -4.019  -4.052  -4.007  -3.727  -3.444  -3.289  -3.174  -3.066  -2.975  -2.886  -2.788  -2.693  -2.622  -2.574  -2.537  -2.507  -2.487  -2.471  -2.461  -2.455  -2.450  -2.448  -2.446  -2.445  -2.444  -2.443  -2.443  -2.443  -2.443  -2.443  -2.443  -2.443  -2.443  -2.442  -2.442  -2.441  -2.441  -2.439  -2.438  -2.436  -2.432  -2.427  -2.420  -2.410  -2.397
   2.940  -4.119  -4.103  -4.076  -4.034  -3.969  -3.934  -3.961  -4.004  -3.947  -3.574  -3.213  -3.052  -2.957  -2.852  -2.746  -2.659  -2.599  -2.557  -2.521  -2.494  -2.474  -2.460  -2.452  -2.446  -2.442  -2.440  -2.439  -2.438  -2.438  -2.437  -2.437  -2.437  -2.436  -2.436  -2.436  -2.436  -2.436  -2.435  -2.434  -2.433  -2.432  -2.430  -2.426  -2.419  -2.411  -2.399
   2.950  -4.180  -4.165  -4.145  -4.121  -4.093  -4.058  -3.999  -3.942  -3.942  -3.997  -4.032  -3.844  -3.490  -3.247  -3.078  -2.935  -2.808  -2.703  -2.624  -2.574  -2.535  -2.502  -2.479  -2.461  -2.450  -2.443  -2.438  -2.435  -2.433  -2.432  -2.431  -2.430  -2.430  -2.430  -2.430  -2.429  -2.429  -2.429  -2.428  -2.428  -2.427  -2.425  -2.422  -2.417  -2.410  -2.400
   2.960  -4.227  -4.253  -4.266  -4.258  -4.198  -4.140  -4.119  -4.105  -4.064  -3.992  -3.948  -3.943  -3.940  -3.901  -3.711  -3.504  -3.357  -3.214  -3.042  -2.831  -2.668  -2.591  -2.551  -2.513  -2.484  -2.463  -2.448  -2.440  -2.433  -2.429  -2.427  -2.425  -2.424  -2.424  -2.423  -2.423  -2.423  -2.422  -2.422  -2.421  -2.421  -2.419  -2.417  -2.413  -2.407  -2.400
   2.970  -3.968  -4.028  -4.086  -4.148  -4.218  -4.253  -4.221  -4.163  -4.127  -4.110  -4.096  -4.086  -4.075  -4.039  -3.948  -3.893  -3.913  -3.945  -3.895  -3.566  -3.214  -2.958  -2.743  -2.622  -2.565  -2.526  -2.490  -2.465  -2.446  -2.435  -2.428  -2.424  -2.422  -2.420  -2.419  -2.418  -2.417  -2.416  -2.416  -2.415  -2.414  -2.413  -2.412  -2.408  -2.404  -2.398
   2.980  -3.863  -3.867  -3.879  -3.903  -3.954  -4.016  -4.097  -4.172  -4.181  -4.160  -4.137  -4.120  -4.104  -4.089  -4.079  -4.058  -3.990  -3.910  -3.898  -3.908  -3.914  -3.637  -3.140  -2.867  -2.751  -2.672  -2.595  -2.539  -2.496  -2.467  -2.447  -2.435  -2.428  -2.423  -2.420  -2.418  -2.416  -2.414  -2.412  -2.411  -2.410  -2.408  -2.406  -2.403  -2.399  -2.394
   2.990  -3.862  -3.860  -3.857  -3.853  -3.848  -3.845  -3.869  -3.922  -3.975  -4.035  -4.091  -4.145  -4.186  -4.185  -4.138  -4.092  -4.073  -4.060  -4.036  -4.003  -3.970  -3.949  -3.926  -3.863  -3.699  -3.469  -3.131  -2.776  -2.615  -2.549  -2.507  -2.475  -2.458  -2.445  -2.437  -2.431  -2.426  -2.421  -2.416  -2.413  -2.409  -2.407  -2.404  -2.400  -2.396  -2.391
   3.000  -3.852  -3.851  -3.849  -3.847  -3.845  -3.843  -3.838  -3.833  -3.833  -3.844  -3.864  -3.908  -3.970  -4.035  -4.113  -4.152  -4.106  -4.035  -4.023  -4.035  -4.042  -4.036  -4.018  -3.989  -3.945  -3.860  -3.582  -3.179  -2.919  -2.769  -2.664  -2.590  -2.548  -2.514  -2.493  -2.477  -2.462  -2.450  -2.438  -2.428  -2.419  -2.413  -2.408  -2.402  -2.396  -2.390
   3.010  -3.853  -3.847  -3.842  -3.838  -3.837  -3.835  -3.833  -3.831  -3.828  -3.824  -3.822  -3.824  -3.832  -3.848  -3.889  -3.940  -4.006  -4.067  -4.069  -4.028  -4.001  -4.012  -4.029  -4.030  -4.017  -3.989  -3.955  -3.899  -3.755  -3.402  -3.071  -2.888  -2.768  -2.680  -2.634  -2.600  -2.561  -2.527  -2.497  -2.470  -2.448  -2.434  -2.424  -2.413  -2.403  -2.394
   3.020  -3.961  -3.913  -3.876  -3.852  -3.839  -3.831  -3.825  -3.821  -3.819  -3.817  -3.815  -3.813  -3.811  -3.806  -3.800  -3.796  -3.807  -3.835  -3.879  -3.942  -3.998  -4.037  -4.062  -4.055  -3.999  -3.963  -3.974  -3.990  -3.987  -3.935  -3.832  -3.599  -3.288  -3.073  -2.934  -2.826  -2.741  -2.677  -2.615  -2.556  -2.509  -2.480  -2.462  -2.443  -2.425  -2.409
   3.030  -5.279  -4.680  -4.247  -4.047  -3.957  -3.901  -3.860  -3.838  -3.823  -3.814  -3.808  -3.803  -3.800  -3.798  -3.796  -3.794  -3.790  -3.786  -3.786  -3.794  -3.810  -3.849  -3.905  -3.957  -4.014  -4.042  -4.006  -3.951  -3.944  -3.965  -3.979  -3.885  -3.691  -3.510  -3.322  -3.152  -3.021  -2.911  -2.803  -2.698  -2.613  -2.563  -2.531  -2.499  -2.469  -2.442
   3.040  -5.200  -5.200  -5.201  -5.201  -5.202  -5.202  -4.816  -4.180  -3.957  -3.888  -3.848  -3.821  -3.807  -3.796  -3.790  -3.786  -3.782  -3.779  -3.776  -3.772  -3.770  -3.771  -3.775  -3.786  -3.821  -3.865  -3.925  -3.982  -3.989  -3.969  -3.946  -3.932  -3.916  -3.859  -3.675  -3.479  -3.333  -3.195  -3.051  -2.896  -2.768  -2.691  -2.642  -2.591  -2.544  -2.503
   3.050  -5.121  -5.122  -5.123  -5.123  -5.124  -5.125  -5.126  -5.126  -5.044  -4.584  -4.169  -4.013  -3.932  -3.867  -3.828  -3.803  -3.786  -3.777  -3.769  -3.765  -3.761  -3.758  -3.755  -3.752  -3.747  -3.745  -3.760  -3.796  -3.846  -3.921  -3.962  -3.956  -3.937  -3.900  -3.821  -3.719  -3.602  -3.466  -3.309  -3.124  -2.965  -2.864  -2.794  -2.724  -2.657  -2.598
   3.060  -5.043  -5.044  -5.045  -5.046  -5.047  -5.048  -5.048  -5.049  -5.049  -5.050  -5.050  -5.050  -5.051  -4.956  -4.436  -4.017  -3.905  -3.848  -3.805  -3.781  -3.766  -3.755  -3.750  -3.744  -3.741  -3.737  -3.732  -3.727  -3.729  -3.748  -3.774  -3.809  -3.842  -3.847  -3.836  -3.814  -3.759  -3.659  -3.525  -3.345  -3.180  -3.068  -2.979  -2.891  -2.808  -2.731
   3.070  -4.970  -4.970  -4.971  -4.971  -4.972  -4.972  -4.973  -4.974  -4.974  -4.975  -4.976  -4.976  -4.976  -4.976  -4.977  -4.977  -4.796  -4.453  -4.204  -4.006  -3.874  -3.813  -3.781  -3.757  -3.743  -3.734  -3.727  -3.722  -3.717  -3.712  -3.710  -3.728  -3.761  -3.783  -3.800  -3.807  -3.792  -3.747  -3.663  -3.521  -3.380  -3.272  -3.175  -3.079  -2.985  -2.895
   3.080  -4.901  -4.901  -4.901  -4.901  -4.900  -4.900  -4.900  -4.901  -4.901  -4.902  -4.902  -4.902  -4.903  -4.903  -4.904  -4.904  -4.904  -4.905  -4.905  -4.906  -4.906  -4.616  -4.124  -3.913  -3.834  -3.786  -3.752  -3.734  -3.718  -3.707  -3.703  -3.703  -3.704  -3.711  -3.740  -3.759  -3.758  -3.753  -3.732  -3.642  -3.537  -3.448  -3.356  -3.264  -3.170  -3.075
   3.090  -4.830  -4.833  -4.835  -4.835  -4.834  -4.833  -4.832  -4.832  -4.832  -4.832  -4.832  -4.832  -4.833  -4.833  -4.833  -4.833  -4.833  -4.834  -4.834  -4.834  -4.834  -4.834  -4.835  -4.792  -4.539  -4.266  -4.056  -3.878  -3.789  -3.745  -3.724  -3.712  -3.705  -3.708  -3.724  -3.741  -3.750  -3.756  -3.750  -3.705  -3.644  -3.580  -3.507  -3.428  -3.343  -3.252
   3.100  -4.757  -4.758  -4.759  -4.761  -4.763  -4.765  -4.767  -4.770  -4.770  -4.768  -4.767  -4.766  -4.766  -4.766  -4.765  -4.765  -4.765  -4.766  -4.766  -4.766  -4.766  -4.766  -4.766  -4.766  -4.766  -4.766  -4.766  -4.766  -4.676  -4.200  -3.882  -3.871  -3.865  -3.848  -3.818  -3.798  -3.795  -3.793  -3.785  -3.758  -3.721  -3.677  -3.623  -3.561  -3.490  -3.410
   3.110  -4.690  -4.690  -4.690  -4.690  -4.691  -4.693  -4.694  -4.696  -4.698  -4.700  -4.702  -4.703  -4.703  -4.703  -4.702  -4.702  -4.702  -4.701  -4.701  -4.700  -4.700  -4.700  -4.700  -4.700  -4.699  -4.699  -4.699  -4.699  -4.699  -4.698  -4.697  -4.548  -4.275  -4.106  -4.012  -3.950  -3.914  -3.894  -3.866  -3.833  -3.796  -3.759  -3.718  -3.668  -3.609  -3.542
   3.120  -4.637  -4.631  -4.627  -4.626  -4.626  -4.627  -4.628  -4.629  -4.631  -4.632  -4.634  -4.636  -4.637  -4.639  -4.641  -4.642  -4.641  -4.640  -4.640  -4.639  -4.638  -4.637  -4.636  -4.636  -4.635  -4.635  -4.635  -4.634  -4.634  -4.634  -4.633  -4.592  -4.500  -4.396  -4.266  -4.155  -4.091  -4.050  -4.000  -3.944  -3.893  -3.850  -3.809  -3.762  -3.709  -3.652
   3.130  -4.617  -4.594  -4.577  -4.570  -4.567  -4.566  -4.566  -4.567  -4.567  -4.568  -4.569  -4.571  -4.572  -4.574  -4.575  -4.576  -4.577  -4.579  -4.579  -4.579  -4.579  -4.578  -4.577  -4.577  -4.576  -4.575  -4.574  -4.573  -4.573  -4.572  -4.571  -4.570  -4.570  -4.551  -4.444  -4.334  -4.269  -4.214  -4.150  -4.077  -4.010  -3.956  -3.907  -3.855  -3.802  -3.748
   3.140  -4.677  -4.610  -4.560  -4.533  -4.519  -4.513  -4.510  -4.508  -4.508  -4.508  -4.509  -4.510  -4.511  -4.512  -4.513  -4.514  -4.515  -4.516  -4.517  -4.518  -4.519  -4.520  -4.520  -4.520  -4.518  -4.517  -4.516  -4.515  -4.514  -4.513  -4.512  -4.512  -4.511  -4.505  -4.472  -4.429  -4.386  -4.335  -4.274  -4.200  -4.129  -4.066  -4.008  -3.951  -3.895  -3.840
   3.150  -4.880  -4.732  -4.618  -4.540  -4.498  -4.477  -4.465  -4.459  -4.456  -4.454  -4.454  -4.454  -4.455  -4.455  -4.456  -4.457  -4.458  -4.459  -4.459  -4.460  -4.460  -4.460  -4.461  -4.461  -4.462  -4.462  -4.461  -4.460  -4.460  -4.459  -4.458  -4.457  -4.457  -4.455  -4.449  -4.438  -4.419  -4.388  -4.343  -4.285  -4.223  -4.162  -4.101  -4.042  -3.983  -3.926
   3.160  -5.177  -4.965  -4.790  -4.652  -4.551  -4.484  -4.444  -4.424  -4.413  -4.407  -4.404  -4.403  -4.402  -4.402  -4.403  -4.403  -4.403  -4.404  -4.404  -4.405  -4.406  -4.407  -4.407  -4.407  -4.407  -4.407  -4.407  -4.407  -4.407  -4.407  -4.406  -4.405  -4.404  -4.404  -4.403  -4.401  -4.396  -4.382  -4.358  -4.320  -4.276  -4.225  -4.170  -4.115  -4.059  -4.002
   3.170  -5.481  -5.269  -5.072  -4.890  -4.718  -4.578  -4.484  -4.425  -4.390  -4.372  -4.363  -4.357  -4.355  -4.354  -4.353  -4.353  -4.353  -4.354  -4.354  -4.355  -4.355  -4.355  -4.356  -4.356  -4.356  -4.356  -4.356  -4.356  -4.356  -4.356  -4.356  -4.356  -4.355  -4.355  -4.354  -4.353  -4.351  -4.346  -4.336  -4.317  -4.288  -4.252  -4.208  -4.162  -4.112  -4.059
   3.180  -5.742  -5.561  -5.374  -5.179  -4.971  -4.784  -4.631  -4.507  -4.419  -4.369  -4.341  -4.324  -4.316  -4.311  -4.308  -4.307  -4.307  -4.307  -4.307  -4.308  -4.308  -4.308  -4.308  -4.308  -4.309  -4.309  -4.309  -4.309  -4.309  -4.309  -4.309  -4.309  -4.309  -4.309  -4.308  -4.307  -4.306  -4.303  -4.298  -4.288  -4.272  -4.247  -4.216  -4.180  -4.139  -4.093
   3.190  -5.945  -5.800  -5.640  -5.462  -5.264  -5.067  -4.872  -4.688  -4.543  -4.435  -4.359  -4.314  -4.291  -4.278  -4.271  -4.267  -4.265  -4.264  -4.264  -4.264  -4.264  -4.264  -4.264  -4.264  -4.265  -4.265  -4.265  -4.265  -4.265  -4.265  -4.265  -4.265  -4.266  -4.266  -4.265  -4.265  -4.264  -4.261  -4.257  -4.251  -4.241  -4.225  -4.203  -4.175  -4.142  -4.104
   3.200  -6.094  -5.983  -5.853  -5.703  -5.532  -5.348  -5.148  -4.944  -4.761  -4.593  -4.457  -4.365  -4.305  -4.267  -4.246  -4.235  -4.229  -4.226  -4.224  -4.223  -4.223  -4.223  -4.223  -4.223  -4.224  -4.224  -4.224  -4.224  -4.224  -4.225  -4.225  -4.225  -4.225  -4.225  -4.225  -4.225  -4.224  -4.222  -4.218  -4.213  -4.205  -4.194  -4.178  -4.156  -4.129  -4.097
   3.210  -6.197  -6.116  -6.015  -5.894  -5.752  -5.593  -5.415  -5.223  -5.029  -4.828  -4.648  -4.500  -4.380  -4.295  -4.247  -4.220  -4.203  -4.195  -4.190  -4.187  -4.186  -4.185  -4.185  -4.185  -4.186  -4.186  -4.186  -4.186  -4.186  -4.187  -4.187  -4.187  -4.187  -4.187  -4.187  -4.187  -4.187  -4.185  -4.182  -4.177  -4.171  -4.161  -4.148  -4.130  -4.107  -4.080
   3.220  -6.259  -6.204  -6.130  -6.037  -5.925  -5.794  -5.642  -5.472  -5.290  -5.091  -4.897  -4.710  -4.536  -4.403  -4.308  -4.241  -4.199  -4.178  -4.165  -4.158  -4.154  -4.152  -4.151  -4.151  -4.151  -4.151  -4.151  -4.151  -4.151  -4.151  -4.151  -4.151  -4.152  -4.152  -4.152  -4.153  -4.152  -4.150  -4.148  -4.144  -4.138  -4.129  -4.118  -4.102  -4.082  -4.058
   3.230  -6.286  -6.254  -6.204  -6.137  -6.053  -5.949  -5.825  -5.682  -5.522  -5.343  -5.156  -4.960  -4.763  -4.591  -4.439  -4.317  -4.236  -4.187  -4.155  -4.138  -4.129  -4.124  -4.121  -4.119  -4.118  -4.118  -4.118  -4.118  -4.118  -4.119  -4.119  -4.119  -4.120  -4.120  -4.120  -4.120  -4.120  -4.118  -4.116  -4.112  -4.107  -4.099  -4.089  -4.074  -4.056  -4.034
   3.240  -6.276  -6.266  -6.239  -6.197  -6.139  -6.062  -5.965  -5.849  -5.714  -5.559  -5.391  -5.206  -5.012  -4.823  -4.633  -4.468  -4.342  -4.246  -4.178  -4.140  -4.118  -4.104  -4.096  -4.092  -4.090  -4.089  -4.088  -4.088  -4.088  -4.089  -4.089  -4.089  -4.090  -4.090  -4.090  -4.090  -4.090  -4.089  -4.087  -4.083  -4.078  -4.071  -4.062  -4.048  -4.032  -4.011
   3.250  -6.233  -6.232  -6.228  -6.218  -6.186  -6.133  -6.063  -5.975  -5.866  -5.737  -5.591  -5.427  -5.249  -5.064  -4.867  -4.681  -4.513  -4.363  -4.252  -4.176  -4.127  -4.097  -4.082  -4.073  -4.067  -4.064  -4.062  -4.061  -4.061  -4.061  -4.061  -4.061  -4.062  -4.062  -4.062  -4.063  -4.062  -4.061  -4.059  -4.057  -4.052  -4.045  -4.037  -4.024  -4.009  -3.990
   3.260  -6.168  -6.185  -6.193  -6.193  -6.182  -6.161  -6.122  -6.059  -5.978  -5.876  -5.755  -5.614  -5.456  -5.286  -5.101  -4.914  -4.723  -4.539  -4.389  -4.270  -4.179  -4.120  -4.086  -4.064  -4.051  -4.044  -4.040  -4.038  -4.037  -4.036  -4.036  -4.036  -4.037  -4.037  -4.037  -4.037  -4.037  -4.036  -4.034  -4.032  -4.027  -4.021  -4.013  -4.002  -3.987  -3.970
   3.270  -6.094  -6.116  -6.133  -6.142  -6.146  -6.148  -6.136  -6.101  -6.047  -5.973  -5.879  -5.764  -5.629  -5.479  -5.311  -5.135  -4.947  -4.756  -4.582  -4.419  -4.283  -4.186  -4.118  -4.072  -4.047  -4.033  -4.024  -4.020  -4.017  -4.015  -4.014  -4.014  -4.014  -4.014  -4.014  -4.014  -4.014  -4.013  -4.011  -4.009  -4.005  -3.999  -3.991  -3.981  -3.967  -3.950
   3.280  -6.020  -6.042  -6.061  -6.079  -6.096  -6.104  -6.101  -6.094  -6.077  -6.032  -5.963  -5.875  -5.766  -5.639  -5.492  -5.332  -5.159  -4.977  -4.794  -4.605  -4.437  -4.302  -4.194  -4.115  -4.066  -4.036  -4.017  -4.007  -4.000  -3.996  -3.994  -3.993  -3.993  -3.993  -3.993  -3.993  -3.993  -3.992  -3.990  -3.987  -3.983  -3.978  -3.971  -3.961  -3.948  -3.932
   3.290  -5.953  -5.972  -5.990  -6.008  -6.028  -6.044  -6.055  -6.061  -6.060  -6.041  -6.004  -5.946  -5.865  -5.764  -5.640  -5.501  -5.346  -5.177  -5.000  -4.812  -4.633  -4.467  -4.317  -4.203  -4.121  -4.062  -4.023  -4.003  -3.990  -3.983  -3.979  -3.977  -3.975  -3.975  -3.975  -3.974  -3.973  -3.972  -3.970  -3.967  -3.963  -3.958  -3.951  -3.942  -3.930  -3.915
   3.300  -5.892  -5.907  -5.924  -5.941  -5.960  -5.978  -5.997  -6.012  -6.014  -6.011  -6.005  -5.980  -5.925  -5.850  -5.754  -5.638  -5.503  -5.351  -5.188  -5.013  -4.836  -4.655  -4.479  -4.333  -4.212  -4.118  -4.057  -4.020  -3.993  -3.977  -3.969  -3.964  -3.961  -3.959  -3.958  -3.957  -3.956  -3.954  -3.951  -3.949  -3.945  -3.939  -3.933  -3.923  -3.912  -3.898
   3.310  -5.838  -5.851  -5.865  -5.880  -5.896  -5.913  -5.930  -5.947  -5.960  -5.971  -5.975  -5.967  -5.942  -5.899  -5.831  -5.741  -5.629  -5.498  -5.353  -5.193  -5.025  -4.846  -4.664  -4.500  -4.347  -4.219  -4.126  -4.060  -4.011  -3.984  -3.967  -3.955  -3.949  -3.945  -3.943  -3.941  -3.939  -3.936  -3.934  -3.930  -3.926  -3.921  -3.914  -3.905  -3.894  -3.881
   3.320  -5.789  -5.800  -5.812  -5.825  -5.838  -5.853  -5.869  -5.884  -5.900  -5.918  -5.926  -5.925  -5.922  -5.911  -5.871  -5.806  -5.721  -5.615  -5.491  -5.347  -5.192  -5.026  -4.851  -4.680  -4.507  -4.353  -4.228  -4.126  -4.052  -4.006  -3.976  -3.956  -3.945  -3.937  -3.932  -3.928  -3.925  -3.922  -3.918  -3.915  -3.910  -3.904  -3.897  -3.888  -3.877  -3.864
   3.330  -5.743  -5.753  -5.763  -5.775  -5.787  -5.799  -5.812  -5.826  -5.841  -5.856  -5.870  -5.880  -5.887  -5.886  -5.869  -5.835  -5.779  -5.700  -5.599  -5.475  -5.337  -5.186  -5.024  -4.855  -4.677  -4.510  -4.362  -4.232  -4.130  -4.058  -4.004  -3.969  -3.948  -3.933  -3.924  -3.918  -3.913  -3.909  -3.905  -3.900  -3.895  -3.888  -3.881  -3.871  -3.859  -3.845
   3.340  -5.702  -5.710  -5.718  -5.728  -5.739  -5.750  -5.761  -5.773  -5.786  -5.800  -5.813  -5.828  -5.840  -5.842  -5.838  -5.831  -5.805  -5.749  -5.673  -5.575  -5.458  -5.323  -5.174  -5.016  -4.846  -4.679  -4.516  -4.362  -4.235  -4.132  -4.052  -3.997  -3.962  -3.936  -3.921  -3.911  -3.903  -3.897  -3.891  -3.885  -3.879  -3.871  -3.862  -3.851  -3.838  -3.823
   3.350  -5.666  -5.671  -5.677  -5.685  -5.694  -5.704  -5.714  -5.724  -5.736  -5.748  -5.760  -5.773  -5.785  -5.794  -5.800  -5.802  -5.792  -5.764  -5.715  -5.644  -5.552  -5.436  -5.302  -5.158  -5.001  -4.840  -4.673  -4.506  -4.361  -4.233  -4.127  -4.049  -3.994  -3.952  -3.927  -3.909  -3.895  -3.886  -3.878  -3.870  -3.862  -3.853  -3.843  -3.830  -3.816  -3.799
   3.360  -5.636  -5.639  -5.643  -5.648  -5.654  -5.661  -5.670  -5.679  -5.689  -5.700  -5.711  -5.722  -5.734  -5.744  -5.755  -5.760  -5.757  -5.747  -5.727  -5.682  -5.613  -5.521  -5.409  -5.281  -5.138  -4.985  -4.822  -4.656  -4.501  -4.355  -4.227  -4.125  -4.045  -3.983  -3.942  -3.913  -3.892  -3.878  -3.866  -3.855  -3.845  -3.833  -3.821  -3.806  -3.790  -3.771
   3.370  -5.611  -5.611  -5.613  -5.615  -5.618  -5.623  -5.629  -5.637  -5.645  -5.655  -5.665  -5.675  -5.685  -5.695  -5.707  -5.713  -5.714  -5.714  -5.711  -5.687  -5.641  -5.575  -5.489  -5.382  -5.253  -5.112  -4.960  -4.801  -4.643  -4.484  -4.340  -4.217  -4.112  -4.030  -3.972  -3.928  -3.896  -3.874  -3.855  -3.839  -3.825  -3.811  -3.796  -3.779  -3.761  -3.740
   3.380  -5.589  -5.588  -5.588  -5.588  -5.589  -5.591  -5.595  -5.600  -5.606  -5.613  -5.621  -5.630  -5.639  -5.649  -5.658  -5.666  -5.672  -5.675  -5.675  -5.663  -5.640  -5.600  -5.538  -5.454  -5.345  -5.221  -5.083  -4.933  -4.778  -4.614  -4.460  -4.323  -4.201  -4.099  -4.019  -3.955  -3.908  -3.874  -3.845  -3.824  -3.805  -3.787  -3.769  -3.749  -3.727  -3.703
   3.390  -5.570  -5.567  -5.566  -5.565  -5.564  -5.564  -5.565  -5.567  -5.571  -5.576  -5.582  -5.589  -5.597  -5.605  -5.613  -5.621  -5.628  -5.633  -5.633  -5.628  -5.618  -5.596  -5.555  -5.493  -5.410  -5.308  -5.186  -5.049  -4.902  -4.743  -4.587  -4.438  -4.297  -4.177  -4.076  -3.993  -3.929  -3.880  -3.840  -3.810  -3.784  -3.759  -3.737  -3.713  -3.687  -3.661
   3.400  -5.553  -5.550  -5.547  -5.545  -5.542  -5.541  -5.541  -5.541  -5.541  -5.544  -5.547  -5.551  -5.557  -5.563  -5.571  -5.578  -5.585  -5.590  -5.591  -5.588  -5.584  -5.572  -5.546  -5.503  -5.445  -5.366  -5.264  -5.143  -5.010  -4.861  -4.709  -4.552  -4.397  -4.262  -4.144  -4.043  -3.962  -3.897  -3.842  -3.801  -3.765  -3.733  -3.704  -3.674  -3.644  -3.614
   3.410  -5.535  -5.533  -5.530  -5.528  -5.525  -5.522  -5.519  -5.517  -5.517  -5.517  -5.517  -5.519  -5.522  -5.526  -5.532  -5.537  -5.543  -5.548  -5.549  -5.548  -5.545  -5.537  -5.520  -5.490  -5.450  -5.392  -5.311  -5.212  -5.096  -4.963  -4.820  -4.664  -4.502  -4.356  -4.220  -4.101  -4.002  -3.919  -3.849  -3.793  -3.746  -3.705  -3.669  -3.633  -3.597  -3.563
   3.420  -5.507  -5.508  -5.509  -5.509  -5.507  -5.504  -5.501  -5.498  -5.496  -5.493  -5.492  -5.492  -5.493  -5.494  -5.496  -5.499  -5.503  -5.507  -5.508  -5.507  -5.505  -5.499  -5.485  -5.463  -5.434  -5.390  -5.328  -5.251  -5.155  -5.041  -4.912  -4.765  -4.606  -4.453  -4.301  -4.162  -4.045  -3.944  -3.859  -3.790  -3.731  -3.680  -3.635  -3.591  -3.549  -3.509
   3.430  -5.458  -5.470  -5.478  -5.481  -5.483  -5.483  -5.482  -5.479  -5.477  -5.474  -5.471  -5.469  -5.467  -5.467  -5.467  -5.467  -5.468  -5.469  -5.469  -5.468  -5.465  -5.459  -5.447  -5.428  -5.404  -5.369  -5.321  -5.261  -5.183  -5.089  -4.978  -4.846  -4.699  -4.546  -4.381  -4.226  -4.092  -3.974  -3.873  -3.789  -3.717  -3.654  -3.600  -3.548  -3.499  -3.454
   3.440  -5.381  -5.403  -5.421  -5.436  -5.446  -5.452  -5.455  -5.457  -5.457  -5.455  -5.452  -5.449  -5.445  -5.443  -5.441  -5.439  -5.437  -5.435  -5.433  -5.430  -5.426  -5.418  -5.407  -5.390  -5.368  -5.338  -5.298  -5.248  -5.184  -5.107  -5.014  -4.902  -4.774  -4.628  -4.461  -4.298  -4.148  -4.008  -3.888  -3.789  -3.703  -3.629  -3.565  -3.505  -3.450  -3.399
   3.450  -5.279  -5.311  -5.339  -5.364  -5.384  -5.401  -5.414  -5.422  -5.427  -5.429  -5.430  -5.429  -5.426  -5.422  -5.419  -5.415  -5.411  -5.406  -5.402  -5.397  -5.390  -5.381  -5.368  -5.351  -5.329  -5.301  -5.265  -5.220  -5.165  -5.101  -5.023  -4.929  -4.820  -4.687  -4.531  -4.369  -4.205  -4.044  -3.906  -3.790  -3.688  -3.603  -3.530  -3.462  -3.400  -3.343
   3.460  -5.156  -5.196  -5.233  -5.266  -5.296  -5.323  -5.346  -5.365  -5.380  -5.391  -5.397  -5.400  -5.401  -5.401  -5.397  -5.393  -5.388  -5.382  -5.375  -5.367  -5.357  -5.345  -5.331  -5.312  -5.290  -5.261  -5.226  -5.184  -5.134  -5.077  -5.008  -4.929  -4.836  -4.720  -4.580  -4.428  -4.260  -4.086  -3.933  -3.797  -3.677  -3.578  -3.494  -3.417  -3.347  -3.286
   3.470  -5.020  -5.066  -5.109  -5.150  -5.188  -5.223  -5.255  -5.283  -5.308  -5.328  -5.345  -5.359  -5.367  -5.369  -5.370  -5.370  -5.367  -5.360  -5.352  -5.341  -5.329  -5.315  -5.298  -5.277  -5.252  -5.222  -5.186  -5.144  -5.096  -5.042  -4.979  -4.908  -4.826  -4.723  -4.601  -4.463  -4.302  -4.128  -3.966  -3.810  -3.670  -3.555  -3.457  -3.369  -3.292  -3.226
   3.480  -4.875  -4.926  -4.975  -5.021  -5.065  -5.106  -5.145  -5.181  -5.214  -5.243  -5.269  -5.291  -5.310  -5.323  -5.333  -5.337  -5.336  -5.334  -5.329  -5.318  -5.304  -5.288  -5.268  -5.245  -5.217  -5.184  -5.146  -5.104  -5.055  -5.001  -4.940  -4.872  -4.795  -4.703  -4.596  -4.471  -4.322  -4.159  -3.995  -3.825  -3.669  -3.538  -3.423  -3.322  -3.236  -3.164
   3.490  -4.722  -4.777  -4.830  -4.881  -4.930  -4.977  -5.022  -5.064  -5.103  -5.140  -5.174  -5.204  -5.231  -5.254  -5.272  -5.286  -5.294  -5.298  -5.298  -5.291  -5.279  -5.263  -5.241  -5.216  -5.185  -5.150  -5.110  -5.065  -5.014  -4.959  -4.897  -4.829  -4.754  -4.665  -4.565  -4.450  -4.315  -4.165  -4.006  -3.835  -3.672  -3.527  -3.394  -3.280  -3.183  -3.102
   3.500  -4.564  -4.623  -4.679  -4.734  -4.788  -4.839  -4.889  -4.936  -4.981  -5.024  -5.064  -5.101  -5.134  -5.165  -5.192  -5.215  -5.235  -5.248  -5.250  -5.249  -5.246  -5.235  -5.214  -5.188  -5.156  -5.119  -5.076  -5.028  -4.975  -4.918  -4.854  -4.783  -4.705  -4.616  -4.519  -4.408  -4.282  -4.144  -3.994  -3.831  -3.670  -3.516  -3.369  -3.242  -3.132  -3.039
   3.525  -4.149  -4.217  -4.283  -4.347  -4.410  -4.471  -4.530  -4.588  -4.643  -4.697  -4.748  -4.797  -4.844  -4.888  -4.930  -4.969  -5.006  -5.037  -5.056  -5.073  -5.089  -5.095  -5.088  -5.074  -5.052  -5.024  -4.988  -4.943  -4.892  -4.834  -4.767  -4.689  -4.601  -4.504  -4.396  -4.280  -4.154  -4.020  -3.878  -3.730  -3.578  -3.420  -3.268  -3.129  -3.002  -2.885
   3.550  -3.716  -3.793  -3.867  -3.940  -4.011  -4.080  -4.147  -4.213  -4.277  -4.338  -4.398  -4.456  -4.512  -4.566  -4.618  -4.667  -4.713  -4.756  -4.795  -4.829  -4.856  -4.876  -4.888  -4.889  -4.881  -4.866  -4.840  -4.803  -4.755  -4.697  -4.628  -4.546  -4.451  -4.345  -4.227  -4.101  -3.968  -3.829  -3.689  -3.545  -3.402  -3.259  -3.117  -2.980  -2.846  -2.716
   3.575  -3.268  -3.352  -3.435  -3.515  -3.594  -3.671  -3.747  -3.821  -3.893  -3.963  -4.031  -4.097  -4.161  -4.223  -4.282  -4.339  -4.393  -4.443  -4.489  -4.530  -4.565  -4.594  -4.613  -4.617  -4.612  -4.602  -4.578  -4.538  -4.489  -4.430  -4.360  -4.279  -4.188  -4.088  -3.979  -3.863  -3.740  -3.612  -3.481  -3.346  -3.209  -3.069  -2.929  -2.790  -2.653  -2.517
   3.600  -2.821  -2.910  -2.998  -3.085  -3.171  -3.255  -3.337  -3.418  -3.497  -3.575  -3.650  -3.723  -3.794  -3.862  -3.927  -3.989  -4.048  -4.103  -4.152  -4.197  -4.234  -4.265  -4.286  -4.288  -4.282  -4.270  -4.243  -4.198  -4.146  -4.082  -4.011  -3.933  -3.847  -3.756  -3.658  -3.555  -3.446  -3.331  -3.211  -3.085  -2.955  -2.821  -2.685  -2.550  -2.415  -2.281
   3.625  -2.389  -2.481  -2.572  -2.662  -2.751  -2.839  -2.926  -3.012  -3.096  -3.179  -3.260  -3.339  -3.416  -3.491  -3.562  -3.630  -3.694  -3.753  -3.805  -3.851  -3.885  -3.909  -3.924  -3.925  -3.911  -3.886  -3.849  -3.796  -3.735  -3.665  -3.588  -3.507  -3.420  -3.330  -3.237  -3.140  -3.039  -2.935  -2.827  -2.714  -2.599  -2.481  -2.360  -2.239  -2.117  -1.995
   3.650  -1.976  -2.068  -2.160  -2.252  -2.343  -2.433  -2.522  -2.611  -2.699  -2.786  -2.871  -2.955  -3.037  -3.116  -3.194  -3.266  -3.334  -3.396  -3.449  -3.494  -3.524  -3.538  -3.545  -3.542  -3.518  -3.480  -3.430  -3.369  -3.301  -3.224  -3.142  -3.057  -2.969  -2.879  -2.787  -2.693  -2.598  -2.501  -2.403  -2.303  -2.201  -2.097  -1.992  -1.886  -1.777  -1.668
   3.675  -1.586  -1.679  -1.771  -1.864  -1.956  -2.048  -2.139  -2.230  -2.319  -2.408  -2.496  -2.582  -2.666  -2.748  -2.828  -2.903  -2.973  -3.036  -3.091  -3.138  -3.163  -3.169  -3.171  -3.166  -3.134  -3.086  -3.031  -2.965  -2.893  -2.814  -2.731  -2.645  -2.557  -2.468  -2.376  -2.284  -2.190  -2.096  -2.000  -1.903  -1.805  -1.705  -1.604  -1.501  -1.398  -1.292
   3.700  -1.230  -1.320  -1.411  -1.502  -1.593  -1.685  -1.776  -1.866  -1.956  -2.045  -2.133  -2.220  -2.305  -2.388  -2.468  -2.544  -2.615  -2.679  -2.734  -2.782  -2.803  -2.803  -2.801  -2.793  -2.755  -2.702  -2.643  -2.574  -2.501  -2.422  -2.339  -2.254  -2.166  -2.077  -1.986  -1.894  -1.801  -1.706  -1.610  -1.513  -1.415  -1.315  -1.214  -1.112  -1.009  -0.905
   3.725  -0.915  -0.996  -1.079  -1.164  -1.252  -1.341  -1.431  -1.520  -1.610  -1.699  -1.787  -1.874  -1.960  -2.043  -2.123  -2.199  -2.269  -2.333  -2.386  -2.432  -2.451  -2.449  -2.445  -2.434  -2.394  -2.340  -2.280  -2.211  -2.137  -2.058  -1.975  -1.890  -1.803  -1.713  -1.623  -1.530  -1.437  -1.343  -1.247  -1.150  -1.052  -0.952  -0.851  -0.750  -0.647  -0.543
   3.750  -0.663  -0.729  -0.799  -0.873  -0.952  -1.033  -1.116  -1.201  -1.287  -1.373  -1.458  -1.543  -1.626  -1.707  -1.786  -1.859  -1.927  -1.988  -2.038  -2.081  -2.099  -2.097  -2.091  -2.078  -2.038  -1.985  -1.926  -1.858  -1.785  -1.707  -1.625  -1.541  -1.454  -1.366  -1.276  -1.184  -1.091  -0.998  -0.902  -0.805  -0.707  -0.608  -0.507  -0.405  -0.302  -0.198
   3.775  -0.503  -0.541  -0.588  -0.642  -0.704  -0.770  -0.839  -0.911  -0.986  -1.064  -1.143  -1.221  -1.300  -1.375  -1.449  -1.518  -1.582  -1.638  -1.684  -1.723  -1.739  -1.737  -1.731  -1.717  -1.678  -1.627  -1.570  -1.504  -1.433  -1.357  -1.278  -1.196  -1.111  -1.025  -0.938  -0.848  -0.758  -0.666  -0.573  -0.477  -0.380  -0.282  -0.182  -0.081   0.022   0.126
   3.800  -0.428  -0.441  -0.462  -0.490  -0.525  -0.567  -0.616  -0.670  -0.729  -0.793  -0.858  -0.925  -0.992  -1.058  -1.123  -1.183  -1.238  -1.287  -1.327  -1.359  -1.373  -1.371  -1.363  -1.348  -1.312  -1.265  -1.211  -1.148  -1.081  -1.009  -0.933  -0.855  -0.774  -0.692  -0.608  -0.522  -0.435  -0.346  -0.255  -0.163  -0.068   0.029   0.127   0.227   0.329   0.432
   3.825  -0.405  -0.408  -0.413  -0.420  -0.430  -0.446  -0.468  -0.497  -0.530  -0.571  -0.615  -0.660  -0.708  -0.755  -0.804  -0.850  -0.892  -0.930  -0.960  -0.982  -0.992  -0.990  -0.981  -0.963  -0.931  -0.889  -0.840  -0.784  -0.723  -0.656  -0.587  -0.514  -0.439  -0.361  -0.282  -0.201  -0.118  -0.033   0.054   0.143   0.234   0.327   0.423   0.521   0.620   0.722
   3.850  -0.397  -0.396  -0.395  -0.395  -0.394  -0.394  -0.395  -0.398  -0.403  -0.413  -0.427  -0.445  -0.467  -0.491  -0.517  -0.542  -0.565  -0.586  -0.601  -0.610  -0.613  -0.608  -0.595  -0.573  -0.544  -0.508  -0.465  -0.415  -0.361  -0.302  -0.239  -0.173  -0.104  -0.033   0.040   0.116   0.194   0.273   0.355   0.440   0.527   0.616   0.708   0.803   0.899   0.999
   3.875  -0.396  -0.395  -0.393  -0.390  -0.385  -0.379  -0.370  -0.360  -0.345  -0.328  -0.314  -0.302  -0.291  -0.284  -0.281  -0.275  -0.269  -0.264  -0.257  -0.250  -0.240  -0.226  -0.206  -0.182  -0.154  -0.122  -0.083  -0.040   0.007   0.058   0.113   0.171   0.232   0.296   0.363   0.432   0.503   0.577   0.653   0.732   0.814   0.898   0.985   1.076   1.169   1.265
   3.900  -0.396  -0.395  -0.392  -0.388  -0.382  -0.374  -0.362  -0.347  -0.326  -0.299  -0.268  -0.230  -0.189  -0.147  -0.104  -0.063  -0.024   0.012   0.045   0.076   0.105   0.134   0.163   0.193   0.223   0.256   0.292   0.330   0.371   0.416   0.463   0.514   0.567   0.624   0.683   0.745   0.809   0.876   0.946   1.018   1.094   1.173   1.256   1.341   1.430   1.522
   3.925  -0.396  -0.395  -0.393  -0.389  -0.383  -0.375  -0.363  -0.348  -0.326  -0.298  -0.259  -0.209  -0.149  -0.080  -0.001   0.074   0.148   0.220   0.284   0.343   0.401   0.452   0.498   0.540   0.578   0.616   0.653   0.689   0.728   0.767   0.809   0.853   0.900   0.949   1.001   1.056   1.113   1.173   1.236   1.301   1.371   1.444   1.521   1.601   1.685   1.772
   3.950  -0.397  -0.396  -0.394  -0.390  -0.385  -0.377  -0.366  -0.351  -0.327  -0.297  -0.256  -0.202  -0.136  -0.058   0.033   0.131   0.237   0.346   0.448   0.547   0.636   0.713   0.782   0.842   0.895   0.942   0.985   1.024   1.064   1.102   1.141   1.181   1.222   1.265   1.311   1.359   1.409   1.462   1.519   1.578   1.641   1.708   1.779   1.854   1.933   2.015
   3.975  -0.398  -0.397  -0.394  -0.391  -0.387  -0.380  -0.370  -0.355  -0.333  -0.303  -0.263  -0.209  -0.143  -0.063   0.031   0.137   0.262   0.396   0.532   0.671   0.797   0.905   1.000   1.081   1.153   1.218   1.274   1.323   1.368   1.410   1.450   1.489   1.527   1.567   1.608   1.651   1.696   1.744   1.794   1.847   1.905   1.966   2.031   2.100   2.173   2.250
   4.000  -0.398  -0.397  -0.394  -0.392  -0.388  -0.382  -0.373  -0.360  -0.340  -0.313  -0.274  -0.222  -0.157  -0.075   0.025   0.139   0.270   0.413   0.560   0.715   0.864   1.004   1.135   1.251   1.351   1.439   1.514   1.577   1.634   1.683   1.728   1.770   1.809   1.849   1.888   1.928   1.969   2.012   2.058   2.107   2.159   2.215   2.275   2.338   2.406   2.478
   4.025  -0.398  -0.397  -0.395  -0.392  -0.389  -0.384  -0.376  -0.364  -0.345  -0.320  -0.284  -0.235  -0.173  -0.093   0.006   0.121   0.252   0.397   0.548   0.708   0.863   1.029   1.193   1.345   1.482   1.598   1.692   1.773   1.848   1.911   1.966   2.016   2.060   2.102   2.143   2.183   2.223   2.264   2.308   2.353   2.402   2.453   2.508   2.568   2.632   2.700
   4.050  -0.397  -0.397  -0.395  -0.393  -0.390  -0.385  -0.378  -0.367  -0.350  -0.327  -0.294  -0.248  -0.190  -0.114  -0.020   0.090   0.219   0.364   0.520   0.689   0.862   1.037   1.212   1.377   1.534   1.677   1.803   1.915   2.011   2.093   2.164   2.225   2.278   2.327   2.372   2.415   2.457   2.498   2.541   2.585   2.632   2.680   2.732   2.788   2.849   2.915
   4.075  -0.396  -0.396  -0.394  -0.392  -0.390  -0.385  -0.379  -0.369  -0.354  -0.333  -0.303  -0.260  -0.205  -0.133  -0.045   0.060   0.185   0.325   0.479   0.649   0.829   1.008   1.189   1.363   1.530   1.693   1.854   2.003   2.127   2.226   2.315   2.393   2.459   2.520   2.572   2.621   2.667   2.711   2.755   2.800   2.846   2.894   2.944   2.999   3.057   3.120
   4.100  -0.395  -0.394  -0.393  -0.391  -0.389  -0.385  -0.379  -0.371  -0.356  -0.338  -0.310  -0.271  -0.220  -0.152  -0.070   0.030   0.148   0.283   0.433   0.598   0.772   0.954   1.142   1.330   1.518   1.699   1.871   2.034   2.180   2.309   2.424   2.522   2.606   2.681   2.745   2.802   2.855   2.904   2.952   2.999   3.046   3.095   3.146   3.199   3.256   3.316
   4.125  -0.393  -0.393  -0.391  -0.390  -0.388  -0.384  -0.379  -0.371  -0.358  -0.341  -0.315  -0.279  -0.232  -0.170  -0.092   0.002   0.114   0.243   0.387   0.548   0.719   0.901   1.090   1.281   1.479   1.671   1.853   2.028   2.189   2.352   2.498   2.614   2.718   2.810   2.888   2.958   3.020   3.076   3.130   3.181   3.232   3.283   3.334   3.388   3.446   3.505
   4.150  -0.392  -0.391  -0.390  -0.388  -0.386  -0.382  -0.377  -0.370  -0.359  -0.343  -0.319  -0.286  -0.243  -0.185  -0.113  -0.024   0.082   0.205   0.343   0.499   0.666   0.845   1.034   1.227   1.424   1.621   1.817   2.010   2.192   2.367   2.527   2.670   2.798   2.910   3.005   3.090   3.164   3.230   3.292   3.349   3.404   3.458   3.511   3.568   3.626   3.687
   4.175  -0.392  -0.390  -0.388  -0.386  -0.383  -0.380  -0.375  -0.369  -0.358  -0.343  -0.321  -0.291  -0.251  -0.197  -0.130  -0.047   0.054   0.170   0.304   0.454   0.617   0.794   0.982   1.174   1.373   1.574   1.775   1.976   2.172   2.357   2.528   2.699   2.851   2.981   3.096   3.199   3.288   3.366   3.437   3.502   3.563   3.622   3.679   3.738   3.799   3.862
   4.200  -0.392  -0.390  -0.387  -0.385  -0.381  -0.377  -0.372  -0.366  -0.355  -0.342  -0.322  -0.294  -0.257  -0.206  -0.144  -0.066   0.029   0.140   0.268   0.414   0.573   0.747   0.933   1.125   1.324   1.527   1.731   1.936   2.137   2.337   2.528   2.708   2.878   3.030   3.165   3.286   3.392   3.484   3.568   3.641   3.709   3.775   3.837   3.901   3.965   4.029
   4.225  -0.392  -0.390  -0.387  -0.384  -0.380  -0.375  -0.370  -0.363  -0.353  -0.341  -0.322  -0.295  -0.260  -0.213  -0.154  -0.081   0.009   0.115   0.238   0.379   0.535   0.707   0.891   1.082   1.282   1.485   1.691   1.899   2.105   2.312   2.515   2.704   2.889   3.059   3.214   3.354   3.477   3.585   3.682   3.766   3.845   3.918   3.987   4.056   4.123   4.190
   4.250  -0.393  -0.390  -0.387  -0.383  -0.378  -0.373  -0.367  -0.361  -0.351  -0.338  -0.320  -0.295  -0.262  -0.217  -0.162  -0.092  -0.006   0.095   0.214   0.351   0.504   0.673   0.856   1.046   1.245   1.449   1.656   1.865   2.075   2.286   2.493   2.696   2.893   3.076   3.249   3.406   3.546   3.670   3.782   3.880   3.969   4.052   4.128   4.202   4.274   4.343
   4.275  -0.393  -0.390  -0.387  -0.382  -0.377  -0.371  -0.365  -0.357  -0.347  -0.335  -0.317  -0.293  -0.261  -0.218  -0.166  -0.100  -0.018   0.079   0.195   0.330   0.480   0.647   0.828   1.017   1.216   1.420   1.628   1.839   2.051   2.265   2.476   2.685   2.891   3.086   3.273   3.445   3.601   3.743   3.869   3.981   4.082   4.175   4.259   4.340   4.417   4.490
   4.300  -0.393  -0.390  -0.386  -0.381  -0.376  -0.369  -0.362  -0.353  -0.342  -0.330  -0.312  -0.289  -0.259  -0.218  -0.167  -0.103  -0.024   0.070   0.183   0.314   0.462   0.627   0.807   0.995   1.194   1.399   1.607   1.820   2.033   2.248   2.463   2.677   2.889   3.093   3.291   3.476   3.647   3.804   3.946   4.071   4.185   4.288   4.381   4.468   4.550   4.626
   4.325  -0.393  -0.390  -0.387  -0.382  -0.376  -0.368  -0.359  -0.349  -0.337  -0.323  -0.305  -0.283  -0.254  -0.215  -0.166  -0.102  -0.025   0.066   0.176   0.305   0.451   0.614   0.793   0.981   1.180   1.385   1.594   1.807   2.022   2.239   2.456   2.675   2.890   3.100   3.307   3.503   3.686   3.857   4.012   4.151   4.277   4.390   4.492   4.585   4.670   4.746
   4.350  -0.393  -0.391  -0.387  -0.382  -0.376  -0.368  -0.358  -0.346  -0.332  -0.317  -0.298  -0.275  -0.246  -0.208  -0.160  -0.100  -0.025   0.065   0.174   0.302   0.447   0.610   0.787   0.975   1.175   1.380   1.589   1.803   2.018   2.235   2.454   2.674   2.894   3.110   3.323   3.528   3.722   3.904   4.071   4.223   4.361   4.485   4.596   4.695   4.783   4.859
   4.375  -0.393  -0.391  -0.388  -0.383  -0.377  -0.368  -0.358  -0.344  -0.328  -0.311  -0.291  -0.266  -0.236  -0.198  -0.151  -0.092  -0.019   0.070   0.178   0.305   0.449   0.612   0.790   0.977   1.177   1.383   1.592   1.806   2.021   2.240   2.459   2.680   2.903   3.123   3.342   3.553   3.756   3.949   4.127   4.290   4.441   4.577   4.699   4.807   4.900   4.978
   4.400  -0.394  -0.392  -0.388  -0.383  -0.377  -0.369  -0.357  -0.343  -0.326  -0.307  -0.284  -0.257  -0.226  -0.186  -0.139  -0.080  -0.007   0.081   0.188   0.314   0.457   0.619   0.796   0.984   1.184   1.390   1.600   1.815   2.032   2.251   2.472   2.695   2.919   3.141   3.364   3.580   3.789   3.991   4.178   4.352   4.513   4.659   4.791   4.907   5.007   5.092
   4.425  -0.395  -0.393  -0.390  -0.385  -0.379  -0.371  -0.359  -0.344  -0.327  -0.305  -0.279  -0.250  -0.216  -0.174  -0.126  -0.065   0.008   0.096   0.203   0.329   0.472   0.633   0.811   0.998   1.198   1.405   1.615   1.831   2.048   2.268   2.490   2.714   2.939   3.164   3.389   3.609   3.824   4.032   4.227   4.409   4.576   4.724   4.857   4.981   5.095   5.198
   4.450  -0.395  -0.394  -0.391  -0.387  -0.381  -0.373  -0.362  -0.347  -0.328  -0.304  -0.276  -0.244  -0.207  -0.163  -0.112  -0.049   0.026   0.114   0.221   0.348   0.492   0.654   0.831   1.019   1.219   1.426   1.637   1.852   2.070   2.291   2.513   2.738   2.964   3.190   3.417   3.640   3.859   4.073   4.272   4.460   4.632   4.781   4.914   5.044   5.168   5.286
   4.475  -0.396  -0.394  -0.392  -0.388  -0.383  -0.375  -0.365  -0.350  -0.330  -0.306  -0.277  -0.242  -0.202  -0.154  -0.099  -0.034   0.043   0.133   0.243   0.371   0.516   0.678   0.856   1.045   1.245   1.452   1.663   1.878   2.096   2.317   2.540   2.765   2.991   3.218   3.446   3.672   3.893   4.109   4.313   4.507   4.684   4.837   4.974   5.105   5.229   5.345
   4.500  -0.396  -0.395  -0.393  -0.389  -0.385  -0.378  -0.368  -0.354  -0.335  -0.310  -0.279  -0.242  -0.198  -0.146  -0.088  -0.019   0.061   0.154   0.267   0.397   0.544   0.708   0.886   1.075   1.275   1.482   1.693   1.909   2.127   2.348   2.571   2.796   3.022   3.249   3.478   3.704   3.926   4.144   4.350   4.549   4.731   4.891   5.034   5.163   5.278   5.378

