low temperature opacities from Ferguson, Alexander, et al (2005) with gs98 metals
    form     version        X           Z          logRs    logR_min    logR_max       logTs    logT_min    logT_max
       1          38    0.900000    0.020000          46   -8.000000    1.000000         105    2.700000    4.500000

   logT                       logR = logRho - 3*logT + 18
          -8.000  -7.800  -7.600  -7.400  -7.200  -7.000  -6.800  -6.600  -6.400  -6.200  -6.000  -5.800  -5.600  -5.400  -5.200  -5.000  -4.800  -4.600  -4.400  -4.200  -4.000  -3.800  -3.600  -3.400  -3.200  -3.000  -2.800  -2.600  -2.400  -2.200  -2.000  -1.800  -1.600  -1.400  -1.200  -1.000  -0.800  -0.600  -0.400  -0.200   0.000   0.200   0.400   0.600   0.800   1.000

   2.700  -0.149  -0.149  -0.149  -0.149  -0.149  -0.149  -0.149  -0.149  -0.149  -0.149  -0.149  -0.149  -0.148  -0.148  -0.148  -0.148  -0.148  -0.148  -0.148  -0.147  -0.147  -0.147  -0.147  -0.147  -0.147  -0.147  -0.140  -0.129  -0.128  -0.132  -0.135  -0.132  -0.125  -0.119  -0.113  -0.108  -0.104  -0.102  -0.098  -0.094  -0.090  -0.086  -0.081  -0.078  -0.075  -0.073
   2.750  -0.113  -0.113  -0.113  -0.113  -0.113  -0.113  -0.114  -0.117  -0.119  -0.120  -0.120  -0.120  -0.120  -0.120  -0.120  -0.120  -0.120  -0.120  -0.120  -0.120  -0.120  -0.120  -0.119  -0.119  -0.119  -0.119  -0.119  -0.119  -0.119  -0.119  -0.119  -0.118  -0.114  -0.111  -0.107  -0.104  -0.101  -0.099  -0.096  -0.092  -0.088  -0.084  -0.080  -0.077  -0.074  -0.072
   2.800  -0.091  -0.091  -0.092  -0.092  -0.093  -0.094  -0.094  -0.094  -0.094  -0.094  -0.094  -0.094  -0.095  -0.095  -0.095  -0.095  -0.095  -0.095  -0.095  -0.095  -0.095  -0.095  -0.095  -0.095  -0.095  -0.095  -0.095  -0.095  -0.095  -0.095  -0.095  -0.097  -0.099  -0.099  -0.097  -0.095  -0.094  -0.092  -0.090  -0.087  -0.084  -0.081  -0.077  -0.074  -0.072  -0.070
   2.850  -0.088  -0.087  -0.086  -0.084  -0.083  -0.082  -0.081  -0.081  -0.081  -0.081  -0.082  -0.083  -0.084  -0.084  -0.085  -0.085  -0.085  -0.085  -0.085  -0.085  -0.085  -0.085  -0.085  -0.085  -0.085  -0.085  -0.085  -0.085  -0.085  -0.086  -0.086  -0.085  -0.083  -0.083  -0.084  -0.085  -0.085  -0.084  -0.083  -0.081  -0.079  -0.077  -0.074  -0.071  -0.069  -0.067
   2.900  -0.091  -0.088  -0.085  -0.083  -0.082  -0.082  -0.082  -0.082  -0.081  -0.078  -0.076  -0.076  -0.075  -0.074  -0.068  -0.064  -0.064  -0.064  -0.064  -0.064  -0.064  -0.064  -0.064  -0.064  -0.063  -0.063  -0.063  -0.064  -0.064  -0.064  -0.065  -0.068  -0.073  -0.075  -0.075  -0.076  -0.076  -0.076  -0.076  -0.075  -0.074  -0.072  -0.070  -0.068  -0.066  -0.063
   2.910  -0.109  -0.098  -0.090  -0.085  -0.082  -0.080  -0.079  -0.078  -0.076  -0.075  -0.073  -0.072  -0.071  -0.071  -0.070  -0.070  -0.070  -0.069  -0.069  -0.070  -0.070  -0.070  -0.070  -0.070  -0.071  -0.071  -0.070  -0.069  -0.069  -0.069  -0.069  -0.068  -0.067  -0.066  -0.067  -0.068  -0.069  -0.069  -0.069  -0.069  -0.068  -0.067  -0.065  -0.064  -0.062  -0.060
   2.920  -0.173  -0.142  -0.118  -0.100  -0.090  -0.083  -0.078  -0.075  -0.073  -0.071  -0.071  -0.071  -0.071  -0.070  -0.067  -0.065  -0.064  -0.064  -0.064  -0.064  -0.064  -0.064  -0.064  -0.064  -0.064  -0.064  -0.064  -0.065  -0.065  -0.064  -0.064  -0.064  -0.064  -0.064  -0.063  -0.063  -0.063  -0.063  -0.063  -0.063  -0.062  -0.062  -0.061  -0.060  -0.058  -0.057
   2.930  -0.303  -0.244  -0.195  -0.156  -0.127  -0.106  -0.091  -0.082  -0.075  -0.071  -0.068  -0.066  -0.065  -0.065  -0.064  -0.064  -0.062  -0.060  -0.059  -0.058  -0.058  -0.058  -0.057  -0.057  -0.058  -0.058  -0.058  -0.058  -0.058  -0.058  -0.058  -0.058  -0.058  -0.058  -0.057  -0.057  -0.057  -0.057  -0.057  -0.057  -0.056  -0.056  -0.055  -0.055  -0.054  -0.053
   2.940  -0.717  -0.523  -0.373  -0.267  -0.213  -0.175  -0.139  -0.112  -0.092  -0.080  -0.072  -0.066  -0.063  -0.061  -0.060  -0.059  -0.059  -0.058  -0.057  -0.054  -0.052  -0.051  -0.051  -0.051  -0.051  -0.051  -0.051  -0.051  -0.051  -0.051  -0.051  -0.051  -0.052  -0.052  -0.051  -0.051  -0.051  -0.051  -0.050  -0.050  -0.050  -0.050  -0.049  -0.049  -0.048  -0.047
   2.950  -0.716  -0.715  -0.713  -0.678  -0.490  -0.310  -0.233  -0.191  -0.152  -0.120  -0.096  -0.080  -0.070  -0.062  -0.058  -0.055  -0.053  -0.051  -0.051  -0.050  -0.050  -0.048  -0.046  -0.045  -0.044  -0.044  -0.044  -0.044  -0.044  -0.044  -0.044  -0.044  -0.044  -0.044  -0.044  -0.044  -0.044  -0.044  -0.043  -0.043  -0.043  -0.043  -0.043  -0.042  -0.042  -0.041
   2.960  -0.729  -0.726  -0.719  -0.699  -0.639  -0.557  -0.456  -0.346  -0.265  -0.209  -0.165  -0.128  -0.100  -0.080  -0.067  -0.058  -0.052  -0.048  -0.046  -0.045  -0.044  -0.044  -0.043  -0.042  -0.040  -0.038  -0.037  -0.037  -0.037  -0.036  -0.036  -0.036  -0.036  -0.036  -0.036  -0.036  -0.036  -0.036  -0.036  -0.036  -0.036  -0.035  -0.035  -0.035  -0.035  -0.034
   2.970  -0.804  -0.769  -0.742  -0.724  -0.715  -0.709  -0.705  -0.703  -0.666  -0.476  -0.296  -0.217  -0.175  -0.135  -0.104  -0.080  -0.064  -0.054  -0.046  -0.042  -0.039  -0.037  -0.036  -0.036  -0.035  -0.035  -0.033  -0.031  -0.030  -0.029  -0.029  -0.029  -0.028  -0.028  -0.028  -0.028  -0.028  -0.028  -0.028  -0.028  -0.028  -0.028  -0.027  -0.027  -0.027  -0.027
   2.980  -1.141  -0.993  -0.879  -0.802  -0.762  -0.737  -0.719  -0.710  -0.703  -0.700  -0.696  -0.572  -0.357  -0.233  -0.180  -0.143  -0.107  -0.080  -0.060  -0.049  -0.041  -0.035  -0.031  -0.029  -0.028  -0.027  -0.027  -0.026  -0.025  -0.024  -0.022  -0.021  -0.021  -0.020  -0.020  -0.020  -0.020  -0.020  -0.020  -0.020  -0.019  -0.019  -0.019  -0.019  -0.019  -0.019
   2.990  -1.565  -1.440  -1.310  -1.169  -1.011  -0.881  -0.802  -0.756  -0.729  -0.720  -0.703  -0.650  -0.568  -0.474  -0.361  -0.261  -0.195  -0.148  -0.108  -0.080  -0.058  -0.043  -0.034  -0.027  -0.023  -0.021  -0.019  -0.018  -0.018  -0.017  -0.017  -0.016  -0.014  -0.013  -0.012  -0.012  -0.012  -0.011  -0.011  -0.011  -0.011  -0.011  -0.011  -0.010  -0.010  -0.010
   3.000  -1.588  -1.566  -1.555  -1.561  -1.597  -1.621  -1.412  -1.047  -0.868  -0.793  -0.750  -0.721  -0.706  -0.695  -0.690  -0.682  -0.545  -0.315  -0.194  -0.142  -0.108  -0.076  -0.054  -0.037  -0.027  -0.020  -0.015  -0.012  -0.010  -0.009  -0.008  -0.007  -0.007  -0.006  -0.005  -0.004  -0.004  -0.003  -0.003  -0.003  -0.002  -0.002  -0.002  -0.002  -0.001  -0.001
   3.010  -1.575  -1.574  -1.572  -1.562  -1.528  -1.506  -1.529  -1.565  -1.523  -1.243  -0.975  -0.854  -0.788  -0.742  -0.726  -0.696  -0.588  -0.436  -0.332  -0.265  -0.209  -0.155  -0.108  -0.073  -0.048  -0.030  -0.018  -0.012  -0.006  -0.003  -0.001   0.000   0.000   0.001   0.002   0.004   0.004   0.005   0.005   0.006   0.006   0.007   0.007   0.007   0.008   0.008
   3.020  -1.578  -1.588  -1.592  -1.589  -1.568  -1.550  -1.544  -1.541  -1.543  -1.554  -1.561  -1.410  -1.130  -0.953  -0.847  -0.773  -0.736  -0.715  -0.643  -0.490  -0.349  -0.267  -0.208  -0.154  -0.107  -0.070  -0.043  -0.024  -0.011  -0.003   0.002   0.005   0.007   0.009   0.010   0.011   0.012   0.013   0.014   0.014   0.015   0.016   0.016   0.017   0.017   0.017
   3.030  -1.483  -1.515  -1.540  -1.557  -1.567  -1.570  -1.555  -1.532  -1.528  -1.530  -1.533  -1.540  -1.548  -1.512  -1.295  -1.071  -0.930  -0.820  -0.753  -0.730  -0.691  -0.560  -0.385  -0.269  -0.202  -0.149  -0.100  -0.062  -0.033  -0.014  -0.002   0.006   0.010   0.013   0.016   0.018   0.019   0.020   0.021   0.023   0.024   0.024   0.025   0.026   0.026   0.027
   3.040  -1.392  -1.409  -1.431  -1.458  -1.494  -1.522  -1.537  -1.544  -1.541  -1.522  -1.510  -1.514  -1.519  -1.519  -1.509  -1.490  -1.378  -1.185  -1.031  -0.895  -0.788  -0.741  -0.715  -0.624  -0.437  -0.271  -0.187  -0.137  -0.091  -0.053  -0.025  -0.007   0.004   0.012   0.017   0.021   0.024   0.026   0.028   0.030   0.032   0.033   0.034   0.035   0.036   0.037
   3.050  -1.362  -1.362  -1.364  -1.368  -1.381  -1.404  -1.441  -1.481  -1.504  -1.516  -1.520  -1.510  -1.495  -1.494  -1.502  -1.507  -1.502  -1.486  -1.444  -1.315  -1.162  -1.006  -0.851  -0.757  -0.726  -0.672  -0.510  -0.305  -0.179  -0.118  -0.078  -0.044  -0.021  -0.003   0.008   0.016   0.023   0.028   0.032   0.036   0.038   0.041   0.042   0.044   0.045   0.046
   3.060  -1.353  -1.351  -1.349  -1.346  -1.342  -1.340  -1.347  -1.364  -1.386  -1.416  -1.444  -1.467  -1.486  -1.496  -1.500  -1.502  -1.499  -1.492  -1.482  -1.472  -1.451  -1.373  -1.238  -1.095  -0.927  -0.789  -0.733  -0.700  -0.588  -0.356  -0.175  -0.108  -0.073  -0.042  -0.020  -0.003   0.011   0.021   0.030   0.036   0.042   0.046   0.049   0.051   0.054   0.055
   3.070  -1.337  -1.336  -1.335  -1.335  -1.334  -1.332  -1.328  -1.324  -1.324  -1.331  -1.345  -1.369  -1.398  -1.423  -1.446  -1.464  -1.474  -1.479  -1.478  -1.468  -1.462  -1.462  -1.463  -1.442  -1.313  -1.155  -1.013  -0.860  -0.684  -0.476  -0.305  -0.213  -0.163  -0.118  -0.086  -0.059  -0.030  -0.004   0.015   0.028   0.038   0.046   0.051   0.056   0.060   0.063
   3.080  -1.332  -1.327  -1.324  -1.321  -1.319  -1.318  -1.317  -1.315  -1.313  -1.309  -1.307  -1.309  -1.313  -1.324  -1.349  -1.379  -1.417  -1.451  -1.456  -1.449  -1.445  -1.445  -1.446  -1.444  -1.430  -1.402  -1.321  -1.188  -1.055  -0.913  -0.764  -0.600  -0.438  -0.319  -0.240  -0.176  -0.115  -0.063  -0.025   0.001   0.021   0.035   0.045   0.054   0.062   0.069
   3.090  -1.375  -1.352  -1.333  -1.320  -1.312  -1.307  -1.303  -1.301  -1.299  -1.299  -1.298  -1.295  -1.291  -1.291  -1.298  -1.309  -1.322  -1.339  -1.359  -1.383  -1.403  -1.416  -1.423  -1.424  -1.424  -1.424  -1.415  -1.389  -1.339  -1.240  -1.110  -0.946  -0.764  -0.615  -0.491  -0.380  -0.274  -0.179  -0.107  -0.057  -0.020   0.006   0.023   0.040   0.056   0.069
   3.100  -1.628  -1.523  -1.440  -1.381  -1.347  -1.324  -1.307  -1.297  -1.290  -1.286  -1.283  -1.281  -1.280  -1.278  -1.274  -1.272  -1.273  -1.277  -1.285  -1.300  -1.319  -1.341  -1.365  -1.382  -1.395  -1.401  -1.401  -1.400  -1.397  -1.383  -1.356  -1.269  -1.121  -0.971  -0.805  -0.644  -0.496  -0.360  -0.249  -0.164  -0.098  -0.053  -0.024   0.005   0.034   0.059
   3.110  -2.746  -2.361  -2.041  -1.784  -1.592  -1.460  -1.386  -1.348  -1.316  -1.295  -1.282  -1.273  -1.268  -1.264  -1.262  -1.260  -1.257  -1.254  -1.252  -1.251  -1.250  -1.261  -1.283  -1.304  -1.326  -1.346  -1.365  -1.380  -1.382  -1.381  -1.378  -1.354  -1.294  -1.199  -1.065  -0.916  -0.757  -0.594  -0.451  -0.326  -0.223  -0.156  -0.110  -0.061  -0.013   0.033
   3.120  -2.709  -2.697  -2.688  -2.682  -2.680  -2.676  -2.306  -1.698  -1.470  -1.396  -1.348  -1.308  -1.284  -1.266  -1.256  -1.250  -1.245  -1.242  -1.239  -1.236  -1.234  -1.235  -1.238  -1.244  -1.254  -1.268  -1.288  -1.310  -1.327  -1.343  -1.350  -1.346  -1.334  -1.306  -1.228  -1.120  -0.987  -0.835  -0.685  -0.530  -0.397  -0.308  -0.241  -0.168  -0.093  -0.019
   3.130  -2.716  -2.683  -2.657  -2.640  -2.631  -2.625  -2.622  -2.620  -2.555  -2.202  -1.839  -1.605  -1.428  -1.339  -1.297  -1.271  -1.250  -1.239  -1.230  -1.225  -1.222  -1.218  -1.215  -1.215  -1.216  -1.219  -1.225  -1.236  -1.252  -1.276  -1.292  -1.298  -1.300  -1.298  -1.275  -1.228  -1.147  -1.033  -0.902  -0.745  -0.601  -0.498  -0.411  -0.314  -0.210  -0.103
   3.140  -2.822  -2.728  -2.658  -2.617  -2.597  -2.585  -2.576  -2.571  -2.567  -2.565  -2.562  -2.388  -2.057  -1.799  -1.573  -1.410  -1.330  -1.289  -1.255  -1.234  -1.220  -1.210  -1.205  -1.201  -1.197  -1.195  -1.194  -1.193  -1.195  -1.207  -1.221  -1.235  -1.246  -1.249  -1.250  -1.250  -1.222  -1.154  -1.059  -0.930  -0.803  -0.700  -0.603  -0.489  -0.361  -0.223
   3.150  -3.114  -2.917  -2.763  -2.654  -2.595  -2.562  -2.541  -2.531  -2.522  -2.517  -2.514  -2.511  -2.510  -2.508  -2.508  -2.506  -2.191  -1.656  -1.419  -1.327  -1.273  -1.236  -1.216  -1.200  -1.191  -1.184  -1.178  -1.174  -1.174  -1.177  -1.181  -1.191  -1.203  -1.213  -1.221  -1.225  -1.217  -1.192  -1.147  -1.062  -0.966  -0.880  -0.787  -0.670  -0.532  -0.374
   3.160  -3.541  -3.252  -3.012  -2.823  -2.687  -2.593  -2.537  -2.507  -2.488  -2.477  -2.471  -2.467  -2.465  -2.463  -2.460  -2.458  -2.457  -2.456  -2.374  -1.929  -1.533  -1.389  -1.314  -1.253  -1.218  -1.196  -1.179  -1.170  -1.162  -1.156  -1.153  -1.155  -1.161  -1.169  -1.179  -1.185  -1.184  -1.182  -1.173  -1.130  -1.071  -1.011  -0.936  -0.832  -0.700  -0.542
   3.170  -4.003  -3.692  -3.411  -3.156  -2.926  -2.741  -2.615  -2.535  -2.482  -2.453  -2.437  -2.426  -2.421  -2.417  -2.416  -2.414  -2.412  -2.410  -2.408  -2.408  -2.407  -2.233  -1.900  -1.647  -1.432  -1.290  -1.230  -1.198  -1.173  -1.156  -1.148  -1.144  -1.141  -1.142  -1.146  -1.151  -1.156  -1.161  -1.160  -1.146  -1.120  -1.086  -1.036  -0.955  -0.845  -0.707
   3.180  -4.418  -4.138  -3.860  -3.579  -3.289  -3.031  -2.824  -2.657  -2.539  -2.471  -2.430  -2.403  -2.389  -2.379  -2.373  -2.370  -2.368  -2.367  -2.365  -2.363  -2.362  -2.361  -2.360  -2.360  -2.359  -2.359  -2.008  -1.439  -1.255  -1.204  -1.175  -1.154  -1.144  -1.141  -1.140  -1.139  -1.141  -1.145  -1.145  -1.141  -1.133  -1.119  -1.090  -1.037  -0.955  -0.849
   3.190  -4.737  -4.518  -4.278  -4.013  -3.717  -3.429  -3.160  -2.913  -2.720  -2.578  -2.474  -2.409  -2.376  -2.354  -2.342  -2.334  -2.328  -2.325  -2.323  -2.322  -2.321  -2.320  -2.319  -2.318  -2.317  -2.316  -2.316  -2.315  -2.217  -1.691  -1.306  -1.242  -1.209  -1.197  -1.192  -1.187  -1.177  -1.166  -1.157  -1.151  -1.142  -1.132  -1.117  -1.085  -1.031  -0.959
   3.200  -4.943  -4.799  -4.618  -4.397  -4.132  -3.853  -3.564  -3.274  -3.021  -2.796  -2.614  -2.491  -2.411  -2.356  -2.327  -2.309  -2.296  -2.290  -2.285  -2.282  -2.280  -2.279  -2.278  -2.277  -2.276  -2.275  -2.275  -2.274  -2.274  -2.273  -2.272  -2.069  -1.703  -1.489  -1.390  -1.326  -1.276  -1.247  -1.219  -1.196  -1.176  -1.160  -1.145  -1.119  -1.083  -1.039
   3.210  -5.048  -4.972  -4.853  -4.691  -4.483  -4.244  -3.972  -3.680  -3.400  -3.123  -2.879  -2.683  -2.526  -2.413  -2.346  -2.304  -2.277  -2.263  -2.253  -2.248  -2.244  -2.241  -2.240  -2.238  -2.238  -2.237  -2.237  -2.236  -2.236  -2.235  -2.233  -2.151  -1.988  -1.843  -1.695  -1.566  -1.474  -1.404  -1.344  -1.295  -1.254  -1.222  -1.195  -1.167  -1.137  -1.106
   3.220  -5.083  -5.052  -4.984  -4.880  -4.740  -4.561  -4.333  -4.070  -3.797  -3.505  -3.226  -2.970  -2.738  -2.561  -2.436  -2.345  -2.287  -2.256  -2.233  -2.221  -2.213  -2.207  -2.204  -2.202  -2.201  -2.200  -2.199  -2.198  -2.198  -2.197  -2.197  -2.197  -2.196  -2.166  -1.998  -1.821  -1.707  -1.610  -1.523  -1.448  -1.383  -1.328  -1.283  -1.243  -1.208  -1.180
   3.230  -5.081  -5.070  -5.036  -4.981  -4.900  -4.780  -4.612  -4.404  -4.164  -3.887  -3.604  -3.323  -3.051  -2.818  -2.618  -2.459  -2.350  -2.281  -2.233  -2.207  -2.191  -2.180  -2.174  -2.170  -2.167  -2.165  -2.163  -2.162  -2.162  -2.161  -2.161  -2.161  -2.160  -2.151  -2.094  -2.015  -1.921  -1.815  -1.719  -1.628  -1.546  -1.472  -1.408  -1.354  -1.309  -1.275
   3.240  -5.071  -5.065  -5.047  -5.019  -4.978  -4.906  -4.798  -4.655  -4.466  -4.229  -3.971  -3.694  -3.406  -3.138  -2.881  -2.660  -2.493  -2.366  -2.274  -2.221  -2.187  -2.164  -2.152  -2.142  -2.137  -2.133  -2.130  -2.129  -2.127  -2.127  -2.126  -2.126  -2.126  -2.124  -2.112  -2.090  -2.039  -1.962  -1.883  -1.797  -1.712  -1.631  -1.555  -1.491  -1.438  -1.394
   3.250  -5.065  -5.059  -5.046  -5.028  -5.006  -4.965  -4.903  -4.814  -4.681  -4.504  -4.292  -4.041  -3.763  -3.488  -3.208  -2.949  -2.724  -2.529  -2.382  -2.281  -2.210  -2.164  -2.141  -2.123  -2.112  -2.106  -2.101  -2.098  -2.096  -2.094  -2.093  -2.092  -2.092  -2.091  -2.091  -2.090  -2.073  -2.034  -1.983  -1.919  -1.849  -1.775  -1.700  -1.634  -1.578  -1.529
   3.260  -5.061  -5.053  -5.042  -5.028  -5.014  -4.989  -4.953  -4.901  -4.814  -4.697  -4.541  -4.334  -4.091  -3.832  -3.551  -3.275  -3.012  -2.766  -2.565  -2.406  -2.283  -2.202  -2.154  -2.117  -2.097  -2.085  -2.076  -2.071  -2.067  -2.064  -2.062  -2.061  -2.060  -2.059  -2.059  -2.058  -2.054  -2.043  -2.022  -1.985  -1.938  -1.880  -1.817  -1.760  -1.709  -1.660
   3.270  -5.053  -5.048  -5.040  -5.030  -5.017  -4.999  -4.976  -4.944  -4.889  -4.817  -4.709  -4.556  -4.366  -4.141  -3.877  -3.605  -3.331  -3.060  -2.820  -2.604  -2.425  -2.295  -2.203  -2.136  -2.098  -2.074  -2.057  -2.049  -2.042  -2.037  -2.034  -2.032  -2.030  -2.029  -2.028  -2.027  -2.026  -2.023  -2.017  -2.001  -1.975  -1.939  -1.894  -1.852  -1.811  -1.769
   3.280  -5.036  -5.035  -5.032  -5.027  -5.017  -5.003  -4.987  -4.965  -4.929  -4.883  -4.811  -4.707  -4.572  -4.392  -4.166  -3.918  -3.651  -3.373  -3.110  -2.856  -2.632  -2.449  -2.302  -2.194  -2.127  -2.082  -2.051  -2.034  -2.021  -2.013  -2.008  -2.004  -2.002  -2.000  -1.999  -1.997  -1.996  -1.995  -1.992  -1.987  -1.976  -1.957  -1.931  -1.904  -1.875  -1.844
   3.290  -5.002  -5.011  -5.015  -5.015  -5.011  -5.003  -4.992  -4.976  -4.951  -4.921  -4.872  -4.803  -4.711  -4.576  -4.400  -4.193  -3.948  -3.679  -3.413  -3.141  -2.889  -2.664  -2.466  -2.312  -2.200  -2.118  -2.063  -2.032  -2.008  -1.994  -1.986  -1.980  -1.976  -1.973  -1.970  -1.969  -1.967  -1.965  -1.963  -1.961  -1.957  -1.949  -1.935  -1.920  -1.903  -1.883
   3.300  -4.949  -4.970  -4.984  -4.990  -4.992  -4.993  -4.989  -4.978  -4.962  -4.942  -4.909  -4.863  -4.799  -4.703  -4.576  -4.414  -4.205  -3.962  -3.708  -3.436  -3.170  -2.918  -2.682  -2.484  -2.321  -2.192  -2.105  -2.050  -2.009  -1.986  -1.971  -1.960  -1.953  -1.948  -1.944  -1.941  -1.938  -1.936  -1.934  -1.933  -1.930  -1.926  -1.920  -1.913  -1.904  -1.893
   3.310  -4.878  -4.907  -4.931  -4.950  -4.964  -4.970  -4.970  -4.968  -4.964  -4.951  -4.928  -4.898  -4.856  -4.788  -4.700  -4.577  -4.411  -4.209  -3.980  -3.718  -3.451  -3.187  -2.929  -2.700  -2.494  -2.323  -2.195  -2.102  -2.033  -1.992  -1.964  -1.944  -1.934  -1.925  -1.919  -1.914  -1.910  -1.907  -1.905  -1.903  -1.901  -1.899  -1.896  -1.894  -1.891  -1.889
   3.320  -4.793  -4.830  -4.862  -4.889  -4.912  -4.930  -4.942  -4.949  -4.949  -4.944  -4.933  -4.916  -4.888  -4.842  -4.782  -4.693  -4.568  -4.410  -4.214  -3.976  -3.723  -3.461  -3.194  -2.944  -2.707  -2.498  -2.327  -2.189  -2.085  -2.018  -1.971  -1.939  -1.921  -1.906  -1.897  -1.891  -1.885  -1.881  -1.877  -1.875  -1.872  -1.869  -1.866  -1.864  -1.861  -1.858
   3.330  -4.701  -4.741  -4.779  -4.813  -4.845  -4.872  -4.895  -4.912  -4.920  -4.924  -4.925  -4.919  -4.901  -4.873  -4.834  -4.772  -4.683  -4.565  -4.405  -4.203  -3.976  -3.724  -3.455  -3.197  -2.942  -2.707  -2.500  -2.319  -2.178  -2.077  -2.002  -1.950  -1.919  -1.894  -1.879  -1.869  -1.861  -1.855  -1.851  -1.847  -1.844  -1.841  -1.838  -1.834  -1.831  -1.827
   3.340  -4.608  -4.649  -4.689  -4.727  -4.765  -4.799  -4.829  -4.855  -4.876  -4.893  -4.900  -4.899  -4.894  -4.886  -4.863  -4.820  -4.760  -4.675  -4.552  -4.391  -4.198  -3.966  -3.708  -3.451  -3.187  -2.935  -2.702  -2.490  -2.314  -2.172  -2.060  -1.982  -1.930  -1.891  -1.869  -1.853  -1.841  -1.833  -1.825  -1.820  -1.815  -1.811  -1.808  -1.804  -1.800  -1.796
   3.350  -4.520  -4.559  -4.598  -4.637  -4.677  -4.715  -4.751  -4.785  -4.814  -4.838  -4.857  -4.869  -4.875  -4.875  -4.864  -4.842  -4.807  -4.750  -4.660  -4.539  -4.383  -4.181  -3.947  -3.699  -3.432  -3.170  -2.921  -2.685  -2.478  -2.297  -2.148  -2.040  -1.963  -1.904  -1.868  -1.842  -1.823  -1.810  -1.800  -1.793  -1.787  -1.782  -1.777  -1.773  -1.768  -1.763
   3.360  -4.440  -4.475  -4.510  -4.548  -4.588  -4.627  -4.666  -4.704  -4.739  -4.771  -4.798  -4.823  -4.840  -4.843  -4.842  -4.841  -4.828  -4.790  -4.729  -4.645  -4.526  -4.361  -4.159  -3.931  -3.670  -3.406  -3.147  -2.894  -2.666  -2.457  -2.277  -2.134  -2.022  -1.936  -1.880  -1.840  -1.810  -1.792  -1.777  -1.767  -1.759  -1.752  -1.746  -1.740  -1.734  -1.729
   3.370  -4.369  -4.399  -4.431  -4.465  -4.502  -4.540  -4.579  -4.618  -4.656  -4.692  -4.726  -4.756  -4.782  -4.801  -4.815  -4.820  -4.814  -4.798  -4.768  -4.714  -4.626  -4.500  -4.338  -4.138  -3.897  -3.641  -3.378  -3.112  -2.865  -2.634  -2.428  -2.252  -2.105  -1.990  -1.909  -1.849  -1.806  -1.780  -1.758  -1.743  -1.731  -1.721  -1.713  -1.705  -1.699  -1.693
   3.380  -4.307  -4.333  -4.360  -4.390  -4.423  -4.457  -4.494  -4.532  -4.570  -4.609  -4.646  -4.681  -4.713  -4.741  -4.768  -4.780  -4.780  -4.780  -4.776  -4.746  -4.686  -4.597  -4.476  -4.310  -4.098  -3.863  -3.605  -3.332  -3.074  -2.824  -2.595  -2.392  -2.215  -2.072  -1.962  -1.877  -1.816  -1.775  -1.742  -1.720  -1.703  -1.690  -1.680  -1.670  -1.662  -1.654
   3.390  -4.255  -4.275  -4.298  -4.323  -4.351  -4.382  -4.415  -4.450  -4.486  -4.524  -4.562  -4.599  -4.635  -4.668  -4.698  -4.722  -4.740  -4.751  -4.751  -4.737  -4.709  -4.657  -4.568  -4.438  -4.266  -4.061  -3.818  -3.551  -3.288  -3.023  -2.774  -2.550  -2.348  -2.177  -2.036  -1.923  -1.839  -1.779  -1.732  -1.701  -1.678  -1.659  -1.645  -1.633  -1.621  -1.612
   3.400  -4.212  -4.227  -4.245  -4.266  -4.289  -4.315  -4.343  -4.374  -4.407  -4.442  -4.478  -4.515  -4.553  -4.589  -4.623  -4.653  -4.681  -4.703  -4.706  -4.704  -4.700  -4.677  -4.617  -4.522  -4.391  -4.222  -4.006  -3.758  -3.501  -3.228  -2.964  -2.720  -2.493  -2.296  -2.126  -1.985  -1.877  -1.797  -1.733  -1.689  -1.656  -1.630  -1.611  -1.594  -1.579  -1.568
   3.410  -4.181  -4.189  -4.201  -4.216  -4.235  -4.256  -4.280  -4.306  -4.335  -4.366  -4.399  -4.434  -4.470  -4.506  -4.542  -4.575  -4.606  -4.633  -4.651  -4.662  -4.666  -4.655  -4.621  -4.564  -4.471  -4.337  -4.156  -3.938  -3.697  -3.427  -3.158  -2.898  -2.649  -2.429  -2.236  -2.070  -1.936  -1.829  -1.745  -1.685  -1.639  -1.603  -1.577  -1.554  -1.535  -1.521
   3.420  -4.160  -4.163  -4.169  -4.178  -4.190  -4.206  -4.225  -4.246  -4.270  -4.296  -4.325  -4.356  -4.390  -4.424  -4.460  -4.494  -4.527  -4.557  -4.582  -4.603  -4.612  -4.607  -4.593  -4.565  -4.503  -4.402  -4.260  -4.080  -3.866  -3.612  -3.348  -3.082  -2.816  -2.577  -2.358  -2.166  -2.006  -1.874  -1.767  -1.688  -1.626  -1.579  -1.544  -1.514  -1.490  -1.472
   3.430  -4.149  -4.149  -4.149  -4.150  -4.156  -4.166  -4.179  -4.195  -4.214  -4.235  -4.259  -4.286  -4.316  -4.347  -4.379  -4.411  -4.444  -4.476  -4.504  -4.531  -4.543  -4.542  -4.540  -4.533  -4.493  -4.419  -4.313  -4.172  -3.990  -3.764  -3.519  -3.257  -2.985  -2.732  -2.491  -2.274  -2.089  -1.931  -1.802  -1.703  -1.624  -1.562  -1.516  -1.477  -1.445  -1.422
   3.440  -4.143  -4.138  -4.135  -4.135  -4.136  -4.137  -4.142  -4.153  -4.166  -4.183  -4.202  -4.224  -4.248  -4.275  -4.303  -4.333  -4.363  -4.393  -4.421  -4.447  -4.464  -4.472  -4.476  -4.473  -4.447  -4.396  -4.320  -4.213  -4.065  -3.876  -3.659  -3.413  -3.147  -2.889  -2.631  -2.394  -2.187  -2.004  -1.852  -1.729  -1.629  -1.551  -1.491  -1.441  -1.400  -1.371
   3.450  -4.141  -4.135  -4.130  -4.126  -4.122  -4.120  -4.121  -4.124  -4.129  -4.139  -4.153  -4.169  -4.189  -4.210  -4.234  -4.259  -4.285  -4.312  -4.337  -4.361  -4.380  -4.392  -4.397  -4.396  -4.378  -4.342  -4.288  -4.207  -4.090  -3.937  -3.753  -3.533  -3.286  -3.035  -2.773  -2.523  -2.295  -2.088  -1.911  -1.764  -1.642  -1.546  -1.472  -1.409  -1.359  -1.323
   3.460  -4.140  -4.134  -4.128  -4.122  -4.116  -4.111  -4.107  -4.104  -4.104  -4.108  -4.114  -4.124  -4.137  -4.153  -4.173  -4.193  -4.214  -4.236  -4.257  -4.278  -4.295  -4.305  -4.310  -4.309  -4.295  -4.267  -4.225  -4.161  -4.068  -3.947  -3.795  -3.606  -3.389  -3.156  -2.902  -2.651  -2.410  -2.181  -1.982  -1.811  -1.667  -1.552  -1.460  -1.383  -1.321  -1.276
   3.470  -4.135  -4.131  -4.127  -4.121  -4.114  -4.107  -4.100  -4.094  -4.090  -4.088  -4.087  -4.090  -4.097  -4.106  -4.119  -4.134  -4.150  -4.168  -4.184  -4.200  -4.212  -4.218  -4.221  -4.219  -4.205  -4.178  -4.140  -4.087  -4.010  -3.912  -3.787  -3.629  -3.444  -3.237  -3.003  -2.763  -2.520  -2.280  -2.065  -1.872  -1.705  -1.568  -1.457  -1.363  -1.288  -1.232
   3.480  -4.126  -4.125  -4.122  -4.118  -4.112  -4.106  -4.099  -4.091  -4.083  -4.075  -4.070  -4.069  -4.068  -4.069  -4.075  -4.084  -4.094  -4.106  -4.116  -4.128  -4.133  -4.133  -4.132  -4.128  -4.111  -4.082  -4.045  -3.995  -3.927  -3.843  -3.737  -3.605  -3.449  -3.270  -3.064  -2.845  -2.613  -2.374  -2.152  -1.941  -1.752  -1.594  -1.460  -1.349  -1.260  -1.194
   3.490  -4.107  -4.111  -4.113  -4.112  -4.109  -4.103  -4.097  -4.089  -4.081  -4.072  -4.063  -4.055  -4.049  -4.046  -4.045  -4.045  -4.048  -4.053  -4.057  -4.060  -4.062  -4.059  -4.050  -4.036  -4.015  -3.984  -3.944  -3.894  -3.829  -3.751  -3.656  -3.542  -3.410  -3.256  -3.079  -2.886  -2.673  -2.448  -2.228  -2.008  -1.805  -1.630  -1.477  -1.348  -1.242  -1.161
   3.500  -4.075  -4.087  -4.096  -4.097  -4.097  -4.097  -4.094  -4.088  -4.080  -4.071  -4.061  -4.051  -4.041  -4.032  -4.024  -4.018  -4.014  -4.011  -4.007  -4.004  -3.998  -3.987  -3.972  -3.950  -3.923  -3.887  -3.842  -3.788  -3.723  -3.646  -3.557  -3.454  -3.337  -3.203  -3.051  -2.883  -2.695  -2.492  -2.284  -2.067  -1.861  -1.673  -1.501  -1.355  -1.233  -1.134
   3.525  -3.894  -3.932  -3.964  -3.988  -4.011  -4.033  -4.046  -4.051  -4.052  -4.051  -4.045  -4.038  -4.029  -4.022  -4.014  -4.004  -3.993  -3.975  -3.951  -3.924  -3.891  -3.853  -3.813  -3.768  -3.720  -3.668  -3.606  -3.535  -3.457  -3.372  -3.281  -3.183  -3.079  -2.967  -2.848  -2.725  -2.572  -2.404  -2.231  -2.039  -1.849  -1.671  -1.507  -1.355  -1.219  -1.096
   3.550  -3.608  -3.670  -3.727  -3.780  -3.830  -3.874  -3.913  -3.946  -3.973  -3.994  -4.006  -4.011  -4.014  -4.013  -4.004  -3.990  -3.972  -3.949  -3.919  -3.883  -3.840  -3.788  -3.728  -3.662  -3.588  -3.507  -3.420  -3.326  -3.229  -3.126  -3.020  -2.912  -2.802  -2.690  -2.577  -2.461  -2.342  -2.220  -2.091  -1.956  -1.815  -1.665  -1.509  -1.355  -1.201  -1.047
   3.575  -3.236  -3.311  -3.384  -3.454  -3.521  -3.584  -3.647  -3.706  -3.760  -3.807  -3.846  -3.877  -3.904  -3.925  -3.937  -3.938  -3.927  -3.914  -3.892  -3.861  -3.823  -3.775  -3.712  -3.637  -3.545  -3.437  -3.322  -3.201  -3.078  -2.951  -2.824  -2.698  -2.574  -2.451  -2.330  -2.210  -2.091  -1.972  -1.851  -1.737  -1.621  -1.493  -1.354  -1.214  -1.066  -0.912
   3.600  -2.818  -2.903  -2.985  -3.066  -3.146  -3.223  -3.298  -3.371  -3.441  -3.508  -3.571  -3.630  -3.684  -3.732  -3.775  -3.809  -3.834  -3.848  -3.848  -3.835  -3.807  -3.761  -3.696  -3.612  -3.508  -3.391  -3.260  -3.119  -2.975  -2.826  -2.678  -2.532  -2.389  -2.248  -2.111  -1.976  -1.845  -1.716  -1.588  -1.463  -1.338  -1.214  -1.090  -0.966  -0.843  -0.720
   3.625  -2.400  -2.490  -2.579  -2.666  -2.752  -2.837  -2.920  -3.002  -3.082  -3.160  -3.235  -3.308  -3.377  -3.441  -3.501  -3.555  -3.606  -3.646  -3.672  -3.684  -3.678  -3.651  -3.603  -3.535  -3.442  -3.332  -3.207  -3.067  -2.922  -2.769  -2.609  -2.447  -2.285  -2.125  -1.969  -1.817  -1.669  -1.525  -1.386  -1.249  -1.116  -0.986  -0.859  -0.733  -0.609  -0.488
   3.650  -1.988  -2.080  -2.171  -2.261  -2.351  -2.439  -2.526  -2.612  -2.697  -2.781  -2.863  -2.943  -3.021  -3.096  -3.167  -3.233  -3.294  -3.348  -3.390  -3.424  -3.438  -3.432  -3.412  -3.377  -3.313  -3.227  -3.121  -2.996  -2.857  -2.702  -2.540  -2.372  -2.200  -2.030  -1.861  -1.694  -1.532  -1.373  -1.218  -1.068  -0.922  -0.780  -0.642  -0.507  -0.376  -0.249
   3.675  -1.598  -1.690  -1.783  -1.875  -1.966  -2.057  -2.147  -2.236  -2.324  -2.412  -2.498  -2.582  -2.664  -2.744  -2.821  -2.893  -2.960  -3.021  -3.071  -3.113  -3.132  -3.131  -3.121  -3.100  -3.048  -2.980  -2.895  -2.791  -2.673  -2.539  -2.398  -2.251  -2.097  -1.938  -1.774  -1.609  -1.441  -1.273  -1.107  -0.943  -0.782  -0.626  -0.475  -0.328  -0.186  -0.048
   3.700  -1.241  -1.330  -1.420  -1.510  -1.601  -1.692  -1.782  -1.872  -1.960  -2.049  -2.136  -2.222  -2.305  -2.386  -2.465  -2.539  -2.608  -2.670  -2.722  -2.767  -2.786  -2.784  -2.778  -2.764  -2.719  -2.657  -2.586  -2.502  -2.410  -2.307  -2.196  -2.076  -1.946  -1.807  -1.659  -1.503  -1.340  -1.171  -1.002  -0.831  -0.662  -0.496  -0.333  -0.175  -0.021   0.128
   3.725  -0.927  -1.006  -1.088  -1.172  -1.259  -1.347  -1.436  -1.524  -1.613  -1.701  -1.789  -1.875  -1.960  -2.042  -2.121  -2.196  -2.265  -2.327  -2.379  -2.423  -2.443  -2.441  -2.435  -2.421  -2.378  -2.321  -2.255  -2.179  -2.096  -2.005  -1.906  -1.801  -1.689  -1.569  -1.442  -1.307  -1.165  -1.016  -0.863  -0.705  -0.544  -0.380  -0.215  -0.053   0.108   0.267
   3.750  -0.677  -0.741  -0.808  -0.881  -0.958  -1.038  -1.120  -1.204  -1.288  -1.373  -1.458  -1.542  -1.625  -1.705  -1.783  -1.855  -1.922  -1.982  -2.031  -2.072  -2.090  -2.088  -2.080  -2.064  -2.022  -1.966  -1.903  -1.830  -1.751  -1.666  -1.576  -1.482  -1.383  -1.280  -1.173  -1.060  -0.942  -0.817  -0.685  -0.545  -0.399  -0.245  -0.086   0.074   0.236   0.400
   3.775  -0.521  -0.558  -0.602  -0.654  -0.713  -0.777  -0.844  -0.915  -0.989  -1.065  -1.143  -1.221  -1.299  -1.374  -1.447  -1.515  -1.578  -1.633  -1.678  -1.716  -1.731  -1.729  -1.721  -1.704  -1.664  -1.611  -1.552  -1.483  -1.409  -1.329  -1.245  -1.158  -1.066  -0.972  -0.874  -0.772  -0.665  -0.554  -0.436  -0.312  -0.181  -0.043   0.100   0.247   0.398   0.553
   3.800  -0.448  -0.460  -0.479  -0.505  -0.537  -0.576  -0.623  -0.676  -0.733  -0.796  -0.860  -0.926  -0.993  -1.058  -1.122  -1.182  -1.237  -1.285  -1.323  -1.353  -1.366  -1.363  -1.354  -1.336  -1.299  -1.250  -1.194  -1.130  -1.061  -0.986  -0.907  -0.824  -0.738  -0.649  -0.557  -0.462  -0.364  -0.262  -0.155  -0.044   0.072   0.193   0.319   0.450   0.587   0.728
   3.825  -0.425  -0.425  -0.428  -0.434  -0.442  -0.457  -0.479  -0.506  -0.539  -0.579  -0.622  -0.666  -0.713  -0.760  -0.808  -0.854  -0.895  -0.932  -0.960  -0.981  -0.990  -0.987  -0.976  -0.956  -0.923  -0.880  -0.830  -0.772  -0.709  -0.641  -0.568  -0.492  -0.412  -0.330  -0.244  -0.155  -0.064   0.031   0.130   0.232   0.340   0.451   0.568   0.689   0.815   0.946
   3.850  -0.417  -0.414  -0.411  -0.409  -0.407  -0.406  -0.407  -0.409  -0.414  -0.424  -0.438  -0.456  -0.478  -0.501  -0.527  -0.551  -0.574  -0.594  -0.606  -0.614  -0.616  -0.610  -0.595  -0.573  -0.542  -0.505  -0.460  -0.409  -0.353  -0.292  -0.227  -0.158  -0.085  -0.009   0.071   0.153   0.238   0.327   0.420   0.516   0.616   0.721   0.831   0.944   1.061   1.182
   3.875  -0.418  -0.415  -0.411  -0.405  -0.398  -0.390  -0.380  -0.369  -0.354  -0.339  -0.326  -0.316  -0.307  -0.301  -0.297  -0.290  -0.284  -0.278  -0.270  -0.260  -0.249  -0.234  -0.214  -0.188  -0.159  -0.124  -0.085  -0.040   0.009   0.062   0.120   0.181   0.245   0.313   0.385   0.460   0.538   0.620   0.706   0.795   0.888   0.987   1.090   1.196   1.306   1.420
   3.900  -0.421  -0.416  -0.410  -0.403  -0.395  -0.385  -0.372  -0.355  -0.334  -0.309  -0.279  -0.244  -0.206  -0.166  -0.125  -0.084  -0.046  -0.009   0.026   0.058   0.089   0.119   0.149   0.181   0.213   0.248   0.285   0.325   0.368   0.415   0.465   0.518   0.574   0.634   0.698   0.765   0.836   0.911   0.990   1.072   1.159   1.251   1.347   1.447   1.551   1.659
   3.925  -0.423  -0.420  -0.414  -0.407  -0.399  -0.388  -0.374  -0.357  -0.334  -0.305  -0.266  -0.218  -0.161  -0.096  -0.022   0.048   0.120   0.192   0.257   0.320   0.379   0.432   0.479   0.524   0.564   0.604   0.642   0.681   0.722   0.764   0.808   0.854   0.903   0.955   1.011   1.070   1.133   1.200   1.271   1.346   1.426   1.511   1.600   1.693   1.791   1.893
   3.950  -0.425  -0.422  -0.417  -0.411  -0.404  -0.393  -0.379  -0.361  -0.335  -0.303  -0.262  -0.210  -0.147  -0.072   0.015   0.109   0.211   0.318   0.420   0.519   0.610   0.690   0.760   0.823   0.878   0.927   0.972   1.014   1.056   1.096   1.137   1.179   1.222   1.268   1.317   1.369   1.425   1.484   1.547   1.615   1.688   1.765   1.847   1.934   2.025   2.121
   3.975  -0.424  -0.421  -0.417  -0.412  -0.406  -0.397  -0.384  -0.367  -0.341  -0.310  -0.268  -0.215  -0.151  -0.074   0.017   0.125   0.246   0.378   0.512   0.646   0.769   0.877   0.974   1.058   1.134   1.201   1.260   1.311   1.359   1.402   1.443   1.485   1.526   1.568   1.612   1.658   1.708   1.761   1.818   1.879   1.944   2.014   2.088   2.168   2.252   2.341
   4.000  -0.421  -0.420  -0.417  -0.413  -0.407  -0.399  -0.387  -0.372  -0.349  -0.319  -0.279  -0.226  -0.161  -0.079   0.018   0.130   0.258   0.398   0.542   0.694   0.842   0.981   1.113   1.229   1.331   1.421   1.498   1.564   1.623   1.673   1.720   1.764   1.806   1.848   1.889   1.932   1.978   2.026   2.077   2.132   2.191   2.254   2.322   2.395   2.473   2.555
   4.025  -0.417  -0.416  -0.414  -0.410  -0.405  -0.398  -0.387  -0.374  -0.354  -0.327  -0.289  -0.238  -0.175  -0.094   0.005   0.117   0.246   0.388   0.537   0.693   0.856   1.019   1.181   1.331   1.466   1.579   1.675   1.758   1.834   1.899   1.957   2.008   2.055   2.100   2.142   2.184   2.228   2.274   2.322   2.373   2.427   2.485   2.548   2.616   2.687   2.764
   4.050  -0.411  -0.410  -0.408  -0.404  -0.400  -0.394  -0.386  -0.375  -0.356  -0.331  -0.296  -0.249  -0.189  -0.112  -0.018   0.093   0.222   0.367   0.522   0.689   0.860   1.032   1.204   1.366   1.520   1.662   1.787   1.898   1.996   2.079   2.152   2.216   2.271   2.322   2.369   2.414   2.459   2.504   2.551   2.599   2.650   2.705   2.764   2.827   2.894   2.965
   4.075  -0.405  -0.404  -0.402  -0.399  -0.395  -0.389  -0.382  -0.371  -0.354  -0.331  -0.299  -0.256  -0.200  -0.127  -0.037   0.070   0.195   0.337   0.491   0.662   0.835   1.011   1.188   1.359   1.520   1.686   1.842   1.987   2.109   2.210   2.300   2.380   2.449   2.511   2.566   2.617   2.666   2.712   2.760   2.808   2.858   2.911   2.967   3.027   3.089   3.155
   4.100  -0.399  -0.398  -0.395  -0.392  -0.389  -0.383  -0.376  -0.365  -0.350  -0.330  -0.300  -0.259  -0.207  -0.139  -0.054   0.047   0.167   0.304   0.454   0.619   0.792   0.972   1.156   1.338   1.519   1.694   1.861   2.018   2.162   2.292   2.407   2.506   2.592   2.668   2.734   2.794   2.849   2.900   2.951   3.001   3.052   3.105   3.159   3.216   3.276   3.338
   4.125  -0.393  -0.390  -0.387  -0.384  -0.380  -0.375  -0.368  -0.359  -0.344  -0.326  -0.298  -0.259  -0.210  -0.147  -0.067   0.029   0.144   0.274   0.420   0.580   0.750   0.929   1.114   1.299   1.490   1.671   1.846   2.014   2.172   2.332   2.478   2.595   2.699   2.793   2.873   2.945   3.010   3.068   3.125   3.178   3.230   3.284   3.338   3.394   3.453   3.514
   4.150  -0.389  -0.385  -0.381  -0.377  -0.373  -0.367  -0.360  -0.351  -0.337  -0.319  -0.293  -0.257  -0.212  -0.151  -0.076   0.015   0.124   0.249   0.389   0.545   0.711   0.887   1.072   1.256   1.441   1.627   1.814   1.999   2.175   2.346   2.504   2.646   2.774   2.888   2.985   3.072   3.149   3.217   3.280   3.339   3.395   3.451   3.506   3.563   3.623   3.684
   4.175  -0.390  -0.386  -0.381  -0.374  -0.368  -0.360  -0.352  -0.342  -0.328  -0.311  -0.286  -0.253  -0.209  -0.150  -0.081   0.006   0.110   0.231   0.367   0.520   0.683   0.857   1.038   1.219   1.398   1.581   1.772   1.967   2.156   2.336   2.504   2.671   2.824   2.954   3.071   3.175   3.266   3.345   3.419   3.484   3.547   3.607   3.665   3.725   3.786   3.847
   4.200  -0.392  -0.387  -0.380  -0.373  -0.366  -0.357  -0.347  -0.336  -0.321  -0.304  -0.279  -0.246  -0.205  -0.150  -0.083   0.000   0.101   0.218   0.351   0.501   0.662   0.835   1.015   1.190   1.358   1.534   1.727   1.928   2.123   2.317   2.503   2.680   2.846   2.998   3.134   3.256   3.363   3.456   3.541   3.616   3.686   3.752   3.815   3.879   3.942   4.005
   4.225  -0.393  -0.388  -0.382  -0.375  -0.368  -0.359  -0.348  -0.335  -0.319  -0.300  -0.274  -0.241  -0.200  -0.147  -0.082  -0.003   0.094   0.206   0.337   0.487   0.649   0.826   1.009   1.178   1.331   1.496   1.687   1.892   2.092   2.292   2.489   2.674   2.855   3.024   3.178   3.318   3.441   3.551   3.649   3.735   3.815   3.888   3.957   4.026   4.093   4.158
   4.250  -0.394  -0.389  -0.383  -0.377  -0.369  -0.360  -0.349  -0.335  -0.318  -0.298  -0.272  -0.238  -0.197  -0.144  -0.082  -0.005   0.088   0.197   0.326   0.476   0.639   0.818   1.004   1.168   1.309   1.464   1.654   1.860   2.063   2.266   2.467   2.665   2.857   3.038   3.208   3.364   3.504   3.631   3.744   3.842   3.932   4.015   4.091   4.165   4.236   4.305
   4.275  -0.394  -0.389  -0.383  -0.377  -0.369  -0.360  -0.349  -0.336  -0.319  -0.300  -0.274  -0.241  -0.200  -0.147  -0.084  -0.008   0.083   0.189   0.316   0.465   0.626   0.800   0.981   1.142   1.284   1.440   1.629   1.836   2.041   2.246   2.450   2.653   2.854   3.045   3.228   3.399   3.554   3.696   3.824   3.936   4.038   4.131   4.215   4.296   4.373   4.446
   4.300  -0.394  -0.389  -0.383  -0.377  -0.369  -0.360  -0.349  -0.337  -0.321  -0.301  -0.276  -0.244  -0.204  -0.151  -0.088  -0.012   0.077   0.181   0.307   0.454   0.612   0.778   0.949   1.110   1.261   1.424   1.616   1.821   2.026   2.232   2.439   2.646   2.851   3.050   3.243   3.426   3.595   3.752   3.894   4.020   4.135   4.238   4.331   4.420   4.502   4.578
   4.325  -0.394  -0.389  -0.383  -0.377  -0.369  -0.359  -0.348  -0.335  -0.319  -0.300  -0.275  -0.244  -0.206  -0.156  -0.095  -0.021   0.068   0.172   0.297   0.444   0.598   0.752   0.908   1.070   1.237   1.416   1.611   1.814   2.019   2.227   2.437   2.646   2.853   3.057   3.258   3.451   3.631   3.801   3.955   4.095   4.222   4.336   4.438   4.532   4.618   4.694
   4.350  -0.393  -0.389  -0.383  -0.376  -0.368  -0.358  -0.346  -0.332  -0.315  -0.297  -0.273  -0.243  -0.207  -0.158  -0.100  -0.027   0.061   0.163   0.287   0.433   0.585   0.730   0.880   1.045   1.225   1.413   1.609   1.812   2.017   2.226   2.436   2.647   2.859   3.067   3.274   3.474   3.664   3.845   4.011   4.163   4.302   4.427   4.538   4.639   4.727   4.804
   4.375  -0.390  -0.387  -0.382  -0.375  -0.367  -0.357  -0.344  -0.330  -0.312  -0.292  -0.268  -0.239  -0.203  -0.156  -0.098  -0.027   0.058   0.157   0.278   0.422   0.573   0.720   0.876   1.045   1.227   1.417   1.614   1.817   2.023   2.233   2.444   2.656   2.871   3.083   3.294   3.499   3.697   3.887   4.063   4.227   4.378   4.515   4.638   4.747   4.841   4.920
   4.400  -0.387  -0.384  -0.379  -0.373  -0.365  -0.355  -0.342  -0.327  -0.308  -0.287  -0.261  -0.231  -0.195  -0.149  -0.094  -0.026   0.057   0.155   0.274   0.416   0.566   0.717   0.875   1.047   1.234   1.428   1.626   1.830   2.037   2.247   2.460   2.674   2.890   3.104   3.318   3.527   3.731   3.928   4.113   4.287   4.448   4.595   4.728   4.844   4.946   5.032
   4.425  -0.385  -0.382  -0.376  -0.370  -0.362  -0.352  -0.339  -0.323  -0.304  -0.281  -0.254  -0.223  -0.186  -0.139  -0.085  -0.018   0.064   0.160   0.277   0.416   0.564   0.718   0.880   1.057   1.247   1.443   1.643   1.848   2.055   2.267   2.481   2.696   2.913   3.129   3.346   3.559   3.768   3.971   4.162   4.343   4.509   4.658   4.792   4.917   5.032   5.137
   4.450  -0.383  -0.379  -0.373  -0.366  -0.358  -0.348  -0.335  -0.319  -0.300  -0.276  -0.247  -0.214  -0.175  -0.127  -0.071  -0.003   0.078   0.173   0.286   0.418   0.563   0.722   0.893   1.074   1.265   1.463   1.664   1.870   2.079   2.291   2.506   2.722   2.940   3.158   3.378   3.594   3.807   4.014   4.209   4.395   4.566   4.715   4.849   4.980   5.106   5.225
   4.475  -0.379  -0.375  -0.370  -0.363  -0.355  -0.345  -0.332  -0.316  -0.295  -0.270  -0.240  -0.204  -0.163  -0.113  -0.055   0.014   0.095   0.190   0.302   0.430   0.575   0.736   0.911   1.094   1.287   1.486   1.689   1.896   2.106   2.319   2.535   2.752   2.971   3.191   3.412   3.631   3.846   4.056   4.256   4.447   4.622   4.775   4.914   5.045   5.169   5.284
   4.500  -0.374  -0.371  -0.366  -0.360  -0.353  -0.343  -0.330  -0.313  -0.291  -0.265  -0.232  -0.194  -0.149  -0.097  -0.037   0.034   0.117   0.213   0.326   0.456   0.601   0.761   0.936   1.119   1.313   1.513   1.717   1.926   2.137   2.351   2.568   2.787   3.007   3.228   3.449   3.669   3.886   4.099   4.301   4.496   4.676   4.836   4.980   5.108   5.221   5.319

