low temperature opacities from Ferguson, Alexander, et al (2005) with gs98 metals
    form     version        X           Z          logRs    logR_min    logR_max       logTs    logT_min    logT_max
       1          38    0.200000    0.004000          46   -8.000000    1.000000         105    2.700000    4.500000

   logT                       logR = logRho - 3*logT + 18
          -8.000  -7.800  -7.600  -7.400  -7.200  -7.000  -6.800  -6.600  -6.400  -6.200  -6.000  -5.800  -5.600  -5.400  -5.200  -5.000  -4.800  -4.600  -4.400  -4.200  -4.000  -3.800  -3.600  -3.400  -3.200  -3.000  -2.800  -2.600  -2.400  -2.200  -2.000  -1.800  -1.600  -1.400  -1.200  -1.000  -0.800  -0.600  -0.400  -0.200   0.000   0.200   0.400   0.600   0.800   1.000

   2.700  -0.967  -0.967  -0.967  -0.967  -0.967  -0.967  -0.967  -0.967  -0.967  -0.967  -0.967  -0.967  -0.967  -0.967  -0.967  -0.967  -0.967  -0.967  -0.967  -0.967  -0.967  -0.967  -0.967  -0.969  -0.979  -0.985  -0.979  -0.969  -0.967  -0.967  -0.967  -0.979  -0.998  -1.002  -1.002  -1.001  -1.002  -1.003  -1.005  -1.006  -1.007  -1.006  -1.005  -1.005  -1.007  -1.010
   2.750  -1.017  -1.017  -1.017  -1.017  -1.016  -1.016  -1.016  -1.016  -1.016  -1.016  -1.016  -1.016  -1.016  -1.016  -1.016  -1.016  -1.016  -1.016  -1.016  -1.016  -1.016  -1.016  -1.016  -1.016  -1.016  -1.016  -1.016  -1.016  -1.016  -1.016  -1.016  -1.014  -1.011  -1.009  -1.007  -1.007  -1.007  -1.007  -1.008  -1.009  -1.009  -1.009  -1.008  -1.008  -1.009  -1.011
   2.800  -1.037  -1.034  -1.032  -1.030  -1.029  -1.028  -1.027  -1.027  -1.027  -1.026  -1.026  -1.026  -1.026  -1.026  -1.026  -1.026  -1.026  -1.026  -1.026  -1.026  -1.026  -1.026  -1.026  -1.026  -1.026  -1.026  -1.026  -1.026  -1.026  -1.026  -1.026  -1.026  -1.026  -1.024  -1.020  -1.016  -1.015  -1.014  -1.014  -1.014  -1.014  -1.013  -1.012  -1.012  -1.013  -1.015
   2.850  -1.105  -1.086  -1.072  -1.062  -1.057  -1.053  -1.049  -1.046  -1.043  -1.040  -1.038  -1.037  -1.036  -1.036  -1.035  -1.035  -1.035  -1.034  -1.034  -1.034  -1.034  -1.034  -1.034  -1.034  -1.034  -1.034  -1.034  -1.034  -1.034  -1.034  -1.034  -1.032  -1.028  -1.025  -1.024  -1.023  -1.022  -1.021  -1.021  -1.020  -1.020  -1.019  -1.018  -1.018  -1.018  -1.019
   2.900  -1.135  -1.115  -1.099  -1.086  -1.077  -1.071  -1.066  -1.064  -1.062  -1.062  -1.061  -1.060  -1.060  -1.061  -1.065  -1.068  -1.051  -1.024  -1.019  -1.018  -1.018  -1.018  -1.017  -1.017  -1.017  -1.017  -1.017  -1.017  -1.017  -1.017  -1.017  -1.019  -1.022  -1.024  -1.026  -1.027  -1.027  -1.026  -1.026  -1.026  -1.025  -1.025  -1.024  -1.023  -1.024  -1.024
   2.910  -1.197  -1.173  -1.151  -1.129  -1.109  -1.092  -1.080  -1.072  -1.066  -1.062  -1.060  -1.058  -1.057  -1.057  -1.056  -1.056  -1.055  -1.053  -1.053  -1.054  -1.054  -1.041  -1.022  -1.018  -1.018  -1.018  -1.018  -1.018  -1.018  -1.018  -1.018  -1.021  -1.026  -1.029  -1.030  -1.030  -1.030  -1.030  -1.030  -1.030  -1.030  -1.029  -1.028  -1.028  -1.028  -1.028
   2.920  -1.272  -1.261  -1.242  -1.215  -1.177  -1.143  -1.119  -1.100  -1.085  -1.074  -1.066  -1.060  -1.057  -1.055  -1.054  -1.053  -1.053  -1.052  -1.051  -1.050  -1.049  -1.048  -1.048  -1.048  -1.048  -1.048  -1.048  -1.048  -1.048  -1.048  -1.048  -1.044  -1.038  -1.036  -1.035  -1.035  -1.034  -1.034  -1.033  -1.033  -1.032  -1.032  -1.031  -1.031  -1.030  -1.030
   2.930  -1.267  -1.267  -1.267  -1.262  -1.233  -1.201  -1.177  -1.153  -1.131  -1.109  -1.091  -1.077  -1.066  -1.058  -1.054  -1.051  -1.049  -1.048  -1.048  -1.047  -1.046  -1.045  -1.044  -1.044  -1.043  -1.043  -1.043  -1.043  -1.043  -1.043  -1.043  -1.043  -1.043  -1.042  -1.040  -1.037  -1.036  -1.035  -1.034  -1.034  -1.033  -1.033  -1.032  -1.032  -1.031  -1.031
   2.940  -1.263  -1.263  -1.262  -1.262  -1.262  -1.261  -1.244  -1.212  -1.186  -1.163  -1.141  -1.118  -1.096  -1.079  -1.067  -1.058  -1.052  -1.048  -1.045  -1.043  -1.042  -1.041  -1.041  -1.041  -1.041  -1.040  -1.039  -1.037  -1.037  -1.037  -1.037  -1.037  -1.037  -1.037  -1.036  -1.035  -1.035  -1.034  -1.033  -1.032  -1.032  -1.031  -1.031  -1.030  -1.030  -1.030
   2.950  -1.262  -1.259  -1.258  -1.257  -1.256  -1.256  -1.256  -1.255  -1.255  -1.255  -1.255  -1.221  -1.159  -1.121  -1.099  -1.082  -1.067  -1.056  -1.048  -1.043  -1.040  -1.038  -1.037  -1.035  -1.034  -1.034  -1.034  -1.034  -1.034  -1.032  -1.031  -1.031  -1.031  -1.031  -1.031  -1.030  -1.030  -1.029  -1.029  -1.029  -1.028  -1.028  -1.027  -1.027  -1.026  -1.026
   2.960  -1.281  -1.270  -1.262  -1.257  -1.254  -1.252  -1.250  -1.249  -1.249  -1.248  -1.248  -1.241  -1.224  -1.199  -1.163  -1.129  -1.105  -1.085  -1.068  -1.055  -1.045  -1.038  -1.035  -1.032  -1.030  -1.029  -1.028  -1.027  -1.027  -1.027  -1.027  -1.026  -1.025  -1.024  -1.024  -1.024  -1.024  -1.023  -1.023  -1.023  -1.023  -1.022  -1.022  -1.021  -1.021  -1.021
   2.970  -1.394  -1.341  -1.300  -1.276  -1.264  -1.256  -1.250  -1.246  -1.244  -1.243  -1.242  -1.241  -1.241  -1.235  -1.208  -1.178  -1.154  -1.131  -1.109  -1.086  -1.067  -1.052  -1.041  -1.033  -1.028  -1.025  -1.023  -1.021  -1.021  -1.020  -1.020  -1.019  -1.018  -1.018  -1.017  -1.017  -1.017  -1.016  -1.016  -1.016  -1.016  -1.015  -1.015  -1.015  -1.015  -1.015
   2.980  -2.322  -1.863  -1.535  -1.394  -1.331  -1.295  -1.271  -1.258  -1.248  -1.243  -1.239  -1.236  -1.235  -1.233  -1.233  -1.232  -1.214  -1.181  -1.154  -1.132  -1.110  -1.087  -1.065  -1.048  -1.037  -1.028  -1.021  -1.017  -1.015  -1.014  -1.013  -1.012  -1.011  -1.011  -1.010  -1.010  -1.009  -1.009  -1.008  -1.008  -1.008  -1.008  -1.008  -1.007  -1.007  -1.007
   2.990  -2.308  -2.328  -2.339  -2.267  -1.863  -1.514  -1.396  -1.335  -1.290  -1.265  -1.250  -1.240  -1.234  -1.230  -1.227  -1.225  -1.224  -1.224  -1.217  -1.186  -1.153  -1.129  -1.107  -1.085  -1.063  -1.045  -1.032  -1.022  -1.015  -1.010  -1.007  -1.005  -1.004  -1.003  -1.003  -1.002  -1.002  -1.001  -1.000  -1.000  -1.000  -1.000  -0.999  -0.999  -0.999  -0.999
   3.000  -2.364  -2.343  -2.322  -2.302  -2.286  -2.257  -2.051  -1.715  -1.507  -1.395  -1.324  -1.279  -1.256  -1.240  -1.231  -1.225  -1.220  -1.217  -1.215  -1.214  -1.213  -1.192  -1.154  -1.125  -1.102  -1.080  -1.059  -1.040  -1.025  -1.015  -1.007  -1.002  -0.999  -0.997  -0.996  -0.995  -0.994  -0.993  -0.993  -0.992  -0.992  -0.991  -0.991  -0.990  -0.990  -0.990
   3.010  -2.279  -2.299  -2.310  -2.311  -2.307  -2.298  -2.286  -2.264  -2.186  -1.918  -1.656  -1.502  -1.390  -1.311  -1.268  -1.244  -1.228  -1.220  -1.214  -1.210  -1.207  -1.205  -1.204  -1.196  -1.159  -1.121  -1.096  -1.074  -1.054  -1.034  -1.018  -1.008  -1.001  -0.996  -0.993  -0.991  -0.989  -0.987  -0.986  -0.985  -0.984  -0.983  -0.982  -0.982  -0.981  -0.981
   3.020  -2.386  -2.318  -2.274  -2.267  -2.267  -2.268  -2.270  -2.272  -2.270  -2.258  -2.234  -2.107  -1.886  -1.694  -1.506  -1.365  -1.296  -1.260  -1.233  -1.218  -1.209  -1.202  -1.199  -1.196  -1.194  -1.192  -1.168  -1.125  -1.093  -1.068  -1.046  -1.028  -1.014  -1.003  -0.997  -0.991  -0.987  -0.983  -0.980  -0.978  -0.976  -0.975  -0.974  -0.973  -0.972  -0.971
   3.030  -2.572  -2.502  -2.436  -2.370  -2.301  -2.257  -2.240  -2.231  -2.232  -2.240  -2.245  -2.239  -2.219  -2.170  -2.021  -1.841  -1.645  -1.448  -1.332  -1.276  -1.242  -1.217  -1.204  -1.195  -1.189  -1.186  -1.184  -1.182  -1.171  -1.129  -1.086  -1.060  -1.040  -1.023  -1.010  -0.999  -0.991  -0.985  -0.979  -0.975  -0.971  -0.969  -0.966  -0.965  -0.963  -0.962
   3.040  -2.445  -2.464  -2.491  -2.530  -2.588  -2.619  -2.497  -2.299  -2.233  -2.212  -2.205  -2.209  -2.214  -2.214  -2.210  -2.200  -2.116  -1.950  -1.775  -1.568  -1.396  -1.303  -1.255  -1.220  -1.201  -1.189  -1.180  -1.176  -1.172  -1.171  -1.168  -1.136  -1.081  -1.048  -1.030  -1.017  -1.004  -0.993  -0.984  -0.977  -0.971  -0.966  -0.961  -0.958  -0.955  -0.953
   3.050  -2.460  -2.439  -2.426  -2.424  -2.426  -2.429  -2.483  -2.562  -2.552  -2.408  -2.276  -2.217  -2.188  -2.185  -2.189  -2.192  -2.190  -2.185  -2.176  -2.163  -2.138  -1.903  -1.527  -1.345  -1.269  -1.226  -1.198  -1.184  -1.173  -1.169  -1.161  -1.141  -1.114  -1.089  -1.065  -1.044  -1.026  -1.010  -0.997  -0.986  -0.976  -0.967  -0.960  -0.954  -0.949  -0.946
   3.060  -2.446  -2.444  -2.440  -2.430  -2.413  -2.404  -2.404  -2.405  -2.419  -2.488  -2.533  -2.456  -2.315  -2.229  -2.180  -2.162  -2.163  -2.165  -2.164  -2.157  -2.148  -2.140  -2.129  -2.050  -1.701  -1.401  -1.294  -1.239  -1.200  -1.180  -1.165  -1.151  -1.138  -1.121  -1.099  -1.077  -1.056  -1.037  -1.019  -1.003  -0.989  -0.976  -0.965  -0.955  -0.947  -0.941
   3.070  -2.428  -2.423  -2.419  -2.417  -2.416  -2.415  -2.405  -2.389  -2.378  -2.368  -2.363  -2.389  -2.428  -2.421  -2.335  -2.247  -2.190  -2.149  -2.135  -2.129  -2.127  -2.147  -2.178  -2.180  -2.152  -2.095  -1.858  -1.507  -1.327  -1.247  -1.205  -1.182  -1.169  -1.153  -1.134  -1.115  -1.094  -1.072  -1.052  -1.031  -1.012  -0.994  -0.977  -0.962  -0.951  -0.941
   3.080  -2.449  -2.429  -2.413  -2.402  -2.395  -2.391  -2.388  -2.387  -2.382  -2.373  -2.361  -2.344  -2.327  -2.331  -2.367  -2.390  -2.342  -2.251  -2.189  -2.144  -2.116  -2.103  -2.096  -2.102  -2.136  -2.159  -2.145  -2.104  -1.988  -1.649  -1.378  -1.293  -1.248  -1.212  -1.191  -1.173  -1.149  -1.125  -1.100  -1.073  -1.047  -1.022  -0.998  -0.978  -0.962  -0.948
   3.090  -2.670  -2.571  -2.493  -2.440  -2.411  -2.393  -2.378  -2.370  -2.363  -2.360  -2.356  -2.349  -2.341  -2.327  -2.307  -2.296  -2.307  -2.325  -2.318  -2.261  -2.198  -2.142  -2.097  -2.090  -2.094  -2.100  -2.108  -2.116  -2.114  -2.088  -2.036  -1.865  -1.612  -1.446  -1.347  -1.277  -1.234  -1.210  -1.176  -1.136  -1.097  -1.064  -1.034  -1.007  -0.983  -0.963
   3.100  -3.162  -3.006  -2.861  -2.726  -2.597  -2.495  -2.435  -2.402  -2.375  -2.356  -2.343  -2.335  -2.330  -2.324  -2.317  -2.308  -2.290  -2.272  -2.270  -2.275  -2.278  -2.253  -2.201  -2.149  -2.086  -2.054  -2.056  -2.059  -2.060  -2.060  -2.060  -1.998  -1.867  -1.731  -1.573  -1.442  -1.376  -1.340  -1.289  -1.227  -1.170  -1.125  -1.087  -1.052  -1.020  -0.991
   3.110  -3.137  -3.116  -3.100  -3.092  -3.089  -3.084  -2.971  -2.765  -2.609  -2.479  -2.392  -2.353  -2.333  -2.316  -2.307  -2.299  -2.292  -2.285  -2.273  -2.254  -2.244  -2.244  -2.244  -2.237  -2.195  -2.144  -2.091  -2.040  -2.017  -2.007  -2.003  -2.009  -2.019  -1.989  -1.812  -1.638  -1.559  -1.507  -1.436  -1.348  -1.269  -1.211  -1.163  -1.117  -1.075  -1.037
   3.120  -3.199  -3.129  -3.077  -3.050  -3.037  -3.029  -3.025  -3.023  -2.996  -2.864  -2.713  -2.579  -2.452  -2.373  -2.335  -2.310  -2.290  -2.278  -2.267  -2.260  -2.252  -2.236  -2.219  -2.212  -2.210  -2.207  -2.180  -2.131  -2.081  -2.023  -1.993  -1.997  -2.003  -1.989  -1.902  -1.805  -1.740  -1.677  -1.594  -1.489  -1.394  -1.322  -1.262  -1.205  -1.152  -1.104
   3.130  -3.446  -3.276  -3.146  -3.060  -3.014  -2.990  -2.976  -2.968  -2.964  -2.961  -2.960  -2.960  -2.959  -2.916  -2.676  -2.454  -2.365  -2.318  -2.282  -2.262  -2.248  -2.236  -2.228  -2.215  -2.199  -2.185  -2.178  -2.172  -2.154  -2.113  -2.071  -2.041  -2.013  -1.982  -1.948  -1.909  -1.864  -1.810  -1.732  -1.629  -1.530  -1.450  -1.380  -1.313  -1.251  -1.193
   3.140  -3.881  -3.600  -3.371  -3.197  -3.078  -3.002  -2.957  -2.934  -2.919  -2.911  -2.907  -2.905  -2.904  -2.903  -2.902  -2.901  -2.792  -2.590  -2.454  -2.362  -2.295  -2.255  -2.234  -2.217  -2.209  -2.200  -2.182  -2.163  -2.150  -2.144  -2.134  -2.099  -2.049  -2.012  -1.986  -1.958  -1.929  -1.893  -1.832  -1.747  -1.659  -1.581  -1.505  -1.433  -1.366  -1.302
   3.150  -4.392  -4.062  -3.771  -3.517  -3.299  -3.128  -3.014  -2.945  -2.902  -2.879  -2.866  -2.858  -2.854  -2.851  -2.849  -2.848  -2.848  -2.847  -2.827  -2.708  -2.572  -2.452  -2.337  -2.264  -2.227  -2.204  -2.188  -2.178  -2.163  -2.144  -2.124  -2.106  -2.086  -2.059  -2.026  -1.992  -1.967  -1.941  -1.897  -1.835  -1.768  -1.697  -1.623  -1.554  -1.487  -1.422
   3.160  -4.884  -4.570  -4.266  -3.969  -3.674  -3.417  -3.214  -3.056  -2.945  -2.885  -2.850  -2.827  -2.814  -2.806  -2.802  -2.799  -2.797  -2.796  -2.796  -2.795  -2.794  -2.794  -2.793  -2.748  -2.500  -2.294  -2.233  -2.201  -2.174  -2.158  -2.144  -2.130  -2.114  -2.091  -2.059  -2.028  -2.003  -1.977  -1.943  -1.901  -1.851  -1.792  -1.726  -1.663  -1.602  -1.541
   3.170  -5.296  -5.031  -4.752  -4.457  -4.140  -3.838  -3.563  -3.316  -3.124  -2.985  -2.887  -2.828  -2.797  -2.776  -2.765  -2.758  -2.753  -2.750  -2.748  -2.747  -2.746  -2.745  -2.745  -2.745  -2.745  -2.744  -2.639  -2.443  -2.313  -2.226  -2.170  -2.143  -2.129  -2.114  -2.101  -2.083  -2.056  -2.023  -1.990  -1.957  -1.918  -1.868  -1.812  -1.758  -1.704  -1.651
   3.180  -5.588  -5.395  -5.171  -4.912  -4.615  -4.311  -4.005  -3.705  -3.443  -3.213  -3.029  -2.906  -2.829  -2.775  -2.746  -2.729  -2.717  -2.712  -2.707  -2.704  -2.702  -2.701  -2.700  -2.700  -2.699  -2.699  -2.699  -2.698  -2.676  -2.552  -2.420  -2.328  -2.252  -2.205  -2.186  -2.165  -2.129  -2.089  -2.053  -2.019  -1.981  -1.935  -1.886  -1.839  -1.793  -1.748
   3.190  -5.756  -5.641  -5.484  -5.283  -5.036  -4.763  -4.466  -4.153  -3.858  -3.569  -3.315  -3.112  -2.951  -2.834  -2.766  -2.724  -2.697  -2.684  -2.673  -2.667  -2.663  -2.660  -2.659  -2.657  -2.656  -2.656  -2.656  -2.656  -2.656  -2.656  -2.655  -2.579  -2.441  -2.360  -2.323  -2.287  -2.235  -2.181  -2.134  -2.094  -2.053  -2.007  -1.960  -1.916  -1.874  -1.833
   3.200  -5.829  -5.774  -5.678  -5.541  -5.363  -5.147  -4.888  -4.597  -4.302  -3.993  -3.699  -3.429  -3.186  -2.999  -2.866  -2.770  -2.708  -2.676  -2.652  -2.639  -2.631  -2.625  -2.622  -2.620  -2.618  -2.617  -2.616  -2.616  -2.616  -2.616  -2.615  -2.595  -2.553  -2.510  -2.463  -2.410  -2.350  -2.288  -2.233  -2.184  -2.137  -2.088  -2.040  -1.995  -1.953  -1.914
   3.210  -5.848  -5.826  -5.773  -5.691  -5.581  -5.431  -5.230  -4.989  -4.723  -4.425  -4.124  -3.826  -3.537  -3.288  -3.074  -2.902  -2.783  -2.706  -2.654  -2.627  -2.610  -2.598  -2.592  -2.586  -2.583  -2.581  -2.580  -2.579  -2.579  -2.578  -2.578  -2.578  -2.578  -2.573  -2.543  -2.499  -2.447  -2.386  -2.331  -2.279  -2.228  -2.177  -2.128  -2.081  -2.037  -1.995
   3.220  -5.848  -5.837  -5.807  -5.761  -5.701  -5.607  -5.471  -5.297  -5.081  -4.819  -4.538  -4.242  -3.938  -3.652  -3.377  -3.140  -2.955  -2.812  -2.709  -2.648  -2.609  -2.583  -2.569  -2.559  -2.554  -2.550  -2.547  -2.545  -2.543  -2.542  -2.542  -2.542  -2.542  -2.542  -2.536  -2.524  -2.496  -2.453  -2.409  -2.361  -2.313  -2.264  -2.216  -2.169  -2.123  -2.079
   3.230  -5.853  -5.839  -5.816  -5.787  -5.754  -5.698  -5.616  -5.504  -5.347  -5.143  -4.907  -4.636  -4.340  -4.047  -3.748  -3.470  -3.224  -3.010  -2.844  -2.726  -2.642  -2.590  -2.563  -2.542  -2.530  -2.523  -2.517  -2.514  -2.512  -2.511  -2.510  -2.509  -2.509  -2.509  -2.509  -2.509  -2.500  -2.478  -2.450  -2.415  -2.377  -2.336  -2.293  -2.249  -2.206  -2.162
   3.240  -5.866  -5.847  -5.824  -5.800  -5.776  -5.740  -5.691  -5.624  -5.519  -5.379  -5.201  -4.974  -4.712  -4.435  -4.137  -3.843  -3.560  -3.293  -3.070  -2.886  -2.742  -2.646  -2.587  -2.543  -2.519  -2.504  -2.494  -2.488  -2.484  -2.481  -2.479  -2.478  -2.477  -2.477  -2.477  -2.477  -2.475  -2.469  -2.459  -2.438  -2.412  -2.382  -2.349  -2.313  -2.276  -2.237
   3.250  -5.873  -5.858  -5.840  -5.818  -5.794  -5.763  -5.729  -5.685  -5.616  -5.529  -5.405  -5.234  -5.026  -4.784  -4.506  -4.217  -3.924  -3.633  -3.370  -3.129  -2.926  -2.772  -2.658  -2.575  -2.529  -2.500  -2.479  -2.469  -2.460  -2.454  -2.451  -2.449  -2.448  -2.447  -2.447  -2.446  -2.446  -2.445  -2.443  -2.434  -2.420  -2.402  -2.379  -2.354  -2.325  -2.294
   3.260  -5.857  -5.855  -5.847  -5.835  -5.813  -5.786  -5.757  -5.721  -5.673  -5.615  -5.531  -5.413  -5.263  -5.070  -4.830  -4.568  -4.286  -3.992  -3.710  -3.432  -3.183  -2.972  -2.796  -2.665  -2.580  -2.520  -2.480  -2.459  -2.443  -2.434  -2.428  -2.424  -2.421  -2.419  -2.418  -2.418  -2.418  -2.417  -2.417  -2.414  -2.409  -2.399  -2.386  -2.371  -2.352  -2.330
   3.270  -5.810  -5.824  -5.831  -5.831  -5.822  -5.805  -5.782  -5.751  -5.712  -5.668  -5.606  -5.526  -5.424  -5.279  -5.093  -4.875  -4.619  -4.338  -4.055  -3.764  -3.489  -3.237  -3.010  -2.827  -2.686  -2.579  -2.509  -2.468  -2.437  -2.419  -2.409  -2.402  -2.398  -2.394  -2.392  -2.391  -2.390  -2.390  -2.389  -2.388  -2.386  -2.383  -2.377  -2.368  -2.357  -2.343
   3.280  -5.736  -5.765  -5.786  -5.796  -5.801  -5.803  -5.795  -5.774  -5.746  -5.710  -5.661  -5.602  -5.527  -5.421  -5.287  -5.117  -4.901  -4.651  -4.386  -4.100  -3.816  -3.541  -3.277  -3.049  -2.852  -2.692  -2.581  -2.507  -2.452  -2.419  -2.399  -2.386  -2.379  -2.373  -2.369  -2.367  -2.365  -2.363  -2.362  -2.362  -2.361  -2.359  -2.357  -2.352  -2.347  -2.339
   3.290  -5.644  -5.681  -5.712  -5.738  -5.761  -5.771  -5.771  -5.770  -5.765  -5.741  -5.704  -5.658  -5.599  -5.519  -5.421  -5.292  -5.122  -4.919  -4.684  -4.414  -4.135  -3.854  -3.575  -3.318  -3.079  -2.874  -2.714  -2.590  -2.497  -2.440  -2.403  -2.379  -2.366  -2.356  -2.349  -2.345  -2.341  -2.339  -2.337  -2.336  -2.335  -2.333  -2.332  -2.330  -2.327  -2.324
   3.300  -5.543  -5.585  -5.623  -5.657  -5.687  -5.712  -5.732  -5.746  -5.747  -5.740  -5.727  -5.700  -5.655  -5.594  -5.519  -5.418  -5.289  -5.130  -4.932  -4.694  -4.436  -4.163  -3.880  -3.609  -3.345  -3.105  -2.898  -2.721  -2.587  -2.496  -2.430  -2.387  -2.364  -2.345  -2.333  -2.326  -2.319  -2.316  -2.313  -2.311  -2.309  -2.308  -2.307  -2.305  -2.304  -2.302
   3.310  -5.441  -5.484  -5.524  -5.563  -5.600  -5.634  -5.664  -5.688  -5.706  -5.716  -5.719  -5.711  -5.688  -5.649  -5.592  -5.514  -5.414  -5.289  -5.127  -4.930  -4.706  -4.451  -4.174  -3.902  -3.626  -3.366  -3.126  -2.908  -2.732  -2.595  -2.490  -2.418  -2.372  -2.339  -2.320  -2.308  -2.299  -2.293  -2.289  -2.286  -2.284  -2.282  -2.281  -2.279  -2.278  -2.277
   3.320  -5.342  -5.384  -5.426  -5.466  -5.507  -5.545  -5.581  -5.614  -5.642  -5.669  -5.681  -5.681  -5.680  -5.675  -5.643  -5.587  -5.512  -5.413  -5.283  -5.123  -4.933  -4.705  -4.449  -4.186  -3.908  -3.637  -3.378  -3.133  -2.921  -2.739  -2.590  -2.483  -2.409  -2.354  -2.322  -2.301  -2.285  -2.277  -2.270  -2.265  -2.262  -2.259  -2.257  -2.255  -2.254  -2.253
   3.330  -5.255  -5.292  -5.331  -5.370  -5.411  -5.451  -5.490  -5.528  -5.562  -5.593  -5.619  -5.640  -5.654  -5.655  -5.644  -5.624  -5.582  -5.509  -5.408  -5.279  -5.119  -4.923  -4.698  -4.452  -4.181  -3.908  -3.641  -3.380  -3.142  -2.922  -2.734  -2.589  -2.478  -2.394  -2.342  -2.305  -2.279  -2.265  -2.253  -2.246  -2.241  -2.237  -2.234  -2.232  -2.230  -2.228
   3.340  -5.182  -5.212  -5.245  -5.280  -5.319  -5.358  -5.398  -5.438  -5.476  -5.512  -5.544  -5.574  -5.599  -5.612  -5.620  -5.622  -5.608  -5.567  -5.498  -5.402  -5.274  -5.110  -4.915  -4.691  -4.435  -4.170  -3.901  -3.632  -3.378  -3.135  -2.919  -2.736  -2.583  -2.465  -2.383  -2.323  -2.283  -2.261  -2.242  -2.231  -2.223  -2.217  -2.213  -2.209  -2.207  -2.205
   3.350  -5.119  -5.144  -5.172  -5.203  -5.236  -5.271  -5.309  -5.348  -5.386  -5.425  -5.461  -5.495  -5.526  -5.553  -5.577  -5.587  -5.584  -5.574  -5.552  -5.491  -5.395  -5.265  -5.100  -4.903  -4.671  -4.421  -4.156  -3.881  -3.618  -3.362  -3.125  -2.910  -2.720  -2.568  -2.454  -2.367  -2.306  -2.268  -2.238  -2.220  -2.208  -2.199  -2.194  -2.188  -2.184  -2.181
   3.360  -5.061  -5.085  -5.110  -5.136  -5.164  -5.194  -5.227  -5.263  -5.299  -5.337  -5.375  -5.412  -5.448  -5.480  -5.509  -5.532  -5.547  -5.554  -5.552  -5.525  -5.471  -5.382  -5.254  -5.088  -4.884  -4.654  -4.399  -4.127  -3.861  -3.595  -3.343  -3.107  -2.891  -2.708  -2.558  -2.437  -2.349  -2.289  -2.243  -2.217  -2.199  -2.185  -2.176  -2.168  -2.163  -2.159
   3.370  -5.007  -5.030  -5.053  -5.077  -5.102  -5.128  -5.157  -5.187  -5.220  -5.255  -5.291  -5.328  -5.365  -5.400  -5.434  -5.464  -5.491  -5.512  -5.514  -5.508  -5.496  -5.455  -5.367  -5.239  -5.068  -4.865  -4.628  -4.367  -4.102  -3.829  -3.564  -3.315  -3.080  -2.872  -2.688  -2.534  -2.417  -2.331  -2.265  -2.224  -2.195  -2.174  -2.161  -2.150  -2.142  -2.137
   3.380  -4.961  -4.980  -5.000  -5.022  -5.046  -5.070  -5.095  -5.121  -5.150  -5.180  -5.213  -5.248  -5.284  -5.320  -5.356  -5.389  -5.420  -5.447  -5.466  -5.477  -5.481  -5.466  -5.420  -5.341  -5.216  -5.050  -4.840  -4.595  -4.338  -4.062  -3.789  -3.529  -3.279  -3.050  -2.839  -2.657  -2.511  -2.395  -2.306  -2.245  -2.200  -2.168  -2.149  -2.133  -2.121  -2.115
   3.390  -4.927  -4.939  -4.955  -4.972  -4.993  -5.015  -5.038  -5.062  -5.088  -5.115  -5.143  -5.174  -5.206  -5.240  -5.276  -5.311  -5.345  -5.376  -5.403  -5.428  -5.439  -5.435  -5.422  -5.394  -5.315  -5.190  -5.017  -4.804  -4.565  -4.293  -4.018  -3.747  -3.481  -3.236  -3.007  -2.804  -2.629  -2.482  -2.365  -2.280  -2.216  -2.172  -2.144  -2.121  -2.104  -2.094
   3.400  -4.903  -4.910  -4.919  -4.932  -4.948  -4.966  -4.986  -5.008  -5.032  -5.056  -5.082  -5.109  -5.137  -5.168  -5.201  -5.234  -5.268  -5.302  -5.332  -5.362  -5.382  -5.391  -5.395  -5.391  -5.352  -5.273  -5.149  -4.979  -4.769  -4.515  -4.246  -3.970  -3.691  -3.431  -3.186  -2.962  -2.762  -2.587  -2.444  -2.335  -2.249  -2.187  -2.146  -2.112  -2.088  -2.075
   3.410  -4.887  -4.890  -4.895  -4.902  -4.911  -4.924  -4.940  -4.960  -4.980  -5.003  -5.026  -5.050  -5.076  -5.103  -5.132  -5.162  -5.194  -5.226  -5.258  -5.289  -5.315  -5.337  -5.352  -5.352  -5.335  -5.300  -5.228  -5.104  -4.933  -4.711  -4.463  -4.192  -3.906  -3.634  -3.372  -3.128  -2.908  -2.711  -2.545  -2.408  -2.297  -2.215  -2.156  -2.109  -2.076  -2.058
   3.420  -4.876  -4.876  -4.878  -4.880  -4.885  -4.893  -4.904  -4.918  -4.934  -4.953  -4.974  -4.996  -5.020  -5.044  -5.069  -5.096  -5.125  -5.155  -5.185  -5.215  -5.243  -5.271  -5.293  -5.296  -5.292  -5.285  -5.251  -5.168  -5.040  -4.864  -4.652  -4.399  -4.118  -3.843  -3.564  -3.301  -3.063  -2.846  -2.657  -2.494  -2.359  -2.255  -2.176  -2.114  -2.069  -2.043
   3.430  -4.869  -4.868  -4.867  -4.867  -4.869  -4.872  -4.877  -4.886  -4.897  -4.911  -4.928  -4.947  -4.969  -4.991  -5.014  -5.038  -5.063  -5.090  -5.117  -5.145  -5.172  -5.199  -5.222  -5.233  -5.239  -5.241  -5.225  -5.175  -5.091  -4.963  -4.792  -4.571  -4.313  -4.046  -3.761  -3.485  -3.229  -2.990  -2.779  -2.592  -2.433  -2.307  -2.208  -2.128  -2.069  -2.031
   3.440  -4.863  -4.860  -4.859  -4.858  -4.857  -4.857  -4.858  -4.862  -4.868  -4.877  -4.889  -4.904  -4.922  -4.941  -4.962  -4.984  -5.007  -5.030  -5.054  -5.079  -5.103  -5.127  -5.148  -5.164  -5.175  -5.179  -5.169  -5.141  -5.090  -5.003  -4.872  -4.692  -4.472  -4.226  -3.949  -3.670  -3.401  -3.141  -2.909  -2.702  -2.522  -2.372  -2.250  -2.150  -2.074  -2.022
   3.450  -4.855  -4.853  -4.852  -4.850  -4.848  -4.847  -4.847  -4.848  -4.849  -4.853  -4.860  -4.870  -4.882  -4.897  -4.915  -4.935  -4.955  -4.976  -4.997  -5.018  -5.039  -5.059  -5.078  -5.093  -5.104  -5.108  -5.102  -5.082  -5.049  -4.989  -4.892  -4.753  -4.577  -4.364  -4.110  -3.843  -3.570  -3.297  -3.048  -2.820  -2.618  -2.445  -2.299  -2.179  -2.086  -2.019
   3.460  -4.845  -4.845  -4.844  -4.843  -4.842  -4.840  -4.838  -4.836  -4.836  -4.837  -4.839  -4.843  -4.850  -4.861  -4.874  -4.890  -4.907  -4.926  -4.944  -4.963  -4.981  -4.998  -5.012  -5.023  -5.030  -5.033  -5.027  -5.011  -4.982  -4.937  -4.863  -4.758  -4.622  -4.446  -4.227  -3.987  -3.726  -3.452  -3.194  -2.946  -2.721  -2.527  -2.359  -2.218  -2.106  -2.021
   3.470  -4.829  -4.832  -4.834  -4.834  -4.833  -4.832  -4.831  -4.829  -4.827  -4.825  -4.824  -4.825  -4.828  -4.833  -4.841  -4.851  -4.865  -4.880  -4.896  -4.912  -4.927  -4.941  -4.952  -4.956  -4.958  -4.958  -4.951  -4.932  -4.902  -4.862  -4.801  -4.718  -4.611  -4.467  -4.289  -4.083  -3.846  -3.588  -3.332  -3.073  -2.831  -2.618  -2.428  -2.267  -2.134  -2.028
   3.480  -4.804  -4.812  -4.817  -4.820  -4.822  -4.822  -4.822  -4.821  -4.819  -4.817  -4.815  -4.814  -4.813  -4.813  -4.816  -4.821  -4.829  -4.840  -4.852  -4.865  -4.877  -4.888  -4.896  -4.897  -4.894  -4.888  -4.875  -4.851  -4.817  -4.776  -4.719  -4.646  -4.556  -4.437  -4.293  -4.121  -3.916  -3.687  -3.447  -3.191  -2.944  -2.716  -2.504  -2.322  -2.168  -2.040
   3.490  -4.767  -4.781  -4.792  -4.800  -4.805  -4.808  -4.809  -4.810  -4.810  -4.808  -4.806  -4.804  -4.802  -4.801  -4.800  -4.800  -4.802  -4.808  -4.815  -4.824  -4.832  -4.838  -4.842  -4.842  -4.836  -4.823  -4.802  -4.772  -4.734  -4.688  -4.629  -4.558  -4.473  -4.369  -4.248  -4.104  -3.933  -3.738  -3.524  -3.285  -3.046  -2.810  -2.582  -2.384  -2.211  -2.062
   3.500  -4.713  -4.735  -4.753  -4.768  -4.779  -4.787  -4.793  -4.797  -4.797  -4.797  -4.797  -4.795  -4.792  -4.790  -4.787  -4.785  -4.784  -4.784  -4.785  -4.789  -4.792  -4.793  -4.794  -4.793  -4.782  -4.762  -4.735  -4.698  -4.653  -4.600  -4.536  -4.462  -4.377  -4.280  -4.170  -4.044  -3.899  -3.736  -3.551  -3.341  -3.121  -2.891  -2.660  -2.451  -2.262  -2.091
   3.525  -4.451  -4.500  -4.545  -4.585  -4.622  -4.654  -4.683  -4.707  -4.726  -4.738  -4.748  -4.754  -4.757  -4.759  -4.759  -4.759  -4.757  -4.754  -4.751  -4.746  -4.737  -4.727  -4.713  -4.696  -4.670  -4.634  -4.589  -4.536  -4.473  -4.401  -4.321  -4.232  -4.135  -4.033  -3.925  -3.810  -3.691  -3.572  -3.416  -3.245  -3.066  -2.867  -2.659  -2.493  -2.328  -2.154
   3.550  -4.081  -4.155  -4.225  -4.292  -4.355  -4.414  -4.468  -4.518  -4.562  -4.600  -4.633  -4.660  -4.681  -4.698  -4.711  -4.717  -4.718  -4.718  -4.717  -4.710  -4.697  -4.680  -4.658  -4.626  -4.588  -4.539  -4.480  -4.411  -4.331  -4.240  -4.141  -4.033  -3.917  -3.798  -3.675  -3.551  -3.428  -3.304  -3.180  -3.056  -2.928  -2.795  -2.656  -2.507  -2.350  -2.183
   3.575  -3.649  -3.734  -3.817  -3.897  -3.975  -4.051  -4.122  -4.191  -4.255  -4.318  -4.376  -4.429  -4.476  -4.518  -4.555  -4.583  -4.605  -4.623  -4.638  -4.647  -4.642  -4.630  -4.613  -4.588  -4.549  -4.496  -4.430  -4.346  -4.248  -4.136  -4.015  -3.886  -3.751  -3.617  -3.481  -3.346  -3.213  -3.082  -2.953  -2.826  -2.699  -2.584  -2.472  -2.333  -2.189  -2.041
   3.600  -3.189  -3.279  -3.369  -3.457  -3.544  -3.630  -3.714  -3.796  -3.876  -3.953  -4.028  -4.100  -4.169  -4.234  -4.296  -4.352  -4.403  -4.449  -4.488  -4.523  -4.540  -4.541  -4.542  -4.537  -4.502  -4.446  -4.374  -4.283  -4.176  -4.050  -3.914  -3.771  -3.622  -3.473  -3.324  -3.175  -3.028  -2.881  -2.737  -2.595  -2.455  -2.319  -2.186  -2.055  -1.926  -1.799
   3.625  -2.753  -2.847  -2.939  -3.031  -3.123  -3.213  -3.302  -3.390  -3.477  -3.562  -3.646  -3.728  -3.808  -3.885  -3.960  -4.031  -4.097  -4.159  -4.215  -4.268  -4.308  -4.336  -4.358  -4.364  -4.346  -4.312  -4.258  -4.180  -4.084  -3.968  -3.839  -3.696  -3.543  -3.387  -3.225  -3.063  -2.902  -2.741  -2.584  -2.430  -2.279  -2.133  -1.990  -1.851  -1.715  -1.582
   3.650  -2.339  -2.432  -2.525  -2.617  -2.709  -2.800  -2.891  -2.981  -3.071  -3.159  -3.247  -3.334  -3.419  -3.503  -3.585  -3.664  -3.741  -3.814  -3.883  -3.946  -4.002  -4.053  -4.091  -4.099  -4.100  -4.100  -4.075  -4.014  -3.936  -3.839  -3.724  -3.592  -3.445  -3.291  -3.127  -2.960  -2.792  -2.624  -2.459  -2.296  -2.136  -1.979  -1.824  -1.673  -1.524  -1.378
   3.675  -1.953  -2.044  -2.135  -2.227  -2.319  -2.411  -2.503  -2.595  -2.687  -2.778  -2.868  -2.957  -3.045  -3.131  -3.217  -3.301  -3.382  -3.461  -3.535  -3.605  -3.667  -3.725  -3.769  -3.783  -3.791  -3.796  -3.777  -3.726  -3.662  -3.579  -3.483  -3.372  -3.249  -3.118  -2.977  -2.831  -2.678  -2.521  -2.360  -2.197  -2.033  -1.868  -1.703  -1.542  -1.383  -1.226
   3.700  -1.619  -1.702  -1.786  -1.873  -1.961  -2.051  -2.141  -2.232  -2.322  -2.413  -2.503  -2.592  -2.680  -2.768  -2.854  -2.939  -3.022  -3.102  -3.177  -3.249  -3.313  -3.370  -3.416  -3.435  -3.445  -3.448  -3.429  -3.385  -3.330  -3.261  -3.181  -3.093  -2.995  -2.889  -2.777  -2.655  -2.524  -2.385  -2.237  -2.081  -1.920  -1.755  -1.588  -1.422  -1.258  -1.094
   3.725  -1.353  -1.418  -1.490  -1.563  -1.641  -1.722  -1.806  -1.892  -1.980  -2.068  -2.157  -2.246  -2.334  -2.422  -2.509  -2.594  -2.677  -2.757  -2.833  -2.905  -2.969  -3.026  -3.071  -3.090  -3.099  -3.102  -3.084  -3.042  -2.990  -2.926  -2.853  -2.773  -2.685  -2.591  -2.491  -2.385  -2.271  -2.151  -2.023  -1.887  -1.746  -1.599  -1.447  -1.292  -1.134  -0.973
   3.750  -1.184  -1.221  -1.267  -1.320  -1.381  -1.448  -1.520  -1.596  -1.675  -1.757  -1.840  -1.924  -2.010  -2.094  -2.178  -2.261  -2.342  -2.420  -2.493  -2.563  -2.624  -2.679  -2.721  -2.738  -2.745  -2.748  -2.730  -2.688  -2.638  -2.576  -2.506  -2.430  -2.347  -2.260  -2.168  -2.072  -1.972  -1.869  -1.760  -1.646  -1.527  -1.401  -1.269  -1.131  -0.986  -0.834
   3.775  -1.116  -1.127  -1.144  -1.172  -1.207  -1.249  -1.299  -1.357  -1.420  -1.486  -1.556  -1.629  -1.705  -1.782  -1.861  -1.938  -2.014  -2.088  -2.156  -2.222  -2.279  -2.329  -2.368  -2.382  -2.388  -2.390  -2.373  -2.334  -2.286  -2.228  -2.162  -2.090  -2.012  -1.930  -1.843  -1.753  -1.661  -1.566  -1.466  -1.363  -1.255  -1.142  -1.024  -0.900  -0.770  -0.633
   3.800  -1.091  -1.093  -1.098  -1.107  -1.118  -1.135  -1.159  -1.189  -1.227  -1.272  -1.323  -1.379  -1.441  -1.504  -1.571  -1.637  -1.703  -1.767  -1.828  -1.885  -1.934  -1.977  -2.010  -2.020  -2.024  -2.025  -2.009  -1.972  -1.928  -1.874  -1.812  -1.744  -1.670  -1.593  -1.511  -1.426  -1.339  -1.248  -1.155  -1.059  -0.959  -0.856  -0.748  -0.637  -0.520  -0.400
   3.825  -1.087  -1.086  -1.086  -1.087  -1.088  -1.091  -1.096  -1.104  -1.116  -1.137  -1.161  -1.192  -1.230  -1.273  -1.317  -1.363  -1.410  -1.459  -1.504  -1.548  -1.585  -1.618  -1.641  -1.648  -1.649  -1.647  -1.630  -1.598  -1.558  -1.509  -1.454  -1.392  -1.325  -1.254  -1.179  -1.100  -1.019  -0.935  -0.848  -0.758  -0.665  -0.568  -0.469  -0.365  -0.257  -0.145
   3.850  -1.085  -1.084  -1.082  -1.080  -1.078  -1.076  -1.074  -1.072  -1.072  -1.072  -1.073  -1.077  -1.085  -1.098  -1.115  -1.135  -1.158  -1.184  -1.208  -1.232  -1.252  -1.268  -1.278  -1.279  -1.275  -1.266  -1.248  -1.218  -1.182  -1.139  -1.090  -1.035  -0.975  -0.912  -0.843  -0.772  -0.698  -0.620  -0.539  -0.455  -0.368  -0.278  -0.184  -0.087   0.015   0.120
   3.875  -1.086  -1.084  -1.083  -1.080  -1.078  -1.075  -1.070  -1.065  -1.059  -1.050  -1.039  -1.026  -1.011  -0.996  -0.984  -0.974  -0.966  -0.961  -0.956  -0.950  -0.944  -0.937  -0.929  -0.917  -0.903  -0.885  -0.862  -0.833  -0.800  -0.762  -0.719  -0.671  -0.619  -0.564  -0.504  -0.440  -0.374  -0.303  -0.230  -0.154  -0.074   0.010   0.097   0.187   0.282   0.380
   3.900  -1.087  -1.085  -1.083  -1.081  -1.078  -1.074  -1.069  -1.063  -1.054  -1.043  -1.028  -1.009  -0.986  -0.957  -0.922  -0.884  -0.843  -0.801  -0.760  -0.720  -0.683  -0.648  -0.616  -0.584  -0.554  -0.524  -0.493  -0.461  -0.427  -0.391  -0.352  -0.310  -0.265  -0.216  -0.164  -0.109  -0.050   0.013   0.078   0.147   0.219   0.295   0.375   0.459   0.547   0.639
   3.925  -1.077  -1.079  -1.079  -1.078  -1.076  -1.074  -1.070  -1.064  -1.056  -1.045  -1.030  -1.009  -0.984  -0.948  -0.903  -0.850  -0.785  -0.712  -0.639  -0.564  -0.492  -0.425  -0.362  -0.302  -0.248  -0.198  -0.153  -0.112  -0.072  -0.034   0.005   0.044   0.085   0.129   0.174   0.222   0.274   0.328   0.386   0.446   0.511   0.579   0.652   0.728   0.809   0.894
   3.950  -1.048  -1.060  -1.068  -1.071  -1.073  -1.073  -1.071  -1.066  -1.058  -1.048  -1.032  -1.011  -0.983  -0.945  -0.897  -0.838  -0.766  -0.682  -0.589  -0.485  -0.380  -0.275  -0.173  -0.080   0.003   0.077   0.141   0.198   0.249   0.294   0.337   0.378   0.419   0.460   0.501   0.544   0.589   0.636   0.687   0.740   0.797   0.858   0.923   0.992   1.066   1.144
   3.975  -0.965  -0.987  -1.007  -1.023  -1.037  -1.050  -1.057  -1.057  -1.051  -1.043  -1.031  -1.014  -0.987  -0.951  -0.904  -0.845  -0.770  -0.683  -0.581  -0.462  -0.334  -0.199  -0.059   0.067   0.182   0.284   0.370   0.447   0.518   0.577   0.631   0.680   0.723   0.766   0.807   0.848   0.889   0.932   0.977   1.025   1.076   1.130   1.188   1.251   1.318   1.390
   4.000  -0.869  -0.895  -0.920  -0.946  -0.973  -0.996  -1.015  -1.029  -1.031  -1.030  -1.027  -1.016  -0.991  -0.956  -0.911  -0.852  -0.776  -0.685  -0.578  -0.454  -0.319  -0.173  -0.020   0.127   0.273   0.408   0.528   0.635   0.729   0.809   0.879   0.940   0.992   1.041   1.085   1.127   1.168   1.209   1.252   1.295   1.342   1.391   1.444   1.501   1.562   1.628
   4.025  -0.818  -0.832  -0.848  -0.867  -0.888  -0.910  -0.931  -0.953  -0.967  -0.979  -0.988  -0.985  -0.973  -0.948  -0.907  -0.851  -0.782  -0.697  -0.592  -0.470  -0.333  -0.183  -0.025   0.129   0.296   0.459   0.614   0.757   0.879   0.980   1.067   1.145   1.213   1.273   1.325   1.373   1.419   1.461   1.504   1.547   1.591   1.637   1.686   1.740   1.796   1.857
   4.050  -0.793  -0.795  -0.800  -0.807  -0.816  -0.829  -0.846  -0.865  -0.884  -0.906  -0.920  -0.924  -0.926  -0.922  -0.895  -0.848  -0.786  -0.706  -0.607  -0.487  -0.352  -0.201  -0.038   0.130   0.304   0.476   0.642   0.802   0.948   1.080   1.198   1.299   1.386   1.463   1.528   1.586   1.639   1.687   1.733   1.777   1.821   1.867   1.914   1.965   2.018   2.075
   4.075  -0.785  -0.785  -0.786  -0.788  -0.791  -0.794  -0.801  -0.810  -0.821  -0.833  -0.841  -0.845  -0.846  -0.847  -0.831  -0.798  -0.749  -0.683  -0.594  -0.482  -0.359  -0.221  -0.066   0.101   0.274   0.454   0.628   0.798   0.958   1.121   1.273   1.403   1.511   1.604   1.687   1.760   1.825   1.881   1.934   1.983   2.030   2.077   2.124   2.174   2.226   2.280
   4.100  -0.781  -0.780  -0.779  -0.779  -0.778  -0.778  -0.778  -0.777  -0.777  -0.776  -0.774  -0.771  -0.766  -0.757  -0.742  -0.716  -0.678  -0.628  -0.557  -0.469  -0.361  -0.232  -0.086   0.072   0.244   0.421   0.602   0.785   0.962   1.135   1.298   1.447   1.584   1.704   1.808   1.899   1.978   2.047   2.110   2.165   2.218   2.269   2.318   2.369   2.420   2.473
   4.125  -0.777  -0.776  -0.774  -0.772  -0.771  -0.769  -0.767  -0.764  -0.760  -0.755  -0.747  -0.734  -0.719  -0.697  -0.671  -0.636  -0.593  -0.539  -0.473  -0.399  -0.307  -0.194  -0.066   0.081   0.244   0.401   0.572   0.752   0.933   1.114   1.288   1.452   1.617   1.765   1.889   2.000   2.098   2.182   2.258   2.324   2.384   2.441   2.495   2.548   2.602   2.655
   4.150  -0.776  -0.774  -0.772  -0.770  -0.768  -0.765  -0.762  -0.758  -0.752  -0.745  -0.733  -0.716  -0.694  -0.662  -0.623  -0.575  -0.518  -0.452  -0.381  -0.303  -0.216  -0.120  -0.014   0.108   0.244   0.392   0.554   0.727   0.905   1.090   1.273   1.453   1.628   1.789   1.937   2.071   2.188   2.291   2.382   2.460   2.531   2.596   2.656   2.714   2.772   2.827
   4.175  -0.777  -0.775  -0.772  -0.769  -0.766  -0.762  -0.758  -0.752  -0.745  -0.737  -0.724  -0.707  -0.684  -0.651  -0.608  -0.552  -0.484  -0.405  -0.319  -0.226  -0.129  -0.030   0.076   0.187   0.304   0.440   0.584   0.740   0.910   1.086   1.260   1.442   1.621   1.791   1.959   2.113   2.250   2.373   2.481   2.575   2.659   2.734   2.802   2.868   2.929   2.987
   4.200  -0.778  -0.776  -0.773  -0.769  -0.766  -0.761  -0.756  -0.750  -0.742  -0.733  -0.720  -0.703  -0.680  -0.646  -0.602  -0.545  -0.473  -0.388  -0.291  -0.182  -0.068   0.048   0.167   0.285   0.403   0.524   0.648   0.779   0.924   1.084   1.253   1.431   1.614   1.793   1.971   2.139   2.293   2.435   2.561   2.671   2.769   2.857   2.935   3.008   3.076   3.137
   4.225  -0.778  -0.776  -0.773  -0.770  -0.766  -0.762  -0.756  -0.749  -0.741  -0.731  -0.717  -0.699  -0.676  -0.642  -0.600  -0.545  -0.474  -0.389  -0.292  -0.177  -0.052   0.083   0.223   0.356   0.484   0.610   0.735   0.860   0.990   1.132   1.287   1.453   1.626   1.803   1.983   2.156   2.322   2.479   2.621   2.748   2.863   2.964   3.053   3.136   3.212   3.280
   4.250  -0.778  -0.776  -0.774  -0.770  -0.767  -0.762  -0.756  -0.749  -0.740  -0.730  -0.716  -0.698  -0.674  -0.641  -0.600  -0.545  -0.476  -0.393  -0.293  -0.176  -0.047   0.095   0.246   0.395   0.542   0.686   0.821   0.953   1.086   1.218   1.357   1.506   1.662   1.827   2.002   2.177   2.349   2.517   2.672   2.814   2.944   3.058   3.159   3.253   3.338   3.415
   4.275  -0.777  -0.775  -0.773  -0.770  -0.766  -0.762  -0.756  -0.749  -0.740  -0.730  -0.715  -0.698  -0.675  -0.642  -0.601  -0.548  -0.480  -0.398  -0.298  -0.183  -0.054   0.090   0.244   0.400   0.563   0.725   0.876   1.023   1.167   1.306   1.446   1.588   1.732   1.885   2.049   2.216   2.386   2.556   2.717   2.872   3.015   3.141   3.256   3.361   3.456   3.541
   4.300  -0.774  -0.773  -0.771  -0.769  -0.765  -0.761  -0.755  -0.748  -0.739  -0.729  -0.715  -0.697  -0.675  -0.643  -0.603  -0.551  -0.484  -0.403  -0.306  -0.193  -0.065   0.081   0.239   0.402   0.570   0.739   0.909   1.077   1.237   1.389   1.537   1.679   1.820   1.966   2.117   2.273   2.437   2.604   2.767   2.929   3.081   3.219   3.346   3.462   3.566   3.660
   4.325  -0.766  -0.767  -0.767  -0.765  -0.763  -0.759  -0.754  -0.747  -0.738  -0.728  -0.713  -0.696  -0.673  -0.642  -0.603  -0.552  -0.488  -0.409  -0.314  -0.202  -0.074   0.072   0.231   0.396   0.566   0.741   0.921   1.104   1.278   1.446   1.608   1.761   1.909   2.058   2.205   2.355   2.512   2.672   2.832   2.994   3.149   3.295   3.431   3.557   3.672   3.777
   4.350  -0.745  -0.752  -0.756  -0.757  -0.756  -0.755  -0.752  -0.745  -0.736  -0.725  -0.710  -0.692  -0.669  -0.639  -0.601  -0.552  -0.489  -0.413  -0.319  -0.207  -0.080   0.065   0.223   0.389   0.562   0.742   0.928   1.118   1.303   1.487   1.664   1.832   1.993   2.149   2.299   2.448   2.600   2.753   2.908   3.068   3.223   3.372   3.516   3.649   3.773   3.888
   4.375  -0.697  -0.710  -0.721  -0.728  -0.735  -0.740  -0.741  -0.738  -0.731  -0.720  -0.706  -0.688  -0.666  -0.635  -0.598  -0.550  -0.488  -0.412  -0.318  -0.209  -0.083   0.060   0.219   0.386   0.563   0.744   0.934   1.127   1.320   1.513   1.701   1.882   2.057   2.225   2.385   2.541   2.695   2.847   3.000   3.155   3.308   3.458   3.604   3.741   3.869   3.990
   4.400  -0.647  -0.661  -0.674  -0.687  -0.700  -0.710  -0.715  -0.718  -0.717  -0.710  -0.698  -0.681  -0.658  -0.628  -0.591  -0.543  -0.483  -0.409  -0.318  -0.209  -0.084   0.059   0.217   0.385   0.564   0.749   0.940   1.135   1.331   1.530   1.727   1.920   2.109   2.289   2.462   2.629   2.789   2.944   3.098   3.250   3.400   3.549   3.696   3.834   3.965   4.090
   4.425  -0.620  -0.627  -0.634  -0.642  -0.652  -0.661  -0.668  -0.674  -0.679  -0.678  -0.673  -0.662  -0.643  -0.616  -0.580  -0.533  -0.474  -0.402  -0.312  -0.204  -0.080   0.063   0.221   0.389   0.569   0.757   0.949   1.146   1.345   1.548   1.750   1.950   2.148   2.339   2.524   2.702   2.872   3.035   3.194   3.348   3.500   3.649   3.795   3.935   4.069   4.198
   4.450  -0.608  -0.608  -0.609  -0.610  -0.612  -0.615  -0.620  -0.626  -0.629  -0.631  -0.632  -0.627  -0.613  -0.589  -0.557  -0.512  -0.455  -0.384  -0.296  -0.190  -0.068   0.074   0.231   0.400   0.580   0.768   0.961   1.160   1.361   1.565   1.770   1.975   2.180   2.379   2.575   2.764   2.945   3.119   3.285   3.445   3.599   3.750   3.896   4.037   4.171   4.301
   4.475  -0.604  -0.603  -0.601  -0.599  -0.597  -0.593  -0.593  -0.593  -0.591  -0.588  -0.583  -0.575  -0.560  -0.538  -0.509  -0.468  -0.415  -0.349  -0.265  -0.164  -0.045   0.094   0.249   0.417   0.597   0.785   0.978   1.177   1.379   1.585   1.792   2.001   2.209   2.414   2.618   2.815   3.006   3.189   3.364   3.530   3.690   3.845   3.992   4.132   4.263   4.387
   4.500  -0.602  -0.601  -0.598  -0.595  -0.592  -0.586  -0.578  -0.569  -0.556  -0.541  -0.524  -0.507  -0.488  -0.465  -0.439  -0.403  -0.356  -0.296  -0.219  -0.124  -0.011   0.123   0.275   0.440   0.619   0.806   0.999   1.198   1.401   1.607   1.815   2.024   2.235   2.443   2.652   2.856   3.055   3.248   3.432   3.608   3.776   3.936   4.086   4.223   4.348   4.460

