low temperature opacities from Ferguson, Alexander, et al (2005) with gs98 metals
    form     version        X           Z          logRs    logR_min    logR_max       logTs    logT_min    logT_max
       1          38    0.350000    0.040000          46   -8.000000    1.000000         105    2.700000    4.500000

   logT                       logR = logRho - 3*logT + 18
          -8.000  -7.800  -7.600  -7.400  -7.200  -7.000  -6.800  -6.600  -6.400  -6.200  -6.000  -5.800  -5.600  -5.400  -5.200  -5.000  -4.800  -4.600  -4.400  -4.200  -4.000  -3.800  -3.600  -3.400  -3.200  -3.000  -2.800  -2.600  -2.400  -2.200  -2.000  -1.800  -1.600  -1.400  -1.200  -1.000  -0.800  -0.600  -0.400  -0.200   0.000   0.200   0.400   0.600   0.800   1.000

   2.700   0.038   0.038   0.038   0.038   0.035   0.034   0.034   0.034   0.034   0.037   0.038   0.038   0.038   0.037   0.033   0.030   0.033   0.037   0.038   0.038   0.038   0.037   0.034   0.034   0.034   0.034   0.036   0.039   0.040   0.039   0.038   0.035   0.032   0.033   0.039   0.046   0.051   0.056   0.060   0.061   0.064   0.072   0.081   0.084   0.085   0.086
   2.750   0.029   0.029   0.029   0.029   0.030   0.030   0.030   0.030   0.030   0.030   0.030   0.030   0.030   0.030   0.030   0.030   0.030   0.030   0.030   0.031   0.031   0.031   0.031   0.031   0.031   0.031   0.031   0.031   0.031   0.030   0.030   0.034   0.041   0.046   0.051   0.055   0.060   0.064   0.067   0.068   0.070   0.077   0.085   0.088   0.089   0.090
   2.800   0.047   0.052   0.056   0.059   0.061   0.063   0.065   0.066   0.066   0.066   0.066   0.066   0.066   0.066   0.066   0.066   0.066   0.066   0.066   0.067   0.067   0.067   0.067   0.067   0.067   0.067   0.067   0.067   0.067   0.068   0.068   0.067   0.067   0.067   0.071   0.075   0.078   0.081   0.083   0.083   0.085   0.090   0.096   0.098   0.099   0.100
   2.850   0.032   0.037   0.043   0.049   0.056   0.062   0.069   0.075   0.079   0.081   0.083   0.086   0.090   0.092   0.094   0.096   0.097   0.098   0.098   0.099   0.099   0.099   0.100   0.100   0.100   0.100   0.100   0.100   0.100   0.100   0.101   0.103   0.106   0.106   0.104   0.103   0.103   0.104   0.104   0.104   0.105   0.107   0.111   0.113   0.114   0.114
   2.900   0.067   0.068   0.069   0.069   0.070   0.071   0.071   0.071   0.074   0.091   0.106   0.111   0.113   0.117   0.122   0.126   0.130   0.133   0.135   0.137   0.139   0.141   0.142   0.144   0.145   0.146   0.147   0.148   0.148   0.148   0.148   0.145   0.138   0.134   0.132   0.130   0.128   0.128   0.127   0.127   0.126   0.128   0.129   0.130   0.131   0.131
   2.910   0.070   0.075   0.079   0.081   0.082   0.083   0.084   0.085   0.085   0.084   0.083   0.096   0.117   0.125   0.128   0.130   0.134   0.138   0.142   0.145   0.147   0.148   0.149   0.151   0.152   0.153   0.154   0.156   0.156   0.157   0.157   0.157   0.157   0.157   0.154   0.151   0.150   0.149   0.148   0.148   0.147   0.148   0.148   0.148   0.148   0.148
   2.920   0.049   0.065   0.077   0.086   0.090   0.093   0.095   0.096   0.097   0.098   0.099   0.108   0.123   0.131   0.136   0.139   0.142   0.144   0.147   0.150   0.153   0.155   0.157   0.159   0.160   0.161   0.162   0.163   0.163   0.164   0.165   0.165   0.166   0.166   0.166   0.165   0.166   0.167   0.167   0.167   0.166   0.166   0.166   0.165   0.165   0.165
   2.930  -0.013   0.018   0.045   0.066   0.081   0.093   0.101   0.105   0.108   0.110   0.111   0.112   0.113   0.112   0.110   0.108   0.123   0.148   0.156   0.158   0.160   0.162   0.164   0.166   0.168   0.169   0.170   0.171   0.171   0.172   0.173   0.173   0.174   0.175   0.176   0.178   0.181   0.183   0.183   0.183   0.182   0.182   0.181   0.181   0.181   0.181
   2.940  -0.228  -0.126  -0.047   0.009   0.039   0.061   0.082   0.099   0.110   0.116   0.120   0.123   0.124   0.126   0.126   0.127   0.137   0.153   0.162   0.166   0.169   0.173   0.176   0.176   0.176   0.176   0.177   0.178   0.179   0.180   0.181   0.185   0.191   0.192   0.192   0.192   0.194   0.197   0.198   0.197   0.196   0.196   0.195   0.195   0.195   0.195
   2.950  -0.350  -0.309  -0.255  -0.184  -0.093  -0.012   0.043   0.081   0.101   0.110   0.117   0.125   0.131   0.135   0.137   0.138   0.139   0.139   0.144   0.160   0.174   0.178   0.181   0.183   0.186   0.188   0.189   0.190   0.195   0.210   0.219   0.216   0.210   0.208   0.207   0.206   0.208   0.210   0.210   0.209   0.208   0.208   0.207   0.207   0.206   0.206
   2.960  -0.345  -0.345  -0.344  -0.327  -0.236  -0.141  -0.081  -0.030   0.018   0.062   0.099   0.129   0.150   0.152   0.148   0.145   0.147   0.150   0.151   0.150   0.150   0.170   0.202   0.214   0.218   0.220   0.222   0.223   0.223   0.223   0.223   0.223   0.224   0.223   0.220   0.219   0.219   0.220   0.220   0.219   0.218   0.218   0.217   0.216   0.216   0.216
   2.970  -0.342  -0.340  -0.339  -0.338  -0.337  -0.336  -0.279  -0.173  -0.098  -0.044   0.004   0.051   0.093   0.124   0.145   0.161   0.172   0.178   0.183   0.186   0.188   0.189   0.189   0.194   0.211   0.223   0.225   0.227   0.227   0.228   0.228   0.228   0.229   0.229   0.228   0.228   0.227   0.227   0.227   0.226   0.226   0.225   0.225   0.224   0.224   0.224
   2.980  -0.353  -0.346  -0.339  -0.335  -0.332  -0.330  -0.330  -0.329  -0.321  -0.269  -0.198  -0.112  -0.019   0.047   0.089   0.121   0.146   0.164   0.177   0.185   0.190   0.194   0.197   0.196   0.194   0.192   0.205   0.226   0.232   0.232   0.233   0.234   0.234   0.234   0.234   0.234   0.233   0.233   0.232   0.232   0.232   0.231   0.231   0.230   0.230   0.230
   2.990  -0.419  -0.387  -0.362  -0.345  -0.336  -0.330  -0.326  -0.324  -0.322  -0.321  -0.320  -0.258  -0.143  -0.064  -0.010   0.037   0.081   0.118   0.147   0.167   0.182   0.192   0.198   0.202   0.205   0.206   0.205   0.204   0.208   0.226   0.238   0.236   0.233   0.233   0.235   0.237   0.237   0.236   0.236   0.236   0.236   0.236   0.235   0.235   0.235   0.235
   3.000  -0.728  -0.591  -0.484  -0.411  -0.372  -0.350  -0.335  -0.327  -0.321  -0.317  -0.314  -0.313  -0.312  -0.292  -0.184  -0.075  -0.013   0.034   0.078   0.118   0.150   0.173   0.188   0.199   0.206   0.210   0.213   0.214   0.216   0.216   0.217   0.221   0.227   0.232   0.236   0.238   0.239   0.239   0.239   0.239   0.239   0.239   0.240   0.240   0.239   0.239
   3.010  -1.239  -1.092  -0.941  -0.781  -0.603  -0.467  -0.400  -0.366  -0.340  -0.326  -0.317  -0.310  -0.307  -0.304  -0.303  -0.301  -0.232  -0.105  -0.020   0.035   0.080   0.121   0.153   0.178   0.194   0.206   0.214   0.219   0.223   0.225   0.226   0.227   0.227   0.230   0.235   0.239   0.241   0.241   0.242   0.243   0.243   0.244   0.244   0.244   0.244   0.244
   3.020  -1.353  -1.319  -1.259  -1.175  -1.065  -0.931  -0.748  -0.556  -0.441  -0.386  -0.352  -0.327  -0.314  -0.305  -0.299  -0.296  -0.294  -0.293  -0.268  -0.146  -0.025   0.039   0.084   0.124   0.157   0.183   0.201   0.213   0.222   0.228   0.231   0.233   0.234   0.236   0.239   0.241   0.243   0.245   0.246   0.247   0.248   0.248   0.249   0.249   0.250   0.250
   3.030  -1.328  -1.331  -1.333  -1.326  -1.277  -1.207  -1.133  -1.038  -0.892  -0.686  -0.511  -0.418  -0.368  -0.333  -0.313  -0.301  -0.292  -0.288  -0.284  -0.283  -0.280  -0.198  -0.051   0.040   0.092   0.131   0.165   0.191   0.211   0.224   0.232   0.237   0.240   0.242   0.244   0.246   0.248   0.250   0.251   0.252   0.254   0.255   0.255   0.256   0.256   0.256
   3.040  -1.339  -1.317  -1.305  -1.307  -1.323  -1.333  -1.284  -1.208  -1.189  -1.187  -1.184  -0.989  -0.648  -0.467  -0.388  -0.343  -0.314  -0.298  -0.286  -0.279  -0.275  -0.272  -0.270  -0.241  -0.097   0.042   0.105   0.142   0.176   0.203   0.222   0.234   0.240   0.245   0.248   0.251   0.254   0.256   0.258   0.259   0.261   0.262   0.263   0.264   0.264   0.264
   3.050  -1.278  -1.325  -1.348  -1.344  -1.304  -1.279  -1.283  -1.288  -1.277  -1.212  -1.170  -1.171  -1.174  -1.121  -0.822  -0.541  -0.424  -0.363  -0.320  -0.296  -0.281  -0.273  -0.268  -0.242  -0.147  -0.051   0.008   0.057   0.104   0.150   0.188   0.212   0.228   0.240   0.247   0.252   0.257   0.260   0.264   0.266   0.268   0.270   0.271   0.272   0.273   0.273
   3.060  -1.133  -1.157  -1.188  -1.230  -1.292  -1.324  -1.312  -1.288  -1.264  -1.239  -1.215  -1.194  -1.176  -1.166  -1.163  -1.157  -0.975  -0.653  -0.467  -0.382  -0.331  -0.295  -0.276  -0.263  -0.259  -0.250  -0.179  -0.060   0.022   0.078   0.124   0.163   0.195   0.218   0.233   0.244   0.253   0.260   0.266   0.271   0.274   0.277   0.279   0.281   0.282   0.283
   3.070  -1.109  -1.106  -1.104  -1.107  -1.130  -1.165  -1.225  -1.286  -1.291  -1.255  -1.220  -1.203  -1.192  -1.179  -1.163  -1.150  -1.144  -1.140  -1.082  -0.801  -0.533  -0.410  -0.342  -0.296  -0.271  -0.256  -0.247  -0.243  -0.210  -0.087   0.033   0.095   0.137   0.173   0.199   0.221   0.238   0.252   0.262   0.270   0.277   0.282   0.285   0.288   0.291   0.293
   3.080  -1.092  -1.092  -1.090  -1.087  -1.081  -1.078  -1.089  -1.113  -1.143  -1.186  -1.209  -1.204  -1.193  -1.181  -1.168  -1.155  -1.143  -1.131  -1.118  -1.107  -1.086  -0.911  -0.620  -0.445  -0.358  -0.304  -0.266  -0.247  -0.235  -0.231  -0.223  -0.128   0.029   0.113   0.148   0.174   0.203   0.228   0.248   0.261   0.272   0.281   0.288   0.294   0.298   0.301
   3.090  -1.071  -1.071  -1.070  -1.070  -1.069  -1.067  -1.063  -1.059  -1.059  -1.068  -1.087  -1.129  -1.175  -1.181  -1.168  -1.154  -1.146  -1.139  -1.126  -1.107  -1.091  -1.086  -1.083  -1.026  -0.744  -0.480  -0.367  -0.309  -0.270  -0.256  -0.231  -0.164  -0.079  -0.010   0.048   0.100   0.146   0.187   0.218   0.239   0.257   0.272   0.284   0.294   0.302   0.307
   3.100  -1.056  -1.053  -1.051  -1.049  -1.048  -1.047  -1.047  -1.046  -1.045  -1.040  -1.037  -1.041  -1.052  -1.077  -1.128  -1.157  -1.144  -1.119  -1.102  -1.092  -1.084  -1.077  -1.071  -1.066  -1.063  -1.057  -0.877  -0.563  -0.389  -0.315  -0.263  -0.214  -0.173  -0.122  -0.063  -0.002   0.061   0.122   0.168   0.199   0.225   0.249   0.270   0.287   0.299   0.308
   3.110  -1.061  -1.050  -1.041  -1.035  -1.032  -1.029  -1.027  -1.026  -1.025  -1.024  -1.023  -1.020  -1.016  -1.016  -1.021  -1.033  -1.065  -1.101  -1.105  -1.091  -1.076  -1.068  -1.061  -1.055  -1.051  -1.044  -1.033  -1.017  -0.940  -0.652  -0.411  -0.334  -0.293  -0.240  -0.182  -0.120  -0.045   0.032   0.092   0.134   0.172   0.209   0.241   0.268   0.288   0.302
   3.120  -1.133  -1.097  -1.068  -1.046  -1.033  -1.023  -1.015  -1.010  -1.006  -1.004  -1.002  -1.001  -1.001  -0.999  -0.994  -0.992  -0.994  -0.999  -1.012  -1.043  -1.061  -1.056  -1.045  -1.037  -1.031  -1.024  -1.015  -1.007  -1.000  -0.997  -0.991  -0.824  -0.533  -0.374  -0.311  -0.255  -0.171  -0.085  -0.015   0.041   0.093   0.145   0.193   0.232   0.262   0.283
   3.130  -1.699  -1.423  -1.223  -1.130  -1.088  -1.060  -1.035  -1.017  -1.004  -0.995  -0.988  -0.983  -0.980  -0.978  -0.977  -0.976  -0.973  -0.970  -0.969  -0.972  -0.978  -1.000  -1.029  -1.032  -1.019  -1.006  -0.999  -0.995  -0.989  -0.985  -0.976  -0.889  -0.733  -0.610  -0.507  -0.410  -0.316  -0.229  -0.150  -0.080  -0.013   0.056   0.122   0.175   0.216   0.248
   3.140  -2.780  -2.298  -1.902  -1.591  -1.368  -1.220  -1.137  -1.094  -1.054  -1.024  -1.001  -0.984  -0.973  -0.965  -0.960  -0.957  -0.955  -0.953  -0.951  -0.947  -0.945  -0.947  -0.951  -0.962  -0.983  -0.995  -0.989  -0.977  -0.969  -0.964  -0.954  -0.932  -0.888  -0.810  -0.694  -0.579  -0.482  -0.393  -0.307  -0.225  -0.144  -0.058   0.025   0.093   0.147   0.190
   3.150  -3.240  -2.941  -2.690  -2.500  -2.393  -2.225  -1.857  -1.448  -1.244  -1.157  -1.099  -1.047  -1.011  -0.983  -0.965  -0.952  -0.942  -0.936  -0.932  -0.930  -0.928  -0.924  -0.921  -0.920  -0.923  -0.928  -0.944  -0.963  -0.965  -0.951  -0.938  -0.933  -0.930  -0.909  -0.823  -0.724  -0.640  -0.554  -0.468  -0.380  -0.289  -0.192  -0.096  -0.015   0.053   0.109
   3.160  -3.745  -3.417  -3.118  -2.847  -2.599  -2.398  -2.259  -2.167  -2.108  -2.087  -2.050  -1.729  -1.256  -1.085  -1.031  -0.995  -0.963  -0.943  -0.927  -0.918  -0.912  -0.908  -0.905  -0.902  -0.897  -0.895  -0.897  -0.901  -0.902  -0.901  -0.900  -0.900  -0.901  -0.896  -0.864  -0.816  -0.757  -0.686  -0.609  -0.525  -0.435  -0.335  -0.232  -0.142  -0.065   0.003
   3.170  -4.214  -3.906  -3.603  -3.303  -3.000  -2.729  -2.503  -2.318  -2.183  -2.101  -2.049  -2.024  -2.010  -1.910  -1.534  -1.207  -1.086  -1.023  -0.971  -0.940  -0.919  -0.903  -0.894  -0.887  -0.882  -0.879  -0.875  -0.872  -0.872  -0.877  -0.880  -0.879  -0.877  -0.874  -0.864  -0.846  -0.814  -0.769  -0.712  -0.642  -0.563  -0.469  -0.369  -0.279  -0.197  -0.120
   3.180  -4.593  -4.340  -4.069  -3.779  -3.464  -3.158  -2.870  -2.605  -2.394  -2.235  -2.116  -2.039  -1.996  -1.968  -1.957  -1.939  -1.776  -1.498  -1.288  -1.114  -0.997  -0.944  -0.916  -0.893  -0.878  -0.868  -0.861  -0.857  -0.852  -0.846  -0.843  -0.846  -0.850  -0.850  -0.847  -0.840  -0.827  -0.805  -0.769  -0.720  -0.659  -0.581  -0.494  -0.411  -0.330  -0.251
   3.190  -4.855  -4.676  -4.463  -4.213  -3.921  -3.618  -3.311  -3.005  -2.735  -2.491  -2.291  -2.147  -2.047  -1.977  -1.940  -1.918  -1.905  -1.898  -1.844  -1.621  -1.384  -1.206  -1.053  -0.961  -0.916  -0.887  -0.864  -0.851  -0.841  -0.833  -0.830  -0.830  -0.830  -0.830  -0.826  -0.820  -0.815  -0.808  -0.792  -0.762  -0.719  -0.661  -0.593  -0.524  -0.452  -0.377
   3.200  -4.999  -4.898  -4.752  -4.561  -4.320  -4.052  -3.758  -3.447  -3.147  -2.850  -2.586  -2.370  -2.194  -2.063  -1.980  -1.925  -1.889  -1.870  -1.857  -1.849  -1.844  -1.841  -1.838  -1.755  -1.327  -0.997  -0.926  -0.889  -0.858  -0.836  -0.824  -0.818  -0.814  -0.811  -0.808  -0.805  -0.803  -0.800  -0.794  -0.775  -0.747  -0.709  -0.662  -0.610  -0.551  -0.486
   3.210  -5.045  -5.005  -4.922  -4.797  -4.627  -4.418  -4.163  -3.874  -3.579  -3.269  -2.973  -2.699  -2.450  -2.250  -2.097  -1.983  -1.911  -1.872  -1.842  -1.826  -1.815  -1.807  -1.803  -1.799  -1.798  -1.795  -1.560  -1.159  -0.973  -0.896  -0.856  -0.832  -0.820  -0.810  -0.805  -0.801  -0.799  -0.797  -0.792  -0.778  -0.758  -0.735  -0.706  -0.668  -0.624  -0.571
   3.220  -5.029  -5.018  -4.985  -4.927  -4.828  -4.683  -4.487  -4.249  -3.985  -3.688  -3.386  -3.086  -2.793  -2.539  -2.316  -2.135  -2.007  -1.918  -1.854  -1.819  -1.797  -1.781  -1.773  -1.767  -1.763  -1.760  -1.758  -1.757  -1.682  -1.287  -0.983  -0.915  -0.880  -0.860  -0.851  -0.843  -0.832  -0.820  -0.806  -0.789  -0.771  -0.754  -0.735  -0.708  -0.674  -0.633
   3.230  -4.988  -4.986  -4.981  -4.968  -4.923  -4.838  -4.711  -4.542  -4.329  -4.067  -3.785  -3.489  -3.184  -2.898  -2.623  -2.382  -2.186  -2.029  -1.915  -1.847  -1.801  -1.770  -1.754  -1.741  -1.734  -1.729  -1.725  -1.723  -1.721  -1.720  -1.719  -1.559  -1.269  -1.097  -1.012  -0.955  -0.912  -0.886  -0.858  -0.830  -0.804  -0.784  -0.765  -0.741  -0.713  -0.680
   3.240  -4.949  -4.951  -4.952  -4.950  -4.933  -4.899  -4.837  -4.733  -4.580  -4.377  -4.141  -3.870  -3.574  -3.280  -2.981  -2.703  -2.453  -2.233  -2.061  -1.937  -1.845  -1.785  -1.752  -1.726  -1.712  -1.703  -1.696  -1.692  -1.689  -1.687  -1.685  -1.621  -1.494  -1.377  -1.255  -1.147  -1.071  -1.012  -0.958  -0.911  -0.871  -0.839  -0.813  -0.785  -0.755  -0.724
   3.250  -4.928  -4.925  -4.921  -4.915  -4.910  -4.900  -4.876  -4.824  -4.732  -4.600  -4.425  -4.197  -3.931  -3.653  -3.355  -3.062  -2.780  -2.514  -2.288  -2.099  -1.948  -1.845  -1.779  -1.730  -1.703  -1.686  -1.673  -1.666  -1.660  -1.656  -1.654  -1.653  -1.652  -1.627  -1.493  -1.350  -1.257  -1.176  -1.102  -1.034  -0.975  -0.928  -0.889  -0.850  -0.813  -0.778
   3.260  -4.930  -4.915  -4.902  -4.893  -4.887  -4.878  -4.864  -4.843  -4.801  -4.728  -4.612  -4.444  -4.234  -3.992  -3.711  -3.422  -3.131  -2.842  -2.579  -2.335  -2.129  -1.972  -1.855  -1.768  -1.716  -1.682  -1.658  -1.646  -1.636  -1.630  -1.626  -1.624  -1.622  -1.612  -1.566  -1.503  -1.427  -1.340  -1.258  -1.179  -1.107  -1.045  -0.992  -0.942  -0.895  -0.854
   3.270  -4.940  -4.921  -4.904  -4.888  -4.874  -4.860  -4.849  -4.835  -4.809  -4.775  -4.710  -4.604  -4.461  -4.269  -4.026  -3.760  -3.478  -3.184  -2.903  -2.628  -2.381  -2.170  -1.993  -1.858  -1.767  -1.702  -1.660  -1.638  -1.619  -1.608  -1.601  -1.597  -1.595  -1.588  -1.579  -1.561  -1.519  -1.456  -1.389  -1.315  -1.241  -1.175  -1.111  -1.054  -1.001  -0.952
   3.280  -4.945  -4.932  -4.916  -4.899  -4.879  -4.859  -4.841  -4.824  -4.803  -4.783  -4.744  -4.684  -4.598  -4.462  -4.277  -4.057  -3.799  -3.515  -3.233  -2.946  -2.674  -2.422  -2.193  -2.010  -1.870  -1.764  -1.692  -1.647  -1.613  -1.594  -1.582  -1.573  -1.568  -1.565  -1.563  -1.560  -1.544  -1.512  -1.469  -1.413  -1.353  -1.292  -1.230  -1.172  -1.119  -1.070
   3.290  -4.933  -4.931  -4.923  -4.911  -4.892  -4.870  -4.849  -4.826  -4.803  -4.781  -4.751  -4.715  -4.664  -4.575  -4.452  -4.289  -4.072  -3.817  -3.551  -3.265  -2.983  -2.711  -2.452  -2.227  -2.034  -1.876  -1.762  -1.683  -1.625  -1.592  -1.571  -1.556  -1.548  -1.541  -1.538  -1.533  -1.527  -1.518  -1.498  -1.465  -1.425  -1.379  -1.329  -1.283  -1.239  -1.198
   3.300  -4.894  -4.906  -4.911  -4.910  -4.900  -4.884  -4.864  -4.840  -4.814  -4.787  -4.757  -4.727  -4.689  -4.630  -4.554  -4.441  -4.277  -4.074  -3.840  -3.567  -3.287  -3.009  -2.735  -2.482  -2.245  -2.041  -1.883  -1.761  -1.670  -1.613  -1.574  -1.548  -1.534  -1.522  -1.515  -1.509  -1.505  -1.501  -1.492  -1.477  -1.458  -1.433  -1.404  -1.378  -1.352  -1.327
   3.310  -4.825  -4.856  -4.878  -4.883  -4.885  -4.886  -4.877  -4.856  -4.832  -4.805  -4.774  -4.742  -4.706  -4.659  -4.608  -4.529  -4.415  -4.268  -4.076  -3.835  -3.576  -3.304  -3.023  -2.755  -2.494  -2.259  -2.058  -1.888  -1.757  -1.664  -1.597  -1.552  -1.526  -1.506  -1.494  -1.486  -1.479  -1.475  -1.471  -1.468  -1.466  -1.464  -1.462  -1.460  -1.458  -1.456
   3.320  -4.735  -4.777  -4.811  -4.838  -4.858  -4.866  -4.864  -4.858  -4.846  -4.824  -4.796  -4.765  -4.728  -4.686  -4.641  -4.579  -4.499  -4.396  -4.248  -4.056  -3.834  -3.579  -3.302  -3.032  -2.761  -2.506  -2.271  -2.059  -1.886  -1.753  -1.650  -1.580  -1.536  -1.502  -1.483  -1.469  -1.458  -1.452  -1.446  -1.443  -1.440  -1.437  -1.434  -1.432  -1.430  -1.428
   3.330  -4.632  -4.681  -4.724  -4.761  -4.794  -4.819  -4.834  -4.842  -4.841  -4.831  -4.812  -4.787  -4.755  -4.717  -4.674  -4.619  -4.556  -4.477  -4.364  -4.221  -4.043  -3.818  -3.562  -3.301  -3.027  -2.761  -2.506  -2.265  -2.060  -1.885  -1.743  -1.639  -1.567  -1.512  -1.480  -1.458  -1.442  -1.433  -1.425  -1.420  -1.415  -1.411  -1.408  -1.405  -1.402  -1.400
   3.340  -4.526  -4.577  -4.624  -4.669  -4.712  -4.749  -4.781  -4.804  -4.810  -4.812  -4.813  -4.802  -4.776  -4.745  -4.707  -4.659  -4.604  -4.536  -4.447  -4.338  -4.197  -4.012  -3.793  -3.552  -3.283  -3.013  -2.751  -2.496  -2.265  -2.054  -1.874  -1.733  -1.624  -1.544  -1.494  -1.459  -1.433  -1.418  -1.405  -1.397  -1.391  -1.386  -1.382  -1.378  -1.375  -1.372
   3.350  -4.424  -4.473  -4.521  -4.569  -4.617  -4.661  -4.701  -4.736  -4.763  -4.783  -4.791  -4.788  -4.779  -4.763  -4.734  -4.695  -4.648  -4.589  -4.514  -4.425  -4.309  -4.161  -3.983  -3.770  -3.519  -3.258  -2.995  -2.732  -2.484  -2.247  -2.037  -1.862  -1.717  -1.606  -1.529  -1.473  -1.433  -1.409  -1.390  -1.378  -1.370  -1.363  -1.357  -1.353  -1.348  -1.345
   3.360  -4.332  -4.376  -4.421  -4.468  -4.516  -4.564  -4.610  -4.653  -4.690  -4.723  -4.745  -4.756  -4.761  -4.760  -4.745  -4.718  -4.682  -4.635  -4.572  -4.497  -4.399  -4.278  -4.131  -3.948  -3.728  -3.489  -3.231  -2.962  -2.705  -2.456  -2.227  -2.023  -1.843  -1.698  -1.588  -1.504  -1.446  -1.410  -1.382  -1.364  -1.351  -1.341  -1.334  -1.328  -1.322  -1.318
   3.370  -4.251  -4.289  -4.329  -4.372  -4.418  -4.465  -4.512  -4.559  -4.602  -4.643  -4.678  -4.707  -4.727  -4.730  -4.727  -4.721  -4.703  -4.667  -4.618  -4.557  -4.476  -4.373  -4.247  -4.091  -3.904  -3.692  -3.448  -3.185  -2.928  -2.670  -2.426  -2.200  -1.992  -1.818  -1.676  -1.562  -1.481  -1.425  -1.382  -1.355  -1.336  -1.321  -1.311  -1.303  -1.296  -1.291
   3.380  -4.181  -4.213  -4.248  -4.286  -4.328  -4.371  -4.416  -4.463  -4.509  -4.554  -4.596  -4.633  -4.664  -4.686  -4.699  -4.703  -4.697  -4.677  -4.646  -4.602  -4.538  -4.454  -4.347  -4.213  -4.052  -3.864  -3.642  -3.397  -3.145  -2.881  -2.626  -2.385  -2.159  -1.962  -1.789  -1.646  -1.537  -1.456  -1.394  -1.354  -1.326  -1.305  -1.292  -1.280  -1.271  -1.264
   3.390  -4.120  -4.148  -4.178  -4.211  -4.246  -4.284  -4.326  -4.370  -4.415  -4.461  -4.506  -4.549  -4.588  -4.621  -4.649  -4.662  -4.662  -4.660  -4.654  -4.626  -4.578  -4.514  -4.430  -4.317  -4.176  -4.009  -3.811  -3.588  -3.348  -3.086  -2.826  -2.577  -2.337  -2.120  -1.923  -1.752  -1.614  -1.504  -1.420  -1.365  -1.325  -1.295  -1.275  -1.258  -1.245  -1.237
   3.400  -4.067  -4.090  -4.116  -4.144  -4.175  -4.208  -4.244  -4.284  -4.325  -4.369  -4.413  -4.458  -4.502  -4.541  -4.576  -4.603  -4.621  -4.631  -4.630  -4.617  -4.591  -4.550  -4.489  -4.398  -4.281  -4.135  -3.959  -3.756  -3.531  -3.281  -3.025  -2.769  -2.516  -2.283  -2.066  -1.874  -1.711  -1.575  -1.467  -1.390  -1.332  -1.289  -1.260  -1.237  -1.220  -1.210
   3.410  -4.026  -4.043  -4.063  -4.086  -4.112  -4.141  -4.172  -4.206  -4.243  -4.283  -4.324  -4.368  -4.412  -4.454  -4.494  -4.529  -4.560  -4.583  -4.586  -4.583  -4.579  -4.560  -4.516  -4.449  -4.359  -4.239  -4.085  -3.901  -3.694  -3.460  -3.214  -2.957  -2.695  -2.451  -2.219  -2.009  -1.824  -1.663  -1.531  -1.429  -1.349  -1.291  -1.253  -1.221  -1.197  -1.183
   3.420  -3.996  -4.006  -4.020  -4.037  -4.058  -4.082  -4.108  -4.137  -4.169  -4.205  -4.242  -4.282  -4.323  -4.365  -4.407  -4.446  -4.482  -4.512  -4.531  -4.541  -4.544  -4.535  -4.509  -4.466  -4.404  -4.311  -4.183  -4.023  -3.837  -3.621  -3.388  -3.136  -2.874  -2.623  -2.377  -2.149  -1.944  -1.761  -1.607  -1.481  -1.380  -1.305  -1.252  -1.208  -1.176  -1.156
   3.430  -3.978  -3.982  -3.989  -4.000  -4.014  -4.032  -4.053  -4.078  -4.105  -4.135  -4.167  -4.202  -4.240  -4.279  -4.320  -4.360  -4.398  -4.433  -4.460  -4.482  -4.491  -4.487  -4.476  -4.455  -4.413  -4.344  -4.245  -4.117  -3.956  -3.759  -3.541  -3.302  -3.047  -2.794  -2.537  -2.293  -2.071  -1.868  -1.694  -1.547  -1.425  -1.330  -1.258  -1.200  -1.157  -1.130
   3.440  -3.969  -3.969  -3.970  -3.973  -3.980  -3.992  -4.007  -4.026  -4.048  -4.073  -4.101  -4.131  -4.164  -4.199  -4.236  -4.274  -4.312  -4.348  -4.380  -4.409  -4.423  -4.423  -4.422  -4.418  -4.390  -4.338  -4.267  -4.170  -4.036  -3.865  -3.669  -3.447  -3.205  -2.956  -2.695  -2.442  -2.205  -1.984  -1.790  -1.621  -1.478  -1.362  -1.270  -1.196  -1.142  -1.108
   3.450  -3.967  -3.962  -3.959  -3.959  -3.961  -3.965  -3.973  -3.985  -4.000  -4.020  -4.042  -4.067  -4.095  -4.125  -4.158  -4.192  -4.227  -4.263  -4.295  -4.325  -4.345  -4.354  -4.358  -4.357  -4.338  -4.301  -4.250  -4.178  -4.072  -3.933  -3.765  -3.565  -3.340  -3.102  -2.846  -2.592  -2.344  -2.105  -1.892  -1.702  -1.538  -1.403  -1.293  -1.204  -1.135  -1.087
   3.460  -3.968  -3.962  -3.957  -3.953  -3.950  -3.949  -3.951  -3.955  -3.964  -3.977  -3.993  -4.013  -4.036  -4.061  -4.088  -4.117  -4.148  -4.180  -4.210  -4.239  -4.262  -4.276  -4.283  -4.282  -4.269  -4.241  -4.202  -4.147  -4.064  -3.956  -3.818  -3.644  -3.442  -3.223  -2.981  -2.733  -2.481  -2.230  -2.002  -1.791  -1.606  -1.452  -1.323  -1.216  -1.131  -1.069
   3.470  -3.968  -3.963  -3.958  -3.952  -3.947  -3.942  -3.939  -3.937  -3.938  -3.943  -3.953  -3.966  -3.984  -4.003  -4.026  -4.050  -4.076  -4.103  -4.129  -4.156  -4.177  -4.191  -4.199  -4.199  -4.187  -4.165  -4.133  -4.086  -4.019  -3.934  -3.822  -3.677  -3.504  -3.308  -3.086  -2.852  -2.606  -2.353  -2.116  -1.888  -1.683  -1.508  -1.358  -1.232  -1.131  -1.054
   3.480  -3.966  -3.963  -3.959  -3.954  -3.948  -3.941  -3.934  -3.928  -3.927  -3.926  -3.926  -3.930  -3.941  -3.954  -3.971  -3.990  -4.011  -4.033  -4.055  -4.076  -4.094  -4.106  -4.113  -4.113  -4.101  -4.079  -4.048  -4.006  -3.948  -3.877  -3.783  -3.663  -3.518  -3.349  -3.153  -2.940  -2.709  -2.466  -2.228  -1.989  -1.768  -1.573  -1.400  -1.255  -1.137  -1.046
   3.490  -3.959  -3.959  -3.957  -3.954  -3.949  -3.942  -3.935  -3.927  -3.920  -3.913  -3.910  -3.910  -3.912  -3.915  -3.926  -3.939  -3.954  -3.971  -3.987  -4.003  -4.015  -4.023  -4.027  -4.025  -4.011  -3.987  -3.955  -3.914  -3.860  -3.795  -3.712  -3.610  -3.488  -3.343  -3.175  -2.987  -2.778  -2.554  -2.324  -2.084  -1.855  -1.645  -1.452  -1.288  -1.151  -1.041
   3.500  -3.942  -3.947  -3.950  -3.950  -3.947  -3.943  -3.937  -3.930  -3.922  -3.913  -3.905  -3.898  -3.893  -3.892  -3.894  -3.897  -3.905  -3.916  -3.926  -3.938  -3.944  -3.944  -3.943  -3.939  -3.921  -3.894  -3.860  -3.816  -3.762  -3.698  -3.620  -3.528  -3.421  -3.296  -3.152  -2.989  -2.805  -2.604  -2.391  -2.163  -1.937  -1.719  -1.510  -1.329  -1.174  -1.042
   3.525  -3.835  -3.860  -3.881  -3.898  -3.909  -3.915  -3.916  -3.915  -3.912  -3.907  -3.899  -3.895  -3.890  -3.885  -3.880  -3.869  -3.857  -3.842  -3.821  -3.809  -3.792  -3.772  -3.754  -3.735  -3.708  -3.668  -3.620  -3.564  -3.501  -3.431  -3.353  -3.268  -3.176  -3.073  -2.961  -2.844  -2.691  -2.525  -2.349  -2.144  -1.942  -1.772  -1.597  -1.418  -1.243  -1.075
   3.550  -3.640  -3.687  -3.729  -3.768  -3.801  -3.830  -3.853  -3.871  -3.883  -3.891  -3.893  -3.891  -3.887  -3.878  -3.866  -3.850  -3.831  -3.809  -3.784  -3.755  -3.722  -3.685  -3.644  -3.596  -3.543  -3.483  -3.415  -3.341  -3.262  -3.176  -3.087  -2.994  -2.898  -2.797  -2.693  -2.584  -2.470  -2.350  -2.222  -2.088  -1.944  -1.790  -1.626  -1.458  -1.285  -1.105
   3.575  -3.349  -3.413  -3.473  -3.529  -3.586  -3.638  -3.685  -3.726  -3.761  -3.791  -3.814  -3.832  -3.843  -3.842  -3.836  -3.827  -3.813  -3.798  -3.783  -3.757  -3.720  -3.677  -3.621  -3.548  -3.463  -3.371  -3.274  -3.172  -3.071  -2.968  -2.862  -2.755  -2.648  -2.540  -2.433  -2.325  -2.215  -2.104  -1.989  -1.886  -1.773  -1.634  -1.489  -1.340  -1.185  -1.026
   3.600  -2.995  -3.072  -3.147  -3.218  -3.287  -3.353  -3.416  -3.476  -3.533  -3.586  -3.635  -3.679  -3.717  -3.748  -3.775  -3.787  -3.787  -3.786  -3.782  -3.758  -3.719  -3.668  -3.602  -3.521  -3.423  -3.314  -3.195  -3.069  -2.941  -2.812  -2.684  -2.558  -2.433  -2.311  -2.191  -2.073  -1.956  -1.840  -1.724  -1.608  -1.490  -1.369  -1.247  -1.121  -0.992  -0.860
   3.625  -2.599  -2.686  -2.770  -2.852  -2.933  -3.011  -3.087  -3.161  -3.232  -3.301  -3.366  -3.427  -3.485  -3.541  -3.594  -3.632  -3.660  -3.684  -3.701  -3.698  -3.677  -3.632  -3.572  -3.498  -3.402  -3.296  -3.175  -3.040  -2.897  -2.742  -2.590  -2.441  -2.294  -2.152  -2.014  -1.880  -1.751  -1.624  -1.499  -1.377  -1.255  -1.134  -1.013  -0.891  -0.767  -0.643
   3.650  -2.193  -2.284  -2.374  -2.462  -2.550  -2.636  -2.721  -2.804  -2.885  -2.964  -3.041  -3.115  -3.187  -3.255  -3.320  -3.379  -3.433  -3.481  -3.516  -3.542  -3.552  -3.542  -3.512  -3.461  -3.381  -3.278  -3.154  -3.011  -2.860  -2.696  -2.530  -2.364  -2.198  -2.038  -1.882  -1.731  -1.585  -1.444  -1.306  -1.172  -1.040  -0.911  -0.783  -0.657  -0.531  -0.407
   3.675  -1.809  -1.900  -1.991  -2.082  -2.172  -2.262  -2.351  -2.440  -2.526  -2.612  -2.696  -2.777  -2.857  -2.934  -3.008  -3.079  -3.145  -3.205  -3.254  -3.297  -3.324  -3.335  -3.331  -3.308  -3.250  -3.167  -3.061  -2.933  -2.794  -2.642  -2.480  -2.316  -2.148  -1.978  -1.808  -1.641  -1.479  -1.321  -1.167  -1.018  -0.873  -0.731  -0.594  -0.458  -0.326  -0.195
   3.700  -1.463  -1.548  -1.634  -1.722  -1.811  -1.900  -1.989  -2.078  -2.166  -2.254  -2.341  -2.426  -2.510  -2.591  -2.671  -2.746  -2.818  -2.884  -2.943  -2.996  -3.032  -3.049  -3.058  -3.054  -3.017  -2.958  -2.882  -2.786  -2.674  -2.544  -2.402  -2.248  -2.084  -1.916  -1.742  -1.567  -1.395  -1.225  -1.059  -0.896  -0.738  -0.584  -0.434  -0.287  -0.144  -0.004
   3.725  -1.175  -1.248  -1.321  -1.398  -1.480  -1.564  -1.649  -1.736  -1.823  -1.911  -1.999  -2.085  -2.171  -2.254  -2.336  -2.414  -2.489  -2.558  -2.620  -2.676  -2.717  -2.740  -2.753  -2.753  -2.725  -2.678  -2.615  -2.535  -2.442  -2.335  -2.218  -2.087  -1.944  -1.797  -1.641  -1.481  -1.317  -1.149  -0.980  -0.810  -0.642  -0.476  -0.313  -0.154   0.001   0.152
   3.750  -0.970  -1.017  -1.072  -1.132  -1.201  -1.273  -1.349  -1.428  -1.509  -1.592  -1.675  -1.759  -1.842  -1.924  -2.004  -2.081  -2.155  -2.224  -2.284  -2.338  -2.379  -2.404  -2.416  -2.415  -2.391  -2.351  -2.297  -2.229  -2.151  -2.062  -1.965  -1.860  -1.747  -1.625  -1.495  -1.356  -1.208  -1.051  -0.889  -0.720  -0.549  -0.378  -0.207  -0.040   0.124   0.285
   3.775  -0.867  -0.885  -0.914  -0.950  -0.994  -1.045  -1.105  -1.167  -1.233  -1.303  -1.376  -1.452  -1.529  -1.605  -1.681  -1.754  -1.823  -1.889  -1.946  -1.996  -2.034  -2.057  -2.068  -2.067  -2.046  -2.010  -1.962  -1.901  -1.832  -1.754  -1.669  -1.577  -1.479  -1.373  -1.261  -1.142  -1.014  -0.879  -0.736  -0.585  -0.429  -0.268  -0.104   0.061   0.228   0.395
   3.800  -0.829  -0.832  -0.840  -0.853  -0.871  -0.895  -0.927  -0.966  -1.012  -1.064  -1.121  -1.182  -1.247  -1.311  -1.377  -1.440  -1.501  -1.558  -1.607  -1.651  -1.682  -1.699  -1.708  -1.706  -1.685  -1.652  -1.608  -1.553  -1.491  -1.420  -1.343  -1.261  -1.173  -1.080  -0.983  -0.881  -0.774  -0.660  -0.540  -0.411  -0.275  -0.131   0.021   0.178   0.340   0.508
   3.825  -0.820  -0.818  -0.817  -0.817  -0.819  -0.824  -0.831  -0.846  -0.867  -0.895  -0.927  -0.966  -1.008  -1.051  -1.097  -1.143  -1.188  -1.231  -1.269  -1.302  -1.324  -1.334  -1.338  -1.335  -1.315  -1.284  -1.245  -1.196  -1.141  -1.078  -1.010  -0.936  -0.857  -0.775  -0.688  -0.597  -0.501  -0.400  -0.293  -0.180  -0.059   0.069   0.204   0.346   0.495   0.650
   3.850  -0.817  -0.813  -0.809  -0.805  -0.801  -0.798  -0.795  -0.793  -0.793  -0.796  -0.800  -0.809  -0.823  -0.840  -0.862  -0.884  -0.907  -0.930  -0.949  -0.967  -0.975  -0.974  -0.971  -0.963  -0.942  -0.912  -0.876  -0.833  -0.784  -0.728  -0.667  -0.601  -0.531  -0.456  -0.378  -0.295  -0.208  -0.117  -0.020   0.081   0.188   0.301   0.420   0.546   0.678   0.817
   3.875  -0.820  -0.816  -0.811  -0.806  -0.800  -0.794  -0.785  -0.776  -0.765  -0.752  -0.737  -0.722  -0.710  -0.701  -0.691  -0.684  -0.678  -0.670  -0.661  -0.654  -0.642  -0.627  -0.612  -0.594  -0.569  -0.538  -0.504  -0.465  -0.421  -0.372  -0.319  -0.261  -0.199  -0.133  -0.063   0.011   0.089   0.172   0.259   0.351   0.447   0.550   0.658   0.773   0.893   1.020
   3.900  -0.823  -0.818  -0.813  -0.807  -0.800  -0.792  -0.782  -0.770  -0.755  -0.737  -0.716  -0.690  -0.660  -0.626  -0.588  -0.547  -0.505  -0.463  -0.423  -0.385  -0.348  -0.313  -0.280  -0.246  -0.213  -0.178  -0.142  -0.103  -0.062  -0.018   0.029   0.080   0.134   0.192   0.254   0.320   0.390   0.465   0.544   0.627   0.716   0.810   0.909   1.014   1.125   1.241
   3.925  -0.821  -0.817  -0.814  -0.810  -0.803  -0.795  -0.786  -0.774  -0.758  -0.739  -0.716  -0.684  -0.645  -0.596  -0.539  -0.473  -0.402  -0.329  -0.258  -0.185  -0.118  -0.053   0.008   0.063   0.113   0.160   0.204   0.245   0.288   0.330   0.373   0.419   0.467   0.518   0.572   0.630   0.692   0.758   0.829   0.904   0.984   1.070   1.161   1.257   1.359   1.466
   3.950  -0.815  -0.815  -0.814  -0.812  -0.807  -0.799  -0.790  -0.779  -0.762  -0.743  -0.716  -0.682  -0.639  -0.586  -0.522  -0.448  -0.361  -0.265  -0.164  -0.056   0.049   0.147   0.239   0.320   0.392   0.457   0.514   0.565   0.613   0.657   0.701   0.745   0.789   0.835   0.884   0.935   0.990   1.048   1.111   1.178   1.251   1.329   1.412   1.501   1.595   1.694
   3.975  -0.778  -0.786  -0.792  -0.796  -0.798  -0.794  -0.787  -0.777  -0.764  -0.747  -0.721  -0.689  -0.647  -0.592  -0.526  -0.449  -0.353  -0.244  -0.123   0.010   0.146   0.275   0.398   0.507   0.604   0.691   0.769   0.837   0.898   0.952   1.001   1.048   1.092   1.137   1.182   1.229   1.278   1.331   1.387   1.447   1.512   1.583   1.658   1.739   1.826   1.917
   4.000  -0.726  -0.740  -0.753  -0.763  -0.773  -0.777  -0.776  -0.772  -0.765  -0.750  -0.727  -0.696  -0.655  -0.600  -0.532  -0.450  -0.351  -0.237  -0.110   0.032   0.178   0.328   0.478   0.617   0.747   0.865   0.967   1.057   1.136   1.204   1.264   1.318   1.367   1.415   1.460   1.505   1.552   1.600   1.651   1.706   1.765   1.829   1.898   1.972   2.051   2.136
   4.025  -0.692  -0.701  -0.708  -0.716  -0.725  -0.732  -0.737  -0.741  -0.739  -0.731  -0.717  -0.691  -0.653  -0.603  -0.541  -0.461  -0.364  -0.250  -0.120   0.025   0.176   0.334   0.502   0.664   0.824   0.973   1.102   1.215   1.313   1.398   1.475   1.543   1.602   1.657   1.706   1.754   1.801   1.848   1.898   1.950   2.005   2.064   2.128   2.196   2.269   2.347
   4.050  -0.667  -0.667  -0.669  -0.671  -0.676  -0.681  -0.688  -0.695  -0.696  -0.694  -0.691  -0.678  -0.648  -0.604  -0.546  -0.471  -0.376  -0.264  -0.135   0.012   0.170   0.337   0.510   0.680   0.850   1.012   1.163   1.304   1.430   1.540   1.638   1.723   1.797   1.863   1.921   1.975   2.026   2.075   2.125   2.176   2.229   2.286   2.345   2.410   2.478   2.550
   4.075  -0.653  -0.652  -0.651  -0.651  -0.652  -0.654  -0.656  -0.658  -0.655  -0.652  -0.645  -0.635  -0.612  -0.576  -0.526  -0.459  -0.371  -0.264  -0.145  -0.006   0.147   0.313   0.489   0.664   0.840   1.010   1.174   1.338   1.492   1.633   1.752   1.853   1.945   2.027   2.098   2.162   2.221   2.275   2.329   2.381   2.434   2.490   2.547   2.609   2.673   2.741
   4.100  -0.646  -0.644  -0.642  -0.640  -0.638  -0.635  -0.631  -0.626  -0.619  -0.611  -0.599  -0.583  -0.561  -0.529  -0.487  -0.430  -0.355  -0.262  -0.150  -0.018   0.128   0.289   0.462   0.639   0.821   1.002   1.178   1.350   1.512   1.667   1.810   1.937   2.052   2.153   2.240   2.318   2.388   2.450   2.510   2.565   2.621   2.677   2.734   2.794   2.857   2.922
   4.125  -0.639  -0.635  -0.631  -0.627  -0.624  -0.620  -0.615  -0.608  -0.600  -0.589  -0.573  -0.553  -0.527  -0.490  -0.443  -0.384  -0.311  -0.226  -0.121   0.001   0.137   0.292   0.455   0.622   0.800   0.979   1.158   1.331   1.500   1.665   1.829   1.984   2.123   2.241   2.346   2.441   2.525   2.598   2.667   2.729   2.789   2.848   2.907   2.967   3.028   3.091
   4.150  -0.636  -0.631  -0.626  -0.620  -0.616  -0.610  -0.604  -0.597  -0.587  -0.574  -0.556  -0.532  -0.500  -0.457  -0.403  -0.338  -0.261  -0.173  -0.072   0.040   0.164   0.302   0.452   0.613   0.787   0.962   1.132   1.302   1.477   1.659   1.835   2.000   2.156   2.296   2.423   2.536   2.635   2.723   2.803   2.874   2.940   3.004   3.065   3.127   3.189   3.251
   4.175  -0.638  -0.632  -0.626  -0.619  -0.611  -0.603  -0.594  -0.584  -0.572  -0.558  -0.540  -0.515  -0.483  -0.438  -0.383  -0.315  -0.233  -0.137  -0.031   0.087   0.214   0.347   0.491   0.643   0.802   0.965   1.122   1.279   1.450   1.636   1.819   1.995   2.165   2.326   2.471   2.603   2.720   2.824   2.918   2.999   3.075   3.145   3.211   3.276   3.341   3.404
   4.200  -0.640  -0.634  -0.627  -0.619  -0.610  -0.600  -0.589  -0.578  -0.564  -0.549  -0.529  -0.503  -0.471  -0.426  -0.371  -0.301  -0.215  -0.114   0.000   0.128   0.264   0.406   0.553   0.695   0.834   0.975   1.118   1.267   1.433   1.617   1.803   1.987   2.168   2.339   2.501   2.650   2.784   2.905   3.013   3.108   3.194   3.273   3.345   3.415   3.483   3.548
   4.225  -0.640  -0.635  -0.629  -0.621  -0.613  -0.603  -0.592  -0.579  -0.564  -0.547  -0.524  -0.496  -0.461  -0.415  -0.359  -0.290  -0.204  -0.105   0.012   0.146   0.292   0.448   0.607   0.752   0.884   1.012   1.142   1.283   1.442   1.620   1.803   1.983   2.167   2.343   2.517   2.680   2.830   2.968   3.091   3.200   3.299   3.387   3.468   3.544   3.615   3.681
   4.250  -0.640  -0.636  -0.630  -0.623  -0.616  -0.606  -0.595  -0.582  -0.565  -0.546  -0.522  -0.493  -0.457  -0.410  -0.354  -0.285  -0.201  -0.102   0.015   0.152   0.302   0.470   0.645   0.794   0.918   1.042   1.174   1.312   1.464   1.630   1.803   1.982   2.165   2.347   2.528   2.702   2.865   3.017   3.155   3.278   3.390   3.490   3.581   3.664   3.740   3.809
   4.275  -0.640  -0.635  -0.630  -0.623  -0.615  -0.606  -0.596  -0.583  -0.568  -0.549  -0.525  -0.497  -0.460  -0.413  -0.356  -0.286  -0.202  -0.103   0.014   0.150   0.300   0.473   0.658   0.806   0.917   1.037   1.185   1.342   1.501   1.663   1.829   2.003   2.181   2.361   2.544   2.721   2.893   3.057   3.207   3.344   3.469   3.582   3.683   3.776   3.861   3.937
   4.300  -0.638  -0.634  -0.628  -0.622  -0.615  -0.606  -0.596  -0.584  -0.569  -0.552  -0.529  -0.501  -0.465  -0.418  -0.360  -0.289  -0.204  -0.105   0.011   0.144   0.294   0.474   0.663   0.810   0.915   1.032   1.192   1.370   1.541   1.708   1.875   2.044   2.215   2.389   2.568   2.745   2.921   3.092   3.252   3.402   3.540   3.664   3.776   3.880   3.974   4.059
   4.325  -0.634  -0.630  -0.626  -0.620  -0.613  -0.605  -0.595  -0.583  -0.568  -0.551  -0.528  -0.500  -0.467  -0.422  -0.367  -0.298  -0.213  -0.113   0.003   0.137   0.285   0.459   0.638   0.788   0.905   1.037   1.206   1.390   1.568   1.743   1.916   2.088   2.260   2.433   2.608   2.782   2.958   3.132   3.297   3.457   3.605   3.740   3.863   3.976   4.078   4.170
   4.350  -0.623  -0.622  -0.620  -0.617  -0.611  -0.602  -0.592  -0.580  -0.565  -0.548  -0.526  -0.500  -0.468  -0.425  -0.372  -0.305  -0.222  -0.124  -0.007   0.128   0.275   0.435   0.601   0.755   0.896   1.047   1.221   1.407   1.590   1.774   1.956   2.134   2.310   2.484   2.657   2.829   3.003   3.176   3.345   3.511   3.668   3.812   3.945   4.066   4.176   4.275
   4.375  -0.593  -0.597  -0.600  -0.600  -0.598  -0.594  -0.587  -0.576  -0.561  -0.544  -0.523  -0.497  -0.466  -0.423  -0.371  -0.305  -0.226  -0.132  -0.018   0.116   0.262   0.418   0.580   0.739   0.896   1.058   1.236   1.423   1.610   1.799   1.987   2.172   2.355   2.535   2.711   2.886   3.060   3.233   3.403   3.571   3.732   3.883   4.025   4.156   4.275   4.384
   4.400  -0.558  -0.565  -0.570  -0.574  -0.576  -0.577  -0.574  -0.566  -0.553  -0.537  -0.516  -0.490  -0.458  -0.416  -0.367  -0.304  -0.227  -0.136  -0.024   0.108   0.252   0.404   0.565   0.729   0.896   1.069   1.251   1.438   1.628   1.822   2.015   2.207   2.398   2.585   2.767   2.946   3.122   3.295   3.466   3.636   3.799   3.955   4.104   4.241   4.368   4.484
   4.425  -0.538  -0.541  -0.543  -0.544  -0.545  -0.545  -0.544  -0.539  -0.531  -0.519  -0.501  -0.477  -0.448  -0.407  -0.359  -0.298  -0.223  -0.132  -0.022   0.108   0.247   0.396   0.555   0.723   0.898   1.080   1.266   1.457   1.650   1.846   2.042   2.239   2.436   2.628   2.818   3.004   3.185   3.363   3.536   3.706   3.871   4.029   4.181   4.320   4.446   4.561
   4.450  -0.525  -0.522  -0.519  -0.517  -0.515  -0.512  -0.509  -0.506  -0.499  -0.490  -0.476  -0.455  -0.428  -0.390  -0.342  -0.282  -0.209  -0.121  -0.016   0.109   0.246   0.393   0.552   0.722   0.904   1.092   1.282   1.476   1.672   1.870   2.069   2.270   2.470   2.669   2.866   3.059   3.247   3.430   3.607   3.779   3.944   4.105   4.258   4.396   4.521   4.633
   4.475  -0.515  -0.510  -0.506  -0.501  -0.497  -0.492  -0.486  -0.480  -0.471  -0.459  -0.442  -0.420  -0.391  -0.355  -0.309  -0.252  -0.182  -0.098   0.003   0.122   0.256   0.402   0.560   0.731   0.916   1.107   1.300   1.496   1.695   1.895   2.097   2.301   2.505   2.708   2.910   3.108   3.302   3.491   3.672   3.848   4.017   4.181   4.336   4.476   4.602   4.714
   4.500  -0.509  -0.505  -0.500  -0.494  -0.488  -0.480  -0.470  -0.457  -0.440  -0.421  -0.398  -0.372  -0.341  -0.304  -0.261  -0.208  -0.142  -0.062   0.035   0.150   0.280   0.424   0.582   0.752   0.934   1.124   1.318   1.517   1.718   1.921   2.126   2.332   2.539   2.745   2.950   3.153   3.352   3.547   3.735   3.916   4.090   4.257   4.415   4.557   4.685   4.799

