low temperature opacities from Ferguson, Alexander, et al (2005) with gn93 metals
    form     version        X           Z          logRs    logR_min    logR_max       logTs    logT_min    logT_max
       1          38    0.700000    0.000100          46   -8.000000    1.000000          75    3.000000    4.100000

   logT                       logR = logRho - 3*logT + 18
          -8.000  -7.800  -7.600  -7.400  -7.200  -7.000  -6.800  -6.600  -6.400  -6.200  -6.000  -5.800  -5.600  -5.400  -5.200  -5.000  -4.800  -4.600  -4.400  -4.200  -4.000  -3.800  -3.600  -3.400  -3.200  -3.000  -2.800  -2.600  -2.400  -2.200  -2.000  -1.800  -1.600  -1.400  -1.200  -1.000  -0.800  -0.600  -0.400  -0.200   0.000   0.200   0.400   0.600   0.800   1.000

   3.000  -3.786  -3.785  -3.784  -3.782  -3.782  -3.780  -3.776  -3.773  -3.773  -3.779  -3.791  -3.825  -3.875  -3.910  -3.933  -3.951  -3.967  -3.977  -3.975  -3.954  -3.938  -3.936  -3.934  -3.929  -3.910  -3.871  -3.597  -3.140  -2.857  -2.702  -2.596  -2.522  -2.481  -2.448  -2.428  -2.413  -2.399  -2.387  -2.377  -2.369  -2.362  -2.356  -2.352  -2.347  -2.342  -2.336
   3.010  -3.786  -3.781  -3.777  -3.774  -3.772  -3.771  -3.769  -3.768  -3.766  -3.763  -3.762  -3.762  -3.763  -3.768  -3.791  -3.821  -3.857  -3.896  -3.924  -3.945  -3.953  -3.944  -3.928  -3.919  -3.915  -3.908  -3.896  -3.876  -3.768  -3.329  -2.925  -2.755  -2.667  -2.598  -2.561  -2.530  -2.488  -2.447  -2.418  -2.401  -2.387  -2.375  -2.365  -2.356  -2.347  -2.339
   3.020  -3.876  -3.837  -3.806  -3.785  -3.773  -3.766  -3.761  -3.759  -3.757  -3.755  -3.754  -3.752  -3.750  -3.747  -3.743  -3.741  -3.748  -3.766  -3.793  -3.831  -3.867  -3.893  -3.915  -3.930  -3.940  -3.944  -3.931  -3.907  -3.889  -3.877  -3.856  -3.635  -3.257  -3.014  -2.870  -2.755  -2.647  -2.561  -2.500  -2.467  -2.443  -2.419  -2.399  -2.381  -2.365  -2.350
   3.030  -4.577  -4.307  -4.098  -3.951  -3.874  -3.826  -3.791  -3.773  -3.760  -3.752  -3.747  -3.744  -3.742  -3.740  -3.737  -3.735  -3.732  -3.729  -3.730  -3.734  -3.743  -3.766  -3.802  -3.833  -3.864  -3.890  -3.908  -3.919  -3.919  -3.907  -3.882  -3.788  -3.623  -3.456  -3.273  -3.092  -2.914  -2.748  -2.638  -2.582  -2.541  -2.500  -2.465  -2.433  -2.403  -2.376
   3.040  -5.328  -5.329  -5.329  -5.257  -4.839  -4.414  -4.153  -3.961  -3.860  -3.812  -3.781  -3.758  -3.745  -3.736  -3.730  -3.727  -3.724  -3.722  -3.720  -3.717  -3.715  -3.715  -3.715  -3.719  -3.744  -3.776  -3.809  -3.844  -3.869  -3.888  -3.895  -3.891  -3.879  -3.833  -3.651  -3.432  -3.212  -2.990  -2.840  -2.756  -2.691  -2.627  -2.573  -2.519  -2.469  -2.422
   3.050  -5.253  -5.254  -5.255  -5.255  -5.256  -5.256  -5.256  -5.257  -5.160  -4.620  -4.135  -3.950  -3.855  -3.795  -3.763  -3.743  -3.727  -3.719  -3.713  -3.710  -3.708  -3.705  -3.703  -3.699  -3.694  -3.692  -3.702  -3.725  -3.757  -3.801  -3.829  -3.835  -3.838  -3.832  -3.781  -3.678  -3.487  -3.252  -3.086  -2.979  -2.888  -2.802  -2.725  -2.648  -2.571  -2.495
   3.060  -5.179  -5.180  -5.181  -5.181  -5.182  -5.183  -5.183  -5.184  -5.184  -5.185  -5.185  -4.985  -4.603  -4.326  -4.112  -3.945  -3.840  -3.781  -3.743  -3.723  -3.710  -3.701  -3.696  -3.692  -3.688  -3.685  -3.681  -3.678  -3.679  -3.688  -3.705  -3.737  -3.771  -3.776  -3.772  -3.764  -3.661  -3.472  -3.329  -3.215  -3.109  -3.010  -2.915  -2.814  -2.709  -2.600
   3.070  -5.109  -5.109  -5.109  -5.109  -5.109  -5.110  -5.111  -5.112  -5.112  -5.113  -5.113  -5.113  -5.113  -5.113  -5.114  -5.114  -4.833  -4.322  -4.023  -3.881  -3.800  -3.749  -3.723  -3.702  -3.690  -3.682  -3.676  -3.672  -3.668  -3.664  -3.662  -3.672  -3.693  -3.713  -3.737  -3.749  -3.703  -3.608  -3.516  -3.418  -3.317  -3.220  -3.119  -3.004  -2.876  -2.737
   3.080  -5.044  -5.043  -5.042  -5.042  -5.041  -5.041  -5.041  -5.041  -5.041  -5.042  -5.042  -5.042  -5.043  -5.043  -5.043  -5.043  -5.043  -5.044  -4.996  -4.716  -4.412  -4.189  -3.993  -3.855  -3.774  -3.725  -3.696  -3.681  -3.668  -3.658  -3.655  -3.655  -3.655  -3.660  -3.683  -3.698  -3.690  -3.667  -3.626  -3.561  -3.483  -3.403  -3.311  -3.195  -3.057  -2.899
   3.090  -4.979  -4.979  -4.978  -4.978  -4.977  -4.977  -4.976  -4.975  -4.975  -4.974  -4.974  -4.974  -4.974  -4.974  -4.975  -4.975  -4.975  -4.975  -4.975  -4.976  -4.976  -4.976  -4.976  -4.893  -4.427  -4.014  -3.864  -3.787  -3.726  -3.690  -3.672  -3.661  -3.656  -3.657  -3.669  -3.681  -3.688  -3.693  -3.688  -3.652  -3.599  -3.543  -3.470  -3.367  -3.234  -3.075
   3.100  -4.907  -4.907  -4.908  -4.910  -4.913  -4.914  -4.914  -4.913  -4.913  -4.912  -4.911  -4.911  -4.910  -4.910  -4.909  -4.909  -4.909  -4.909  -4.909  -4.909  -4.909  -4.909  -4.909  -4.909  -4.909  -4.909  -4.752  -4.444  -4.194  -3.954  -3.812  -3.772  -3.752  -3.745  -3.742  -3.741  -3.745  -3.751  -3.748  -3.722  -3.684  -3.645  -3.593  -3.508  -3.394  -3.251
   3.110  -4.843  -4.842  -4.841  -4.841  -4.842  -4.843  -4.844  -4.846  -4.848  -4.851  -4.852  -4.851  -4.850  -4.849  -4.848  -4.847  -4.847  -4.846  -4.846  -4.845  -4.845  -4.845  -4.845  -4.845  -4.844  -4.844  -4.844  -4.844  -4.844  -4.844  -4.843  -4.633  -4.258  -4.048  -3.948  -3.904  -3.890  -3.882  -3.858  -3.816  -3.772  -3.736  -3.695  -3.626  -3.533  -3.417
   3.120  -4.797  -4.787  -4.780  -4.779  -4.778  -4.778  -4.778  -4.779  -4.781  -4.782  -4.784  -4.786  -4.788  -4.788  -4.788  -4.788  -4.788  -4.787  -4.787  -4.786  -4.785  -4.784  -4.783  -4.783  -4.782  -4.782  -4.782  -4.781  -4.781  -4.781  -4.780  -4.702  -4.545  -4.405  -4.259  -4.148  -4.101  -4.076  -4.026  -3.956  -3.890  -3.842  -3.798  -3.736  -3.660  -3.571
   3.130  -4.802  -4.766  -4.740  -4.727  -4.720  -4.718  -4.718  -4.718  -4.718  -4.719  -4.720  -4.721  -4.722  -4.724  -4.725  -4.727  -4.729  -4.730  -4.730  -4.729  -4.728  -4.727  -4.726  -4.725  -4.724  -4.723  -4.722  -4.721  -4.721  -4.720  -4.720  -4.720  -4.719  -4.691  -4.535  -4.385  -4.323  -4.284  -4.217  -4.125  -4.039  -3.973  -3.916  -3.852  -3.785  -3.715
   3.140  -4.919  -4.818  -4.742  -4.701  -4.680  -4.670  -4.664  -4.661  -4.661  -4.661  -4.661  -4.661  -4.662  -4.664  -4.665  -4.666  -4.667  -4.668  -4.668  -4.669  -4.670  -4.670  -4.670  -4.670  -4.669  -4.668  -4.667  -4.666  -4.665  -4.664  -4.663  -4.662  -4.662  -4.652  -4.599  -4.538  -4.494  -4.448  -4.378  -4.285  -4.194  -4.117  -4.046  -3.978  -3.913  -3.852
   3.150  -5.169  -4.990  -4.849  -4.746  -4.683  -4.647  -4.626  -4.615  -4.610  -4.607  -4.606  -4.606  -4.607  -4.607  -4.608  -4.609  -4.610  -4.611  -4.611  -4.612  -4.612  -4.613  -4.614  -4.614  -4.614  -4.614  -4.614  -4.613  -4.611  -4.610  -4.609  -4.608  -4.608  -4.605  -4.596  -4.579  -4.557  -4.526  -4.474  -4.400  -4.322  -4.247  -4.171  -4.102  -4.038  -3.979
   3.160  -5.483  -5.267  -5.079  -4.917  -4.782  -4.681  -4.621  -4.591  -4.573  -4.563  -4.558  -4.555  -4.554  -4.554  -4.554  -4.555  -4.556  -4.557  -4.557  -4.558  -4.558  -4.558  -4.559  -4.559  -4.560  -4.560  -4.560  -4.560  -4.560  -4.560  -4.559  -4.558  -4.557  -4.556  -4.555  -4.554  -4.548  -4.532  -4.504  -4.458  -4.402  -4.340  -4.271  -4.208  -4.148  -4.090
   3.170  -5.769  -5.571  -5.379  -5.188  -4.994  -4.829  -4.709  -4.623  -4.568  -4.538  -4.523  -4.514  -4.509  -4.507  -4.506  -4.506  -4.506  -4.506  -4.506  -4.507  -4.507  -4.507  -4.508  -4.508  -4.509  -4.509  -4.509  -4.509  -4.509  -4.509  -4.509  -4.509  -4.508  -4.507  -4.507  -4.506  -4.504  -4.499  -4.489  -4.465  -4.432  -4.387  -4.334  -4.282  -4.229  -4.175
   3.180  -5.996  -5.838  -5.668  -5.482  -5.278  -5.083  -4.905  -4.747  -4.632  -4.559  -4.514  -4.488  -4.474  -4.466  -4.462  -4.460  -4.459  -4.459  -4.459  -4.460  -4.460  -4.460  -4.461  -4.461  -4.461  -4.461  -4.461  -4.462  -4.462  -4.462  -4.462  -4.462  -4.462  -4.462  -4.461  -4.460  -4.459  -4.457  -4.452  -4.441  -4.423  -4.395  -4.358  -4.319  -4.276  -4.229
   3.190  -6.160  -6.042  -5.904  -5.745  -5.562  -5.371  -5.171  -4.973  -4.808  -4.671  -4.566  -4.499  -4.462  -4.440  -4.428  -4.422  -4.418  -4.416  -4.416  -4.416  -4.416  -4.416  -4.416  -4.416  -4.417  -4.417  -4.417  -4.418  -4.418  -4.418  -4.418  -4.418  -4.418  -4.418  -4.418  -4.417  -4.416  -4.414  -4.410  -4.405  -4.395  -4.377  -4.354  -4.325  -4.291  -4.252
   3.200  -6.272  -6.188  -6.083  -5.955  -5.804  -5.636  -5.449  -5.251  -5.060  -4.869  -4.706  -4.586  -4.499  -4.443  -4.412  -4.396  -4.386  -4.381  -4.378  -4.376  -4.375  -4.375  -4.375  -4.375  -4.376  -4.376  -4.376  -4.376  -4.376  -4.376  -4.376  -4.376  -4.377  -4.377  -4.377  -4.377  -4.376  -4.374  -4.371  -4.367  -4.360  -4.348  -4.332  -4.311  -4.284  -4.253
   3.210  -6.341  -6.285  -6.208  -6.111  -5.993  -5.856  -5.696  -5.518  -5.330  -5.127  -4.936  -4.766  -4.618  -4.509  -4.439  -4.394  -4.366  -4.352  -4.345  -4.341  -4.339  -4.338  -4.337  -4.337  -4.337  -4.337  -4.337  -4.338  -4.338  -4.338  -4.338  -4.338  -4.339  -4.339  -4.339  -4.338  -4.338  -4.336  -4.334  -4.330  -4.324  -4.315  -4.303  -4.285  -4.264  -4.238
   3.220  -6.376  -6.341  -6.289  -6.219  -6.132  -6.025  -5.895  -5.745  -5.578  -5.392  -5.201  -5.006  -4.815  -4.659  -4.532  -4.436  -4.377  -4.346  -4.326  -4.314  -4.308  -4.304  -4.302  -4.302  -4.301  -4.301  -4.301  -4.302  -4.302  -4.302  -4.302  -4.302  -4.303  -4.303  -4.303  -4.303  -4.302  -4.301  -4.299  -4.296  -4.290  -4.282  -4.272  -4.257  -4.238  -4.216
   3.230  -6.384  -6.366  -6.333  -6.286  -6.226  -6.147  -6.047  -5.927  -5.787  -5.625  -5.450  -5.259  -5.060  -4.877  -4.701  -4.555  -4.451  -4.378  -4.328  -4.301  -4.287  -4.278  -4.274  -4.271  -4.269  -4.268  -4.268  -4.268  -4.268  -4.268  -4.268  -4.268  -4.269  -4.269  -4.269  -4.270  -4.269  -4.268  -4.266  -4.263  -4.258  -4.251  -4.242  -4.228  -4.211  -4.191
   3.240  -6.365  -6.360  -6.345  -6.319  -6.281  -6.226  -6.154  -6.063  -5.951  -5.817  -5.666  -5.495  -5.311  -5.123  -4.925  -4.745  -4.592  -4.463  -4.371  -4.317  -4.284  -4.263  -4.252  -4.245  -4.241  -4.239  -4.238  -4.238  -4.238  -4.238  -4.238  -4.238  -4.238  -4.238  -4.239  -4.239  -4.238  -4.238  -4.236  -4.233  -4.228  -4.222  -4.213  -4.201  -4.185  -4.167
   3.250  -6.320  -6.323  -6.324  -6.321  -6.303  -6.268  -6.220  -6.157  -6.072  -5.967  -5.842  -5.696  -5.533  -5.357  -5.165  -4.976  -4.792  -4.620  -4.486  -4.387  -4.314  -4.267  -4.243  -4.228  -4.220  -4.215  -4.212  -4.210  -4.210  -4.209  -4.209  -4.209  -4.210  -4.210  -4.210  -4.210  -4.210  -4.209  -4.208  -4.205  -4.201  -4.195  -4.187  -4.175  -4.161  -4.143
   3.260  -6.257  -6.275  -6.286  -6.287  -6.283  -6.275  -6.253  -6.211  -6.151  -6.074  -5.977  -5.858  -5.719  -5.564  -5.391  -5.210  -5.019  -4.828  -4.660  -4.510  -4.390  -4.310  -4.260  -4.226  -4.208  -4.198  -4.191  -4.187  -4.185  -4.183  -4.183  -4.183  -4.184  -4.184  -4.184  -4.184  -4.184  -4.183  -4.181  -4.179  -4.175  -4.169  -4.162  -4.151  -4.138  -4.121
   3.270  -6.184  -6.206  -6.223  -6.236  -6.246  -6.250  -6.244  -6.225  -6.193  -6.142  -6.071  -5.979  -5.868  -5.737  -5.585  -5.420  -5.240  -5.052  -4.870  -4.688  -4.530  -4.410  -4.318  -4.252  -4.214  -4.192  -4.177  -4.170  -4.165  -4.162  -4.161  -4.160  -4.160  -4.160  -4.160  -4.160  -4.159  -4.158  -4.157  -4.155  -4.151  -4.145  -4.138  -4.128  -4.115  -4.100
   3.280  -6.112  -6.133  -6.153  -6.172  -6.191  -6.201  -6.202  -6.203  -6.199  -6.173  -6.126  -6.061  -5.977  -5.871  -5.745  -5.601  -5.440  -5.266  -5.086  -4.895  -4.717  -4.559  -4.421  -4.319  -4.250  -4.204  -4.175  -4.160  -4.151  -4.145  -4.142  -4.140  -4.139  -4.138  -4.138  -4.138  -4.137  -4.136  -4.134  -4.132  -4.128  -4.123  -4.116  -4.106  -4.094  -4.079
   3.290  -6.043  -6.062  -6.081  -6.101  -6.121  -6.139  -6.154  -6.165  -6.166  -6.158  -6.142  -6.108  -6.048  -5.969  -5.868  -5.749  -5.610  -5.453  -5.285  -5.104  -4.923  -4.743  -4.572  -4.435  -4.329  -4.249  -4.197  -4.166  -4.145  -4.133  -4.127  -4.123  -4.121  -4.120  -4.119  -4.118  -4.117  -4.115  -4.113  -4.110  -4.106  -4.101  -4.095  -4.085  -4.074  -4.060
   3.300  -5.980  -5.997  -6.014  -6.032  -6.052  -6.071  -6.090  -6.107  -6.117  -6.122  -6.124  -6.113  -6.080  -6.027  -5.954  -5.861  -5.745  -5.611  -5.461  -5.296  -5.123  -4.941  -4.758  -4.597  -4.452  -4.334  -4.250  -4.193  -4.154  -4.132  -4.120  -4.112  -4.107  -4.104  -4.102  -4.100  -4.098  -4.096  -4.093  -4.090  -4.085  -4.080  -4.074  -4.065  -4.054  -4.040
   3.310  -5.923  -5.937  -5.953  -5.969  -5.987  -6.005  -6.024  -6.042  -6.058  -6.074  -6.082  -6.079  -6.070  -6.052  -6.006  -5.937  -5.848  -5.738  -5.610  -5.462  -5.303  -5.131  -4.953  -4.780  -4.607  -4.457  -4.342  -4.253  -4.188  -4.149  -4.123  -4.106  -4.097  -4.090  -4.086  -4.083  -4.080  -4.077  -4.073  -4.070  -4.065  -4.060  -4.053  -4.044  -4.034  -4.021
   3.320  -5.872  -5.884  -5.897  -5.911  -5.927  -5.943  -5.960  -5.978  -5.995  -6.012  -6.026  -6.035  -6.040  -6.038  -6.018  -5.976  -5.914  -5.830  -5.726  -5.599  -5.457  -5.302  -5.135  -4.964  -4.784  -4.618  -4.474  -4.349  -4.254  -4.188  -4.141  -4.111  -4.095  -4.082  -4.075  -4.070  -4.065  -4.061  -4.057  -4.052  -4.047  -4.041  -4.033  -4.024  -4.013  -4.000
   3.330  -5.826  -5.836  -5.847  -5.859  -5.872  -5.886  -5.901  -5.916  -5.932  -5.950  -5.966  -5.982  -5.995  -5.996  -5.991  -5.980  -5.949  -5.889  -5.809  -5.707  -5.587  -5.449  -5.295  -5.134  -4.960  -4.790  -4.626  -4.473  -4.350  -4.255  -4.182  -4.134  -4.105  -4.083  -4.070  -4.061  -4.053  -4.047  -4.041  -4.035  -4.029  -4.022  -4.013  -4.002  -3.990  -3.976
   3.340  -5.785  -5.793  -5.802  -5.812  -5.823  -5.835  -5.848  -5.861  -5.875  -5.891  -5.906  -5.922  -5.937  -5.947  -5.953  -5.955  -5.944  -5.912  -5.858  -5.783  -5.687  -5.569  -5.432  -5.285  -5.125  -4.960  -4.790  -4.621  -4.477  -4.354  -4.253  -4.181  -4.131  -4.093  -4.071  -4.055  -4.043  -4.035  -4.027  -4.019  -4.011  -4.002  -3.991  -3.979  -3.965  -3.949
   3.350  -5.750  -5.755  -5.761  -5.769  -5.778  -5.788  -5.799  -5.810  -5.822  -5.836  -5.850  -5.865  -5.880  -5.894  -5.907  -5.913  -5.909  -5.899  -5.878  -5.829  -5.756  -5.661  -5.545  -5.415  -5.268  -5.113  -4.948  -4.778  -4.622  -4.475  -4.348  -4.249  -4.173  -4.117  -4.082  -4.057  -4.038  -4.025  -4.013  -4.003  -3.992  -3.980  -3.968  -3.953  -3.937  -3.919
   3.360  -5.722  -5.724  -5.727  -5.731  -5.738  -5.745  -5.754  -5.764  -5.774  -5.786  -5.798  -5.811  -5.824  -5.838  -5.852  -5.862  -5.866  -5.868  -5.865  -5.839  -5.792  -5.723  -5.632  -5.522  -5.391  -5.248  -5.093  -4.931  -4.771  -4.609  -4.463  -4.342  -4.241  -4.163  -4.109  -4.068  -4.038  -4.018  -4.000  -3.986  -3.973  -3.959  -3.943  -3.926  -3.906  -3.885
   3.370  -5.697  -5.697  -5.699  -5.701  -5.705  -5.709  -5.715  -5.722  -5.730  -5.740  -5.751  -5.762  -5.773  -5.785  -5.798  -5.810  -5.820  -5.827  -5.827  -5.816  -5.796  -5.756  -5.690  -5.602  -5.490  -5.363  -5.222  -5.070  -4.914  -4.748  -4.593  -4.454  -4.330  -4.229  -4.151  -4.090  -4.046  -4.016  -3.990  -3.970  -3.952  -3.934  -3.916  -3.895  -3.873  -3.849
   3.380  -5.677  -5.676  -5.675  -5.675  -5.676  -5.678  -5.681  -5.685  -5.691  -5.699  -5.707  -5.716  -5.727  -5.737  -5.748  -5.759  -5.771  -5.780  -5.782  -5.779  -5.774  -5.755  -5.713  -5.649  -5.562  -5.457  -5.333  -5.193  -5.044  -4.883  -4.725  -4.573  -4.430  -4.310  -4.209  -4.127  -4.066  -4.022  -3.984  -3.956  -3.931  -3.908  -3.886  -3.862  -3.835  -3.808
   3.390  -5.659  -5.656  -5.654  -5.653  -5.652  -5.652  -5.653  -5.655  -5.658  -5.662  -5.668  -5.675  -5.684  -5.692  -5.702  -5.711  -5.721  -5.730  -5.735  -5.737  -5.738  -5.730  -5.706  -5.665  -5.605  -5.523  -5.418  -5.294  -5.158  -5.008  -4.854  -4.696  -4.540  -4.403  -4.283  -4.181  -4.100  -4.036  -3.983  -3.944  -3.910  -3.879  -3.852  -3.823  -3.793  -3.763
   3.400  -5.643  -5.639  -5.636  -5.634  -5.631  -5.630  -5.629  -5.629  -5.629  -5.631  -5.634  -5.638  -5.644  -5.651  -5.659  -5.667  -5.675  -5.683  -5.689  -5.693  -5.695  -5.691  -5.678  -5.655  -5.616  -5.557  -5.474  -5.371  -5.253  -5.117  -4.971  -4.814  -4.653  -4.505  -4.366  -4.244  -4.142  -4.058  -3.989  -3.936  -3.892  -3.853  -3.818  -3.783  -3.749  -3.715
   3.410  -5.626  -5.623  -5.620  -5.617  -5.614  -5.611  -5.608  -5.607  -5.606  -5.605  -5.605  -5.607  -5.610  -5.614  -5.619  -5.625  -5.632  -5.639  -5.644  -5.648  -5.650  -5.647  -5.640  -5.626  -5.601  -5.559  -5.498  -5.419  -5.322  -5.204  -5.072  -4.923  -4.763  -4.608  -4.453  -4.312  -4.193  -4.091  -4.005  -3.936  -3.877  -3.827  -3.784  -3.742  -3.701  -3.663
   3.420  -5.600  -5.601  -5.601  -5.601  -5.598  -5.594  -5.591  -5.587  -5.585  -5.582  -5.581  -5.581  -5.581  -5.581  -5.584  -5.588  -5.592  -5.597  -5.601  -5.604  -5.606  -5.604  -5.598  -5.588  -5.570  -5.539  -5.494  -5.436  -5.357  -5.261  -5.147  -5.013  -4.864  -4.710  -4.545  -4.390  -4.253  -4.131  -4.026  -3.939  -3.865  -3.802  -3.749  -3.699  -3.652  -3.609
   3.430  -5.556  -5.567  -5.574  -5.575  -5.576  -5.576  -5.574  -5.571  -5.567  -5.564  -5.561  -5.558  -5.556  -5.556  -5.556  -5.556  -5.557  -5.560  -5.562  -5.563  -5.564  -5.562  -5.556  -5.545  -5.530  -5.506  -5.472  -5.426  -5.364  -5.287  -5.193  -5.079  -4.948  -4.801  -4.634  -4.471  -4.318  -4.175  -4.051  -3.948  -3.858  -3.783  -3.719  -3.659  -3.604  -3.555
   3.440  -5.484  -5.504  -5.521  -5.534  -5.543  -5.548  -5.549  -5.550  -5.550  -5.547  -5.543  -5.540  -5.536  -5.534  -5.531  -5.529  -5.528  -5.527  -5.527  -5.526  -5.524  -5.521  -5.514  -5.503  -5.487  -5.465  -5.436  -5.398  -5.347  -5.285  -5.208  -5.114  -5.003  -4.870  -4.713  -4.550  -4.386  -4.223  -4.083  -3.962  -3.856  -3.766  -3.690  -3.619  -3.556  -3.501
   3.450  -5.385  -5.416  -5.443  -5.466  -5.486  -5.501  -5.513  -5.520  -5.523  -5.524  -5.524  -5.522  -5.518  -5.514  -5.511  -5.507  -5.503  -5.500  -5.496  -5.492  -5.487  -5.481  -5.473  -5.460  -5.445  -5.423  -5.395  -5.359  -5.315  -5.262  -5.197  -5.120  -5.027  -4.912  -4.772  -4.619  -4.451  -4.277  -4.122  -3.982  -3.857  -3.752  -3.663  -3.581  -3.510  -3.448
   3.460  -5.264  -5.304  -5.340  -5.373  -5.402  -5.428  -5.449  -5.467  -5.480  -5.491  -5.495  -5.496  -5.496  -5.495  -5.492  -5.487  -5.482  -5.476  -5.470  -5.464  -5.456  -5.447  -5.436  -5.421  -5.403  -5.380  -5.351  -5.316  -5.274  -5.225  -5.167  -5.100  -5.021  -4.921  -4.802  -4.665  -4.503  -4.328  -4.164  -4.005  -3.861  -3.741  -3.638  -3.546  -3.465  -3.396
   3.470  -5.128  -5.175  -5.218  -5.259  -5.296  -5.330  -5.361  -5.389  -5.412  -5.432  -5.447  -5.459  -5.466  -5.467  -5.467  -5.466  -5.463  -5.456  -5.448  -5.439  -5.429  -5.417  -5.402  -5.385  -5.364  -5.339  -5.308  -5.271  -5.229  -5.181  -5.126  -5.064  -4.992  -4.904  -4.801  -4.680  -4.532  -4.368  -4.203  -4.031  -3.872  -3.737  -3.617  -3.512  -3.421  -3.344
   3.480  -4.982  -5.033  -5.082  -5.129  -5.173  -5.215  -5.254  -5.289  -5.322  -5.350  -5.375  -5.396  -5.413  -5.426  -5.434  -5.437  -5.436  -5.433  -5.427  -5.418  -5.406  -5.392  -5.375  -5.354  -5.330  -5.302  -5.268  -5.230  -5.185  -5.135  -5.079  -5.018  -4.948  -4.867  -4.774  -4.665  -4.533  -4.384  -4.226  -4.053  -3.887  -3.737  -3.600  -3.480  -3.378  -3.291
   3.490  -4.828  -4.884  -4.938  -4.990  -5.039  -5.086  -5.131  -5.173  -5.212  -5.249  -5.282  -5.312  -5.338  -5.361  -5.379  -5.391  -5.397  -5.401  -5.400  -5.394  -5.383  -5.369  -5.350  -5.327  -5.300  -5.268  -5.231  -5.189  -5.142  -5.090  -5.032  -4.968  -4.897  -4.816  -4.727  -4.624  -4.504  -4.371  -4.223  -4.058  -3.894  -3.736  -3.584  -3.452  -3.338  -3.240
   3.500  -4.668  -4.728  -4.786  -4.842  -4.896  -4.948  -4.998  -5.046  -5.091  -5.134  -5.174  -5.211  -5.245  -5.275  -5.302  -5.324  -5.343  -5.355  -5.357  -5.356  -5.355  -5.346  -5.326  -5.303  -5.274  -5.239  -5.199  -5.154  -5.103  -5.048  -4.986  -4.918  -4.844  -4.760  -4.669  -4.567  -4.454  -4.329  -4.191  -4.039  -3.883  -3.724  -3.567  -3.427  -3.302  -3.190
   3.525  -4.247  -4.316  -4.384  -4.450  -4.514  -4.576  -4.636  -4.695  -4.751  -4.806  -4.858  -4.907  -4.954  -4.999  -5.042  -5.082  -5.119  -5.150  -5.170  -5.189  -5.206  -5.215  -5.211  -5.198  -5.179  -5.155  -5.122  -5.079  -5.029  -4.971  -4.903  -4.826  -4.740  -4.643  -4.537  -4.422  -4.302  -4.174  -4.040  -3.898  -3.753  -3.603  -3.451  -3.309  -3.175  -3.047
   3.550  -3.808  -3.886  -3.963  -4.037  -4.109  -4.179  -4.248  -4.314  -4.379  -4.442  -4.503  -4.562  -4.619  -4.674  -4.728  -4.778  -4.826  -4.870  -4.911  -4.947  -4.977  -5.002  -5.019  -5.021  -5.017  -5.009  -4.988  -4.952  -4.906  -4.849  -4.780  -4.697  -4.602  -4.495  -4.376  -4.249  -4.116  -3.977  -3.837  -3.695  -3.554  -3.414  -3.275  -3.139  -3.006  -2.875
   3.575  -3.356  -3.441  -3.524  -3.606  -3.686  -3.765  -3.842  -3.917  -3.990  -4.062  -4.131  -4.199  -4.264  -4.327  -4.389  -4.447  -4.503  -4.555  -4.604  -4.649  -4.687  -4.722  -4.747  -4.753  -4.754  -4.754  -4.738  -4.702  -4.657  -4.601  -4.533  -4.454  -4.363  -4.263  -4.153  -4.035  -3.911  -3.780  -3.646  -3.509  -3.369  -3.228  -3.087  -2.946  -2.807  -2.668
   3.600  -2.905  -2.995  -3.084  -3.172  -3.258  -3.343  -3.427  -3.509  -3.590  -3.669  -3.745  -3.820  -3.892  -3.962  -4.029  -4.093  -4.154  -4.212  -4.265  -4.315  -4.357  -4.395  -4.423  -4.429  -4.431  -4.431  -4.415  -4.376  -4.330  -4.273  -4.206  -4.131  -4.047  -3.957  -3.859  -3.755  -3.644  -3.526  -3.402  -3.271  -3.135  -2.995  -2.853  -2.712  -2.571  -2.430
   3.625  -2.471  -2.564  -2.655  -2.746  -2.836  -2.924  -3.012  -3.099  -3.184  -3.268  -3.350  -3.431  -3.510  -3.586  -3.660  -3.730  -3.797  -3.860  -3.917  -3.968  -4.011  -4.046  -4.069  -4.073  -4.068  -4.057  -4.029  -3.984  -3.930  -3.866  -3.794  -3.715  -3.631  -3.542  -3.449  -3.351  -3.249  -3.143  -3.032  -2.917  -2.798  -2.675  -2.549  -2.422  -2.294  -2.165
   3.650  -2.057  -2.150  -2.243  -2.335  -2.426  -2.516  -2.606  -2.696  -2.784  -2.872  -2.958  -3.043  -3.127  -3.208  -3.288  -3.363  -3.434  -3.501  -3.559  -3.611  -3.652  -3.681  -3.698  -3.698  -3.685  -3.659  -3.618  -3.565  -3.503  -3.431  -3.353  -3.270  -3.183  -3.094  -3.003  -2.909  -2.814  -2.717  -2.618  -2.518  -2.415  -2.309  -2.201  -2.090  -1.977  -1.862
   3.675  -1.666  -1.760  -1.853  -1.946  -2.038  -2.130  -2.222  -2.313  -2.403  -2.493  -2.581  -2.668  -2.754  -2.838  -2.920  -2.998  -3.072  -3.140  -3.201  -3.254  -3.293  -3.316  -3.329  -3.327  -3.307  -3.272  -3.224  -3.165  -3.098  -3.023  -2.943  -2.860  -2.773  -2.685  -2.594  -2.502  -2.409  -2.315  -2.219  -2.123  -2.024  -1.923  -1.820  -1.715  -1.608  -1.498
   3.700  -1.314  -1.404  -1.494  -1.584  -1.676  -1.767  -1.858  -1.950  -2.040  -2.129  -2.218  -2.306  -2.393  -2.477  -2.559  -2.638  -2.713  -2.783  -2.844  -2.898  -2.934  -2.953  -2.962  -2.959  -2.933  -2.892  -2.840  -2.777  -2.708  -2.631  -2.551  -2.468  -2.382  -2.294  -2.204  -2.113  -2.020  -1.926  -1.830  -1.733  -1.635  -1.535  -1.433  -1.329  -1.224  -1.118
   3.725  -1.009  -1.086  -1.167  -1.250  -1.337  -1.425  -1.515  -1.604  -1.694  -1.783  -1.872  -1.960  -2.047  -2.131  -2.214  -2.293  -2.368  -2.437  -2.497  -2.550  -2.584  -2.599  -2.607  -2.603  -2.574  -2.531  -2.478  -2.414  -2.344  -2.268  -2.187  -2.104  -2.019  -1.931  -1.842  -1.750  -1.658  -1.563  -1.468  -1.371  -1.273  -1.174  -1.072  -0.970  -0.866  -0.761
   3.750  -0.771  -0.831  -0.896  -0.967  -1.044  -1.123  -1.205  -1.289  -1.373  -1.459  -1.545  -1.630  -1.715  -1.797  -1.878  -1.955  -2.028  -2.094  -2.152  -2.203  -2.234  -2.246  -2.252  -2.249  -2.219  -2.175  -2.123  -2.060  -1.992  -1.916  -1.837  -1.755  -1.670  -1.583  -1.495  -1.404  -1.312  -1.218  -1.123  -1.027  -0.929  -0.830  -0.729  -0.627  -0.523  -0.418
   3.775  -0.631  -0.664  -0.705  -0.753  -0.809  -0.872  -0.938  -1.008  -1.080  -1.157  -1.235  -1.313  -1.392  -1.469  -1.545  -1.618  -1.686  -1.748  -1.802  -1.849  -1.877  -1.886  -1.891  -1.888  -1.859  -1.816  -1.766  -1.706  -1.639  -1.566  -1.489  -1.410  -1.327  -1.242  -1.155  -1.067  -0.977  -0.886  -0.793  -0.698  -0.602  -0.504  -0.404  -0.303  -0.200  -0.096
   3.800  -0.572  -0.583  -0.599  -0.622  -0.651  -0.687  -0.730  -0.780  -0.835  -0.896  -0.960  -1.026  -1.093  -1.159  -1.226  -1.289  -1.348  -1.403  -1.450  -1.491  -1.513  -1.519  -1.523  -1.519  -1.492  -1.452  -1.404  -1.348  -1.285  -1.216  -1.143  -1.067  -0.987  -0.906  -0.823  -0.738  -0.652  -0.564  -0.474  -0.382  -0.288  -0.192  -0.094   0.005   0.106   0.209
   3.825  -0.555  -0.557  -0.561  -0.567  -0.575  -0.585  -0.604  -0.628  -0.656  -0.692  -0.734  -0.778  -0.824  -0.871  -0.920  -0.968  -1.013  -1.055  -1.090  -1.120  -1.137  -1.140  -1.140  -1.133  -1.109  -1.073  -1.030  -0.979  -0.922  -0.859  -0.792  -0.722  -0.648  -0.572  -0.494  -0.414  -0.332  -0.248  -0.162  -0.074   0.016   0.108   0.202   0.299   0.398   0.499
   3.850  -0.550  -0.549  -0.548  -0.548  -0.547  -0.547  -0.547  -0.549  -0.552  -0.558  -0.569  -0.584  -0.603  -0.625  -0.651  -0.676  -0.700  -0.723  -0.742  -0.757  -0.764  -0.762  -0.756  -0.744  -0.721  -0.689  -0.651  -0.606  -0.555  -0.499  -0.439  -0.375  -0.308  -0.239  -0.167  -0.093  -0.017   0.062   0.143   0.226   0.311   0.399   0.489   0.582   0.678   0.776
   3.875  -0.550  -0.549  -0.547  -0.544  -0.541  -0.536  -0.530  -0.521  -0.509  -0.494  -0.477  -0.463  -0.451  -0.442  -0.436  -0.432  -0.426  -0.421  -0.415  -0.410  -0.401  -0.388  -0.373  -0.354  -0.330  -0.300  -0.265  -0.226  -0.182  -0.133  -0.081  -0.025   0.034   0.096   0.160   0.227   0.297   0.369   0.444   0.521   0.601   0.684   0.769   0.858   0.949   1.044
   3.900  -0.550  -0.549  -0.547  -0.543  -0.539  -0.533  -0.524  -0.512  -0.495  -0.472  -0.445  -0.411  -0.373  -0.333  -0.289  -0.247  -0.207  -0.169  -0.134  -0.101  -0.070  -0.041  -0.013   0.017   0.046   0.078   0.112   0.148   0.187   0.229   0.274   0.323   0.374   0.428   0.485   0.545   0.608   0.673   0.741   0.812   0.886   0.963   1.043   1.126   1.213   1.304
   3.925  -0.550  -0.549  -0.547  -0.544  -0.541  -0.535  -0.526  -0.514  -0.496  -0.473  -0.441  -0.399  -0.348  -0.287  -0.215  -0.137  -0.062   0.012   0.081   0.145   0.205   0.260   0.310   0.355   0.396   0.434   0.472   0.508   0.546   0.584   0.624   0.667   0.712   0.759   0.809   0.861   0.916   0.975   1.036   1.100   1.167   1.238   1.311   1.389   1.471   1.556
   3.950  -0.549  -0.549  -0.547  -0.545  -0.542  -0.536  -0.528  -0.516  -0.498  -0.474  -0.440  -0.396  -0.340  -0.272  -0.190  -0.099   0.002   0.110   0.215   0.319   0.416   0.501   0.577   0.644   0.702   0.753   0.799   0.841   0.881   0.920   0.958   0.997   1.037   1.079   1.123   1.169   1.218   1.269   1.324   1.381   1.442   1.506   1.574   1.645   1.721   1.801
   3.975  -0.542  -0.544  -0.545  -0.543  -0.540  -0.536  -0.530  -0.520  -0.503  -0.480  -0.446  -0.403  -0.347  -0.278  -0.194  -0.100   0.014   0.141   0.274   0.415   0.549   0.670   0.776   0.867   0.944   1.016   1.079   1.132   1.181   1.225   1.266   1.306   1.344   1.384   1.424   1.465   1.509   1.554   1.603   1.655   1.709   1.768   1.830   1.896   1.966   2.039
   4.000  -0.530  -0.535  -0.538  -0.538  -0.537  -0.535  -0.531  -0.522  -0.507  -0.487  -0.456  -0.414  -0.360  -0.290  -0.204  -0.102   0.018   0.151   0.293   0.446   0.598   0.744   0.884   1.010   1.121   1.220   1.304   1.375   1.439   1.492   1.541   1.585   1.626   1.666   1.705   1.744   1.784   1.826   1.870   1.917   1.967   2.021   2.078   2.139   2.203   2.271
   4.025  -0.518  -0.521  -0.524  -0.525  -0.526  -0.526  -0.524  -0.517  -0.505  -0.487  -0.461  -0.424  -0.375  -0.306  -0.223  -0.120  -0.001   0.133   0.278   0.435   0.593   0.749   0.917   1.076   1.228   1.360   1.468   1.559   1.639   1.710   1.772   1.826   1.873   1.918   1.959   1.999   2.039   2.079   2.122   2.165   2.212   2.262   2.315   2.372   2.432   2.496
   4.050  -0.509  -0.510  -0.511  -0.511  -0.512  -0.513  -0.512  -0.508  -0.501  -0.488  -0.464  -0.430  -0.384  -0.322  -0.243  -0.147  -0.032   0.101   0.247   0.409   0.577   0.751   0.928   1.098   1.264   1.417   1.554   1.678   1.786   1.878   1.958   2.026   2.085   2.138   2.185   2.229   2.272   2.313   2.355   2.398   2.443   2.491   2.541   2.594   2.651   2.712
   4.075  -0.506  -0.506  -0.505  -0.505  -0.505  -0.504  -0.502  -0.497  -0.490  -0.479  -0.457  -0.426  -0.384  -0.330  -0.258  -0.168  -0.059   0.068   0.210   0.368   0.538   0.719   0.900   1.076   1.252   1.415   1.579   1.739   1.880   1.997   2.095   2.181   2.256   2.322   2.379   2.431   2.479   2.524   2.569   2.612   2.657   2.704   2.753   2.805   2.860   2.918
   4.100  -0.504  -0.504  -0.503  -0.501  -0.500  -0.497  -0.493  -0.488  -0.479  -0.467  -0.448  -0.421  -0.384  -0.332  -0.267  -0.184  -0.082   0.037   0.172   0.325   0.489   0.664   0.849   1.034   1.223   1.408   1.587   1.759   1.915   2.058   2.185   2.295   2.390   2.473   2.543   2.605   2.662   2.713   2.762   2.809   2.856   2.904   2.953   3.004   3.059   3.116

