low temperature opacities from Ferguson, Alexander, et al (2005) with gs98 metals
    form     version        X           Z          logRs    logR_min    logR_max       logTs    logT_min    logT_max
       1          38    0.990000    0.010000          46   -8.000000    1.000000         105    2.700000    4.500000

   logT                       logR = logRho - 3*logT + 18
          -8.000  -7.800  -7.600  -7.400  -7.200  -7.000  -6.800  -6.600  -6.400  -6.200  -6.000  -5.800  -5.600  -5.400  -5.200  -5.000  -4.800  -4.600  -4.400  -4.200  -4.000  -3.800  -3.600  -3.400  -3.200  -3.000  -2.800  -2.600  -2.400  -2.200  -2.000  -1.800  -1.600  -1.400  -1.200  -1.000  -0.800  -0.600  -0.400  -0.200   0.000   0.200   0.400   0.600   0.800   1.000

   2.700  -0.496  -0.496  -0.496  -0.496  -0.496  -0.496  -0.496  -0.495  -0.495  -0.496  -0.496  -0.496  -0.496  -0.496  -0.496  -0.496  -0.494  -0.491  -0.491  -0.494  -0.496  -0.496  -0.496  -0.496  -0.496  -0.496  -0.488  -0.474  -0.474  -0.483  -0.489  -0.484  -0.475  -0.471  -0.469  -0.467  -0.463  -0.459  -0.454  -0.449  -0.444  -0.439  -0.433  -0.428  -0.423  -0.419
   2.750  -0.472  -0.472  -0.472  -0.472  -0.471  -0.471  -0.471  -0.471  -0.471  -0.471  -0.471  -0.471  -0.471  -0.471  -0.471  -0.471  -0.471  -0.471  -0.471  -0.471  -0.471  -0.471  -0.471  -0.471  -0.471  -0.470  -0.463  -0.453  -0.453  -0.463  -0.470  -0.468  -0.465  -0.464  -0.464  -0.464  -0.461  -0.457  -0.453  -0.448  -0.444  -0.439  -0.434  -0.429  -0.424  -0.420
   2.800  -0.448  -0.449  -0.449  -0.449  -0.449  -0.449  -0.449  -0.449  -0.449  -0.448  -0.448  -0.448  -0.449  -0.449  -0.449  -0.449  -0.449  -0.449  -0.449  -0.449  -0.449  -0.449  -0.449  -0.449  -0.449  -0.449  -0.449  -0.449  -0.449  -0.449  -0.449  -0.451  -0.455  -0.457  -0.457  -0.457  -0.456  -0.454  -0.451  -0.448  -0.444  -0.440  -0.435  -0.431  -0.426  -0.421
   2.850  -0.452  -0.452  -0.451  -0.451  -0.450  -0.450  -0.450  -0.449  -0.449  -0.449  -0.449  -0.449  -0.450  -0.450  -0.451  -0.451  -0.451  -0.450  -0.450  -0.451  -0.451  -0.451  -0.451  -0.451  -0.451  -0.451  -0.451  -0.451  -0.451  -0.451  -0.451  -0.451  -0.450  -0.450  -0.451  -0.452  -0.451  -0.450  -0.449  -0.446  -0.444  -0.440  -0.437  -0.433  -0.429  -0.424
   2.900  -0.476  -0.469  -0.463  -0.459  -0.457  -0.456  -0.455  -0.454  -0.453  -0.451  -0.450  -0.449  -0.449  -0.449  -0.448  -0.448  -0.448  -0.448  -0.448  -0.448  -0.448  -0.448  -0.449  -0.449  -0.449  -0.449  -0.449  -0.449  -0.449  -0.450  -0.450  -0.450  -0.449  -0.448  -0.448  -0.448  -0.447  -0.447  -0.446  -0.445  -0.443  -0.440  -0.437  -0.434  -0.431  -0.427
   2.910  -0.524  -0.501  -0.483  -0.470  -0.463  -0.458  -0.455  -0.453  -0.451  -0.451  -0.450  -0.450  -0.449  -0.448  -0.447  -0.445  -0.444  -0.444  -0.444  -0.443  -0.443  -0.443  -0.443  -0.443  -0.444  -0.444  -0.444  -0.444  -0.444  -0.444  -0.444  -0.444  -0.445  -0.445  -0.444  -0.444  -0.443  -0.443  -0.442  -0.442  -0.440  -0.439  -0.437  -0.434  -0.432  -0.428
   2.920  -0.633  -0.584  -0.543  -0.512  -0.490  -0.474  -0.463  -0.456  -0.451  -0.449  -0.447  -0.445  -0.444  -0.444  -0.444  -0.444  -0.442  -0.440  -0.439  -0.438  -0.438  -0.438  -0.438  -0.438  -0.438  -0.438  -0.438  -0.438  -0.438  -0.439  -0.439  -0.439  -0.439  -0.439  -0.439  -0.438  -0.438  -0.438  -0.438  -0.437  -0.437  -0.436  -0.435  -0.433  -0.431  -0.428
   2.930  -0.844  -0.751  -0.672  -0.610  -0.565  -0.529  -0.500  -0.479  -0.464  -0.455  -0.449  -0.445  -0.442  -0.440  -0.439  -0.438  -0.438  -0.438  -0.438  -0.436  -0.434  -0.433  -0.433  -0.433  -0.432  -0.432  -0.432  -0.432  -0.432  -0.433  -0.433  -0.433  -0.433  -0.433  -0.432  -0.432  -0.432  -0.432  -0.432  -0.432  -0.432  -0.431  -0.430  -0.429  -0.428  -0.426
   2.940  -0.958  -0.923  -0.873  -0.806  -0.718  -0.639  -0.585  -0.545  -0.511  -0.486  -0.467  -0.454  -0.446  -0.440  -0.437  -0.435  -0.433  -0.432  -0.432  -0.431  -0.431  -0.430  -0.429  -0.427  -0.426  -0.426  -0.426  -0.426  -0.426  -0.426  -0.426  -0.426  -0.426  -0.426  -0.426  -0.426  -0.426  -0.426  -0.426  -0.426  -0.425  -0.425  -0.425  -0.424  -0.423  -0.422
   2.950  -0.962  -0.961  -0.957  -0.945  -0.901  -0.839  -0.761  -0.675  -0.610  -0.561  -0.523  -0.493  -0.471  -0.454  -0.443  -0.436  -0.431  -0.429  -0.427  -0.426  -0.425  -0.425  -0.424  -0.423  -0.422  -0.421  -0.420  -0.420  -0.420  -0.419  -0.419  -0.419  -0.419  -0.419  -0.419  -0.419  -0.419  -0.419  -0.419  -0.419  -0.419  -0.418  -0.418  -0.418  -0.417  -0.417
   2.960  -0.996  -0.979  -0.966  -0.957  -0.952  -0.949  -0.947  -0.946  -0.918  -0.773  -0.633  -0.570  -0.534  -0.500  -0.474  -0.454  -0.440  -0.432  -0.426  -0.423  -0.421  -0.419  -0.418  -0.418  -0.417  -0.417  -0.417  -0.417  -0.416  -0.414  -0.412  -0.412  -0.412  -0.412  -0.412  -0.412  -0.412  -0.412  -0.412  -0.411  -0.411  -0.411  -0.411  -0.411  -0.410  -0.410
   2.970  -1.192  -1.105  -1.038  -0.996  -0.974  -0.961  -0.951  -0.946  -0.942  -0.941  -0.938  -0.846  -0.682  -0.585  -0.540  -0.508  -0.477  -0.454  -0.437  -0.428  -0.421  -0.416  -0.414  -0.412  -0.411  -0.410  -0.409  -0.409  -0.409  -0.409  -0.409  -0.408  -0.406  -0.405  -0.405  -0.404  -0.404  -0.404  -0.404  -0.404  -0.403  -0.403  -0.403  -0.403  -0.403  -0.403
   2.980  -1.937  -1.623  -1.375  -1.199  -1.099  -1.036  -0.993  -0.971  -0.955  -0.950  -0.940  -0.881  -0.786  -0.715  -0.659  -0.609  -0.559  -0.514  -0.479  -0.454  -0.436  -0.423  -0.415  -0.409  -0.406  -0.404  -0.402  -0.401  -0.401  -0.401  -0.401  -0.400  -0.399  -0.399  -0.398  -0.397  -0.397  -0.396  -0.396  -0.396  -0.395  -0.395  -0.395  -0.395  -0.395  -0.395
   2.990  -1.939  -1.932  -1.913  -1.846  -1.610  -1.374  -1.226  -1.111  -1.030  -0.986  -0.961  -0.946  -0.938  -0.932  -0.929  -0.924  -0.825  -0.653  -0.554  -0.511  -0.481  -0.453  -0.433  -0.418  -0.408  -0.402  -0.398  -0.396  -0.394  -0.393  -0.392  -0.392  -0.392  -0.391  -0.391  -0.390  -0.389  -0.389  -0.388  -0.388  -0.387  -0.387  -0.387  -0.387  -0.386  -0.386
   3.000  -2.033  -1.991  -1.956  -1.930  -1.917  -1.894  -1.793  -1.623  -1.449  -1.251  -1.097  -1.024  -0.986  -0.958  -0.947  -0.929  -0.856  -0.751  -0.673  -0.618  -0.569  -0.523  -0.482  -0.451  -0.428  -0.412  -0.401  -0.395  -0.390  -0.387  -0.385  -0.384  -0.384  -0.383  -0.382  -0.382  -0.381  -0.381  -0.380  -0.380  -0.379  -0.379  -0.378  -0.378  -0.378  -0.377
   3.010  -1.995  -2.014  -2.023  -2.021  -2.001  -1.968  -1.928  -1.875  -1.807  -1.727  -1.612  -1.425  -1.217  -1.083  -1.014  -0.972  -0.950  -0.938  -0.893  -0.786  -0.683  -0.619  -0.568  -0.522  -0.480  -0.446  -0.422  -0.406  -0.393  -0.386  -0.381  -0.378  -0.377  -0.376  -0.375  -0.374  -0.373  -0.373  -0.372  -0.371  -0.371  -0.370  -0.370  -0.369  -0.369  -0.369
   3.020  -2.021  -2.049  -2.062  -2.053  -1.993  -1.955  -1.962  -1.974  -1.961  -1.883  -1.832  -1.831  -1.831  -1.775  -1.465  -1.177  -1.059  -0.998  -0.958  -0.944  -0.918  -0.827  -0.701  -0.616  -0.564  -0.521  -0.479  -0.443  -0.416  -0.398  -0.386  -0.378  -0.374  -0.371  -0.369  -0.368  -0.366  -0.365  -0.364  -0.363  -0.362  -0.362  -0.361  -0.360  -0.360  -0.359
   3.030  -1.810  -1.862  -1.910  -1.960  -2.015  -2.042  -2.004  -1.944  -1.936  -1.951  -1.961  -1.911  -1.833  -1.818  -1.819  -1.819  -1.646  -1.329  -1.139  -1.041  -0.980  -0.949  -0.931  -0.870  -0.743  -0.626  -0.559  -0.512  -0.470  -0.435  -0.408  -0.391  -0.381  -0.373  -0.368  -0.365  -0.362  -0.359  -0.357  -0.356  -0.354  -0.353  -0.352  -0.351  -0.351  -0.350
   3.040  -1.756  -1.759  -1.767  -1.784  -1.826  -1.877  -1.943  -2.004  -2.003  -1.946  -1.909  -1.920  -1.937  -1.929  -1.871  -1.826  -1.818  -1.814  -1.758  -1.493  -1.235  -1.101  -1.014  -0.958  -0.937  -0.902  -0.792  -0.648  -0.554  -0.500  -0.460  -0.428  -0.406  -0.389  -0.378  -0.370  -0.363  -0.358  -0.353  -0.350  -0.348  -0.346  -0.344  -0.343  -0.341  -0.340
   3.050  -1.751  -1.744  -1.740  -1.739  -1.740  -1.741  -1.758  -1.795  -1.846  -1.922  -1.963  -1.948  -1.919  -1.898  -1.883  -1.867  -1.844  -1.821  -1.807  -1.802  -1.793  -1.638  -1.364  -1.181  -1.058  -0.976  -0.941  -0.920  -0.847  -0.687  -0.549  -0.489  -0.457  -0.428  -0.406  -0.389  -0.375  -0.365  -0.356  -0.350  -0.345  -0.341  -0.338  -0.335  -0.333  -0.331
   3.060  -1.736  -1.736  -1.735  -1.733  -1.728  -1.723  -1.718  -1.713  -1.715  -1.737  -1.770  -1.826  -1.882  -1.892  -1.889  -1.883  -1.872  -1.857  -1.838  -1.815  -1.792  -1.775  -1.754  -1.683  -1.472  -1.261  -1.134  -1.029  -0.909  -0.773  -0.658  -0.587  -0.540  -0.499  -0.466  -0.438  -0.412  -0.389  -0.372  -0.360  -0.351  -0.343  -0.336  -0.331  -0.327  -0.323
   3.070  -1.726  -1.722  -1.718  -1.716  -1.715  -1.714  -1.711  -1.707  -1.702  -1.696  -1.693  -1.699  -1.715  -1.749  -1.810  -1.844  -1.838  -1.826  -1.813  -1.797  -1.789  -1.798  -1.812  -1.811  -1.776  -1.707  -1.566  -1.378  -1.222  -1.089  -0.965  -0.846  -0.738  -0.652  -0.589  -0.535  -0.484  -0.442  -0.409  -0.388  -0.371  -0.356  -0.344  -0.333  -0.325  -0.319
   3.080  -1.761  -1.739  -1.722  -1.710  -1.703  -1.699  -1.696  -1.695  -1.693  -1.690  -1.687  -1.681  -1.674  -1.674  -1.682  -1.698  -1.745  -1.802  -1.811  -1.802  -1.791  -1.776  -1.761  -1.762  -1.780  -1.791  -1.775  -1.728  -1.635  -1.457  -1.274  -1.123  -0.985  -0.871  -0.782  -0.701  -0.618  -0.541  -0.485  -0.448  -0.419  -0.391  -0.367  -0.347  -0.332  -0.320
   3.090  -2.002  -1.901  -1.821  -1.764  -1.731  -1.710  -1.695  -1.686  -1.680  -1.676  -1.673  -1.671  -1.669  -1.664  -1.658  -1.654  -1.656  -1.664  -1.681  -1.724  -1.750  -1.748  -1.744  -1.739  -1.732  -1.728  -1.727  -1.727  -1.723  -1.703  -1.664  -1.540  -1.348  -1.191  -1.054  -0.927  -0.806  -0.698  -0.614  -0.555  -0.505  -0.458  -0.417  -0.382  -0.353  -0.331
   3.100  -2.920  -2.640  -2.391  -2.172  -1.976  -1.837  -1.766  -1.730  -1.699  -1.680  -1.668  -1.659  -1.655  -1.651  -1.649  -1.646  -1.640  -1.635  -1.634  -1.635  -1.638  -1.666  -1.706  -1.714  -1.712  -1.709  -1.699  -1.687  -1.686  -1.693  -1.698  -1.650  -1.547  -1.437  -1.312  -1.181  -1.043  -0.907  -0.798  -0.714  -0.639  -0.567  -0.502  -0.445  -0.398  -0.359
   3.110  -2.863  -2.860  -2.857  -2.855  -2.854  -2.853  -2.575  -2.096  -1.872  -1.782  -1.727  -1.687  -1.667  -1.650  -1.640  -1.634  -1.630  -1.628  -1.623  -1.617  -1.613  -1.616  -1.625  -1.640  -1.665  -1.678  -1.678  -1.676  -1.673  -1.665  -1.655  -1.648  -1.638  -1.608  -1.512  -1.393  -1.267  -1.133  -1.016  -0.913  -0.815  -0.719  -0.628  -0.546  -0.475  -0.412
   3.120  -2.821  -2.811  -2.804  -2.799  -2.797  -2.795  -2.794  -2.793  -2.744  -2.469  -2.178  -1.971  -1.803  -1.717  -1.677  -1.652  -1.632  -1.620  -1.612  -1.608  -1.605  -1.599  -1.593  -1.591  -1.590  -1.590  -1.609  -1.638  -1.644  -1.643  -1.641  -1.637  -1.628  -1.611  -1.581  -1.527  -1.439  -1.331  -1.225  -1.119  -1.011  -0.900  -0.789  -0.685  -0.587  -0.495
   3.130  -2.816  -2.786  -2.763  -2.751  -2.745  -2.741  -2.738  -2.737  -2.735  -2.735  -2.734  -2.607  -2.356  -2.146  -1.945  -1.790  -1.710  -1.668  -1.634  -1.613  -1.600  -1.591  -1.586  -1.580  -1.575  -1.570  -1.567  -1.564  -1.570  -1.598  -1.617  -1.615  -1.609  -1.601  -1.591  -1.574  -1.530  -1.462  -1.385  -1.294  -1.194  -1.085  -0.967  -0.850  -0.732  -0.612
   3.140  -2.907  -2.823  -2.760  -2.724  -2.706  -2.696  -2.690  -2.687  -2.685  -2.683  -2.681  -2.680  -2.679  -2.679  -2.678  -2.677  -2.433  -2.007  -1.795  -1.707  -1.653  -1.614  -1.595  -1.578  -1.569  -1.562  -1.554  -1.548  -1.548  -1.553  -1.559  -1.565  -1.570  -1.571  -1.570  -1.569  -1.556  -1.523  -1.476  -1.414  -1.337  -1.244  -1.137  -1.021  -0.894  -0.757
   3.150  -3.179  -2.993  -2.850  -2.751  -2.698  -2.669  -2.651  -2.642  -2.636  -2.633  -2.631  -2.629  -2.628  -2.628  -2.627  -2.626  -2.625  -2.625  -2.565  -2.230  -1.910  -1.770  -1.695  -1.634  -1.597  -1.572  -1.555  -1.545  -1.536  -1.528  -1.524  -1.527  -1.533  -1.537  -1.540  -1.542  -1.538  -1.529  -1.511  -1.477  -1.426  -1.360  -1.276  -1.174  -1.054  -0.916
   3.160  -3.593  -3.311  -3.080  -2.902  -2.778  -2.694  -2.643  -2.617  -2.600  -2.590  -2.585  -2.582  -2.580  -2.578  -2.578  -2.577  -2.576  -2.575  -2.575  -2.574  -2.573  -2.573  -2.573  -2.487  -2.023  -1.674  -1.610  -1.576  -1.549  -1.532  -1.521  -1.512  -1.507  -1.508  -1.513  -1.517  -1.516  -1.515  -1.511  -1.497  -1.469  -1.428  -1.372  -1.293  -1.192  -1.071
   3.170  -4.053  -3.744  -3.467  -3.219  -2.999  -2.824  -2.707  -2.635  -2.589  -2.565  -2.551  -2.542  -2.537  -2.533  -2.531  -2.530  -2.530  -2.529  -2.529  -2.528  -2.527  -2.526  -2.525  -2.525  -2.524  -2.524  -2.278  -1.857  -1.668  -1.591  -1.552  -1.529  -1.518  -1.514  -1.512  -1.511  -1.510  -1.509  -1.507  -1.500  -1.485  -1.463  -1.429  -1.373  -1.298  -1.204
   3.180  -4.479  -4.193  -3.912  -3.631  -3.345  -3.095  -2.900  -2.748  -2.639  -2.577  -2.540  -2.516  -2.504  -2.495  -2.490  -2.487  -2.485  -2.484  -2.484  -2.483  -2.482  -2.482  -2.481  -2.481  -2.480  -2.480  -2.480  -2.479  -2.411  -2.040  -1.738  -1.654  -1.611  -1.583  -1.568  -1.558  -1.547  -1.538  -1.527  -1.516  -1.502  -1.485  -1.463  -1.426  -1.374  -1.310
   3.190  -4.819  -4.586  -4.336  -4.066  -3.770  -3.486  -3.224  -2.986  -2.802  -2.669  -2.575  -2.518  -2.489  -2.469  -2.458  -2.451  -2.446  -2.444  -2.442  -2.441  -2.440  -2.439  -2.439  -2.439  -2.438  -2.438  -2.438  -2.437  -2.437  -2.437  -2.436  -2.281  -1.998  -1.828  -1.740  -1.681  -1.641  -1.618  -1.592  -1.566  -1.541  -1.519  -1.497  -1.468  -1.433  -1.392
   3.200  -5.049  -4.887  -4.692  -4.461  -4.189  -3.907  -3.619  -3.334  -3.088  -2.875  -2.705  -2.591  -2.518  -2.469  -2.442  -2.426  -2.415  -2.409  -2.405  -2.403  -2.401  -2.400  -2.399  -2.399  -2.398  -2.398  -2.398  -2.397  -2.397  -2.397  -2.396  -2.339  -2.222  -2.108  -1.985  -1.877  -1.808  -1.758  -1.708  -1.660  -1.618  -1.582  -1.551  -1.521  -1.493  -1.466
   3.210  -5.180  -5.085  -4.950  -4.773  -4.552  -4.304  -4.029  -3.737  -3.460  -3.189  -2.953  -2.766  -2.620  -2.516  -2.456  -2.420  -2.396  -2.384  -2.375  -2.369  -2.366  -2.363  -2.361  -2.361  -2.360  -2.360  -2.360  -2.359  -2.359  -2.358  -2.358  -2.358  -2.358  -2.336  -2.209  -2.076  -1.994  -1.926  -1.858  -1.791  -1.731  -1.679  -1.634  -1.597  -1.568  -1.547
   3.220  -5.239  -5.191  -5.107  -4.986  -4.829  -4.635  -4.398  -4.130  -3.855  -3.563  -3.289  -3.042  -2.822  -2.655  -2.539  -2.455  -2.401  -2.374  -2.354  -2.343  -2.336  -2.331  -2.328  -2.326  -2.325  -2.324  -2.323  -2.323  -2.323  -2.322  -2.322  -2.322  -2.322  -2.315  -2.273  -2.216  -2.152  -2.080  -2.008  -1.934  -1.864  -1.800  -1.742  -1.698  -1.665  -1.644
   3.230  -5.260  -5.237  -5.187  -5.112  -5.013  -4.877  -4.694  -4.473  -4.226  -3.947  -3.665  -3.388  -3.121  -2.896  -2.706  -2.556  -2.456  -2.393  -2.351  -2.329  -2.315  -2.305  -2.299  -2.295  -2.293  -2.291  -2.290  -2.289  -2.289  -2.288  -2.288  -2.288  -2.288  -2.287  -2.279  -2.263  -2.230  -2.180  -2.124  -2.058  -1.991  -1.925  -1.861  -1.813  -1.778  -1.755
   3.240  -5.271  -5.255  -5.223  -5.177  -5.118  -5.030  -4.904  -4.743  -4.541  -4.296  -4.033  -3.755  -3.470  -3.207  -2.960  -2.749  -2.591  -2.473  -2.388  -2.339  -2.309  -2.288  -2.278  -2.269  -2.264  -2.261  -2.259  -2.258  -2.256  -2.256  -2.255  -2.255  -2.255  -2.255  -2.254  -2.254  -2.244  -2.219  -2.185  -2.139  -2.088  -2.030  -1.970  -1.925  -1.891  -1.868
   3.250  -5.277  -5.264  -5.241  -5.210  -5.174  -5.117  -5.036  -4.928  -4.778  -4.586  -4.363  -4.106  -3.827  -3.554  -3.278  -3.026  -2.809  -2.624  -2.485  -2.392  -2.328  -2.288  -2.267  -2.250  -2.241  -2.235  -2.230  -2.228  -2.226  -2.225  -2.224  -2.224  -2.223  -2.223  -2.223  -2.223  -2.220  -2.214  -2.201  -2.176  -2.143  -2.100  -2.053  -2.016  -1.988  -1.967
   3.260  -5.276  -5.267  -5.251  -5.230  -5.204  -5.165  -5.113  -5.042  -4.937  -4.800  -4.628  -4.410  -4.160  -3.898  -3.617  -3.345  -3.087  -2.848  -2.657  -2.509  -2.396  -2.321  -2.276  -2.244  -2.227  -2.216  -2.208  -2.203  -2.199  -2.196  -2.195  -2.194  -2.194  -2.193  -2.193  -2.192  -2.192  -2.190  -2.187  -2.177  -2.160  -2.133  -2.102  -2.076  -2.056  -2.039
   3.270  -5.260  -5.258  -5.250  -5.239  -5.221  -5.194  -5.160  -5.112  -5.040  -4.947  -4.820  -4.650  -4.446  -4.213  -3.946  -3.674  -3.403  -3.137  -2.903  -2.697  -2.527  -2.405  -2.321  -2.260  -2.226  -2.205  -2.190  -2.182  -2.176  -2.172  -2.169  -2.167  -2.166  -2.165  -2.164  -2.163  -2.163  -2.162  -2.161  -2.158  -2.151  -2.138  -2.120  -2.104  -2.091  -2.079
   3.280  -5.226  -5.232  -5.235  -5.234  -5.226  -5.209  -5.186  -5.154  -5.105  -5.042  -4.951  -4.828  -4.673  -4.479  -4.243  -3.990  -3.722  -3.447  -3.188  -2.939  -2.722  -2.550  -2.414  -2.314  -2.253  -2.211  -2.183  -2.168  -2.156  -2.149  -2.145  -2.142  -2.140  -2.138  -2.137  -2.136  -2.135  -2.134  -2.133  -2.132  -2.129  -2.123  -2.114  -2.106  -2.098  -2.090
   3.290  -5.172  -5.191  -5.204  -5.206  -5.206  -5.206  -5.198  -5.176  -5.144  -5.102  -5.039  -4.952  -4.838  -4.685  -4.493  -4.274  -4.024  -3.753  -3.488  -3.221  -2.975  -2.758  -2.569  -2.423  -2.319  -2.243  -2.193  -2.165  -2.144  -2.133  -2.125  -2.119  -2.115  -2.113  -2.111  -2.110  -2.108  -2.107  -2.105  -2.104  -2.103  -2.100  -2.096  -2.092  -2.087  -2.082
   3.300  -5.101  -5.127  -5.148  -5.165  -5.178  -5.183  -5.181  -5.175  -5.163  -5.138  -5.094  -5.034  -4.953  -4.838  -4.692  -4.512  -4.291  -4.041  -3.784  -3.514  -3.252  -3.004  -2.774  -2.584  -2.431  -2.312  -2.232  -2.183  -2.146  -2.124  -2.110  -2.100  -2.094  -2.090  -2.087  -2.084  -2.082  -2.080  -2.078  -2.077  -2.075  -2.073  -2.071  -2.068  -2.065  -2.062
   3.310  -5.019  -5.051  -5.079  -5.104  -5.125  -5.141  -5.151  -5.156  -5.156  -5.144  -5.122  -5.087  -5.031  -4.948  -4.840  -4.699  -4.516  -4.300  -4.063  -3.799  -3.533  -3.272  -3.018  -2.795  -2.598  -2.435  -2.315  -2.229  -2.165  -2.129  -2.104  -2.086  -2.076  -2.068  -2.063  -2.060  -2.057  -2.054  -2.052  -2.050  -2.048  -2.046  -2.044  -2.042  -2.040  -2.037
   3.320  -4.931  -4.967  -4.999  -5.030  -5.059  -5.083  -5.105  -5.121  -5.123  -5.123  -5.123  -5.111  -5.077  -5.021  -4.945  -4.839  -4.696  -4.520  -4.311  -4.065  -3.807  -3.545  -3.281  -3.036  -2.804  -2.602  -2.439  -2.309  -2.213  -2.153  -2.111  -2.082  -2.065  -2.052  -2.044  -2.038  -2.033  -2.030  -2.027  -2.024  -2.022  -2.020  -2.017  -2.015  -2.012  -2.010
   3.330  -4.842  -4.879  -4.914  -4.948  -4.981  -5.011  -5.038  -5.061  -5.080  -5.094  -5.100  -5.096  -5.083  -5.061  -5.015  -4.939  -4.833  -4.696  -4.521  -4.305  -4.068  -3.812  -3.544  -3.287  -3.034  -2.805  -2.606  -2.436  -2.303  -2.209  -2.139  -2.092  -2.064  -2.042  -2.028  -2.019  -2.011  -2.006  -2.002  -1.999  -1.996  -1.993  -1.990  -1.988  -1.985  -1.982
   3.340  -4.760  -4.794  -4.829  -4.863  -4.898  -4.932  -4.964  -4.993  -5.019  -5.042  -5.057  -5.064  -5.068  -5.065  -5.042  -4.997  -4.928  -4.829  -4.690  -4.512  -4.305  -4.064  -3.801  -3.542  -3.280  -3.033  -2.806  -2.600  -2.430  -2.296  -2.192  -2.120  -2.074  -2.039  -2.018  -2.004  -1.993  -1.985  -1.979  -1.974  -1.970  -1.966  -1.963  -1.959  -1.956  -1.953
   3.350  -4.685  -4.716  -4.748  -4.781  -4.816  -4.850  -4.884  -4.917  -4.947  -4.974  -4.998  -5.019  -5.035  -5.036  -5.030  -5.018  -4.985  -4.917  -4.815  -4.679  -4.508  -4.293  -4.048  -3.795  -3.529  -3.269  -3.022  -2.790  -2.590  -2.419  -2.279  -2.177  -2.106  -2.051  -2.018  -1.995  -1.977  -1.966  -1.957  -1.950  -1.945  -1.940  -1.935  -1.931  -1.927  -1.923
   3.360  -4.619  -4.646  -4.674  -4.704  -4.736  -4.769  -4.803  -4.837  -4.869  -4.901  -4.930  -4.957  -4.980  -4.994  -5.002  -5.005  -4.993  -4.958  -4.897  -4.802  -4.669  -4.490  -4.276  -4.039  -3.774  -3.508  -3.250  -3.000  -2.776  -2.574  -2.401  -2.265  -2.160  -2.081  -2.030  -1.993  -1.966  -1.950  -1.936  -1.927  -1.919  -1.912  -1.907  -1.901  -1.896  -1.892
   3.370  -4.561  -4.584  -4.609  -4.635  -4.663  -4.693  -4.725  -4.758  -4.791  -4.824  -4.856  -4.886  -4.914  -4.938  -4.959  -4.969  -4.966  -4.957  -4.937  -4.879  -4.782  -4.646  -4.472  -4.261  -4.010  -3.748  -3.485  -3.221  -2.978  -2.750  -2.549  -2.380  -2.239  -2.132  -2.058  -2.004  -1.965  -1.940  -1.919  -1.905  -1.894  -1.885  -1.877  -1.871  -1.864  -1.859
   3.380  -4.509  -4.529  -4.551  -4.574  -4.599  -4.625  -4.654  -4.684  -4.715  -4.747  -4.779  -4.811  -4.843  -4.871  -4.897  -4.917  -4.929  -4.934  -4.931  -4.903  -4.847  -4.756  -4.623  -4.448  -4.226  -3.982  -3.720  -3.446  -3.188  -2.940  -2.715  -2.519  -2.350  -2.213  -2.110  -2.031  -1.974  -1.937  -1.907  -1.887  -1.871  -1.858  -1.848  -1.838  -1.831  -1.824
   3.390  -4.465  -4.481  -4.498  -4.518  -4.540  -4.563  -4.588  -4.615  -4.643  -4.673  -4.704  -4.736  -4.768  -4.798  -4.827  -4.853  -4.876  -4.893  -4.895  -4.886  -4.867  -4.819  -4.725  -4.589  -4.408  -4.194  -3.945  -3.672  -3.408  -3.145  -2.899  -2.678  -2.481  -2.316  -2.182  -2.075  -1.997  -1.942  -1.899  -1.871  -1.850  -1.832  -1.818  -1.806  -1.795  -1.786
   3.400  -4.431  -4.442  -4.455  -4.470  -4.488  -4.508  -4.529  -4.553  -4.578  -4.605  -4.633  -4.663  -4.694  -4.724  -4.755  -4.784  -4.812  -4.835  -4.845  -4.849  -4.851  -4.832  -4.775  -4.679  -4.543  -4.368  -4.145  -3.888  -3.628  -3.354  -3.091  -2.850  -2.627  -2.435  -2.272  -2.138  -2.036  -1.962  -1.903  -1.863  -1.832  -1.807  -1.789  -1.772  -1.757  -1.746
   3.410  -4.407  -4.412  -4.420  -4.431  -4.444  -4.459  -4.477  -4.497  -4.519  -4.543  -4.568  -4.595  -4.623  -4.652  -4.682  -4.711  -4.740  -4.766  -4.787  -4.803  -4.810  -4.801  -4.774  -4.724  -4.631  -4.493  -4.307  -4.082  -3.836  -3.561  -3.289  -3.032  -2.787  -2.572  -2.383  -2.222  -2.094  -1.994  -1.915  -1.860  -1.817  -1.783  -1.759  -1.737  -1.719  -1.704
   3.420  -4.390  -4.391  -4.394  -4.400  -4.408  -4.418  -4.432  -4.449  -4.467  -4.487  -4.509  -4.532  -4.557  -4.583  -4.611  -4.639  -4.667  -4.694  -4.718  -4.742  -4.753  -4.750  -4.742  -4.723  -4.664  -4.563  -4.418  -4.233  -4.014  -3.753  -3.485  -3.219  -2.956  -2.720  -2.507  -2.320  -2.165  -2.038  -1.937  -1.865  -1.809  -1.765  -1.732  -1.703  -1.679  -1.660
   3.430  -4.380  -4.379  -4.378  -4.378  -4.381  -4.387  -4.395  -4.406  -4.420  -4.437  -4.456  -4.476  -4.498  -4.521  -4.545  -4.570  -4.596  -4.622  -4.646  -4.671  -4.685  -4.689  -4.692  -4.688  -4.653  -4.583  -4.478  -4.335  -4.150  -3.917  -3.666  -3.401  -3.128  -2.877  -2.640  -2.429  -2.250  -2.099  -1.976  -1.883  -1.808  -1.750  -1.707  -1.670  -1.639  -1.615
   3.440  -4.374  -4.370  -4.367  -4.366  -4.365  -4.365  -4.367  -4.373  -4.382  -4.394  -4.408  -4.425  -4.443  -4.463  -4.484  -4.506  -4.529  -4.552  -4.574  -4.595  -4.612  -4.623  -4.628  -4.626  -4.605  -4.561  -4.490  -4.383  -4.233  -4.038  -3.815  -3.563  -3.293  -3.035  -2.782  -2.550  -2.348  -2.171  -2.025  -1.908  -1.813  -1.740  -1.685  -1.637  -1.598  -1.570
   3.450  -4.368  -4.364  -4.360  -4.356  -4.352  -4.350  -4.350  -4.351  -4.352  -4.359  -4.369  -4.381  -4.395  -4.411  -4.429  -4.448  -4.467  -4.487  -4.505  -4.524  -4.539  -4.549  -4.554  -4.553  -4.538  -4.509  -4.460  -4.380  -4.262  -4.107  -3.919  -3.692  -3.439  -3.186  -2.924  -2.677  -2.455  -2.254  -2.084  -1.943  -1.827  -1.737  -1.668  -1.608  -1.561  -1.526
   3.460  -4.361  -4.358  -4.355  -4.351  -4.346  -4.342  -4.338  -4.335  -4.334  -4.335  -4.338  -4.344  -4.353  -4.365  -4.379  -4.394  -4.410  -4.426  -4.441  -4.456  -4.467  -4.473  -4.477  -4.475  -4.463  -4.437  -4.398  -4.337  -4.245  -4.124  -3.970  -3.776  -3.552  -3.315  -3.056  -2.804  -2.567  -2.344  -2.152  -1.990  -1.853  -1.743  -1.656  -1.583  -1.524  -1.481
   3.470  -4.350  -4.349  -4.347  -4.344  -4.340  -4.336  -4.331  -4.326  -4.322  -4.319  -4.317  -4.318  -4.321  -4.327  -4.336  -4.347  -4.359  -4.371  -4.383  -4.394  -4.399  -4.399  -4.399  -4.397  -4.382  -4.354  -4.317  -4.266  -4.191  -4.094  -3.969  -3.808  -3.618  -3.405  -3.163  -2.919  -2.678  -2.442  -2.233  -2.047  -1.887  -1.756  -1.650  -1.561  -1.490  -1.438
   3.480  -4.332  -4.335  -4.336  -4.336  -4.333  -4.330  -4.325  -4.320  -4.314  -4.309  -4.304  -4.301  -4.299  -4.299  -4.302  -4.307  -4.314  -4.322  -4.328  -4.334  -4.337  -4.335  -4.328  -4.316  -4.297  -4.267  -4.229  -4.179  -4.111  -4.029  -3.923  -3.790  -3.632  -3.448  -3.235  -3.010  -2.775  -2.535  -2.316  -2.110  -1.929  -1.779  -1.653  -1.548  -1.463  -1.399
   3.490  -4.300  -4.311  -4.318  -4.319  -4.320  -4.320  -4.318  -4.313  -4.308  -4.302  -4.296  -4.290  -4.284  -4.280  -4.277  -4.276  -4.277  -4.280  -4.280  -4.280  -4.280  -4.275  -4.261  -4.241  -4.216  -4.181  -4.138  -4.085  -4.018  -3.941  -3.846  -3.732  -3.599  -3.442  -3.260  -3.061  -2.843  -2.613  -2.393  -2.177  -1.980  -1.811  -1.665  -1.542  -1.442  -1.365
   3.500  -4.249  -4.269  -4.284  -4.295  -4.302  -4.305  -4.305  -4.304  -4.302  -4.296  -4.290  -4.283  -4.276  -4.268  -4.261  -4.255  -4.250  -4.245  -4.241  -4.237  -4.229  -4.216  -4.199  -4.173  -4.140  -4.099  -4.049  -3.990  -3.920  -3.841  -3.750  -3.646  -3.529  -3.393  -3.239  -3.067  -2.873  -2.664  -2.453  -2.236  -2.032  -1.849  -1.684  -1.544  -1.428  -1.334
   3.525  -4.005  -4.051  -4.092  -4.130  -4.162  -4.188  -4.210  -4.230  -4.244  -4.250  -4.252  -4.253  -4.251  -4.245  -4.238  -4.231  -4.225  -4.215  -4.200  -4.178  -4.152  -4.119  -4.083  -4.037  -3.982  -3.920  -3.849  -3.771  -3.686  -3.593  -3.495  -3.391  -3.282  -3.165  -3.042  -2.914  -2.752  -2.581  -2.406  -2.213  -2.024  -1.850  -1.692  -1.543  -1.409  -1.292
   3.550  -3.659  -3.728  -3.793  -3.854  -3.913  -3.967  -4.017  -4.062  -4.101  -4.134  -4.162  -4.185  -4.200  -4.204  -4.206  -4.206  -4.200  -4.185  -4.164  -4.138  -4.103  -4.059  -4.005  -3.942  -3.868  -3.786  -3.695  -3.596  -3.490  -3.378  -3.262  -3.143  -3.021  -2.899  -2.778  -2.655  -2.532  -2.407  -2.276  -2.142  -2.001  -1.851  -1.695  -1.542  -1.389  -1.237
   3.575  -3.251  -3.332  -3.410  -3.486  -3.559  -3.629  -3.696  -3.759  -3.820  -3.879  -3.933  -3.980  -4.021  -4.050  -4.075  -4.096  -4.110  -4.111  -4.101  -4.084  -4.059  -4.021  -3.968  -3.901  -3.822  -3.730  -3.620  -3.497  -3.369  -3.233  -3.096  -2.958  -2.821  -2.686  -2.555  -2.425  -2.298  -2.172  -2.045  -1.930  -1.811  -1.679  -1.537  -1.396  -1.249  -1.096
   3.600  -2.811  -2.899  -2.985  -3.069  -3.152  -3.233  -3.312  -3.389  -3.463  -3.535  -3.604  -3.670  -3.732  -3.789  -3.843  -3.890  -3.932  -3.965  -3.979  -3.985  -3.987  -3.969  -3.923  -3.859  -3.774  -3.672  -3.551  -3.415  -3.273  -3.120  -2.966  -2.812  -2.659  -2.508  -2.360  -2.215  -2.072  -1.932  -1.795  -1.661  -1.530  -1.401  -1.274  -1.149  -1.025  -0.904
   3.625  -2.385  -2.476  -2.566  -2.655  -2.743  -2.830  -2.915  -3.000  -3.082  -3.163  -3.242  -3.318  -3.392  -3.462  -3.529  -3.589  -3.645  -3.693  -3.726  -3.756  -3.774  -3.770  -3.744  -3.702  -3.631  -3.539  -3.435  -3.314  -3.182  -3.036  -2.883  -2.725  -2.563  -2.401  -2.239  -2.078  -1.921  -1.766  -1.616  -1.470  -1.327  -1.189  -1.055  -0.924  -0.797  -0.673
   3.650  -1.971  -2.063  -2.155  -2.245  -2.336  -2.425  -2.514  -2.602  -2.688  -2.773  -2.857  -2.939  -3.019  -3.096  -3.170  -3.239  -3.303  -3.360  -3.408  -3.450  -3.468  -3.466  -3.462  -3.448  -3.402  -3.335  -3.254  -3.155  -3.041  -2.912  -2.771  -2.620  -2.459  -2.296  -2.127  -1.959  -1.792  -1.627  -1.466  -1.307  -1.152  -1.001  -0.854  -0.711  -0.574  -0.441
   3.675  -1.580  -1.673  -1.765  -1.857  -1.949  -2.040  -2.131  -2.221  -2.310  -2.399  -2.485  -2.570  -2.654  -2.734  -2.812  -2.886  -2.954  -3.016  -3.068  -3.114  -3.134  -3.133  -3.131  -3.121  -3.079  -3.018  -2.947  -2.861  -2.764  -2.655  -2.536  -2.408  -2.272  -2.130  -1.982  -1.829  -1.672  -1.512  -1.351  -1.188  -1.025  -0.865  -0.706  -0.552  -0.403  -0.258
   3.700  -1.223  -1.313  -1.403  -1.493  -1.584  -1.675  -1.766  -1.856  -1.946  -2.035  -2.122  -2.208  -2.292  -2.374  -2.453  -2.528  -2.598  -2.660  -2.712  -2.757  -2.776  -2.774  -2.769  -2.755  -2.713  -2.655  -2.589  -2.512  -2.429  -2.338  -2.241  -2.138  -2.029  -1.913  -1.790  -1.659  -1.520  -1.373  -1.220  -1.059  -0.897  -0.733  -0.569  -0.408  -0.250  -0.095
   3.725  -0.907  -0.987  -1.070  -1.155  -1.242  -1.330  -1.419  -1.509  -1.598  -1.687  -1.774  -1.861  -1.946  -2.028  -2.108  -2.182  -2.252  -2.314  -2.365  -2.408  -2.426  -2.424  -2.417  -2.402  -2.359  -2.302  -2.239  -2.166  -2.087  -2.002  -1.913  -1.819  -1.721  -1.617  -1.508  -1.393  -1.271  -1.142  -1.008  -0.866  -0.720  -0.570  -0.417  -0.263  -0.108   0.048
   3.750  -0.654  -0.719  -0.789  -0.862  -0.940  -1.021  -1.104  -1.189  -1.273  -1.358  -1.443  -1.527  -1.611  -1.691  -1.769  -1.841  -1.908  -1.967  -2.015  -2.055  -2.072  -2.069  -2.061  -2.044  -2.001  -1.945  -1.883  -1.812  -1.735  -1.653  -1.566  -1.476  -1.383  -1.287  -1.188  -1.085  -0.979  -0.868  -0.753  -0.632  -0.506  -0.374  -0.236  -0.095   0.052   0.203
   3.775  -0.493  -0.532  -0.578  -0.631  -0.693  -0.757  -0.825  -0.898  -0.972  -1.049  -1.127  -1.205  -1.284  -1.359  -1.432  -1.500  -1.562  -1.617  -1.661  -1.697  -1.712  -1.709  -1.700  -1.682  -1.641  -1.588  -1.529  -1.461  -1.388  -1.309  -1.227  -1.141  -1.052  -0.961  -0.868  -0.772  -0.673  -0.571  -0.465  -0.355  -0.240  -0.120   0.006   0.135   0.270   0.409
   3.800  -0.417  -0.430  -0.450  -0.478  -0.512  -0.553  -0.601  -0.655  -0.714  -0.777  -0.842  -0.909  -0.976  -1.041  -1.106  -1.165  -1.219  -1.266  -1.304  -1.334  -1.346  -1.343  -1.333  -1.313  -1.276  -1.227  -1.171  -1.108  -1.039  -0.964  -0.886  -0.805  -0.720  -0.633  -0.545  -0.453  -0.359  -0.262  -0.162  -0.059   0.048   0.159   0.274   0.393   0.515   0.640
   3.825  -0.392  -0.394  -0.398  -0.405  -0.414  -0.430  -0.453  -0.481  -0.515  -0.556  -0.599  -0.644  -0.692  -0.740  -0.788  -0.834  -0.875  -0.911  -0.938  -0.959  -0.968  -0.965  -0.953  -0.932  -0.898  -0.855  -0.805  -0.748  -0.685  -0.617  -0.545  -0.470  -0.391  -0.310  -0.227  -0.141  -0.052   0.040   0.134   0.231   0.332   0.436   0.545   0.656   0.771   0.889
   3.850  -0.384  -0.382  -0.380  -0.378  -0.377  -0.376  -0.377  -0.380  -0.385  -0.396  -0.411  -0.430  -0.452  -0.476  -0.502  -0.527  -0.549  -0.569  -0.581  -0.589  -0.591  -0.585  -0.570  -0.548  -0.517  -0.479  -0.434  -0.383  -0.328  -0.267  -0.202  -0.134  -0.062   0.013   0.090   0.170   0.253   0.339   0.428   0.520   0.615   0.714   0.817   0.924   1.033   1.146
   3.875  -0.385  -0.382  -0.379  -0.373  -0.367  -0.359  -0.350  -0.338  -0.323  -0.307  -0.295  -0.285  -0.276  -0.270  -0.266  -0.260  -0.254  -0.249  -0.241  -0.231  -0.221  -0.206  -0.186  -0.161  -0.131  -0.096  -0.057  -0.013   0.036   0.089   0.146   0.206   0.270   0.337   0.407   0.480   0.556   0.635   0.717   0.803   0.892   0.986   1.083   1.184   1.288   1.395
   3.900  -0.387  -0.383  -0.378  -0.372  -0.364  -0.354  -0.341  -0.324  -0.302  -0.276  -0.245  -0.209  -0.170  -0.130  -0.088  -0.047  -0.009   0.027   0.060   0.092   0.122   0.152   0.181   0.212   0.244   0.278   0.315   0.354   0.397   0.443   0.492   0.545   0.601   0.660   0.722   0.787   0.856   0.928   1.003   1.082   1.165   1.252   1.344   1.439   1.538   1.640
   3.925  -0.389  -0.386  -0.380  -0.374  -0.367  -0.357  -0.343  -0.326  -0.303  -0.272  -0.232  -0.183  -0.124  -0.056   0.020   0.091   0.163   0.234   0.298   0.360   0.418   0.469   0.515   0.558   0.597   0.636   0.674   0.711   0.751   0.792   0.836   0.882   0.930   0.982   1.036   1.093   1.154   1.218   1.286   1.358   1.434   1.514   1.599   1.688   1.781   1.878
   3.950  -0.391  -0.388  -0.384  -0.378  -0.371  -0.361  -0.347  -0.329  -0.303  -0.271  -0.228  -0.174  -0.109  -0.032   0.058   0.154   0.258   0.365   0.467   0.565   0.654   0.731   0.800   0.860   0.913   0.961   1.005   1.046   1.086   1.126   1.166   1.207   1.250   1.295   1.343   1.393   1.446   1.503   1.564   1.628   1.697   1.771   1.849   1.932   2.018   2.109
   3.975  -0.391  -0.389  -0.385  -0.381  -0.375  -0.365  -0.352  -0.335  -0.309  -0.277  -0.235  -0.180  -0.114  -0.034   0.059   0.168   0.292   0.426   0.561   0.695   0.817   0.923   1.018   1.099   1.173   1.238   1.295   1.344   1.390   1.433   1.473   1.513   1.553   1.595   1.637   1.683   1.730   1.780   1.835   1.893   1.955   2.022   2.093   2.169   2.249   2.334
   4.000  -0.391  -0.389  -0.386  -0.382  -0.376  -0.368  -0.357  -0.341  -0.318  -0.288  -0.247  -0.192  -0.125  -0.041   0.059   0.173   0.303   0.446   0.592   0.744   0.892   1.030   1.160   1.274   1.374   1.461   1.535   1.599   1.656   1.705   1.751   1.794   1.834   1.874   1.915   1.957   2.000   2.046   2.095   2.148   2.205   2.265   2.330   2.399   2.473   2.552
   4.025  -0.390  -0.388  -0.385  -0.381  -0.376  -0.369  -0.359  -0.345  -0.323  -0.296  -0.257  -0.205  -0.140  -0.057   0.044   0.158   0.290   0.434   0.585   0.742   0.903   1.067   1.228   1.378   1.511   1.623   1.716   1.796   1.871   1.933   1.989   2.039   2.084   2.127   2.169   2.210   2.252   2.295   2.341   2.390   2.443   2.498   2.558   2.622   2.691   2.765
   4.050  -0.387  -0.385  -0.383  -0.379  -0.375  -0.369  -0.360  -0.347  -0.327  -0.302  -0.266  -0.218  -0.156  -0.077   0.019   0.132   0.263   0.409   0.566   0.735   0.907   1.080   1.251   1.413   1.566   1.707   1.831   1.940   2.036   2.116   2.187   2.248   2.302   2.352   2.397   2.441   2.484   2.527   2.572   2.619   2.668   2.720   2.776   2.836   2.901   2.970
   4.075  -0.383  -0.382  -0.379  -0.376  -0.373  -0.368  -0.359  -0.347  -0.330  -0.307  -0.274  -0.228  -0.171  -0.095  -0.003   0.105   0.233   0.376   0.531   0.704   0.879   1.056   1.233   1.404   1.566   1.731   1.888   2.032   2.152   2.250   2.338   2.416   2.483   2.543   2.596   2.645   2.692   2.737   2.784   2.830   2.879   2.929   2.983   3.040   3.101   3.165
   4.100  -0.379  -0.378  -0.375  -0.373  -0.369  -0.364  -0.357  -0.346  -0.330  -0.310  -0.279  -0.237  -0.183  -0.112  -0.026   0.078   0.200   0.338   0.490   0.656   0.830   1.011   1.196   1.379   1.563   1.739   1.907   2.065   2.207   2.335   2.448   2.545   2.629   2.703   2.766   2.824   2.878   2.928   2.978   3.026   3.075   3.126   3.179   3.234   3.292   3.353
   4.125  -0.374  -0.372  -0.369  -0.367  -0.364  -0.359  -0.352  -0.343  -0.329  -0.309  -0.280  -0.243  -0.194  -0.127  -0.046   0.052   0.169   0.301   0.448   0.610   0.782   0.962   1.149   1.336   1.530   1.714   1.891   2.060   2.220   2.380   2.522   2.637   2.739   2.830   2.909   2.979   3.041   3.098   3.153   3.205   3.256   3.308   3.361   3.416   3.474   3.534
   4.150  -0.371  -0.368  -0.365  -0.361  -0.358  -0.353  -0.347  -0.338  -0.325  -0.307  -0.281  -0.246  -0.200  -0.138  -0.062   0.030   0.140   0.266   0.408   0.566   0.734   0.912   1.098   1.286   1.477   1.668   1.858   2.046   2.224   2.395   2.552   2.692   2.818   2.929   3.024   3.109   3.183   3.249   3.311   3.368   3.424   3.478   3.532   3.589   3.648   3.709
   4.175  -0.371  -0.368  -0.363  -0.358  -0.354  -0.348  -0.341  -0.332  -0.318  -0.302  -0.278  -0.244  -0.201  -0.145  -0.074   0.013   0.117   0.237   0.374   0.527   0.692   0.869   1.054   1.241   1.429   1.620   1.816   2.014   2.205   2.386   2.553   2.721   2.871   2.999   3.113   3.215   3.304   3.381   3.453   3.518   3.579   3.638   3.695   3.755   3.815   3.878
   4.200  -0.372  -0.368  -0.363  -0.357  -0.352  -0.345  -0.337  -0.327  -0.313  -0.296  -0.273  -0.242  -0.201  -0.147  -0.081   0.000   0.099   0.213   0.345   0.494   0.656   0.830   1.014   1.198   1.382   1.572   1.770   1.973   2.171   2.367   2.554   2.731   2.897   3.047   3.180   3.300   3.405   3.497   3.580   3.654   3.722   3.787   3.850   3.913   3.976   4.040
   4.225  -0.373  -0.369  -0.364  -0.358  -0.352  -0.345  -0.336  -0.326  -0.311  -0.294  -0.270  -0.239  -0.200  -0.148  -0.085  -0.008   0.086   0.195   0.323   0.470   0.629   0.798   0.977   1.158   1.340   1.530   1.730   1.936   2.139   2.342   2.541   2.727   2.908   3.076   3.228   3.366   3.488   3.595   3.692   3.777   3.854   3.927   3.996   4.064   4.131   4.197
   4.250  -0.374  -0.370  -0.365  -0.359  -0.353  -0.345  -0.336  -0.325  -0.310  -0.292  -0.268  -0.237  -0.198  -0.148  -0.087  -0.013   0.077   0.182   0.306   0.451   0.607   0.771   0.945   1.122   1.304   1.493   1.694   1.902   2.108   2.315   2.519   2.718   2.911   3.092   3.262   3.417   3.555   3.679   3.790   3.887   3.976   4.058   4.133   4.207   4.279   4.348
   4.275  -0.374  -0.370  -0.365  -0.359  -0.353  -0.345  -0.335  -0.324  -0.309  -0.292  -0.269  -0.238  -0.200  -0.150  -0.091  -0.018   0.069   0.172   0.293   0.435   0.588   0.747   0.916   1.091   1.273   1.464   1.666   1.874   2.083   2.293   2.501   2.707   2.909   3.101   3.285   3.455   3.609   3.749   3.875   3.986   4.086   4.178   4.262   4.342   4.419   4.492
   4.300  -0.374  -0.370  -0.365  -0.359  -0.352  -0.344  -0.334  -0.323  -0.309  -0.292  -0.269  -0.239  -0.202  -0.153  -0.094  -0.022   0.064   0.164   0.283   0.422   0.572   0.728   0.892   1.066   1.251   1.443   1.645   1.853   2.063   2.275   2.487   2.698   2.907   3.108   3.302   3.485   3.654   3.809   3.949   4.074   4.187   4.289   4.382   4.469   4.551   4.627
   4.325  -0.373  -0.370  -0.365  -0.359  -0.351  -0.343  -0.332  -0.320  -0.306  -0.289  -0.267  -0.238  -0.201  -0.154  -0.097  -0.027   0.057   0.156   0.274   0.412   0.560   0.712   0.874   1.049   1.236   1.430   1.633   1.841   2.052   2.265   2.480   2.695   2.908   3.115   3.318   3.511   3.692   3.861   4.015   4.153   4.278   4.390   4.491   4.584   4.669   4.745
   4.350  -0.373  -0.370  -0.365  -0.359  -0.351  -0.341  -0.330  -0.317  -0.302  -0.285  -0.262  -0.234  -0.199  -0.154  -0.099  -0.030   0.053   0.151   0.268   0.405   0.552   0.704   0.866   1.041   1.230   1.426   1.628   1.837   2.048   2.262   2.477   2.694   2.911   3.124   3.334   3.536   3.727   3.908   4.074   4.224   4.361   4.484   4.594   4.693   4.781   4.857
   4.375  -0.373  -0.370  -0.365  -0.358  -0.350  -0.340  -0.328  -0.315  -0.298  -0.280  -0.256  -0.228  -0.194  -0.150  -0.096  -0.029   0.054   0.151   0.267   0.402   0.549   0.704   0.868   1.044   1.233   1.429   1.632   1.840   2.051   2.266   2.482   2.700   2.920   3.138   3.353   3.561   3.761   3.952   4.128   4.290   4.440   4.575   4.697   4.804   4.897   4.975
   4.400  -0.373  -0.369  -0.364  -0.358  -0.350  -0.340  -0.328  -0.313  -0.295  -0.275  -0.250  -0.221  -0.186  -0.142  -0.089  -0.024   0.056   0.151   0.266   0.401   0.548   0.704   0.871   1.050   1.241   1.439   1.642   1.851   2.062   2.277   2.495   2.715   2.936   3.156   3.375   3.588   3.794   3.993   4.178   4.351   4.511   4.657   4.788   4.904   5.004   5.089
   4.425  -0.373  -0.369  -0.364  -0.358  -0.350  -0.340  -0.327  -0.312  -0.293  -0.271  -0.244  -0.213  -0.177  -0.132  -0.079  -0.014   0.065   0.159   0.272   0.405   0.552   0.710   0.882   1.063   1.256   1.454   1.658   1.868   2.080   2.296   2.514   2.734   2.956   3.178   3.400   3.617   3.829   4.034   4.226   4.407   4.573   4.721   4.854   4.977   5.091   5.194
   4.450  -0.373  -0.369  -0.364  -0.358  -0.350  -0.340  -0.327  -0.311  -0.291  -0.268  -0.239  -0.206  -0.168  -0.121  -0.066   0.000   0.080   0.173   0.286   0.417   0.563   0.724   0.899   1.082   1.275   1.475   1.680   1.890   2.103   2.319   2.538   2.759   2.981   3.204   3.428   3.648   3.864   4.074   4.271   4.458   4.629   4.777   4.910   5.040   5.164   5.282
   4.475  -0.372  -0.368  -0.363  -0.357  -0.350  -0.340  -0.327  -0.312  -0.291  -0.266  -0.235  -0.200  -0.159  -0.110  -0.054   0.015   0.096   0.190   0.303   0.434   0.580   0.743   0.919   1.104   1.299   1.500   1.705   1.916   2.129   2.346   2.566   2.787   3.009   3.233   3.458   3.680   3.899   4.111   4.313   4.505   4.681   4.834   4.970   5.101   5.225   5.340
   4.500  -0.370  -0.367  -0.362  -0.356  -0.349  -0.340  -0.328  -0.312  -0.291  -0.265  -0.233  -0.195  -0.151  -0.099  -0.040   0.031   0.114   0.211   0.325   0.457   0.604   0.768   0.945   1.131   1.327   1.529   1.735   1.946   2.160   2.378   2.597   2.819   3.042   3.266   3.492   3.714   3.933   4.147   4.351   4.548   4.728   4.888   5.030   5.159   5.273   5.372

