low temperature opacities from Ferguson, Alexander, et al (2005) with gs98 metals
    form     version        X           Z          logRs    logR_min    logR_max       logTs    logT_min    logT_max
       1          38    0.950000    0.004000          46   -8.000000    1.000000         105    2.700000    4.500000

   logT                       logR = logRho - 3*logT + 18
          -8.000  -7.800  -7.600  -7.400  -7.200  -7.000  -6.800  -6.600  -6.400  -6.200  -6.000  -5.800  -5.600  -5.400  -5.200  -5.000  -4.800  -4.600  -4.400  -4.200  -4.000  -3.800  -3.600  -3.400  -3.200  -3.000  -2.800  -2.600  -2.400  -2.200  -2.000  -1.800  -1.600  -1.400  -1.200  -1.000  -0.800  -0.600  -0.400  -0.200   0.000   0.200   0.400   0.600   0.800   1.000

   2.700  -0.777  -0.779  -0.781  -0.783  -0.784  -0.785  -0.783  -0.781  -0.780  -0.782  -0.784  -0.785  -0.785  -0.785  -0.786  -0.786  -0.786  -0.786  -0.786  -0.787  -0.787  -0.787  -0.787  -0.786  -0.781  -0.777  -0.781  -0.787  -0.788  -0.788  -0.787  -0.776  -0.758  -0.750  -0.747  -0.744  -0.733  -0.720  -0.710  -0.703  -0.697  -0.691  -0.686  -0.680  -0.674  -0.669
   2.750  -0.778  -0.777  -0.776  -0.776  -0.776  -0.776  -0.778  -0.780  -0.781  -0.780  -0.780  -0.781  -0.782  -0.783  -0.784  -0.784  -0.783  -0.782  -0.782  -0.784  -0.785  -0.786  -0.786  -0.786  -0.786  -0.786  -0.784  -0.780  -0.780  -0.782  -0.784  -0.777  -0.764  -0.755  -0.751  -0.745  -0.734  -0.722  -0.713  -0.706  -0.700  -0.694  -0.688  -0.682  -0.676  -0.669
   2.800  -0.760  -0.760  -0.761  -0.761  -0.762  -0.762  -0.762  -0.763  -0.763  -0.764  -0.765  -0.765  -0.766  -0.767  -0.768  -0.769  -0.769  -0.770  -0.770  -0.771  -0.772  -0.773  -0.773  -0.773  -0.773  -0.773  -0.773  -0.774  -0.774  -0.774  -0.773  -0.769  -0.763  -0.757  -0.752  -0.745  -0.736  -0.726  -0.718  -0.711  -0.705  -0.698  -0.692  -0.685  -0.678  -0.671
   2.850  -0.748  -0.748  -0.747  -0.747  -0.746  -0.746  -0.746  -0.746  -0.746  -0.746  -0.746  -0.746  -0.747  -0.747  -0.747  -0.747  -0.747  -0.748  -0.748  -0.749  -0.750  -0.750  -0.749  -0.749  -0.750  -0.751  -0.751  -0.751  -0.751  -0.753  -0.754  -0.753  -0.751  -0.749  -0.745  -0.741  -0.735  -0.729  -0.722  -0.716  -0.710  -0.704  -0.697  -0.690  -0.682  -0.673
   2.900  -0.766  -0.755  -0.746  -0.740  -0.737  -0.735  -0.733  -0.732  -0.732  -0.731  -0.731  -0.730  -0.729  -0.727  -0.726  -0.725  -0.724  -0.723  -0.723  -0.722  -0.722  -0.722  -0.722  -0.722  -0.722  -0.722  -0.722  -0.723  -0.723  -0.723  -0.724  -0.727  -0.732  -0.732  -0.732  -0.732  -0.730  -0.727  -0.723  -0.718  -0.713  -0.707  -0.701  -0.694  -0.685  -0.676
   2.910  -0.840  -0.806  -0.779  -0.759  -0.747  -0.739  -0.734  -0.731  -0.729  -0.728  -0.727  -0.726  -0.726  -0.726  -0.726  -0.725  -0.723  -0.721  -0.719  -0.718  -0.717  -0.716  -0.716  -0.716  -0.716  -0.716  -0.716  -0.716  -0.716  -0.717  -0.717  -0.717  -0.718  -0.719  -0.721  -0.722  -0.722  -0.721  -0.719  -0.716  -0.713  -0.708  -0.703  -0.696  -0.688  -0.678
   2.920  -0.996  -0.928  -0.871  -0.826  -0.792  -0.767  -0.750  -0.739  -0.731  -0.727  -0.724  -0.722  -0.721  -0.720  -0.719  -0.719  -0.719  -0.719  -0.719  -0.716  -0.714  -0.713  -0.711  -0.711  -0.710  -0.710  -0.710  -0.709  -0.709  -0.710  -0.710  -0.710  -0.710  -0.711  -0.712  -0.712  -0.712  -0.713  -0.712  -0.711  -0.709  -0.706  -0.702  -0.696  -0.689  -0.680
   2.930  -1.559  -1.283  -1.075  -0.953  -0.894  -0.853  -0.811  -0.778  -0.754  -0.740  -0.731  -0.724  -0.720  -0.717  -0.715  -0.714  -0.713  -0.713  -0.713  -0.713  -0.713  -0.712  -0.709  -0.707  -0.706  -0.705  -0.704  -0.703  -0.703  -0.703  -0.703  -0.703  -0.703  -0.703  -0.704  -0.704  -0.704  -0.705  -0.705  -0.704  -0.703  -0.702  -0.699  -0.694  -0.688  -0.680
   2.940  -1.676  -1.660  -1.611  -1.503  -1.248  -1.025  -0.929  -0.879  -0.831  -0.792  -0.763  -0.743  -0.730  -0.721  -0.715  -0.712  -0.709  -0.707  -0.707  -0.706  -0.706  -0.706  -0.706  -0.706  -0.703  -0.701  -0.700  -0.699  -0.697  -0.696  -0.696  -0.696  -0.696  -0.696  -0.696  -0.696  -0.696  -0.697  -0.697  -0.697  -0.696  -0.696  -0.694  -0.690  -0.685  -0.678
   2.950  -2.051  -1.909  -1.792  -1.709  -1.670  -1.599  -1.387  -1.117  -0.966  -0.899  -0.853  -0.807  -0.772  -0.746  -0.729  -0.718  -0.711  -0.707  -0.703  -0.701  -0.700  -0.699  -0.699  -0.699  -0.699  -0.698  -0.697  -0.695  -0.693  -0.692  -0.691  -0.690  -0.690  -0.689  -0.689  -0.689  -0.689  -0.689  -0.689  -0.689  -0.689  -0.688  -0.687  -0.685  -0.680  -0.675
   2.960  -2.310  -2.402  -2.448  -2.401  -2.101  -1.824  -1.738  -1.689  -1.529  -1.244  -1.016  -0.922  -0.874  -0.825  -0.784  -0.752  -0.731  -0.717  -0.707  -0.701  -0.697  -0.695  -0.694  -0.692  -0.691  -0.691  -0.691  -0.691  -0.691  -0.689  -0.687  -0.686  -0.685  -0.684  -0.683  -0.682  -0.682  -0.682  -0.681  -0.681  -0.681  -0.680  -0.680  -0.678  -0.675  -0.670
   2.970  -2.224  -2.269  -2.311  -2.351  -2.394  -2.414  -2.274  -2.015  -1.857  -1.786  -1.671  -1.417  -1.129  -0.965  -0.891  -0.841  -0.793  -0.757  -0.731  -0.714  -0.703  -0.695  -0.691  -0.687  -0.685  -0.684  -0.683  -0.683  -0.683  -0.682  -0.682  -0.681  -0.680  -0.679  -0.678  -0.677  -0.676  -0.675  -0.674  -0.674  -0.673  -0.673  -0.672  -0.671  -0.668  -0.665
   2.980  -2.220  -2.211  -2.207  -2.207  -2.215  -2.231  -2.281  -2.342  -2.334  -2.218  -2.074  -1.952  -1.809  -1.585  -1.263  -1.014  -0.908  -0.852  -0.802  -0.763  -0.734  -0.713  -0.699  -0.689  -0.683  -0.680  -0.678  -0.677  -0.675  -0.675  -0.674  -0.674  -0.674  -0.673  -0.672  -0.671  -0.669  -0.669  -0.668  -0.667  -0.666  -0.665  -0.665  -0.664  -0.662  -0.659
   2.990  -2.207  -2.207  -2.207  -2.207  -2.205  -2.204  -2.208  -2.218  -2.236  -2.266  -2.282  -2.264  -2.210  -2.117  -1.970  -1.765  -1.448  -1.110  -0.938  -0.864  -0.814  -0.768  -0.735  -0.711  -0.695  -0.684  -0.677  -0.673  -0.670  -0.668  -0.667  -0.666  -0.666  -0.665  -0.665  -0.664  -0.663  -0.662  -0.661  -0.660  -0.659  -0.658  -0.657  -0.656  -0.655  -0.652
   3.000  -2.150  -2.162  -2.175  -2.190  -2.210  -2.220  -2.212  -2.200  -2.199  -2.203  -2.210  -2.217  -2.229  -2.261  -2.344  -2.394  -2.260  -1.969  -1.653  -1.259  -0.979  -0.876  -0.822  -0.772  -0.735  -0.708  -0.689  -0.679  -0.670  -0.664  -0.661  -0.659  -0.658  -0.658  -0.657  -0.657  -0.656  -0.655  -0.654  -0.653  -0.651  -0.651  -0.650  -0.649  -0.648  -0.646
   3.010  -2.076  -2.093  -2.110  -2.128  -2.146  -2.161  -2.170  -2.174  -2.177  -2.178  -2.180  -2.186  -2.194  -2.199  -2.201  -2.206  -2.245  -2.299  -2.219  -1.714  -1.257  -1.087  -0.999  -0.911  -0.835  -0.776  -0.734  -0.706  -0.684  -0.671  -0.663  -0.658  -0.655  -0.653  -0.652  -0.651  -0.650  -0.648  -0.647  -0.646  -0.644  -0.644  -0.643  -0.642  -0.640  -0.639
   3.020  -2.063  -2.060  -2.058  -2.060  -2.072  -2.089  -2.108  -2.129  -2.143  -2.153  -2.159  -2.161  -2.163  -2.169  -2.190  -2.205  -2.208  -2.209  -2.223  -2.274  -2.307  -2.252  -2.088  -1.781  -1.279  -0.930  -0.831  -0.779  -0.734  -0.703  -0.681  -0.667  -0.659  -0.654  -0.650  -0.648  -0.646  -0.644  -0.642  -0.640  -0.638  -0.637  -0.636  -0.635  -0.633  -0.632
   3.030  -2.056  -2.055  -2.054  -2.052  -2.049  -2.048  -2.050  -2.057  -2.069  -2.091  -2.111  -2.126  -2.137  -2.143  -2.145  -2.149  -2.165  -2.185  -2.191  -2.193  -2.195  -2.212  -2.235  -2.152  -1.660  -1.206  -1.028  -0.936  -0.850  -0.783  -0.734  -0.702  -0.683  -0.669  -0.660  -0.654  -0.649  -0.644  -0.640  -0.637  -0.634  -0.632  -0.630  -0.628  -0.626  -0.624
   3.040  -2.047  -2.046  -2.045  -2.044  -2.043  -2.042  -2.040  -2.038  -2.039  -2.042  -2.050  -2.062  -2.077  -2.092  -2.108  -2.121  -2.126  -2.129  -2.137  -2.150  -2.162  -2.169  -2.175  -2.186  -2.205  -2.215  -1.891  -1.325  -1.044  -0.931  -0.856  -0.791  -0.748  -0.715  -0.695  -0.680  -0.666  -0.656  -0.647  -0.640  -0.635  -0.630  -0.627  -0.623  -0.620  -0.618
   3.050  -2.058  -2.049  -2.042  -2.037  -2.035  -2.033  -2.032  -2.031  -2.029  -2.028  -2.027  -2.024  -2.021  -2.023  -2.039  -2.057  -2.075  -2.092  -2.104  -2.110  -2.116  -2.125  -2.135  -2.144  -2.153  -2.162  -2.174  -2.185  -2.087  -1.542  -1.090  -0.962  -0.895  -0.830  -0.778  -0.738  -0.709  -0.690  -0.673  -0.658  -0.646  -0.636  -0.629  -0.623  -0.618  -0.613
   3.060  -2.180  -2.128  -2.088  -2.060  -2.045  -2.035  -2.028  -2.024  -2.021  -2.019  -2.018  -2.017  -2.016  -2.014  -2.011  -2.010  -2.015  -2.027  -2.042  -2.061  -2.077  -2.087  -2.093  -2.101  -2.108  -2.116  -2.125  -2.134  -2.142  -2.150  -2.154  -1.929  -1.507  -1.216  -1.005  -0.867  -0.802  -0.768  -0.733  -0.701  -0.675  -0.655  -0.642  -0.630  -0.620  -0.613
   3.070  -4.091  -3.155  -2.496  -2.256  -2.161  -2.104  -2.065  -2.044  -2.029  -2.020  -2.014  -2.010  -2.007  -2.005  -2.003  -2.002  -2.000  -1.997  -1.998  -2.003  -2.012  -2.028  -2.047  -2.061  -2.072  -2.080  -2.085  -2.090  -2.099  -2.114  -2.122  -2.048  -1.873  -1.645  -1.334  -1.085  -0.973  -0.915  -0.849  -0.784  -0.731  -0.695  -0.670  -0.649  -0.632  -0.620
   3.080  -4.025  -4.026  -4.026  -3.918  -3.302  -2.702  -2.400  -2.218  -2.123  -2.077  -2.047  -2.024  -2.012  -2.003  -1.997  -1.994  -1.991  -1.990  -1.988  -1.985  -1.984  -1.985  -1.989  -1.997  -2.015  -2.033  -2.046  -2.057  -2.069  -2.081  -2.091  -2.099  -2.104  -2.047  -1.716  -1.392  -1.239  -1.140  -1.031  -0.919  -0.827  -0.764  -0.722  -0.686  -0.658  -0.640
   3.090  -3.964  -3.963  -3.963  -3.963  -3.963  -3.963  -3.964  -3.965  -3.807  -2.955  -2.303  -2.168  -2.098  -2.050  -2.023  -2.006  -1.993  -1.987  -1.981  -1.978  -1.976  -1.973  -1.971  -1.972  -1.978  -1.987  -1.996  -2.007  -2.019  -2.032  -2.044  -2.056  -2.065  -2.039  -1.873  -1.688  -1.549  -1.414  -1.268  -1.107  -0.968  -0.873  -0.804  -0.747  -0.705  -0.678
   3.100  -3.911  -3.908  -3.905  -3.903  -3.902  -3.902  -3.902  -3.902  -3.902  -3.902  -3.902  -3.480  -2.738  -2.363  -2.202  -2.112  -2.054  -2.024  -1.999  -1.985  -1.975  -1.968  -1.965  -1.961  -1.958  -1.956  -1.958  -1.963  -1.970  -1.981  -1.992  -2.007  -2.020  -2.016  -1.972  -1.898  -1.797  -1.669  -1.514  -1.324  -1.152  -1.023  -0.921  -0.839  -0.779  -0.742
   3.110  -3.865  -3.860  -3.855  -3.851  -3.848  -3.846  -3.844  -3.843  -3.843  -3.842  -3.842  -3.842  -3.842  -3.758  -3.272  -2.778  -2.477  -2.255  -2.126  -2.063  -2.023  -1.992  -1.976  -1.963  -1.955  -1.950  -1.945  -1.942  -1.942  -1.942  -1.943  -1.954  -1.970  -1.973  -1.973  -1.972  -1.937  -1.849  -1.719  -1.537  -1.358  -1.206  -1.071  -0.965  -0.888  -0.837
   3.120  -3.827  -3.821  -3.815  -3.809  -3.802  -3.797  -3.793  -3.791  -3.789  -3.787  -3.786  -3.785  -3.784  -3.784  -3.784  -3.784  -3.784  -3.784  -3.647  -2.901  -2.305  -2.153  -2.074  -2.018  -1.986  -1.966  -1.950  -1.942  -1.934  -1.929  -1.927  -1.928  -1.933  -1.941  -1.958  -1.967  -1.956  -1.923  -1.856  -1.714  -1.556  -1.399  -1.244  -1.123  -1.032  -0.967
   3.130  -3.819  -3.790  -3.768  -3.758  -3.753  -3.750  -3.746  -3.743  -3.740  -3.737  -3.735  -3.733  -3.731  -3.729  -3.729  -3.728  -3.727  -3.727  -3.727  -3.727  -3.727  -3.322  -2.622  -2.292  -2.161  -2.078  -2.014  -1.979  -1.952  -1.936  -1.927  -1.921  -1.917  -1.919  -1.931  -1.939  -1.938  -1.937  -1.921  -1.836  -1.719  -1.579  -1.425  -1.302  -1.204  -1.126
   3.140  -3.902  -3.821  -3.761  -3.727  -3.709  -3.700  -3.696  -3.693  -3.691  -3.688  -3.686  -3.684  -3.683  -3.681  -3.679  -3.677  -3.676  -3.674  -3.674  -3.673  -3.673  -3.673  -3.672  -3.672  -3.673  -3.673  -3.155  -2.320  -2.068  -2.004  -1.970  -1.948  -1.938  -1.937  -1.940  -1.944  -1.947  -1.950  -1.946  -1.911  -1.844  -1.733  -1.599  -1.487  -1.390  -1.305
   3.150  -4.156  -3.981  -3.845  -3.750  -3.698  -3.670  -3.653  -3.645  -3.640  -3.637  -3.636  -3.636  -3.635  -3.634  -3.632  -3.630  -3.628  -3.627  -3.625  -3.623  -3.622  -3.621  -3.620  -3.620  -3.619  -3.618  -3.618  -3.617  -3.473  -2.707  -2.165  -2.099  -2.065  -2.051  -2.046  -2.039  -2.026  -2.010  -1.994  -1.980  -1.955  -1.879  -1.766  -1.668  -1.578  -1.491
   3.160  -4.517  -4.265  -4.057  -3.893  -3.773  -3.691  -3.642  -3.617  -3.601  -3.592  -3.587  -3.585  -3.583  -3.583  -3.582  -3.582  -3.582  -3.583  -3.582  -3.579  -3.575  -3.573  -3.572  -3.570  -3.570  -3.569  -3.568  -3.567  -3.566  -3.565  -3.564  -3.282  -2.772  -2.479  -2.350  -2.266  -2.194  -2.149  -2.119  -2.109  -2.090  -2.026  -1.931  -1.845  -1.761  -1.676
   3.170  -4.879  -4.631  -4.401  -4.185  -3.981  -3.814  -3.702  -3.630  -3.586  -3.562  -3.549  -3.541  -3.538  -3.535  -3.533  -3.532  -3.532  -3.532  -3.532  -3.532  -3.532  -3.531  -3.528  -3.526  -3.525  -3.523  -3.521  -3.520  -3.518  -3.518  -3.516  -3.406  -3.186  -2.990  -2.793  -2.620  -2.489  -2.390  -2.332  -2.312  -2.279  -2.205  -2.114  -2.028  -1.944  -1.860
   3.180  -5.169  -4.973  -4.765  -4.540  -4.292  -4.067  -3.885  -3.736  -3.630  -3.570  -3.534  -3.512  -3.500  -3.493  -3.488  -3.486  -3.485  -3.484  -3.484  -3.483  -3.483  -3.483  -3.483  -3.483  -3.482  -3.480  -3.478  -3.477  -3.475  -3.474  -3.472  -3.471  -3.470  -3.430  -3.212  -2.981  -2.824  -2.692  -2.604  -2.566  -2.519  -2.429  -2.325  -2.229  -2.139  -2.052
   3.190  -5.363  -5.230  -5.069  -4.875  -4.645  -4.411  -4.180  -3.959  -3.787  -3.658  -3.566  -3.510  -3.481  -3.462  -3.452  -3.446  -3.443  -3.441  -3.439  -3.439  -3.438  -3.437  -3.437  -3.437  -3.437  -3.437  -3.436  -3.435  -3.433  -3.432  -3.431  -3.430  -3.428  -3.414  -3.341  -3.241  -3.114  -2.976  -2.883  -2.833  -2.774  -2.672  -2.555  -2.449  -2.351  -2.258
   3.200  -5.473  -5.395  -5.284  -5.138  -4.956  -4.751  -4.518  -4.272  -4.053  -3.852  -3.688  -3.577  -3.506  -3.458  -3.432  -3.417  -3.407  -3.402  -3.398  -3.396  -3.395  -3.394  -3.394  -3.394  -3.393  -3.393  -3.393  -3.392  -3.392  -3.392  -3.391  -3.390  -3.388  -3.383  -3.369  -3.341  -3.271  -3.173  -3.102  -3.055  -2.993  -2.894  -2.778  -2.671  -2.570  -2.473
   3.210  -5.521  -5.482  -5.413  -5.316  -5.189  -5.031  -4.833  -4.609  -4.380  -4.139  -3.921  -3.745  -3.602  -3.500  -3.440  -3.405  -3.383  -3.371  -3.363  -3.359  -3.356  -3.354  -3.352  -3.352  -3.351  -3.351  -3.351  -3.351  -3.351  -3.351  -3.350  -3.349  -3.348  -3.347  -3.345  -3.343  -3.317  -3.268  -3.227  -3.193  -3.143  -3.062  -2.964  -2.870  -2.776  -2.681
   3.220  -5.532  -5.516  -5.478  -5.419  -5.340  -5.230  -5.082  -4.903  -4.698  -4.460  -4.225  -4.001  -3.793  -3.633  -3.519  -3.436  -3.384  -3.357  -3.339  -3.328  -3.322  -3.317  -3.315  -3.313  -3.313  -3.312  -3.312  -3.311  -3.311  -3.310  -3.310  -3.310  -3.309  -3.308  -3.307  -3.305  -3.298  -3.284  -3.268  -3.250  -3.217  -3.162  -3.093  -3.021  -2.944  -2.861
   3.230  -5.525  -5.519  -5.500  -5.469  -5.424  -5.354  -5.255  -5.127  -4.963  -4.761  -4.543  -4.308  -4.068  -3.861  -3.679  -3.533  -3.435  -3.373  -3.332  -3.309  -3.296  -3.287  -3.282  -3.278  -3.276  -3.275  -3.274  -3.273  -3.273  -3.272  -3.271  -3.271  -3.271  -3.270  -3.269  -3.268  -3.266  -3.263  -3.257  -3.249  -3.233  -3.203  -3.161  -3.113  -3.057  -2.994
   3.240  -5.511  -5.508  -5.499  -5.484  -5.462  -5.421  -5.360  -5.276  -5.157  -5.004  -4.824  -4.609  -4.372  -4.144  -3.915  -3.715  -3.563  -3.447  -3.364  -3.316  -3.286  -3.266  -3.255  -3.248  -3.244  -3.241  -3.239  -3.238  -3.236  -3.236  -3.235  -3.234  -3.234  -3.233  -3.232  -3.231  -3.230  -3.229  -3.226  -3.223  -3.216  -3.202  -3.181  -3.152  -3.117  -3.074
   3.250  -5.492  -5.491  -5.486  -5.479  -5.469  -5.448  -5.415  -5.364  -5.285  -5.180  -5.043  -4.867  -4.662  -4.443  -4.201  -3.973  -3.770  -3.592  -3.457  -3.364  -3.300  -3.260  -3.239  -3.224  -3.215  -3.210  -3.206  -3.204  -3.202  -3.201  -3.200  -3.199  -3.198  -3.197  -3.197  -3.196  -3.195  -3.193  -3.191  -3.189  -3.186  -3.179  -3.169  -3.154  -3.133  -3.108
   3.260  -5.470  -5.470  -5.469  -5.467  -5.461  -5.450  -5.434  -5.407  -5.358  -5.291  -5.196  -5.065  -4.905  -4.714  -4.488  -4.258  -4.027  -3.803  -3.621  -3.476  -3.364  -3.290  -3.246  -3.214  -3.197  -3.186  -3.178  -3.174  -3.170  -3.168  -3.166  -3.165  -3.164  -3.163  -3.162  -3.161  -3.160  -3.158  -3.156  -3.154  -3.151  -3.148  -3.143  -3.134  -3.122  -3.107
   3.270  -5.442  -5.446  -5.448  -5.448  -5.445  -5.441  -5.434  -5.419  -5.393  -5.355  -5.293  -5.204  -5.087  -4.935  -4.745  -4.536  -4.306  -4.067  -3.853  -3.655  -3.490  -3.371  -3.286  -3.225  -3.191  -3.170  -3.156  -3.148  -3.142  -3.138  -3.135  -3.133  -3.131  -3.130  -3.129  -3.127  -3.126  -3.124  -3.122  -3.120  -3.117  -3.114  -3.110  -3.104  -3.096  -3.087
   3.280  -5.405  -5.414  -5.421  -5.422  -5.423  -5.423  -5.420  -5.413  -5.400  -5.380  -5.343  -5.287  -5.210  -5.098  -4.953  -4.780  -4.571  -4.340  -4.114  -3.883  -3.677  -3.510  -3.375  -3.276  -3.215  -3.173  -3.145  -3.130  -3.118  -3.111  -3.106  -3.102  -3.100  -3.098  -3.096  -3.095  -3.093  -3.091  -3.089  -3.086  -3.083  -3.080  -3.076  -3.071  -3.065  -3.057
   3.290  -5.352  -5.369  -5.382  -5.391  -5.398  -5.400  -5.399  -5.397  -5.392  -5.382  -5.362  -5.331  -5.284  -5.207  -5.105  -4.972  -4.799  -4.596  -4.379  -4.140  -3.913  -3.708  -3.525  -3.382  -3.278  -3.201  -3.151  -3.123  -3.101  -3.089  -3.081  -3.075  -3.071  -3.068  -3.065  -3.063  -3.060  -3.058  -3.055  -3.053  -3.049  -3.046  -3.042  -3.037  -3.031  -3.023
   3.300  -5.283  -5.308  -5.329  -5.346  -5.359  -5.368  -5.373  -5.376  -5.375  -5.371  -5.361  -5.346  -5.318  -5.269  -5.203  -5.108  -4.976  -4.814  -4.623  -4.397  -4.168  -3.941  -3.722  -3.539  -3.387  -3.267  -3.187  -3.136  -3.098  -3.076  -3.062  -3.051  -3.045  -3.039  -3.035  -3.032  -3.028  -3.025  -3.022  -3.019  -3.016  -3.012  -3.008  -3.002  -2.996  -2.989
   3.310  -5.204  -5.235  -5.262  -5.286  -5.306  -5.323  -5.337  -5.346  -5.347  -5.347  -5.347  -5.342  -5.326  -5.300  -5.260  -5.195  -5.102  -4.982  -4.826  -4.632  -4.420  -4.190  -3.953  -3.742  -3.549  -3.388  -3.268  -3.180  -3.115  -3.077  -3.051  -3.032  -3.021  -3.012  -3.006  -3.001  -2.997  -2.993  -2.989  -2.986  -2.982  -2.978  -2.974  -2.968  -2.962  -2.954
   3.320  -5.120  -5.153  -5.183  -5.212  -5.240  -5.264  -5.284  -5.300  -5.313  -5.321  -5.324  -5.322  -5.316  -5.306  -5.284  -5.242  -5.182  -5.099  -4.980  -4.826  -4.645  -4.431  -4.198  -3.974  -3.751  -3.553  -3.391  -3.259  -3.161  -3.098  -3.053  -3.022  -3.004  -2.989  -2.979  -2.972  -2.965  -2.960  -2.955  -2.950  -2.946  -2.942  -2.937  -2.931  -2.924  -2.916
   3.330  -5.036  -5.069  -5.101  -5.133  -5.163  -5.192  -5.219  -5.243  -5.263  -5.279  -5.289  -5.293  -5.295  -5.294  -5.282  -5.260  -5.225  -5.170  -5.085  -4.971  -4.827  -4.643  -4.431  -4.211  -3.974  -3.752  -3.557  -3.385  -3.250  -3.152  -3.078  -3.028  -2.997  -2.972  -2.956  -2.944  -2.934  -2.927  -2.921  -2.915  -2.909  -2.904  -2.898  -2.891  -2.884  -2.875
   3.340  -4.958  -4.989  -5.019  -5.051  -5.083  -5.114  -5.144  -5.173  -5.198  -5.221  -5.240  -5.255  -5.265  -5.267  -5.263  -5.257  -5.241  -5.205  -5.148  -5.069  -4.961  -4.815  -4.638  -4.436  -4.205  -3.975  -3.756  -3.549  -3.379  -3.240  -3.131  -3.054  -3.003  -2.964  -2.939  -2.921  -2.906  -2.895  -2.885  -2.877  -2.870  -2.863  -2.856  -2.848  -2.840  -2.831
   3.350  -4.887  -4.914  -4.941  -4.971  -5.002  -5.034  -5.065  -5.096  -5.126  -5.154  -5.179  -5.201  -5.219  -5.230  -5.236  -5.238  -5.232  -5.213  -5.181  -5.130  -5.051  -4.941  -4.802  -4.629  -4.419  -4.198  -3.969  -3.740  -3.540  -3.363  -3.216  -3.109  -3.031  -2.971  -2.933  -2.904  -2.881  -2.864  -2.850  -2.839  -2.829  -2.820  -2.811  -2.802  -2.792  -2.782
   3.360  -4.825  -4.847  -4.871  -4.897  -4.926  -4.956  -4.987  -5.018  -5.048  -5.079  -5.108  -5.135  -5.159  -5.179  -5.196  -5.204  -5.203  -5.199  -5.190  -5.159  -5.103  -5.025  -4.921  -4.781  -4.603  -4.404  -4.180  -3.944  -3.726  -3.520  -3.340  -3.197  -3.084  -2.997  -2.938  -2.894  -2.860  -2.837  -2.816  -2.800  -2.786  -2.774  -2.763  -2.751  -2.740  -2.729
   3.370  -4.773  -4.791  -4.810  -4.832  -4.856  -4.882  -4.910  -4.940  -4.970  -5.001  -5.032  -5.062  -5.090  -5.115  -5.138  -5.155  -5.166  -5.172  -5.171  -5.156  -5.125  -5.075  -4.998  -4.889  -4.749  -4.579  -4.373  -4.145  -3.921  -3.695  -3.488  -3.312  -3.161  -3.044  -2.960  -2.896  -2.848  -2.814  -2.785  -2.762  -2.743  -2.726  -2.711  -2.697  -2.683  -2.671
   3.380  -4.731  -4.743  -4.758  -4.775  -4.794  -4.816  -4.840  -4.867  -4.895  -4.925  -4.955  -4.985  -5.016  -5.044  -5.071  -5.095  -5.116  -5.131  -5.133  -5.129  -5.121  -5.096  -5.042  -4.960  -4.852  -4.713  -4.535  -4.329  -4.111  -3.875  -3.650  -3.449  -3.268  -3.121  -3.007  -2.916  -2.848  -2.799  -2.757  -2.726  -2.700  -2.678  -2.659  -2.641  -2.624  -2.608
   3.390  -4.700  -4.706  -4.715  -4.727  -4.742  -4.759  -4.779  -4.801  -4.825  -4.852  -4.880  -4.909  -4.939  -4.969  -4.998  -5.025  -5.050  -5.071  -5.085  -5.092  -5.095  -5.084  -5.052  -4.998  -4.919  -4.808  -4.660  -4.482  -4.280  -4.049  -3.819  -3.600  -3.393  -3.218  -3.071  -2.951  -2.860  -2.792  -2.736  -2.695  -2.661  -2.631  -2.606  -2.583  -2.561  -2.543
   3.400  -4.678  -4.679  -4.683  -4.690  -4.699  -4.711  -4.725  -4.742  -4.762  -4.785  -4.810  -4.837  -4.865  -4.893  -4.923  -4.951  -4.979  -5.004  -5.025  -5.042  -5.050  -5.046  -5.032  -5.007  -4.951  -4.865  -4.748  -4.600  -4.421  -4.206  -3.982  -3.754  -3.527  -3.328  -3.153  -3.004  -2.888  -2.799  -2.725  -2.670  -2.625  -2.586  -2.554  -2.525  -2.498  -2.476
   3.410  -4.663  -4.662  -4.662  -4.663  -4.666  -4.673  -4.682  -4.694  -4.709  -4.727  -4.747  -4.770  -4.794  -4.820  -4.848  -4.876  -4.904  -4.931  -4.955  -4.979  -4.991  -4.992  -4.992  -4.987  -4.952  -4.888  -4.799  -4.681  -4.527  -4.336  -4.127  -3.900  -3.664  -3.450  -3.250  -3.076  -2.934  -2.818  -2.723  -2.652  -2.593  -2.544  -2.504  -2.468  -2.436  -2.409
   3.420  -4.654  -4.649  -4.646  -4.646  -4.646  -4.646  -4.649  -4.656  -4.665  -4.677  -4.692  -4.710  -4.730  -4.752  -4.777  -4.802  -4.829  -4.855  -4.880  -4.904  -4.923  -4.935  -4.940  -4.938  -4.918  -4.877  -4.814  -4.722  -4.595  -4.432  -4.245  -4.030  -3.797  -3.575  -3.357  -3.159  -2.992  -2.849  -2.732  -2.642  -2.568  -2.507  -2.459  -2.414  -2.376  -2.343
   3.430  -4.647  -4.642  -4.637  -4.633  -4.629  -4.627  -4.627  -4.629  -4.632  -4.638  -4.647  -4.659  -4.674  -4.691  -4.711  -4.733  -4.757  -4.781  -4.805  -4.828  -4.848  -4.864  -4.874  -4.875  -4.863  -4.839  -4.797  -4.726  -4.624  -4.491  -4.329  -4.133  -3.914  -3.693  -3.464  -3.250  -3.062  -2.895  -2.755  -2.644  -2.552  -2.477  -2.417  -2.364  -2.317  -2.279
   3.440  -4.642  -4.637  -4.632  -4.626  -4.621  -4.616  -4.612  -4.608  -4.608  -4.610  -4.613  -4.619  -4.628  -4.639  -4.654  -4.671  -4.690  -4.711  -4.731  -4.753  -4.772  -4.788  -4.800  -4.801  -4.794  -4.779  -4.749  -4.695  -4.615  -4.510  -4.375  -4.204  -4.005  -3.795  -3.566  -3.345  -3.141  -2.951  -2.791  -2.657  -2.545  -2.454  -2.381  -2.317  -2.262  -2.218
   3.450  -4.634  -4.630  -4.626  -4.620  -4.614  -4.608  -4.602  -4.596  -4.592  -4.589  -4.588  -4.589  -4.592  -4.597  -4.606  -4.618  -4.631  -4.646  -4.662  -4.680  -4.696  -4.710  -4.721  -4.722  -4.717  -4.705  -4.681  -4.638  -4.573  -4.489  -4.378  -4.233  -4.062  -3.870  -3.652  -3.433  -3.220  -3.014  -2.835  -2.679  -2.545  -2.438  -2.352  -2.276  -2.212  -2.161
   3.460  -4.622  -4.620  -4.618  -4.614  -4.609  -4.603  -4.596  -4.589  -4.583  -4.577  -4.572  -4.568  -4.566  -4.566  -4.570  -4.575  -4.582  -4.591  -4.601  -4.614  -4.625  -4.634  -4.641  -4.641  -4.635  -4.622  -4.599  -4.560  -4.505  -4.435  -4.342  -4.221  -4.076  -3.907  -3.710  -3.504  -3.291  -3.078  -2.886  -2.712  -2.560  -2.435  -2.332  -2.242  -2.166  -2.106
   3.470  -4.600  -4.603  -4.604  -4.604  -4.601  -4.596  -4.590  -4.583  -4.576  -4.569  -4.562  -4.555  -4.549  -4.545  -4.542  -4.541  -4.543  -4.546  -4.550  -4.557  -4.561  -4.563  -4.564  -4.563  -4.554  -4.535  -4.508  -4.471  -4.420  -4.356  -4.274  -4.172  -4.049  -3.902  -3.730  -3.544  -3.343  -3.133  -2.938  -2.751  -2.582  -2.439  -2.317  -2.212  -2.124  -2.055
   3.480  -4.561  -4.574  -4.582  -4.585  -4.586  -4.586  -4.584  -4.578  -4.572  -4.564  -4.556  -4.548  -4.539  -4.531  -4.524  -4.518  -4.514  -4.511  -4.509  -4.507  -4.505  -4.502  -4.496  -4.486  -4.471  -4.448  -4.416  -4.376  -4.324  -4.262  -4.185  -4.093  -3.985  -3.857  -3.710  -3.546  -3.363  -3.168  -2.976  -2.783  -2.604  -2.447  -2.308  -2.189  -2.089  -2.009
   3.490  -4.498  -4.522  -4.540  -4.554  -4.564  -4.567  -4.567  -4.566  -4.564  -4.558  -4.550  -4.542  -4.533  -4.523  -4.514  -4.504  -4.495  -4.486  -4.478  -4.470  -4.461  -4.450  -4.437  -4.418  -4.395  -4.365  -4.327  -4.281  -4.225  -4.159  -4.083  -3.995  -3.895  -3.781  -3.652  -3.508  -3.346  -3.171  -2.991  -2.802  -2.622  -2.457  -2.306  -2.174  -2.061  -1.966
   3.500  -4.408  -4.445  -4.476  -4.501  -4.520  -4.534  -4.544  -4.548  -4.549  -4.547  -4.543  -4.537  -4.528  -4.518  -4.507  -4.495  -4.483  -4.470  -4.456  -4.442  -4.426  -4.408  -4.387  -4.360  -4.328  -4.289  -4.242  -4.188  -4.126  -4.055  -3.976  -3.888  -3.791  -3.683  -3.566  -3.437  -3.294  -3.139  -2.975  -2.800  -2.626  -2.458  -2.298  -2.157  -2.032  -1.924
   3.525  -4.089  -4.148  -4.202  -4.252  -4.296  -4.337  -4.373  -4.403  -4.427  -4.449  -4.467  -4.479  -4.481  -4.481  -4.478  -4.470  -4.459  -4.447  -4.435  -4.418  -4.395  -4.365  -4.324  -4.274  -4.218  -4.154  -4.081  -4.001  -3.914  -3.821  -3.724  -3.622  -3.516  -3.407  -3.296  -3.180  -3.059  -2.933  -2.798  -2.661  -2.513  -2.364  -2.209  -2.069  -1.936  -1.811
   3.550  -3.695  -3.768  -3.839  -3.907  -3.972  -4.035  -4.094  -4.150  -4.203  -4.251  -4.295  -4.333  -4.365  -4.391  -4.412  -4.421  -4.420  -4.418  -4.413  -4.394  -4.365  -4.328  -4.280  -4.221  -4.149  -4.066  -3.972  -3.867  -3.757  -3.640  -3.519  -3.396  -3.272  -3.149  -3.026  -2.904  -2.783  -2.663  -2.542  -2.421  -2.297  -2.171  -2.043  -1.915  -1.787  -1.659
   3.575  -3.268  -3.351  -3.432  -3.511  -3.588  -3.664  -3.737  -3.807  -3.874  -3.938  -3.998  -4.055  -4.112  -4.162  -4.208  -4.241  -4.265  -4.286  -4.300  -4.301  -4.286  -4.260  -4.222  -4.171  -4.102  -4.018  -3.920  -3.809  -3.687  -3.549  -3.406  -3.261  -3.114  -2.970  -2.829  -2.690  -2.557  -2.426  -2.298  -2.172  -2.047  -1.922  -1.798  -1.674  -1.551  -1.428
   3.600  -2.825  -2.913  -3.000  -3.086  -3.170  -3.253  -3.334  -3.413  -3.490  -3.565  -3.637  -3.707  -3.775  -3.838  -3.899  -3.954  -4.005  -4.050  -4.087  -4.117  -4.130  -4.126  -4.114  -4.090  -4.036  -3.958  -3.861  -3.744  -3.613  -3.465  -3.311  -3.152  -2.989  -2.829  -2.671  -2.515  -2.364  -2.216  -2.073  -1.933  -1.797  -1.665  -1.537  -1.412  -1.291  -1.173
   3.625  -2.396  -2.487  -2.578  -2.667  -2.756  -2.844  -2.930  -3.015  -3.098  -3.180  -3.260  -3.339  -3.415  -3.488  -3.558  -3.624  -3.686  -3.741  -3.788  -3.829  -3.851  -3.855  -3.859  -3.853  -3.813  -3.749  -3.666  -3.563  -3.446  -3.319  -3.182  -3.037  -2.885  -2.729  -2.569  -2.407  -2.245  -2.084  -1.926  -1.770  -1.619  -1.472  -1.330  -1.193  -1.061  -0.935
   3.650  -1.982  -2.074  -2.166  -2.258  -2.348  -2.438  -2.527  -2.615  -2.702  -2.788  -2.873  -2.956  -3.038  -3.116  -3.192  -3.263  -3.329  -3.390  -3.441  -3.487  -3.512  -3.520  -3.524  -3.519  -3.486  -3.436  -3.374  -3.297  -3.208  -3.106  -2.994  -2.871  -2.739  -2.597  -2.445  -2.288  -2.125  -1.959  -1.793  -1.628  -1.465  -1.306  -1.150  -1.000  -0.855  -0.716
   3.675  -1.591  -1.684  -1.777  -1.869  -1.961  -2.053  -2.144  -2.234  -2.323  -2.412  -2.499  -2.584  -2.669  -2.750  -2.829  -2.904  -2.973  -3.037  -3.091  -3.139  -3.163  -3.167  -3.170  -3.166  -3.131  -3.080  -3.021  -2.949  -2.868  -2.778  -2.679  -2.573  -2.460  -2.339  -2.210  -2.075  -1.934  -1.787  -1.637  -1.483  -1.327  -1.169  -1.010  -0.854  -0.700  -0.549
   3.700  -1.235  -1.325  -1.415  -1.505  -1.597  -1.688  -1.779  -1.869  -1.959  -2.047  -2.135  -2.222  -2.307  -2.389  -2.469  -2.545  -2.615  -2.679  -2.733  -2.782  -2.803  -2.803  -2.802  -2.794  -2.755  -2.700  -2.639  -2.567  -2.490  -2.405  -2.316  -2.223  -2.126  -2.025  -1.919  -1.808  -1.692  -1.570  -1.440  -1.304  -1.162  -1.013  -0.858  -0.703  -0.547  -0.389
   3.725  -0.920  -1.000  -1.082  -1.167  -1.255  -1.343  -1.432  -1.522  -1.611  -1.700  -1.787  -1.874  -1.959  -2.042  -2.123  -2.198  -2.269  -2.332  -2.385  -2.431  -2.452  -2.450  -2.446  -2.436  -2.395  -2.341  -2.279  -2.208  -2.133  -2.051  -1.966  -1.877  -1.785  -1.690  -1.592  -1.491  -1.385  -1.275  -1.159  -1.037  -0.910  -0.776  -0.638  -0.496  -0.352  -0.204
   3.750  -0.669  -0.733  -0.802  -0.875  -0.953  -1.034  -1.117  -1.202  -1.286  -1.372  -1.457  -1.541  -1.625  -1.705  -1.784  -1.857  -1.925  -1.986  -2.036  -2.079  -2.098  -2.096  -2.090  -2.077  -2.036  -1.983  -1.922  -1.853  -1.778  -1.698  -1.614  -1.527  -1.437  -1.344  -1.250  -1.152  -1.052  -0.950  -0.843  -0.734  -0.620  -0.503  -0.381  -0.256  -0.126   0.007
   3.775  -0.510  -0.548  -0.593  -0.646  -0.707  -0.771  -0.839  -0.912  -0.986  -1.064  -1.142  -1.220  -1.298  -1.374  -1.447  -1.516  -1.580  -1.636  -1.683  -1.721  -1.738  -1.736  -1.729  -1.715  -1.676  -1.625  -1.566  -1.499  -1.428  -1.350  -1.269  -1.185  -1.099  -1.010  -0.919  -0.825  -0.730  -0.632  -0.531  -0.428  -0.321  -0.211  -0.097   0.020   0.141   0.266
   3.800  -0.436  -0.449  -0.469  -0.495  -0.529  -0.569  -0.617  -0.671  -0.730  -0.793  -0.858  -0.925  -0.992  -1.058  -1.122  -1.182  -1.237  -1.286  -1.326  -1.358  -1.371  -1.369  -1.361  -1.346  -1.310  -1.262  -1.207  -1.144  -1.076  -1.003  -0.926  -0.846  -0.763  -0.678  -0.591  -0.502  -0.410  -0.316  -0.219  -0.120  -0.017   0.089   0.197   0.309   0.424   0.542
   3.825  -0.413  -0.414  -0.418  -0.425  -0.433  -0.448  -0.471  -0.499  -0.533  -0.573  -0.617  -0.662  -0.709  -0.757  -0.806  -0.851  -0.894  -0.931  -0.961  -0.983  -0.993  -0.990  -0.981  -0.963  -0.930  -0.888  -0.839  -0.782  -0.720  -0.653  -0.582  -0.508  -0.431  -0.351  -0.269  -0.185  -0.098  -0.009   0.084   0.178   0.276   0.377   0.482   0.589   0.699   0.812
   3.850  -0.405  -0.403  -0.401  -0.399  -0.398  -0.397  -0.398  -0.401  -0.406  -0.416  -0.430  -0.449  -0.471  -0.495  -0.521  -0.546  -0.569  -0.590  -0.604  -0.613  -0.616  -0.611  -0.597  -0.575  -0.546  -0.510  -0.466  -0.416  -0.361  -0.301  -0.237  -0.170  -0.099  -0.026   0.050   0.129   0.210   0.294   0.381   0.471   0.564   0.660   0.760   0.863   0.969   1.078
   3.875  -0.406  -0.403  -0.399  -0.394  -0.389  -0.381  -0.372  -0.361  -0.347  -0.330  -0.317  -0.307  -0.298  -0.292  -0.288  -0.281  -0.276  -0.271  -0.264  -0.256  -0.246  -0.231  -0.212  -0.187  -0.159  -0.126  -0.087  -0.044   0.004   0.056   0.112   0.172   0.235   0.301   0.370   0.441   0.516   0.593   0.674   0.758   0.845   0.936   1.030   1.128   1.229   1.333
   3.900  -0.407  -0.404  -0.399  -0.393  -0.386  -0.376  -0.364  -0.348  -0.327  -0.301  -0.270  -0.234  -0.195  -0.155  -0.113  -0.072  -0.034   0.002   0.035   0.066   0.096   0.126   0.155   0.185   0.217   0.250   0.286   0.324   0.366   0.412   0.460   0.512   0.567   0.625   0.687   0.751   0.818   0.889   0.962   1.039   1.120   1.205   1.294   1.387   1.482   1.581
   3.925  -0.409  -0.406  -0.402  -0.396  -0.389  -0.379  -0.366  -0.349  -0.327  -0.297  -0.259  -0.210  -0.152  -0.085  -0.009   0.063   0.135   0.206   0.270   0.331   0.389   0.441   0.488   0.531   0.570   0.608   0.646   0.683   0.722   0.762   0.805   0.850   0.898   0.949   1.002   1.058   1.118   1.181   1.248   1.317   1.391   1.469   1.552   1.638   1.728   1.822
   3.950  -0.410  -0.408  -0.404  -0.399  -0.393  -0.383  -0.370  -0.353  -0.328  -0.296  -0.255  -0.202  -0.138  -0.062   0.026   0.122   0.226   0.333   0.435   0.533   0.623   0.702   0.771   0.833   0.885   0.933   0.977   1.018   1.058   1.097   1.136   1.177   1.219   1.263   1.310   1.359   1.412   1.468   1.527   1.589   1.656   1.728   1.803   1.884   1.968   2.056
   3.975  -0.410  -0.408  -0.405  -0.401  -0.395  -0.387  -0.375  -0.358  -0.333  -0.303  -0.262  -0.209  -0.144  -0.065   0.026   0.134   0.257   0.390   0.525   0.660   0.784   0.891   0.987   1.069   1.143   1.209   1.266   1.316   1.362   1.404   1.444   1.484   1.524   1.564   1.606   1.650   1.697   1.747   1.800   1.856   1.916   1.980   2.049   2.123   2.201   2.283
   4.000  -0.408  -0.407  -0.405  -0.401  -0.397  -0.389  -0.378  -0.363  -0.341  -0.313  -0.273  -0.220  -0.155  -0.073   0.025   0.138   0.267   0.409   0.555   0.707   0.855   0.994   1.125   1.241   1.342   1.430   1.505   1.569   1.627   1.676   1.722   1.765   1.805   1.845   1.885   1.926   1.969   2.013   2.061   2.112   2.167   2.225   2.288   2.355   2.427   2.504
   4.025  -0.405  -0.405  -0.403  -0.400  -0.395  -0.389  -0.379  -0.367  -0.347  -0.321  -0.283  -0.233  -0.170  -0.089   0.010   0.123   0.253   0.396   0.547   0.704   0.863   1.027   1.189   1.340   1.475   1.590   1.684   1.765   1.840   1.904   1.960   2.010   2.055   2.098   2.139   2.180   2.221   2.263   2.308   2.356   2.407   2.461   2.518   2.580   2.647   2.719
   4.050  -0.402  -0.401  -0.399  -0.397  -0.393  -0.387  -0.379  -0.368  -0.350  -0.327  -0.292  -0.245  -0.185  -0.108  -0.014   0.096   0.225   0.370   0.525   0.693   0.865   1.038   1.211   1.373   1.528   1.670   1.795   1.907   2.004   2.085   2.157   2.219   2.272   2.322   2.367   2.411   2.453   2.495   2.539   2.586   2.634   2.684   2.738   2.796   2.859   2.926
   4.075  -0.398  -0.397  -0.395  -0.393  -0.390  -0.385  -0.378  -0.367  -0.350  -0.329  -0.298  -0.254  -0.199  -0.126  -0.037   0.070   0.195   0.336   0.490   0.660   0.836   1.012   1.191   1.362   1.526   1.689   1.848   1.995   2.118   2.218   2.306   2.385   2.452   2.513   2.566   2.615   2.662   2.706   2.752   2.798   2.845   2.895   2.946   3.002   3.061   3.124
   4.100  -0.394  -0.393  -0.391  -0.389  -0.386  -0.381  -0.374  -0.365  -0.350  -0.330  -0.301  -0.261  -0.210  -0.142  -0.058   0.043   0.162   0.298   0.448   0.612   0.785   0.965   1.151   1.335   1.519   1.696   1.865   2.026   2.170   2.299   2.414   2.512   2.597   2.672   2.736   2.794   2.848   2.897   2.946   2.994   3.042   3.092   3.143   3.198   3.254   3.314
   4.125  -0.390  -0.388  -0.386  -0.384  -0.381  -0.376  -0.370  -0.361  -0.348  -0.329  -0.302  -0.266  -0.218  -0.154  -0.075   0.020   0.133   0.263   0.407   0.567   0.737   0.916   1.103   1.290   1.484   1.670   1.848   2.020   2.179   2.341   2.486   2.603   2.706   2.798   2.877   2.947   3.010   3.066   3.121   3.173   3.224   3.275   3.327   3.381   3.438   3.497
   4.150  -0.388  -0.386  -0.383  -0.379  -0.376  -0.371  -0.365  -0.357  -0.344  -0.327  -0.302  -0.268  -0.223  -0.163  -0.090   0.000   0.107   0.230   0.368   0.523   0.689   0.866   1.051   1.239   1.431   1.622   1.814   2.003   2.183   2.354   2.513   2.655   2.783   2.895   2.991   3.076   3.151   3.216   3.279   3.337   3.393   3.447   3.500   3.555   3.614   3.674
   4.175  -0.389  -0.386  -0.382  -0.377  -0.372  -0.366  -0.360  -0.352  -0.339  -0.323  -0.300  -0.267  -0.226  -0.170  -0.101  -0.017   0.085   0.203   0.336   0.486   0.649   0.823   1.007   1.193   1.383   1.574   1.771   1.969   2.162   2.344   2.513   2.681   2.833   2.963   3.079   3.182   3.271   3.349   3.422   3.487   3.548   3.607   3.664   3.723   3.784   3.845
   4.200  -0.390  -0.386  -0.382  -0.376  -0.371  -0.364  -0.357  -0.348  -0.335  -0.319  -0.296  -0.266  -0.227  -0.174  -0.110  -0.030   0.067   0.180   0.309   0.455   0.614   0.786   0.967   1.151   1.336   1.527   1.726   1.928   2.127   2.323   2.511   2.689   2.857   3.009   3.144   3.266   3.372   3.465   3.549   3.622   3.691   3.757   3.819   3.883   3.947   4.010
   4.225  -0.391  -0.387  -0.383  -0.377  -0.371  -0.364  -0.356  -0.347  -0.333  -0.317  -0.293  -0.264  -0.226  -0.175  -0.115  -0.039   0.053   0.161   0.287   0.431   0.587   0.755   0.933   1.113   1.297   1.487   1.687   1.892   2.095   2.298   2.497   2.684   2.866   3.036   3.190   3.330   3.453   3.562   3.660   3.745   3.823   3.897   3.966   4.035   4.102   4.168
   4.250  -0.392  -0.388  -0.384  -0.378  -0.372  -0.364  -0.356  -0.346  -0.332  -0.315  -0.292  -0.262  -0.225  -0.176  -0.118  -0.045   0.043   0.146   0.269   0.411   0.565   0.729   0.902   1.080   1.263   1.453   1.653   1.859   2.065   2.272   2.475   2.675   2.869   3.050   3.222   3.379   3.519   3.645   3.757   3.855   3.945   4.028   4.104   4.178   4.250   4.319
   4.275  -0.392  -0.388  -0.384  -0.378  -0.372  -0.364  -0.355  -0.344  -0.331  -0.314  -0.292  -0.263  -0.227  -0.179  -0.122  -0.050   0.035   0.136   0.255   0.394   0.545   0.705   0.874   1.051   1.235   1.426   1.627   1.834   2.041   2.250   2.458   2.664   2.867   3.060   3.244   3.416   3.573   3.715   3.842   3.954   4.056   4.148   4.233   4.314   4.391   4.464
   4.300  -0.392  -0.388  -0.384  -0.378  -0.371  -0.363  -0.354  -0.343  -0.329  -0.313  -0.292  -0.264  -0.228  -0.181  -0.125  -0.055   0.029   0.127   0.244   0.381   0.529   0.685   0.851   1.027   1.213   1.407   1.608   1.816   2.024   2.235   2.446   2.656   2.865   3.066   3.262   3.446   3.617   3.774   3.916   4.042   4.156   4.259   4.352   4.441   4.523   4.599
   4.325  -0.392  -0.388  -0.383  -0.378  -0.371  -0.362  -0.352  -0.340  -0.326  -0.310  -0.289  -0.262  -0.227  -0.181  -0.127  -0.060   0.022   0.119   0.234   0.369   0.515   0.669   0.834   1.010   1.199   1.395   1.597   1.805   2.015   2.228   2.442   2.656   2.866   3.074   3.278   3.472   3.655   3.826   3.980   4.120   4.246   4.360   4.462   4.556   4.641   4.717
   4.350  -0.391  -0.388  -0.383  -0.377  -0.370  -0.361  -0.350  -0.337  -0.322  -0.306  -0.284  -0.257  -0.225  -0.181  -0.128  -0.062   0.019   0.114   0.229   0.362   0.508   0.662   0.826   1.003   1.193   1.390   1.593   1.802   2.012   2.226   2.440   2.656   2.872   3.084   3.295   3.497   3.689   3.872   4.038   4.191   4.329   4.453   4.565   4.665   4.753   4.829
   4.375  -0.390  -0.387  -0.382  -0.376  -0.369  -0.360  -0.348  -0.335  -0.319  -0.300  -0.278  -0.251  -0.218  -0.176  -0.124  -0.059   0.020   0.115   0.229   0.361   0.507   0.662   0.827   1.005   1.195   1.393   1.596   1.805   2.017   2.231   2.446   2.663   2.882   3.099   3.315   3.523   3.723   3.915   4.092   4.257   4.407   4.544   4.667   4.775   4.868   4.947
   4.400  -0.388  -0.386  -0.382  -0.376  -0.369  -0.359  -0.347  -0.332  -0.315  -0.295  -0.271  -0.243  -0.209  -0.166  -0.116  -0.052   0.025   0.117   0.229   0.361   0.506   0.662   0.830   1.009   1.202   1.401   1.605   1.815   2.027   2.243   2.460   2.679   2.899   3.119   3.338   3.551   3.757   3.956   4.143   4.318   4.479   4.626   4.758   4.874   4.975   5.061
   4.425  -0.387  -0.385  -0.381  -0.375  -0.368  -0.358  -0.346  -0.331  -0.312  -0.291  -0.265  -0.234  -0.199  -0.155  -0.104  -0.041   0.036   0.126   0.236   0.367   0.511   0.669   0.840   1.022   1.215   1.416   1.621   1.832   2.045   2.261   2.479   2.699   2.921   3.143   3.365   3.582   3.794   3.999   4.192   4.374   4.541   4.690   4.824   4.948   5.063   5.167
   4.450  -0.387  -0.384  -0.380  -0.374  -0.367  -0.358  -0.346  -0.330  -0.311  -0.287  -0.259  -0.226  -0.188  -0.142  -0.090  -0.026   0.051   0.143   0.253   0.381   0.525   0.685   0.859   1.042   1.236   1.436   1.642   1.853   2.067   2.284   2.503   2.724   2.948   3.171   3.395   3.615   3.831   4.042   4.239   4.427   4.598   4.747   4.881   5.012   5.137   5.256
   4.475  -0.387  -0.383  -0.379  -0.374  -0.367  -0.358  -0.346  -0.330  -0.310  -0.285  -0.255  -0.220  -0.179  -0.130  -0.076  -0.010   0.069   0.161   0.272   0.401   0.545   0.706   0.882   1.066   1.261   1.462   1.668   1.880   2.094   2.312   2.532   2.754   2.978   3.202   3.428   3.650   3.869   4.083   4.285   4.477   4.653   4.807   4.945   5.076   5.200   5.315
   4.500  -0.386  -0.383  -0.379  -0.373  -0.367  -0.358  -0.346  -0.331  -0.310  -0.284  -0.252  -0.214  -0.170  -0.118  -0.060   0.009   0.090   0.184   0.297   0.426   0.572   0.734   0.911   1.096   1.291   1.493   1.699   1.911   2.126   2.344   2.565   2.788   3.012   3.237   3.463   3.687   3.907   4.122   4.328   4.525   4.706   4.866   5.009   5.137   5.251   5.349

