low temperature opacities from Ferguson, Alexander, et al (2005) with gn93 metals
    form     version        X           Z          logRs    logR_min    logR_max       logTs    logT_min    logT_max
       1          38    0.350000    0.000300          46   -8.000000    1.000000          75    3.000000    4.100000

   logT                       logR = logRho - 3*logT + 18
          -8.000  -7.800  -7.600  -7.400  -7.200  -7.000  -6.800  -6.600  -6.400  -6.200  -6.000  -5.800  -5.600  -5.400  -5.200  -5.000  -4.800  -4.600  -4.400  -4.200  -4.000  -3.800  -3.600  -3.400  -3.200  -3.000  -2.800  -2.600  -2.400  -2.200  -2.000  -1.800  -1.600  -1.400  -1.200  -1.000  -0.800  -0.600  -0.400  -0.200   0.000   0.200   0.400   0.600   0.800   1.000

   3.000  -3.295  -3.291  -3.289  -3.293  -3.318  -3.351  -3.389  -3.430  -3.460  -3.483  -3.493  -3.492  -3.490  -3.483  -3.458  -3.440  -3.437  -3.435  -3.435  -3.435  -3.435  -3.321  -3.077  -2.819  -2.509  -2.263  -2.146  -2.084  -2.024  -1.974  -1.936  -1.912  -1.898  -1.888  -1.882  -1.877  -1.873  -1.869  -1.866  -1.864  -1.862  -1.860  -1.859  -1.858  -1.856  -1.855
   3.010  -3.290  -3.289  -3.286  -3.283  -3.277  -3.274  -3.279  -3.294  -3.321  -3.368  -3.410  -3.436  -3.454  -3.469  -3.479  -3.483  -3.464  -3.434  -3.428  -3.430  -3.431  -3.422  -3.396  -3.349  -3.256  -3.081  -2.740  -2.358  -2.168  -2.087  -2.033  -1.984  -1.951  -1.926  -1.911  -1.899  -1.889  -1.880  -1.873  -1.868  -1.863  -1.859  -1.856  -1.853  -1.851  -1.849
   3.020  -3.279  -3.278  -3.277  -3.275  -3.274  -3.272  -3.268  -3.265  -3.265  -3.271  -3.283  -3.312  -3.353  -3.383  -3.406  -3.425  -3.443  -3.456  -3.453  -3.429  -3.414  -3.416  -3.420  -3.419  -3.399  -3.359  -3.304  -3.208  -2.988  -2.555  -2.229  -2.123  -2.068  -2.019  -1.984  -1.957  -1.934  -1.916  -1.901  -1.888  -1.877  -1.868  -1.861  -1.854  -1.849  -1.845
   3.030  -3.280  -3.274  -3.269  -3.265  -3.264  -3.262  -3.260  -3.259  -3.257  -3.254  -3.252  -3.251  -3.250  -3.253  -3.273  -3.300  -3.334  -3.371  -3.399  -3.421  -3.430  -3.419  -3.401  -3.399  -3.406  -3.411  -3.385  -3.345  -3.341  -3.359  -3.371  -3.134  -2.693  -2.403  -2.213  -2.091  -2.030  -1.998  -1.966  -1.940  -1.917  -1.897  -1.879  -1.865  -1.854  -1.847
   3.040  -3.368  -3.329  -3.298  -3.276  -3.264  -3.257  -3.252  -3.249  -3.247  -3.245  -3.243  -3.242  -3.240  -3.237  -3.230  -3.226  -3.232  -3.249  -3.280  -3.328  -3.368  -3.386  -3.396  -3.405  -3.413  -3.417  -3.412  -3.398  -3.378  -3.355  -3.311  -3.213  -3.055  -2.844  -2.557  -2.322  -2.210  -2.151  -2.093  -2.043  -2.000  -1.958  -1.921  -1.893  -1.873  -1.860
   3.050  -4.030  -3.782  -3.586  -3.445  -3.361  -3.310  -3.278  -3.261  -3.248  -3.240  -3.235  -3.232  -3.230  -3.228  -3.225  -3.223  -3.220  -3.217  -3.217  -3.221  -3.229  -3.252  -3.286  -3.316  -3.346  -3.369  -3.384  -3.391  -3.391  -3.382  -3.372  -3.364  -3.354  -3.281  -2.956  -2.641  -2.485  -2.383  -2.289  -2.210  -2.139  -2.065  -1.999  -1.948  -1.913  -1.892
   3.060  -4.806  -4.807  -4.807  -4.729  -4.282  -3.836  -3.586  -3.416  -3.329  -3.287  -3.261  -3.240  -3.229  -3.221  -3.217  -3.214  -3.211  -3.209  -3.206  -3.203  -3.201  -3.203  -3.209  -3.221  -3.240  -3.264  -3.294  -3.326  -3.347  -3.360  -3.365  -3.361  -3.349  -3.304  -3.135  -2.950  -2.802  -2.663  -2.540  -2.436  -2.334  -2.224  -2.118  -2.040  -1.985  -1.953
   3.070  -4.731  -4.732  -4.733  -4.733  -4.734  -4.734  -4.734  -4.735  -4.621  -4.001  -3.504  -3.375  -3.309  -3.263  -3.237  -3.221  -3.209  -3.203  -3.197  -3.194  -3.191  -3.188  -3.185  -3.185  -3.186  -3.188  -3.197  -3.216  -3.244  -3.285  -3.311  -3.317  -3.321  -3.312  -3.254  -3.166  -3.052  -2.919  -2.797  -2.684  -2.565  -2.423  -2.279  -2.172  -2.097  -2.050
   3.080  -4.662  -4.661  -4.661  -4.661  -4.662  -4.662  -4.662  -4.663  -4.663  -4.664  -4.664  -4.426  -3.981  -3.680  -3.468  -3.334  -3.272  -3.240  -3.214  -3.199  -3.189  -3.182  -3.179  -3.175  -3.171  -3.168  -3.167  -3.166  -3.168  -3.179  -3.197  -3.226  -3.255  -3.259  -3.253  -3.242  -3.191  -3.098  -3.005  -2.907  -2.791  -2.635  -2.468  -2.342  -2.249  -2.185
   3.090  -4.598  -4.597  -4.596  -4.594  -4.593  -4.593  -4.593  -4.594  -4.594  -4.595  -4.595  -4.595  -4.596  -4.550  -4.275  -3.974  -3.743  -3.536  -3.388  -3.297  -3.241  -3.207  -3.189  -3.175  -3.167  -3.161  -3.156  -3.153  -3.149  -3.144  -3.142  -3.154  -3.177  -3.197  -3.217  -3.227  -3.213  -3.177  -3.126  -3.063  -2.971  -2.826  -2.661  -2.532  -2.430  -2.352
   3.100  -4.538  -4.538  -4.537  -4.535  -4.532  -4.530  -4.529  -4.528  -4.528  -4.528  -4.528  -4.528  -4.528  -4.528  -4.529  -4.529  -4.529  -4.530  -4.448  -3.985  -3.562  -3.397  -3.312  -3.243  -3.204  -3.179  -3.161  -3.151  -3.143  -3.136  -3.133  -3.134  -3.136  -3.142  -3.163  -3.176  -3.177  -3.178  -3.174  -3.144  -3.084  -2.974  -2.833  -2.717  -2.620  -2.534
   3.110  -4.486  -4.478  -4.472  -4.471  -4.470  -4.470  -4.469  -4.468  -4.467  -4.466  -4.466  -4.466  -4.465  -4.465  -4.465  -4.465  -4.465  -4.465  -4.465  -4.466  -4.466  -4.466  -4.466  -4.357  -3.773  -3.331  -3.247  -3.203  -3.168  -3.148  -3.136  -3.127  -3.123  -3.124  -3.132  -3.143  -3.155  -3.165  -3.166  -3.156  -3.137  -3.072  -2.967  -2.877  -2.793  -2.711
   3.120  -4.480  -4.449  -4.426  -4.415  -4.409  -4.407  -4.407  -4.407  -4.407  -4.408  -4.409  -4.408  -4.407  -4.406  -4.405  -4.405  -4.405  -4.404  -4.404  -4.404  -4.404  -4.404  -4.404  -4.404  -4.404  -4.404  -4.103  -3.585  -3.348  -3.250  -3.201  -3.172  -3.158  -3.158  -3.169  -3.176  -3.175  -3.173  -3.171  -3.168  -3.161  -3.126  -3.062  -3.000  -2.936  -2.867
   3.130  -4.588  -4.493  -4.422  -4.385  -4.366  -4.356  -4.350  -4.347  -4.347  -4.347  -4.347  -4.348  -4.349  -4.349  -4.348  -4.348  -4.348  -4.347  -4.347  -4.346  -4.346  -4.346  -4.345  -4.345  -4.345  -4.345  -4.345  -4.345  -4.287  -3.967  -3.696  -3.619  -3.577  -3.502  -3.395  -3.309  -3.267  -3.245  -3.225  -3.212  -3.194  -3.167  -3.134  -3.094  -3.048  -2.996
   3.140  -4.861  -4.671  -4.523  -4.419  -4.361  -4.329  -4.310  -4.300  -4.295  -4.292  -4.291  -4.291  -4.291  -4.291  -4.292  -4.292  -4.292  -4.292  -4.292  -4.291  -4.291  -4.291  -4.290  -4.290  -4.289  -4.289  -4.289  -4.288  -4.288  -4.288  -4.288  -4.192  -4.001  -3.840  -3.686  -3.556  -3.465  -3.400  -3.345  -3.304  -3.269  -3.239  -3.212  -3.180  -3.145  -3.108
   3.150  -5.239  -4.988  -4.775  -4.598  -4.459  -4.360  -4.303  -4.274  -4.256  -4.246  -4.241  -4.238  -4.237  -4.237  -4.237  -4.237  -4.238  -4.239  -4.239  -4.240  -4.240  -4.239  -4.238  -4.238  -4.237  -4.237  -4.236  -4.235  -4.235  -4.234  -4.234  -4.234  -4.234  -4.202  -4.016  -3.823  -3.705  -3.609  -3.524  -3.453  -3.394  -3.348  -3.313  -3.279  -3.247  -3.218
   3.160  -5.604  -5.363  -5.134  -4.912  -4.694  -4.513  -4.388  -4.303  -4.250  -4.220  -4.205  -4.195  -4.190  -4.188  -4.186  -4.186  -4.186  -4.187  -4.187  -4.187  -4.187  -4.187  -4.188  -4.188  -4.187  -4.187  -4.187  -4.186  -4.186  -4.185  -4.184  -4.184  -4.184  -4.174  -4.111  -4.026  -3.927  -3.818  -3.721  -3.632  -3.554  -3.493  -3.443  -3.400  -3.366  -3.339
   3.170  -5.896  -5.703  -5.497  -5.276  -5.033  -4.806  -4.608  -4.436  -4.314  -4.240  -4.196  -4.170  -4.157  -4.148  -4.143  -4.141  -4.140  -4.139  -4.139  -4.139  -4.139  -4.139  -4.139  -4.139  -4.139  -4.139  -4.139  -4.139  -4.139  -4.138  -4.138  -4.138  -4.137  -4.135  -4.123  -4.100  -4.046  -3.965  -3.885  -3.799  -3.718  -3.648  -3.587  -3.538  -3.500  -3.473
   3.180  -6.101  -5.963  -5.800  -5.610  -5.389  -5.161  -4.925  -4.694  -4.508  -4.362  -4.251  -4.182  -4.145  -4.122  -4.109  -4.102  -4.098  -4.096  -4.094  -4.093  -4.093  -4.093  -4.093  -4.093  -4.094  -4.094  -4.094  -4.094  -4.094  -4.094  -4.094  -4.094  -4.093  -4.093  -4.093  -4.094  -4.076  -4.034  -3.982  -3.917  -3.850  -3.785  -3.723  -3.674  -3.636  -3.608
   3.190  -6.227  -6.137  -6.020  -5.872  -5.695  -5.496  -5.271  -5.033  -4.810  -4.593  -4.410  -4.279  -4.187  -4.127  -4.095  -4.077  -4.065  -4.059  -4.055  -4.053  -4.052  -4.051  -4.051  -4.051  -4.051  -4.051  -4.051  -4.051  -4.051  -4.051  -4.051  -4.051  -4.051  -4.051  -4.052  -4.052  -4.048  -4.037  -4.016  -3.978  -3.932  -3.882  -3.829  -3.787  -3.753  -3.727
   3.200  -6.297  -6.243  -6.164  -6.058  -5.927  -5.769  -5.580  -5.368  -5.145  -4.902  -4.678  -4.486  -4.321  -4.201  -4.126  -4.078  -4.048  -4.033  -4.024  -4.018  -4.015  -4.013  -4.012  -4.012  -4.011  -4.011  -4.011  -4.011  -4.011  -4.011  -4.011  -4.011  -4.012  -4.012  -4.012  -4.012  -4.012  -4.010  -4.005  -3.988  -3.964  -3.931  -3.894  -3.863  -3.836  -3.814
   3.210  -6.333  -6.301  -6.250  -6.178  -6.088  -5.972  -5.825  -5.652  -5.456  -5.232  -5.004  -4.775  -4.554  -4.376  -4.234  -4.128  -4.063  -4.030  -4.006  -3.992  -3.985  -3.980  -3.978  -3.976  -3.975  -3.974  -3.974  -3.974  -3.974  -3.974  -3.974  -3.974  -3.974  -3.974  -3.975  -3.975  -3.975  -3.975  -3.974  -3.969  -3.959  -3.941  -3.919  -3.899  -3.881  -3.863
   3.220  -6.347  -6.328  -6.295  -6.249  -6.190  -6.110  -6.003  -5.872  -5.712  -5.524  -5.318  -5.090  -4.852  -4.637  -4.436  -4.269  -4.151  -4.069  -4.013  -3.982  -3.965  -3.954  -3.948  -3.944  -3.942  -3.941  -3.940  -3.939  -3.939  -3.939  -3.939  -3.939  -3.939  -3.939  -3.940  -3.940  -3.940  -3.940  -3.940  -3.938  -3.935  -3.927  -3.916  -3.904  -3.892  -3.880
   3.230  -6.344  -6.334  -6.315  -6.286  -6.250  -6.196  -6.122  -6.028  -5.906  -5.758  -5.585  -5.384  -5.164  -4.941  -4.708  -4.496  -4.319  -4.173  -4.068  -4.006  -3.967  -3.941  -3.928  -3.919  -3.913  -3.910  -3.908  -3.907  -3.907  -3.906  -3.906  -3.906  -3.906  -3.906  -3.906  -3.906  -3.906  -3.907  -3.906  -3.906  -3.904  -3.901  -3.896  -3.889  -3.882  -3.873
   3.240  -6.326  -6.323  -6.314  -6.299  -6.277  -6.243  -6.196  -6.133  -6.045  -5.933  -5.796  -5.631  -5.442  -5.235  -5.004  -4.778  -4.563  -4.363  -4.207  -4.092  -4.007  -3.952  -3.923  -3.903  -3.892  -3.886  -3.881  -3.879  -3.877  -3.876  -3.875  -3.875  -3.875  -3.875  -3.875  -3.875  -3.875  -3.875  -3.875  -3.874  -3.873  -3.871  -3.868  -3.864  -3.859  -3.852
   3.250  -6.292  -6.293  -6.294  -6.293  -6.282  -6.262  -6.234  -6.195  -6.134  -6.056  -5.954  -5.825  -5.671  -5.492  -5.286  -5.070  -4.843  -4.615  -4.417  -4.243  -4.103  -4.008  -3.947  -3.905  -3.883  -3.869  -3.859  -3.854  -3.850  -3.848  -3.847  -3.846  -3.846  -3.845  -3.845  -3.845  -3.845  -3.845  -3.844  -3.844  -3.843  -3.841  -3.839  -3.836  -3.832  -3.826
   3.260  -6.239  -6.254  -6.263  -6.264  -6.262  -6.258  -6.247  -6.223  -6.184  -6.134  -6.062  -5.966  -5.846  -5.701  -5.529  -5.337  -5.121  -4.893  -4.675  -4.460  -4.274  -4.131  -4.021  -3.941  -3.895  -3.865  -3.845  -3.835  -3.828  -3.823  -3.821  -3.819  -3.818  -3.818  -3.817  -3.817  -3.816  -3.816  -3.815  -3.815  -3.814  -3.812  -3.810  -3.807  -3.803  -3.799
   3.270  -6.173  -6.193  -6.209  -6.222  -6.231  -6.234  -6.231  -6.221  -6.205  -6.175  -6.128  -6.062  -5.975  -5.862  -5.723  -5.560  -5.371  -5.162  -4.946  -4.717  -4.503  -4.315  -4.151  -4.027  -3.943  -3.884  -3.846  -3.827  -3.812  -3.804  -3.799  -3.795  -3.793  -3.792  -3.791  -3.790  -3.789  -3.789  -3.788  -3.787  -3.786  -3.784  -3.782  -3.779  -3.775  -3.771
   3.280  -6.098  -6.122  -6.143  -6.162  -6.180  -6.191  -6.196  -6.199  -6.197  -6.184  -6.157  -6.117  -6.059  -5.976  -5.870  -5.739  -5.582  -5.402  -5.203  -4.980  -4.759  -4.543  -4.339  -4.174  -4.044  -3.944  -3.877  -3.837  -3.808  -3.792  -3.782  -3.775  -3.772  -3.769  -3.767  -3.765  -3.764  -3.763  -3.762  -3.760  -3.759  -3.757  -3.755  -3.752  -3.748  -3.744
   3.290  -6.020  -6.046  -6.070  -6.093  -6.115  -6.133  -6.150  -6.162  -6.164  -6.161  -6.157  -6.141  -6.104  -6.048  -5.973  -5.874  -5.749  -5.599  -5.426  -5.226  -5.016  -4.795  -4.573  -4.376  -4.199  -4.053  -3.947  -3.873  -3.819  -3.790  -3.773  -3.761  -3.754  -3.749  -3.745  -3.743  -3.740  -3.738  -3.736  -3.735  -3.733  -3.731  -3.728  -3.725  -3.721  -3.717
   3.300  -5.945  -5.970  -5.994  -6.018  -6.042  -6.065  -6.086  -6.104  -6.117  -6.127  -6.131  -6.126  -6.111  -6.084  -6.037  -5.966  -5.871  -5.752  -5.609  -5.440  -5.252  -5.041  -4.818  -4.605  -4.395  -4.211  -4.066  -3.952  -3.867  -3.813  -3.778  -3.755  -3.743  -3.733  -3.727  -3.722  -3.718  -3.715  -3.712  -3.710  -3.707  -3.705  -3.702  -3.699  -3.695  -3.690
   3.310  -5.875  -5.897  -5.920  -5.944  -5.969  -5.993  -6.016  -6.038  -6.058  -6.077  -6.087  -6.089  -6.090  -6.087  -6.063  -6.017  -5.952  -5.864  -5.751  -5.612  -5.451  -5.264  -5.057  -4.846  -4.624  -4.417  -4.235  -4.077  -3.954  -3.866  -3.802  -3.761  -3.738  -3.720  -3.710  -3.702  -3.696  -3.692  -3.688  -3.685  -3.682  -3.679  -3.676  -3.672  -3.668  -3.664
   3.320  -5.812  -5.832  -5.852  -5.874  -5.897  -5.920  -5.944  -5.968  -5.990  -6.011  -6.029  -6.044  -6.055  -6.056  -6.048  -6.032  -5.998  -5.937  -5.853  -5.744  -5.611  -5.453  -5.273  -5.076  -4.857  -4.642  -4.436  -4.243  -4.084  -3.958  -3.859  -3.793  -3.752  -3.720  -3.702  -3.689  -3.679  -3.673  -3.667  -3.662  -3.658  -3.654  -3.650  -3.646  -3.641  -3.636
   3.330  -5.755  -5.772  -5.791  -5.810  -5.830  -5.851  -5.873  -5.897  -5.919  -5.943  -5.964  -5.985  -6.003  -6.011  -6.016  -6.017  -6.005  -5.971  -5.914  -5.836  -5.733  -5.604  -5.452  -5.277  -5.077  -4.869  -4.655  -4.442  -4.257  -4.092  -3.957  -3.858  -3.787  -3.734  -3.704  -3.683  -3.667  -3.657  -3.649  -3.642  -3.636  -3.630  -3.625  -3.619  -3.614  -3.608
   3.340  -5.706  -5.720  -5.735  -5.751  -5.769  -5.788  -5.809  -5.830  -5.852  -5.874  -5.896  -5.918  -5.939  -5.957  -5.973  -5.980  -5.976  -5.965  -5.943  -5.893  -5.816  -5.716  -5.591  -5.443  -5.270  -5.081  -4.874  -4.658  -4.456  -4.261  -4.092  -3.957  -3.851  -3.771  -3.723  -3.688  -3.663  -3.647  -3.633  -3.623  -3.615  -3.607  -3.600  -3.592  -3.585  -3.577
   3.350  -5.663  -5.674  -5.686  -5.700  -5.715  -5.731  -5.748  -5.767  -5.787  -5.808  -5.830  -5.852  -5.874  -5.894  -5.914  -5.928  -5.935  -5.939  -5.936  -5.911  -5.863  -5.791  -5.695  -5.575  -5.430  -5.264  -5.074  -4.868  -4.663  -4.452  -4.259  -4.094  -3.952  -3.843  -3.765  -3.708  -3.668  -3.643  -3.622  -3.608  -3.596  -3.584  -3.574  -3.564  -3.554  -3.545
   3.360  -5.628  -5.635  -5.644  -5.654  -5.666  -5.680  -5.695  -5.711  -5.729  -5.748  -5.767  -5.788  -5.809  -5.829  -5.850  -5.869  -5.886  -5.898  -5.899  -5.891  -5.874  -5.834  -5.764  -5.670  -5.553  -5.412  -5.246  -5.060  -4.864  -4.653  -4.449  -4.260  -4.086  -3.944  -3.833  -3.746  -3.687  -3.649  -3.618  -3.596  -3.579  -3.563  -3.550  -3.536  -3.523  -3.511
   3.370  -5.601  -5.604  -5.609  -5.616  -5.625  -5.635  -5.647  -5.661  -5.676  -5.692  -5.709  -5.727  -5.746  -5.766  -5.786  -5.806  -5.826  -5.843  -5.851  -5.854  -5.855  -5.840  -5.797  -5.731  -5.640  -5.525  -5.386  -5.225  -5.045  -4.844  -4.640  -4.438  -4.243  -4.075  -3.931  -3.814  -3.729  -3.669  -3.622  -3.590  -3.565  -3.543  -3.526  -3.508  -3.492  -3.476
   3.380  -5.580  -5.581  -5.583  -5.586  -5.590  -5.597  -5.606  -5.616  -5.628  -5.641  -5.656  -5.672  -5.689  -5.707  -5.726  -5.745  -5.764  -5.783  -5.798  -5.811  -5.817  -5.811  -5.793  -5.759  -5.695  -5.606  -5.493  -5.357  -5.198  -5.014  -4.820  -4.617  -4.412  -4.226  -4.055  -3.908  -3.794  -3.706  -3.638  -3.592  -3.556  -3.526  -3.503  -3.481  -3.459  -3.439
   3.390  -5.563  -5.562  -5.561  -5.561  -5.563  -5.566  -5.571  -5.578  -5.587  -5.597  -5.609  -5.622  -5.637  -5.653  -5.670  -5.687  -5.705  -5.724  -5.741  -5.759  -5.767  -5.766  -5.764  -5.756  -5.718  -5.653  -5.566  -5.455  -5.320  -5.159  -4.981  -4.786  -4.581  -4.385  -4.193  -4.022  -3.879  -3.760  -3.668  -3.604  -3.554  -3.513  -3.482  -3.452  -3.425  -3.401
   3.400  -5.549  -5.546  -5.544  -5.543  -5.542  -5.542  -5.543  -5.547  -5.552  -5.558  -5.567  -5.577  -5.590  -5.603  -5.618  -5.633  -5.649  -5.666  -5.682  -5.698  -5.711  -5.720  -5.725  -5.724  -5.705  -5.667  -5.607  -5.521  -5.411  -5.275  -5.118  -4.935  -4.736  -4.538  -4.335  -4.147  -3.982  -3.837  -3.719  -3.630  -3.559  -3.503  -3.461  -3.423  -3.390  -3.362
   3.410  -5.538  -5.534  -5.531  -5.527  -5.524  -5.523  -5.523  -5.523  -5.523  -5.527  -5.532  -5.539  -5.547  -5.557  -5.570  -5.583  -5.597  -5.612  -5.626  -5.642  -5.655  -5.667  -5.676  -5.676  -5.668  -5.651  -5.615  -5.552  -5.466  -5.357  -5.223  -5.059  -4.873  -4.680  -4.474  -4.276  -4.093  -3.925  -3.784  -3.668  -3.573  -3.501  -3.446  -3.397  -3.355  -3.322
   3.420  -5.527  -5.524  -5.520  -5.516  -5.512  -5.508  -5.505  -5.503  -5.503  -5.503  -5.504  -5.507  -5.512  -5.519  -5.528  -5.538  -5.549  -5.562  -5.574  -5.588  -5.600  -5.612  -5.621  -5.623  -5.620  -5.614  -5.594  -5.551  -5.488  -5.404  -5.295  -5.154  -4.989  -4.806  -4.601  -4.398  -4.203  -4.017  -3.856  -3.717  -3.600  -3.508  -3.436  -3.373  -3.321  -3.280
   3.430  -5.511  -5.510  -5.507  -5.504  -5.500  -5.496  -5.492  -5.489  -5.486  -5.483  -5.482  -5.482  -5.483  -5.485  -5.490  -5.497  -5.506  -5.516  -5.526  -5.537  -5.548  -5.559  -5.568  -5.569  -5.568  -5.566  -5.554  -5.524  -5.478  -5.416  -5.330  -5.215  -5.075  -4.909  -4.713  -4.511  -4.309  -4.111  -3.933  -3.774  -3.636  -3.524  -3.432  -3.353  -3.289  -3.240
   3.440  -5.486  -5.489  -5.490  -5.490  -5.488  -5.485  -5.481  -5.476  -5.472  -5.468  -5.465  -5.462  -5.460  -5.460  -5.461  -5.464  -5.468  -5.475  -5.482  -5.491  -5.499  -5.507  -5.514  -5.515  -5.514  -5.512  -5.503  -5.480  -5.445  -5.398  -5.331  -5.240  -5.126  -4.981  -4.803  -4.611  -4.408  -4.200  -4.010  -3.834  -3.677  -3.545  -3.433  -3.338  -3.260  -3.201
   3.450  -5.442  -5.454  -5.463  -5.466  -5.468  -5.469  -5.467  -5.464  -5.460  -5.456  -5.452  -5.448  -5.444  -5.441  -5.438  -5.437  -5.438  -5.440  -5.444  -5.449  -5.454  -5.460  -5.464  -5.465  -5.462  -5.458  -5.448  -5.427  -5.397  -5.358  -5.303  -5.231  -5.139  -5.016  -4.863  -4.689  -4.493  -4.283  -4.086  -3.894  -3.720  -3.571  -3.442  -3.331  -3.239  -3.166
   3.460  -5.370  -5.394  -5.413  -5.428  -5.439  -5.444  -5.446  -5.447  -5.446  -5.443  -5.439  -5.435  -5.430  -5.426  -5.421  -5.417  -5.414  -5.412  -5.412  -5.414  -5.415  -5.416  -5.417  -5.416  -5.412  -5.404  -5.391  -5.370  -5.341  -5.304  -5.255  -5.193  -5.116  -5.013  -4.886  -4.735  -4.554  -4.354  -4.156  -3.955  -3.768  -3.603  -3.456  -3.329  -3.222  -3.135
   3.470  -5.269  -5.305  -5.336  -5.362  -5.384  -5.400  -5.413  -5.420  -5.423  -5.424  -5.424  -5.422  -5.417  -5.413  -5.407  -5.402  -5.397  -5.391  -5.387  -5.385  -5.382  -5.380  -5.377  -5.372  -5.366  -5.354  -5.336  -5.313  -5.281  -5.243  -5.195  -5.137  -5.067  -4.977  -4.870  -4.740  -4.580  -4.400  -4.211  -4.009  -3.815  -3.638  -3.474  -3.332  -3.210  -3.108
   3.480  -5.144  -5.190  -5.231  -5.268  -5.301  -5.330  -5.353  -5.371  -5.386  -5.396  -5.400  -5.400  -5.400  -5.399  -5.395  -5.389  -5.383  -5.376  -5.370  -5.363  -5.356  -5.349  -5.342  -5.333  -5.322  -5.307  -5.286  -5.259  -5.224  -5.181  -5.130  -5.071  -5.001  -4.918  -4.822  -4.707  -4.569  -4.412  -4.239  -4.046  -3.854  -3.669  -3.492  -3.338  -3.203  -3.087
   3.490  -5.002  -5.055  -5.105  -5.152  -5.195  -5.234  -5.268  -5.298  -5.323  -5.343  -5.359  -5.370  -5.376  -5.377  -5.376  -5.374  -5.370  -5.363  -5.355  -5.346  -5.336  -5.326  -5.315  -5.301  -5.285  -5.265  -5.239  -5.208  -5.168  -5.121  -5.065  -5.001  -4.928  -4.844  -4.751  -4.644  -4.522  -4.385  -4.230  -4.055  -3.875  -3.692  -3.509  -3.346  -3.200  -3.068
   3.500  -4.848  -4.907  -4.964  -5.018  -5.069  -5.116  -5.160  -5.200  -5.235  -5.267  -5.293  -5.314  -5.331  -5.342  -5.350  -5.352  -5.351  -5.347  -5.341  -5.332  -5.321  -5.308  -5.294  -5.276  -5.255  -5.230  -5.199  -5.163  -5.117  -5.064  -5.002  -4.932  -4.853  -4.765  -4.669  -4.564  -4.450  -4.325  -4.185  -4.030  -3.867  -3.693  -3.515  -3.349  -3.194  -3.048
   3.525  -4.428  -4.499  -4.569  -4.636  -4.700  -4.763  -4.822  -4.879  -4.933  -4.984  -5.032  -5.074  -5.113  -5.149  -5.180  -5.204  -5.224  -5.240  -5.252  -5.260  -5.263  -5.256  -5.245  -5.230  -5.209  -5.180  -5.144  -5.096  -5.036  -4.965  -4.884  -4.792  -4.691  -4.585  -4.472  -4.354  -4.235  -4.112  -3.983  -3.849  -3.711  -3.566  -3.410  -3.259  -3.108  -2.960
   3.550  -3.982  -4.062  -4.141  -4.217  -4.291  -4.363  -4.433  -4.501  -4.567  -4.631  -4.693  -4.752  -4.809  -4.863  -4.914  -4.962  -5.006  -5.046  -5.081  -5.112  -5.135  -5.149  -5.156  -5.155  -5.141  -5.113  -5.073  -5.020  -4.952  -4.870  -4.775  -4.667  -4.549  -4.425  -4.294  -4.160  -4.024  -3.886  -3.750  -3.615  -3.480  -3.347  -3.214  -3.082  -2.949  -2.816
   3.575  -3.524  -3.610  -3.695  -3.779  -3.862  -3.943  -4.022  -4.099  -4.175  -4.249  -4.321  -4.391  -4.458  -4.523  -4.586  -4.646  -4.703  -4.755  -4.804  -4.848  -4.886  -4.919  -4.944  -4.958  -4.958  -4.945  -4.916  -4.874  -4.817  -4.745  -4.657  -4.555  -4.439  -4.314  -4.177  -4.034  -3.887  -3.736  -3.586  -3.438  -3.291  -3.148  -3.008  -2.869  -2.732  -2.596
   3.600  -3.067  -3.158  -3.247  -3.336  -3.425  -3.512  -3.598  -3.682  -3.764  -3.845  -3.924  -4.001  -4.076  -4.148  -4.218  -4.286  -4.351  -4.413  -4.470  -4.525  -4.573  -4.615  -4.651  -4.674  -4.688  -4.693  -4.683  -4.654  -4.610  -4.551  -4.476  -4.385  -4.279  -4.160  -4.026  -3.884  -3.734  -3.577  -3.419  -3.260  -3.102  -2.947  -2.794  -2.645  -2.500  -2.359
   3.625  -2.630  -2.723  -2.815  -2.907  -2.998  -3.089  -3.178  -3.266  -3.353  -3.439  -3.523  -3.606  -3.687  -3.766  -3.843  -3.918  -3.990  -4.059  -4.123  -4.183  -4.235  -4.283  -4.320  -4.340  -4.351  -4.357  -4.345  -4.313  -4.268  -4.209  -4.137  -4.053  -3.957  -3.852  -3.737  -3.614  -3.485  -3.350  -3.211  -3.068  -2.923  -2.775  -2.626  -2.477  -2.328  -2.179
   3.650  -2.216  -2.309  -2.402  -2.494  -2.586  -2.678  -2.769  -2.859  -2.949  -3.037  -3.125  -3.212  -3.297  -3.381  -3.463  -3.543  -3.620  -3.694  -3.762  -3.825  -3.879  -3.927  -3.963  -3.974  -3.979  -3.980  -3.962  -3.921  -3.871  -3.808  -3.737  -3.658  -3.571  -3.480  -3.384  -3.284  -3.179  -3.070  -2.955  -2.834  -2.707  -2.573  -2.433  -2.290  -2.143  -1.991
   3.675  -1.827  -1.919  -2.011  -2.104  -2.197  -2.289  -2.382  -2.473  -2.565  -2.655  -2.745  -2.834  -2.921  -3.007  -3.092  -3.174  -3.254  -3.331  -3.401  -3.467  -3.522  -3.570  -3.605  -3.612  -3.612  -3.608  -3.584  -3.537  -3.482  -3.416  -3.343  -3.265  -3.181  -3.094  -3.003  -2.910  -2.814  -2.714  -2.610  -2.502  -2.388  -2.269  -2.144  -2.016  -1.883  -1.746
   3.700  -1.483  -1.569  -1.657  -1.746  -1.836  -1.927  -2.018  -2.109  -2.200  -2.291  -2.381  -2.470  -2.559  -2.645  -2.730  -2.813  -2.894  -2.972  -3.043  -3.109  -3.165  -3.212  -3.245  -3.249  -3.245  -3.235  -3.206  -3.154  -3.096  -3.028  -2.953  -2.874  -2.790  -2.704  -2.614  -2.523  -2.430  -2.335  -2.237  -2.136  -2.033  -1.926  -1.816  -1.703  -1.586  -1.466
   3.725  -1.196  -1.271  -1.345  -1.423  -1.506  -1.591  -1.678  -1.767  -1.856  -1.946  -2.035  -2.124  -2.212  -2.299  -2.385  -2.468  -2.548  -2.626  -2.697  -2.762  -2.817  -2.862  -2.893  -2.896  -2.890  -2.877  -2.845  -2.793  -2.734  -2.665  -2.591  -2.512  -2.429  -2.344  -2.255  -2.165  -2.074  -1.980  -1.885  -1.787  -1.687  -1.585  -1.480  -1.372  -1.262  -1.148
   3.750  -0.995  -1.043  -1.098  -1.160  -1.229  -1.303  -1.380  -1.461  -1.543  -1.628  -1.713  -1.798  -1.884  -1.968  -2.052  -2.133  -2.211  -2.286  -2.354  -2.418  -2.470  -2.512  -2.540  -2.543  -2.536  -2.521  -2.488  -2.437  -2.379  -2.312  -2.239  -2.162  -2.080  -1.996  -1.908  -1.819  -1.728  -1.636  -1.541  -1.445  -1.346  -1.245  -1.142  -1.037  -0.929  -0.819
   3.775  -0.896  -0.914  -0.944  -0.981  -1.026  -1.078  -1.137  -1.203  -1.269  -1.341  -1.415  -1.492  -1.570  -1.648  -1.727  -1.803  -1.877  -1.947  -2.011  -2.070  -2.118  -2.156  -2.181  -2.184  -2.176  -2.161  -2.130  -2.081  -2.025  -1.960  -1.889  -1.814  -1.735  -1.653  -1.568  -1.481  -1.393  -1.303  -1.211  -1.117  -1.020  -0.922  -0.822  -0.719  -0.614  -0.506
   3.800  -0.860  -0.865  -0.874  -0.889  -0.907  -0.932  -0.965  -1.005  -1.051  -1.104  -1.162  -1.224  -1.289  -1.355  -1.423  -1.489  -1.554  -1.615  -1.671  -1.722  -1.763  -1.795  -1.816  -1.818  -1.810  -1.795  -1.765  -1.719  -1.667  -1.606  -1.539  -1.468  -1.392  -1.314  -1.232  -1.149  -1.064  -0.978  -0.889  -0.798  -0.705  -0.610  -0.512  -0.412  -0.309  -0.204
   3.825  -0.852  -0.852  -0.854  -0.856  -0.860  -0.866  -0.876  -0.889  -0.910  -0.937  -0.970  -1.009  -1.053  -1.096  -1.144  -1.192  -1.240  -1.287  -1.330  -1.369  -1.400  -1.422  -1.437  -1.439  -1.430  -1.413  -1.385  -1.344  -1.297  -1.242  -1.181  -1.116  -1.046  -0.973  -0.898  -0.820  -0.740  -0.658  -0.573  -0.487  -0.398  -0.307  -0.213  -0.116  -0.017   0.085
   3.850  -0.849  -0.848  -0.847  -0.845  -0.844  -0.843  -0.842  -0.842  -0.842  -0.845  -0.850  -0.859  -0.872  -0.889  -0.911  -0.934  -0.959  -0.985  -1.008  -1.030  -1.046  -1.055  -1.059  -1.058  -1.047  -1.027  -0.999  -0.964  -0.922  -0.874  -0.820  -0.762  -0.699  -0.633  -0.564  -0.492  -0.418  -0.341  -0.262  -0.181  -0.098  -0.012   0.077   0.169   0.265   0.363
   3.875  -0.850  -0.848  -0.847  -0.845  -0.843  -0.839  -0.835  -0.829  -0.820  -0.810  -0.797  -0.780  -0.765  -0.753  -0.743  -0.736  -0.732  -0.726  -0.720  -0.716  -0.709  -0.701  -0.691  -0.679  -0.661  -0.638  -0.610  -0.578  -0.541  -0.499  -0.452  -0.401  -0.346  -0.288  -0.227  -0.163  -0.096  -0.026   0.046   0.121   0.198   0.279   0.362   0.449   0.539   0.632
   3.900  -0.850  -0.849  -0.847  -0.845  -0.842  -0.838  -0.832  -0.824  -0.813  -0.798  -0.779  -0.753  -0.723  -0.688  -0.648  -0.607  -0.565  -0.523  -0.484  -0.448  -0.414  -0.383  -0.353  -0.323  -0.295  -0.265  -0.234  -0.201  -0.166  -0.129  -0.088  -0.044   0.004   0.055   0.108   0.164   0.223   0.286   0.351   0.419   0.490   0.564   0.641   0.722   0.806   0.894
   3.925  -0.847  -0.847  -0.846  -0.844  -0.842  -0.839  -0.834  -0.826  -0.815  -0.800  -0.780  -0.752  -0.715  -0.669  -0.612  -0.546  -0.471  -0.394  -0.322  -0.249  -0.183  -0.123  -0.064  -0.011   0.036   0.079   0.119   0.156   0.194   0.231   0.269   0.309   0.351   0.395   0.441   0.490   0.542   0.596   0.654   0.715   0.779   0.846   0.916   0.991   1.069   1.151
   3.950  -0.839  -0.842  -0.844  -0.844  -0.843  -0.840  -0.836  -0.828  -0.817  -0.803  -0.781  -0.751  -0.713  -0.662  -0.600  -0.526  -0.439  -0.342  -0.240  -0.132  -0.027   0.071   0.163   0.244   0.314   0.377   0.431   0.479   0.524   0.565   0.605   0.644   0.682   0.722   0.764   0.807   0.852   0.900   0.951   1.005   1.062   1.122   1.186   1.254   1.326   1.402
   3.975  -0.799  -0.810  -0.819  -0.827  -0.832  -0.833  -0.831  -0.825  -0.817  -0.805  -0.785  -0.757  -0.721  -0.670  -0.607  -0.531  -0.441  -0.337  -0.218  -0.086   0.050   0.187   0.317   0.428   0.526   0.611   0.685   0.751   0.811   0.861   0.908   0.951   0.990   1.030   1.069   1.108   1.150   1.193   1.238   1.286   1.337   1.391   1.449   1.510   1.576   1.647
   4.000  -0.745  -0.762  -0.778  -0.792  -0.805  -0.813  -0.816  -0.817  -0.816  -0.806  -0.788  -0.763  -0.729  -0.680  -0.618  -0.541  -0.446  -0.335  -0.211  -0.070   0.076   0.227   0.379   0.520   0.653   0.773   0.877   0.967   1.046   1.112   1.170   1.222   1.267   1.310   1.350   1.389   1.429   1.469   1.511   1.555   1.601   1.650   1.702   1.759   1.819   1.884
   4.025  -0.710  -0.720  -0.731  -0.742  -0.755  -0.766  -0.774  -0.783  -0.789  -0.786  -0.777  -0.758  -0.727  -0.683  -0.628  -0.556  -0.464  -0.354  -0.228  -0.086   0.064   0.221   0.378   0.541   0.705   0.861   1.000   1.121   1.221   1.303   1.380   1.446   1.502   1.554   1.599   1.642   1.683   1.723   1.765   1.806   1.850   1.896   1.944   1.997   2.053   2.113
   4.050  -0.689  -0.691  -0.695  -0.700  -0.707  -0.715  -0.726  -0.737  -0.744  -0.749  -0.750  -0.743  -0.721  -0.684  -0.634  -0.566  -0.480  -0.375  -0.254  -0.113   0.039   0.203   0.376   0.548   0.723   0.890   1.047   1.194   1.324   1.439   1.539   1.624   1.696   1.760   1.815   1.865   1.911   1.955   1.997   2.039   2.082   2.127   2.173   2.223   2.277   2.333
   4.075  -0.683  -0.684  -0.684  -0.686  -0.687  -0.690  -0.694  -0.699  -0.702  -0.704  -0.704  -0.699  -0.684  -0.655  -0.613  -0.555  -0.475  -0.380  -0.272  -0.142   0.002   0.163   0.343   0.518   0.698   0.874   1.042   1.205   1.367   1.518   1.649   1.752   1.842   1.924   1.993   2.055   2.110   2.159   2.206   2.250   2.295   2.340   2.386   2.435   2.487   2.541
   4.100  -0.680  -0.680  -0.679  -0.679  -0.678  -0.677  -0.676  -0.673  -0.670  -0.667  -0.660  -0.650  -0.635  -0.609  -0.576  -0.528  -0.463  -0.382  -0.281  -0.160  -0.023   0.130   0.298   0.472   0.656   0.841   1.026   1.209   1.381   1.545   1.695   1.828   1.946   2.048   2.135   2.212   2.279   2.337   2.392   2.441   2.489   2.537   2.584   2.634   2.685   2.738

