low temperature opacities from Ferguson, Alexander, et al (2005) with gs98 metals
    form     version        X           Z          logRs    logR_min    logR_max       logTs    logT_min    logT_max
       1          38    0.996000    0.004000          46   -8.000000    1.000000         105    2.700000    4.500000

   logT                       logR = logRho - 3*logT + 18
          -8.000  -7.800  -7.600  -7.400  -7.200  -7.000  -6.800  -6.600  -6.400  -6.200  -6.000  -5.800  -5.600  -5.400  -5.200  -5.000  -4.800  -4.600  -4.400  -4.200  -4.000  -3.800  -3.600  -3.400  -3.200  -3.000  -2.800  -2.600  -2.400  -2.200  -2.000  -1.800  -1.600  -1.400  -1.200  -1.000  -0.800  -0.600  -0.400  -0.200   0.000   0.200   0.400   0.600   0.800   1.000

   2.700  -0.863  -0.863  -0.863  -0.863  -0.863  -0.863  -0.855  -0.841  -0.842  -0.856  -0.865  -0.855  -0.840  -0.837  -0.837  -0.837  -0.837  -0.837  -0.837  -0.837  -0.837  -0.833  -0.827  -0.827  -0.833  -0.837  -0.836  -0.834  -0.836  -0.845  -0.851  -0.846  -0.838  -0.836  -0.835  -0.835  -0.832  -0.828  -0.823  -0.818  -0.813  -0.812  -0.811  -0.809  -0.803  -0.795
   2.750  -0.846  -0.846  -0.846  -0.846  -0.846  -0.846  -0.847  -0.848  -0.848  -0.847  -0.846  -0.846  -0.846  -0.846  -0.846  -0.846  -0.846  -0.846  -0.846  -0.846  -0.846  -0.846  -0.846  -0.846  -0.847  -0.847  -0.847  -0.846  -0.846  -0.846  -0.846  -0.845  -0.843  -0.842  -0.841  -0.839  -0.836  -0.831  -0.827  -0.821  -0.817  -0.815  -0.814  -0.811  -0.805  -0.797
   2.800  -0.853  -0.853  -0.854  -0.854  -0.855  -0.855  -0.855  -0.856  -0.856  -0.856  -0.856  -0.856  -0.857  -0.857  -0.857  -0.857  -0.857  -0.857  -0.857  -0.856  -0.855  -0.855  -0.855  -0.855  -0.855  -0.855  -0.855  -0.855  -0.855  -0.855  -0.855  -0.855  -0.855  -0.854  -0.850  -0.846  -0.842  -0.838  -0.833  -0.828  -0.824  -0.821  -0.819  -0.815  -0.809  -0.802
   2.850  -0.864  -0.863  -0.862  -0.862  -0.862  -0.862  -0.862  -0.862  -0.862  -0.862  -0.862  -0.862  -0.862  -0.862  -0.863  -0.863  -0.863  -0.862  -0.862  -0.862  -0.862  -0.862  -0.863  -0.863  -0.863  -0.863  -0.863  -0.864  -0.864  -0.864  -0.864  -0.862  -0.857  -0.854  -0.852  -0.849  -0.846  -0.843  -0.839  -0.835  -0.831  -0.828  -0.825  -0.820  -0.815  -0.808
   2.900  -0.903  -0.887  -0.874  -0.865  -0.860  -0.857  -0.855  -0.854  -0.852  -0.851  -0.851  -0.851  -0.851  -0.851  -0.849  -0.847  -0.846  -0.846  -0.846  -0.846  -0.846  -0.846  -0.845  -0.845  -0.846  -0.846  -0.846  -0.846  -0.846  -0.846  -0.847  -0.849  -0.851  -0.851  -0.850  -0.848  -0.846  -0.844  -0.842  -0.839  -0.836  -0.833  -0.829  -0.825  -0.820  -0.815
   2.910  -0.995  -0.954  -0.921  -0.896  -0.880  -0.868  -0.860  -0.855  -0.851  -0.849  -0.848  -0.847  -0.847  -0.847  -0.847  -0.846  -0.845  -0.844  -0.842  -0.841  -0.841  -0.841  -0.841  -0.841  -0.841  -0.841  -0.841  -0.841  -0.841  -0.841  -0.841  -0.841  -0.841  -0.842  -0.842  -0.843  -0.842  -0.841  -0.840  -0.839  -0.837  -0.834  -0.831  -0.828  -0.824  -0.819
   2.920  -1.137  -1.078  -1.027  -0.981  -0.942  -0.910  -0.887  -0.871  -0.860  -0.853  -0.849  -0.846  -0.844  -0.842  -0.841  -0.841  -0.841  -0.841  -0.841  -0.841  -0.841  -0.839  -0.837  -0.836  -0.835  -0.835  -0.835  -0.835  -0.835  -0.836  -0.836  -0.836  -0.836  -0.836  -0.836  -0.836  -0.836  -0.836  -0.836  -0.835  -0.834  -0.833  -0.831  -0.828  -0.825  -0.821
   2.930  -1.361  -1.264  -1.181  -1.111  -1.057  -1.010  -0.965  -0.926  -0.897  -0.877  -0.862  -0.852  -0.846  -0.842  -0.839  -0.837  -0.836  -0.836  -0.836  -0.835  -0.835  -0.835  -0.835  -0.835  -0.833  -0.831  -0.830  -0.830  -0.830  -0.830  -0.830  -0.830  -0.830  -0.830  -0.830  -0.830  -0.830  -0.830  -0.830  -0.830  -0.829  -0.829  -0.827  -0.826  -0.824  -0.821
   2.940  -1.368  -1.366  -1.362  -1.347  -1.295  -1.225  -1.140  -1.048  -0.982  -0.940  -0.908  -0.882  -0.864  -0.851  -0.843  -0.838  -0.834  -0.832  -0.830  -0.830  -0.829  -0.828  -0.828  -0.828  -0.828  -0.828  -0.827  -0.825  -0.824  -0.823  -0.823  -0.823  -0.823  -0.823  -0.823  -0.823  -0.823  -0.823  -0.823  -0.823  -0.823  -0.823  -0.822  -0.821  -0.820  -0.818
   2.950  -1.414  -1.393  -1.376  -1.366  -1.362  -1.355  -1.320  -1.256  -1.182  -1.089  -1.008  -0.956  -0.920  -0.890  -0.867  -0.851  -0.840  -0.834  -0.829  -0.826  -0.824  -0.823  -0.822  -0.822  -0.822  -0.822  -0.822  -0.821  -0.821  -0.819  -0.818  -0.817  -0.817  -0.817  -0.817  -0.817  -0.817  -0.816  -0.816  -0.816  -0.816  -0.816  -0.816  -0.815  -0.814  -0.813
   2.960  -1.690  -1.573  -1.484  -1.424  -1.394  -1.375  -1.365  -1.359  -1.330  -1.235  -1.140  -1.078  -1.027  -0.979  -0.934  -0.897  -0.870  -0.852  -0.838  -0.829  -0.824  -0.820  -0.818  -0.816  -0.816  -0.815  -0.814  -0.814  -0.814  -0.814  -0.814  -0.813  -0.812  -0.811  -0.810  -0.810  -0.810  -0.809  -0.809  -0.809  -0.809  -0.809  -0.809  -0.808  -0.808  -0.807
   2.970  -2.324  -2.145  -1.973  -1.802  -1.625  -1.492  -1.424  -1.389  -1.368  -1.357  -1.350  -1.346  -1.342  -1.307  -1.144  -0.994  -0.933  -0.901  -0.873  -0.851  -0.836  -0.825  -0.819  -0.814  -0.811  -0.809  -0.808  -0.807  -0.807  -0.806  -0.806  -0.805  -0.805  -0.804  -0.804  -0.803  -0.803  -0.802  -0.802  -0.802  -0.802  -0.802  -0.801  -0.801  -0.800  -0.799
   2.980  -2.410  -2.348  -2.311  -2.310  -2.333  -2.348  -2.094  -1.667  -1.494  -1.431  -1.394  -1.373  -1.362  -1.318  -1.216  -1.117  -1.053  -1.003  -0.955  -0.912  -0.877  -0.851  -0.833  -0.820  -0.812  -0.807  -0.804  -0.802  -0.800  -0.799  -0.798  -0.798  -0.798  -0.797  -0.797  -0.796  -0.795  -0.795  -0.795  -0.794  -0.794  -0.794  -0.794  -0.793  -0.792  -0.792
   2.990  -2.464  -2.446  -2.418  -2.375  -2.309  -2.274  -2.303  -2.347  -2.292  -1.933  -1.612  -1.493  -1.432  -1.390  -1.374  -1.346  -1.260  -1.146  -1.065  -1.009  -0.962  -0.917  -0.879  -0.850  -0.830  -0.815  -0.805  -0.800  -0.796  -0.793  -0.791  -0.790  -0.790  -0.789  -0.789  -0.789  -0.788  -0.787  -0.787  -0.787  -0.787  -0.786  -0.786  -0.785  -0.784  -0.784
   3.000  -2.451  -2.454  -2.456  -2.454  -2.441  -2.413  -2.347  -2.273  -2.265  -2.289  -2.304  -2.129  -1.808  -1.609  -1.497  -1.423  -1.388  -1.367  -1.303  -1.185  -1.078  -1.012  -0.964  -0.920  -0.879  -0.847  -0.825  -0.810  -0.799  -0.791  -0.787  -0.785  -0.783  -0.782  -0.782  -0.781  -0.780  -0.780  -0.779  -0.779  -0.778  -0.778  -0.777  -0.777  -0.776  -0.775
   3.010  -2.384  -2.450  -2.483  -2.476  -2.421  -2.385  -2.392  -2.402  -2.395  -2.340  -2.287  -2.267  -2.251  -2.185  -1.977  -1.764  -1.615  -1.493  -1.415  -1.387  -1.343  -1.236  -1.110  -1.022  -0.965  -0.919  -0.878  -0.845  -0.819  -0.802  -0.791  -0.784  -0.781  -0.778  -0.776  -0.775  -0.774  -0.772  -0.771  -0.771  -0.770  -0.770  -0.769  -0.768  -0.767  -0.767
   3.020  -2.208  -2.242  -2.286  -2.347  -2.435  -2.482  -2.452  -2.405  -2.394  -2.393  -2.391  -2.383  -2.364  -2.325  -2.260  -2.224  -2.238  -2.259  -2.188  -1.784  -1.468  -1.409  -1.376  -1.290  -1.151  -1.030  -0.961  -0.916  -0.875  -0.841  -0.815  -0.798  -0.788  -0.780  -0.776  -0.773  -0.770  -0.767  -0.765  -0.764  -0.763  -0.761  -0.761  -0.760  -0.759  -0.758
   3.030  -2.174  -2.174  -2.175  -2.179  -2.206  -2.248  -2.322  -2.396  -2.406  -2.387  -2.365  -2.344  -2.326  -2.324  -2.330  -2.334  -2.280  -2.198  -2.187  -2.214  -2.232  -1.996  -1.597  -1.440  -1.398  -1.341  -1.210  -1.061  -0.962  -0.908  -0.869  -0.837  -0.815  -0.798  -0.787  -0.779  -0.772  -0.767  -0.763  -0.759  -0.757  -0.755  -0.753  -0.752  -0.750  -0.749
   3.040  -2.168  -2.165  -2.162  -2.158  -2.153  -2.150  -2.159  -2.182  -2.222  -2.285  -2.324  -2.331  -2.335  -2.331  -2.312  -2.299  -2.305  -2.313  -2.300  -2.218  -2.166  -2.181  -2.205  -2.146  -1.796  -1.498  -1.419  -1.376  -1.270  -1.103  -0.966  -0.902  -0.869  -0.839  -0.818  -0.801  -0.787  -0.777  -0.768  -0.761  -0.756  -0.752  -0.748  -0.745  -0.743  -0.740
   3.050  -2.155  -2.155  -2.154  -2.152  -2.149  -2.145  -2.138  -2.132  -2.132  -2.140  -2.155  -2.198  -2.257  -2.292  -2.310  -2.316  -2.301  -2.278  -2.274  -2.275  -2.275  -2.261  -2.220  -2.158  -2.076  -1.961  -1.795  -1.602  -1.420  -1.238  -1.091  -1.008  -0.961  -0.919  -0.887  -0.860  -0.832  -0.808  -0.789  -0.775  -0.765  -0.757  -0.750  -0.744  -0.739  -0.734
   3.060  -2.155  -2.147  -2.141  -2.137  -2.136  -2.134  -2.131  -2.128  -2.123  -2.117  -2.113  -2.117  -2.130  -2.154  -2.193  -2.233  -2.271  -2.301  -2.301  -2.274  -2.246  -2.228  -2.213  -2.198  -2.183  -2.169  -2.161  -2.154  -2.091  -1.800  -1.508  -1.338  -1.211  -1.111  -1.045  -0.989  -0.930  -0.879  -0.840  -0.814  -0.793  -0.778  -0.766  -0.754  -0.742  -0.732
   3.070  -2.243  -2.200  -2.167  -2.144  -2.132  -2.125  -2.119  -2.117  -2.113  -2.111  -2.108  -2.104  -2.100  -2.099  -2.101  -2.104  -2.119  -2.147  -2.183  -2.233  -2.260  -2.248  -2.226  -2.210  -2.200  -2.188  -2.171  -2.154  -2.143  -2.138  -2.130  -1.969  -1.677  -1.475  -1.332  -1.211  -1.102  -1.012  -0.942  -0.893  -0.855  -0.826  -0.805  -0.783  -0.760  -0.738
   3.080  -3.440  -2.840  -2.418  -2.265  -2.205  -2.167  -2.137  -2.121  -2.108  -2.102  -2.097  -2.093  -2.091  -2.087  -2.084  -2.080  -2.076  -2.073  -2.075  -2.096  -2.127  -2.174  -2.220  -2.225  -2.205  -2.184  -2.171  -2.161  -2.150  -2.142  -2.126  -2.071  -1.970  -1.839  -1.668  -1.499  -1.350  -1.215  -1.107  -1.026  -0.962  -0.916  -0.881  -0.843  -0.802  -0.760
   3.090  -3.369  -3.369  -3.369  -3.310  -2.970  -2.623  -2.406  -2.246  -2.168  -2.132  -2.110  -2.093  -2.085  -2.078  -2.074  -2.071  -2.066  -2.062  -2.056  -2.049  -2.045  -2.054  -2.077  -2.112  -2.166  -2.196  -2.185  -2.165  -2.152  -2.143  -2.135  -2.127  -2.116  -2.076  -1.935  -1.770  -1.617  -1.461  -1.329  -1.214  -1.119  -1.053  -1.002  -0.942  -0.876  -0.807
   3.100  -3.304  -3.303  -3.302  -3.302  -3.302  -3.302  -3.302  -3.303  -3.202  -2.659  -2.249  -2.172  -2.132  -2.099  -2.080  -2.067  -2.058  -2.053  -2.049  -2.044  -2.040  -2.033  -2.026  -2.026  -2.036  -2.056  -2.096  -2.138  -2.142  -2.123  -2.105  -2.098  -2.092  -2.075  -2.029  -1.954  -1.838  -1.698  -1.565  -1.432  -1.315  -1.233  -1.166  -1.083  -0.989  -0.886
   3.110  -3.249  -3.245  -3.242  -3.240  -3.239  -3.238  -3.238  -3.238  -3.238  -3.238  -3.238  -3.006  -2.583  -2.331  -2.202  -2.129  -2.088  -2.066  -2.049  -2.039  -2.032  -2.026  -2.022  -2.016  -2.008  -2.004  -2.008  -2.020  -2.045  -2.092  -2.119  -2.109  -2.088  -2.070  -2.055  -2.026  -1.964  -1.872  -1.766  -1.638  -1.519  -1.433  -1.356  -1.255  -1.136  -1.001
   3.120  -3.201  -3.193  -3.187  -3.183  -3.180  -3.179  -3.178  -3.178  -3.178  -3.177  -3.177  -3.177  -3.177  -3.133  -2.872  -2.592  -2.384  -2.210  -2.119  -2.078  -2.051  -2.030  -2.019  -2.010  -2.004  -1.999  -1.991  -1.983  -1.983  -1.991  -2.002  -2.020  -2.037  -2.040  -2.036  -2.029  -2.009  -1.965  -1.895  -1.796  -1.697  -1.620  -1.544  -1.437  -1.305  -1.150
   3.130  -3.194  -3.165  -3.143  -3.133  -3.128  -3.125  -3.123  -3.121  -3.121  -3.120  -3.120  -3.120  -3.119  -3.119  -3.118  -3.118  -3.118  -3.118  -3.031  -2.562  -2.195  -2.112  -2.068  -2.033  -2.013  -1.999  -1.988  -1.981  -1.974  -1.965  -1.961  -1.973  -1.991  -1.998  -2.000  -2.001  -1.997  -1.984  -1.957  -1.894  -1.823  -1.766  -1.702  -1.603  -1.474  -1.318
   3.140  -3.282  -3.200  -3.138  -3.104  -3.086  -3.077  -3.071  -3.069  -3.068  -3.067  -3.067  -3.066  -3.065  -3.064  -3.063  -3.063  -3.063  -3.063  -3.063  -3.063  -3.062  -2.826  -2.411  -2.199  -2.109  -2.054  -2.014  -1.993  -1.976  -1.966  -1.960  -1.954  -1.951  -1.953  -1.963  -1.970  -1.971  -1.972  -1.967  -1.935  -1.893  -1.859  -1.814  -1.734  -1.624  -1.484
   3.150  -3.547  -3.365  -3.225  -3.129  -3.078  -3.050  -3.033  -3.024  -3.019  -3.015  -3.014  -3.014  -3.013  -3.013  -3.012  -3.011  -3.011  -3.010  -3.010  -3.009  -3.009  -3.009  -3.009  -2.952  -2.627  -2.315  -2.175  -2.098  -2.035  -1.995  -1.972  -1.956  -1.948  -1.948  -1.951  -1.954  -1.957  -1.959  -1.958  -1.944  -1.923  -1.906  -1.880  -1.827  -1.742  -1.630
   3.160  -3.948  -3.674  -3.450  -3.276  -3.155  -3.073  -3.023  -2.998  -2.982  -2.973  -2.968  -2.965  -2.963  -2.963  -2.962  -2.962  -2.962  -2.962  -2.962  -2.961  -2.960  -2.960  -2.959  -2.959  -2.958  -2.958  -2.958  -2.957  -2.869  -2.405  -2.077  -2.039  -2.019  -2.006  -1.999  -1.993  -1.984  -1.974  -1.964  -1.953  -1.941  -1.931  -1.920  -1.891  -1.831  -1.747
   3.170  -4.385  -4.091  -3.825  -3.586  -3.372  -3.200  -3.085  -3.014  -2.970  -2.947  -2.934  -2.925  -2.921  -2.918  -2.916  -2.915  -2.914  -2.913  -2.913  -2.913  -2.913  -2.913  -2.912  -2.912  -2.911  -2.911  -2.911  -2.910  -2.910  -2.910  -2.909  -2.740  -2.432  -2.252  -2.168  -2.112  -2.067  -2.039  -2.013  -1.990  -1.973  -1.966  -1.961  -1.945  -1.900  -1.836
   3.180  -4.778  -4.514  -4.250  -3.984  -3.708  -3.465  -3.275  -3.125  -3.019  -2.958  -2.922  -2.899  -2.887  -2.879  -2.875  -2.872  -2.870  -2.869  -2.869  -2.868  -2.868  -2.868  -2.868  -2.868  -2.867  -2.867  -2.867  -2.866  -2.866  -2.866  -2.865  -2.800  -2.669  -2.548  -2.423  -2.312  -2.231  -2.168  -2.114  -2.068  -2.040  -2.031  -2.027  -2.009  -1.969  -1.914
   3.190  -5.083  -4.875  -4.646  -4.395  -4.115  -3.844  -3.590  -3.358  -3.178  -3.048  -2.956  -2.901  -2.872  -2.853  -2.842  -2.836  -2.831  -2.829  -2.827  -2.827  -2.826  -2.825  -2.825  -2.825  -2.825  -2.825  -2.825  -2.824  -2.824  -2.823  -2.823  -2.823  -2.823  -2.800  -2.664  -2.520  -2.422  -2.336  -2.260  -2.191  -2.146  -2.131  -2.123  -2.098  -2.054  -1.996
   3.200  -5.289  -5.145  -4.968  -4.757  -4.507  -4.245  -3.971  -3.696  -3.458  -3.250  -3.084  -2.971  -2.900  -2.852  -2.826  -2.811  -2.801  -2.795  -2.791  -2.788  -2.787  -2.786  -2.786  -2.786  -2.785  -2.785  -2.785  -2.785  -2.785  -2.784  -2.784  -2.784  -2.784  -2.777  -2.733  -2.669  -2.590  -2.501  -2.418  -2.338  -2.279  -2.256  -2.243  -2.209  -2.158  -2.093
   3.210  -5.409  -5.321  -5.197  -5.037  -4.838  -4.613  -4.357  -4.083  -3.819  -3.556  -3.326  -3.144  -3.000  -2.898  -2.839  -2.804  -2.781  -2.770  -2.761  -2.756  -2.753  -2.751  -2.749  -2.749  -2.748  -2.748  -2.748  -2.747  -2.747  -2.747  -2.747  -2.747  -2.747  -2.746  -2.737  -2.720  -2.679  -2.615  -2.549  -2.473  -2.411  -2.383  -2.367  -2.328  -2.273  -2.204
   3.220  -5.470  -5.420  -5.340  -5.229  -5.087  -4.912  -4.696  -4.451  -4.194  -3.917  -3.654  -3.414  -3.199  -3.035  -2.921  -2.839  -2.787  -2.760  -2.741  -2.730  -2.724  -2.719  -2.717  -2.715  -2.714  -2.713  -2.712  -2.712  -2.712  -2.711  -2.711  -2.711  -2.711  -2.711  -2.711  -2.711  -2.698  -2.666  -2.624  -2.568  -2.518  -2.493  -2.474  -2.436  -2.383  -2.317
   3.230  -5.502  -5.473  -5.421  -5.347  -5.253  -5.128  -4.964  -4.766  -4.540  -4.280  -4.015  -3.749  -3.491  -3.271  -3.085  -2.938  -2.840  -2.780  -2.739  -2.717  -2.703  -2.693  -2.688  -2.684  -2.682  -2.681  -2.680  -2.679  -2.679  -2.678  -2.678  -2.678  -2.678  -2.678  -2.678  -2.678  -2.675  -2.666  -2.649  -2.616  -2.583  -2.564  -2.547  -2.515  -2.471  -2.416
   3.240  -5.517  -5.498  -5.464  -5.416  -5.356  -5.270  -5.154  -5.008  -4.825  -4.604  -4.362  -4.100  -3.828  -3.576  -3.334  -3.128  -2.973  -2.857  -2.774  -2.726  -2.697  -2.677  -2.667  -2.659  -2.655  -2.652  -2.650  -2.649  -2.647  -2.647  -2.646  -2.646  -2.646  -2.646  -2.646  -2.646  -2.645  -2.643  -2.639  -2.624  -2.607  -2.596  -2.583  -2.560  -2.528  -2.488
   3.250  -5.520  -5.509  -5.487  -5.456  -5.417  -5.359  -5.280  -5.177  -5.039  -4.867  -4.665  -4.428  -4.168  -3.909  -3.643  -3.399  -3.187  -3.006  -2.869  -2.778  -2.716  -2.677  -2.656  -2.641  -2.632  -2.627  -2.623  -2.620  -2.618  -2.617  -2.616  -2.616  -2.615  -2.615  -2.615  -2.615  -2.615  -2.614  -2.613  -2.608  -2.601  -2.596  -2.588  -2.574  -2.554  -2.529
   3.260  -5.506  -5.502  -5.491  -5.474  -5.450  -5.412  -5.359  -5.288  -5.189  -5.063  -4.905  -4.707  -4.480  -4.236  -3.970  -3.709  -3.460  -3.228  -3.041  -2.894  -2.783  -2.710  -2.667  -2.635  -2.618  -2.607  -2.599  -2.595  -2.591  -2.589  -2.588  -2.587  -2.587  -2.586  -2.586  -2.586  -2.585  -2.585  -2.584  -2.583  -2.580  -2.578  -2.574  -2.566  -2.555  -2.541
   3.270  -5.474  -5.475  -5.476  -5.474  -5.462  -5.438  -5.405  -5.359  -5.290  -5.200  -5.081  -4.927  -4.743  -4.529  -4.281  -4.025  -3.766  -3.509  -3.282  -3.080  -2.913  -2.794  -2.710  -2.650  -2.617  -2.597  -2.583  -2.575  -2.569  -2.565  -2.563  -2.561  -2.560  -2.559  -2.558  -2.558  -2.557  -2.556  -2.556  -2.555  -2.554  -2.552  -2.550  -2.546  -2.540  -2.533
   3.280  -5.422  -5.438  -5.448  -5.449  -5.446  -5.441  -5.427  -5.398  -5.352  -5.292  -5.206  -5.092  -4.950  -4.772  -4.558  -4.325  -4.072  -3.808  -3.559  -3.317  -3.105  -2.937  -2.803  -2.705  -2.645  -2.604  -2.576  -2.562  -2.550  -2.543  -2.539  -2.536  -2.534  -2.533  -2.532  -2.531  -2.530  -2.529  -2.528  -2.527  -2.526  -2.525  -2.523  -2.520  -2.517  -2.513
   3.290  -5.354  -5.377  -5.395  -5.408  -5.418  -5.421  -5.417  -5.405  -5.384  -5.348  -5.289  -5.208  -5.102  -4.963  -4.790  -4.590  -4.357  -4.102  -3.850  -3.592  -3.353  -3.142  -2.957  -2.813  -2.711  -2.636  -2.587  -2.559  -2.539  -2.527  -2.520  -2.514  -2.511  -2.509  -2.507  -2.505  -2.504  -2.503  -2.501  -2.500  -2.498  -2.497  -2.495  -2.493  -2.491  -2.488
   3.300  -5.277  -5.305  -5.329  -5.350  -5.370  -5.381  -5.385  -5.388  -5.386  -5.368  -5.333  -5.281  -5.208  -5.104  -4.972  -4.808  -4.606  -4.377  -4.135  -3.876  -3.623  -3.383  -3.158  -2.972  -2.822  -2.705  -2.626  -2.577  -2.540  -2.519  -2.506  -2.496  -2.491  -2.486  -2.483  -2.481  -2.479  -2.477  -2.475  -2.473  -2.472  -2.470  -2.468  -2.466  -2.463  -2.460
   3.310  -5.194  -5.225  -5.254  -5.280  -5.304  -5.324  -5.342  -5.355  -5.356  -5.352  -5.344  -5.322  -5.274  -5.202  -5.106  -4.979  -4.815  -4.620  -4.400  -4.151  -3.897  -3.645  -3.398  -3.181  -2.987  -2.827  -2.709  -2.624  -2.561  -2.524  -2.500  -2.483  -2.473  -2.465  -2.461  -2.457  -2.454  -2.451  -2.449  -2.447  -2.445  -2.443  -2.441  -2.439  -2.436  -2.433
   3.320  -5.111  -5.143  -5.173  -5.202  -5.230  -5.256  -5.279  -5.299  -5.314  -5.323  -5.327  -5.319  -5.297  -5.258  -5.195  -5.102  -4.977  -4.822  -4.632  -4.406  -4.165  -3.913  -3.656  -3.418  -3.190  -2.992  -2.832  -2.703  -2.608  -2.549  -2.508  -2.479  -2.463  -2.450  -2.441  -2.435  -2.430  -2.427  -2.424  -2.421  -2.419  -2.417  -2.414  -2.412  -2.408  -2.405
   3.330  -5.033  -5.063  -5.093  -5.123  -5.153  -5.182  -5.209  -5.234  -5.256  -5.277  -5.286  -5.286  -5.285  -5.279  -5.244  -5.181  -5.093  -4.976  -4.822  -4.630  -4.415  -4.174  -3.916  -3.667  -3.420  -3.194  -2.998  -2.830  -2.699  -2.605  -2.536  -2.489  -2.462  -2.440  -2.426  -2.417  -2.409  -2.404  -2.400  -2.396  -2.393  -2.390  -2.387  -2.383  -2.380  -2.377
   3.340  -4.963  -4.989  -5.017  -5.045  -5.075  -5.105  -5.134  -5.162  -5.188  -5.211  -5.231  -5.246  -5.257  -5.256  -5.243  -5.217  -5.167  -5.083  -4.966  -4.816  -4.634  -4.414  -4.169  -3.922  -3.666  -3.422  -3.198  -2.994  -2.826  -2.693  -2.590  -2.518  -2.472  -2.437  -2.416  -2.402  -2.391  -2.383  -2.377  -2.372  -2.367  -2.363  -2.359  -2.355  -2.351  -2.348
   3.350  -4.900  -4.923  -4.947  -4.973  -5.001  -5.029  -5.058  -5.087  -5.115  -5.142  -5.166  -5.190  -5.209  -5.214  -5.215  -5.215  -5.197  -5.145  -5.064  -4.954  -4.809  -4.623  -4.404  -4.170  -3.913  -3.659  -3.416  -3.186  -2.987  -2.816  -2.677  -2.576  -2.504  -2.450  -2.417  -2.394  -2.376  -2.364  -2.354  -2.347  -2.341  -2.335  -2.330  -2.326  -2.321  -2.316
   3.360  -4.844  -4.864  -4.886  -4.909  -4.933  -4.959  -4.986  -5.014  -5.042  -5.070  -5.097  -5.122  -5.145  -5.164  -5.179  -5.186  -5.179  -5.158  -5.121  -5.047  -4.938  -4.792  -4.611  -4.400  -4.154  -3.901  -3.649  -3.400  -3.177  -2.974  -2.801  -2.665  -2.560  -2.481  -2.430  -2.393  -2.366  -2.349  -2.335  -2.324  -2.315  -2.307  -2.301  -2.295  -2.289  -2.283
   3.370  -4.794  -4.811  -4.830  -4.850  -4.871  -4.894  -4.919  -4.945  -4.971  -4.999  -5.026  -5.053  -5.079  -5.103  -5.127  -5.139  -5.140  -5.140  -5.135  -5.093  -5.018  -4.912  -4.773  -4.595  -4.375  -4.137  -3.885  -3.626  -3.385  -3.155  -2.952  -2.782  -2.641  -2.533  -2.459  -2.405  -2.365  -2.339  -2.318  -2.303  -2.291  -2.280  -2.271  -2.263  -2.255  -2.248
   3.380  -4.751  -4.765  -4.781  -4.798  -4.817  -4.837  -4.858  -4.881  -4.905  -4.931  -4.957  -4.984  -5.010  -5.036  -5.060  -5.081  -5.097  -5.108  -5.108  -5.090  -5.055  -4.991  -4.888  -4.746  -4.564  -4.354  -4.113  -3.853  -3.602  -3.353  -3.125  -2.927  -2.755  -2.617  -2.513  -2.433  -2.376  -2.338  -2.306  -2.284  -2.267  -2.252  -2.241  -2.229  -2.219  -2.210
   3.390  -4.718  -4.727  -4.738  -4.751  -4.767  -4.784  -4.803  -4.823  -4.845  -4.867  -4.891  -4.916  -4.942  -4.968  -4.994  -5.017  -5.041  -5.059  -5.062  -5.059  -5.054  -5.025  -4.954  -4.849  -4.709  -4.534  -4.317  -4.071  -3.822  -3.563  -3.317  -3.094  -2.892  -2.723  -2.586  -2.477  -2.398  -2.343  -2.299  -2.269  -2.246  -2.226  -2.210  -2.196  -2.182  -2.170
   3.400  -4.693  -4.697  -4.703  -4.712  -4.724  -4.738  -4.754  -4.771  -4.790  -4.810  -4.831  -4.854  -4.877  -4.901  -4.927  -4.951  -4.975  -4.997  -5.012  -5.022  -5.025  -5.012  -4.974  -4.908  -4.807  -4.668  -4.484  -4.266  -4.030  -3.771  -3.515  -3.273  -3.045  -2.849  -2.682  -2.544  -2.440  -2.364  -2.303  -2.261  -2.228  -2.201  -2.180  -2.160  -2.143  -2.128
   3.410  -4.675  -4.676  -4.678  -4.682  -4.689  -4.698  -4.710  -4.724  -4.740  -4.757  -4.776  -4.796  -4.817  -4.839  -4.863  -4.886  -4.910  -4.932  -4.952  -4.970  -4.978  -4.973  -4.958  -4.928  -4.860  -4.754  -4.608  -4.426  -4.213  -3.964  -3.709  -3.458  -3.212  -2.994  -2.799  -2.633  -2.501  -2.398  -2.316  -2.258  -2.213  -2.177  -2.151  -2.126  -2.104  -2.085
   3.420  -4.662  -4.661  -4.660  -4.660  -4.663  -4.667  -4.674  -4.684  -4.696  -4.710  -4.726  -4.743  -4.762  -4.782  -4.802  -4.823  -4.845  -4.867  -4.888  -4.910  -4.920  -4.920  -4.918  -4.911  -4.870  -4.794  -4.685  -4.541  -4.357  -4.131  -3.889  -3.637  -3.381  -3.147  -2.928  -2.736  -2.576  -2.444  -2.339  -2.264  -2.205  -2.158  -2.122  -2.090  -2.062  -2.040
   3.430  -4.653  -4.649  -4.647  -4.646  -4.645  -4.645  -4.647  -4.652  -4.659  -4.669  -4.681  -4.695  -4.712  -4.729  -4.746  -4.765  -4.785  -4.805  -4.823  -4.842  -4.856  -4.864  -4.868  -4.866  -4.842  -4.793  -4.717  -4.607  -4.456  -4.262  -4.044  -3.801  -3.544  -3.300  -3.063  -2.849  -2.666  -2.509  -2.381  -2.283  -2.204  -2.143  -2.097  -2.056  -2.021  -1.993
   3.440  -4.645  -4.641  -4.638  -4.634  -4.631  -4.629  -4.629  -4.629  -4.630  -4.636  -4.644  -4.654  -4.666  -4.680  -4.695  -4.711  -4.728  -4.746  -4.762  -4.779  -4.792  -4.802  -4.807  -4.806  -4.791  -4.761  -4.710  -4.627  -4.507  -4.349  -4.161  -3.937  -3.689  -3.446  -3.199  -2.970  -2.766  -2.585  -2.433  -2.310  -2.210  -2.132  -2.073  -2.021  -1.979  -1.947
   3.450  -4.636  -4.633  -4.630  -4.626  -4.622  -4.618  -4.614  -4.611  -4.611  -4.612  -4.614  -4.619  -4.627  -4.637  -4.649  -4.662  -4.676  -4.690  -4.704  -4.718  -4.729  -4.737  -4.741  -4.741  -4.729  -4.706  -4.668  -4.607  -4.513  -4.389  -4.232  -4.034  -3.808  -3.575  -3.327  -3.089  -2.870  -2.667  -2.493  -2.346  -2.224  -2.129  -2.056  -1.992  -1.940  -1.900
   3.460  -4.622  -4.622  -4.620  -4.618  -4.613  -4.609  -4.605  -4.601  -4.597  -4.594  -4.593  -4.594  -4.597  -4.602  -4.609  -4.618  -4.629  -4.641  -4.651  -4.662  -4.669  -4.672  -4.674  -4.673  -4.661  -4.638  -4.605  -4.556  -4.482  -4.384  -4.256  -4.089  -3.893  -3.677  -3.437  -3.199  -2.970  -2.751  -2.560  -2.393  -2.251  -2.136  -2.044  -1.965  -1.902  -1.854
   3.470  -4.600  -4.604  -4.606  -4.606  -4.604  -4.601  -4.597  -4.592  -4.588  -4.583  -4.579  -4.576  -4.574  -4.574  -4.577  -4.581  -4.588  -4.595  -4.603  -4.610  -4.613  -4.612  -4.610  -4.606  -4.590  -4.564  -4.531  -4.486  -4.422  -4.341  -4.234  -4.097  -3.932  -3.742  -3.521  -3.293  -3.064  -2.837  -2.633  -2.447  -2.284  -2.149  -2.038  -1.944  -1.868  -1.810
   3.480  -4.562  -4.573  -4.582  -4.585  -4.587  -4.588  -4.586  -4.583  -4.579  -4.574  -4.569  -4.564  -4.559  -4.555  -4.553  -4.552  -4.553  -4.556  -4.558  -4.561  -4.562  -4.560  -4.552  -4.540  -4.519  -4.490  -4.453  -4.405  -4.344  -4.270  -4.177  -4.062  -3.924  -3.760  -3.567  -3.360  -3.140  -2.912  -2.702  -2.501  -2.322  -2.170  -2.040  -1.929  -1.839  -1.770
   3.490  -4.501  -4.523  -4.541  -4.554  -4.564  -4.568  -4.569  -4.569  -4.568  -4.565  -4.560  -4.554  -4.548  -4.542  -4.537  -4.532  -4.528  -4.525  -4.522  -4.520  -4.516  -4.509  -4.498  -4.479  -4.453  -4.418  -4.374  -4.322  -4.258  -4.184  -4.096  -3.993  -3.874  -3.732  -3.569  -3.388  -3.186  -2.971  -2.762  -2.554  -2.363  -2.196  -2.049  -1.923  -1.818  -1.735
   3.500  -4.412  -4.447  -4.477  -4.501  -4.520  -4.534  -4.544  -4.550  -4.551  -4.550  -4.549  -4.545  -4.539  -4.533  -4.526  -4.518  -4.510  -4.502  -4.494  -4.487  -4.477  -4.464  -4.446  -4.422  -4.391  -4.351  -4.301  -4.241  -4.171  -4.093  -4.004  -3.905  -3.794  -3.668  -3.528  -3.371  -3.193  -3.000  -2.804  -2.598  -2.402  -2.224  -2.061  -1.921  -1.802  -1.704
   3.525  -4.090  -4.149  -4.203  -4.252  -4.296  -4.336  -4.372  -4.403  -4.426  -4.448  -4.467  -4.482  -4.487  -4.489  -4.489  -4.485  -4.478  -4.470  -4.461  -4.449  -4.430  -4.403  -4.369  -4.325  -4.274  -4.214  -4.142  -4.060  -3.972  -3.876  -3.774  -3.667  -3.554  -3.437  -3.315  -3.185  -3.049  -2.886  -2.719  -2.546  -2.371  -2.202  -2.044  -1.900  -1.767  -1.647
   3.550  -3.692  -3.766  -3.837  -3.905  -3.970  -4.033  -4.092  -4.148  -4.201  -4.249  -4.293  -4.331  -4.364  -4.391  -4.413  -4.424  -4.426  -4.427  -4.425  -4.410  -4.384  -4.351  -4.309  -4.254  -4.186  -4.108  -4.018  -3.918  -3.810  -3.694  -3.573  -3.448  -3.319  -3.191  -3.061  -2.932  -2.804  -2.676  -2.546  -2.414  -2.279  -2.137  -1.991  -1.847  -1.704  -1.561
   3.575  -3.262  -3.345  -3.426  -3.506  -3.583  -3.659  -3.732  -3.802  -3.869  -3.933  -3.993  -4.049  -4.106  -4.156  -4.201  -4.235  -4.260  -4.282  -4.298  -4.300  -4.289  -4.269  -4.239  -4.193  -4.128  -4.048  -3.954  -3.847  -3.723  -3.587  -3.446  -3.301  -3.154  -3.009  -2.866  -2.726  -2.589  -2.456  -2.323  -2.192  -2.065  -1.936  -1.802  -1.666  -1.526  -1.385
   3.600  -2.816  -2.905  -2.992  -3.078  -3.162  -3.245  -3.326  -3.405  -3.482  -3.557  -3.630  -3.700  -3.768  -3.831  -3.892  -3.947  -3.998  -4.044  -4.081  -4.113  -4.127  -4.124  -4.114  -4.094  -4.042  -3.966  -3.871  -3.756  -3.627  -3.482  -3.329  -3.173  -3.012  -2.854  -2.697  -2.542  -2.390  -2.241  -2.095  -1.953  -1.813  -1.677  -1.545  -1.416  -1.292  -1.172
   3.625  -2.386  -2.478  -2.568  -2.658  -2.747  -2.834  -2.920  -3.005  -3.089  -3.171  -3.252  -3.330  -3.407  -3.480  -3.550  -3.615  -3.676  -3.732  -3.778  -3.820  -3.841  -3.845  -3.845  -3.841  -3.801  -3.738  -3.655  -3.554  -3.443  -3.317  -3.182  -3.040  -2.890  -2.737  -2.580  -2.421  -2.261  -2.101  -1.943  -1.788  -1.636  -1.488  -1.345  -1.207  -1.074  -0.946
   3.650  -1.972  -2.064  -2.156  -2.248  -2.338  -2.428  -2.517  -2.605  -2.693  -2.779  -2.864  -2.947  -3.029  -3.107  -3.182  -3.253  -3.319  -3.379  -3.430  -3.475  -3.499  -3.505  -3.508  -3.503  -3.470  -3.419  -3.356  -3.280  -3.191  -3.091  -2.980  -2.859  -2.728  -2.589  -2.440  -2.286  -2.127  -1.963  -1.801  -1.638  -1.477  -1.318  -1.163  -1.013  -0.867  -0.727
   3.675  -1.581  -1.674  -1.767  -1.859  -1.951  -2.043  -2.134  -2.224  -2.313  -2.402  -2.490  -2.575  -2.659  -2.740  -2.819  -2.893  -2.962  -3.025  -3.078  -3.125  -3.148  -3.151  -3.152  -3.146  -3.111  -3.059  -2.999  -2.927  -2.846  -2.756  -2.659  -2.554  -2.442  -2.322  -2.195  -2.063  -1.924  -1.781  -1.634  -1.483  -1.329  -1.174  -1.018  -0.863  -0.711  -0.560
   3.700  -1.225  -1.315  -1.405  -1.495  -1.587  -1.678  -1.769  -1.859  -1.949  -2.038  -2.126  -2.212  -2.297  -2.379  -2.459  -2.534  -2.604  -2.668  -2.721  -2.767  -2.788  -2.787  -2.784  -2.774  -2.733  -2.678  -2.616  -2.544  -2.466  -2.382  -2.293  -2.201  -2.104  -2.003  -1.899  -1.789  -1.674  -1.554  -1.428  -1.294  -1.155  -1.009  -0.859  -0.707  -0.554  -0.398
   3.725  -0.909  -0.989  -1.072  -1.157  -1.245  -1.334  -1.423  -1.512  -1.602  -1.691  -1.778  -1.865  -1.950  -2.032  -2.113  -2.188  -2.258  -2.320  -2.372  -2.417  -2.436  -2.434  -2.429  -2.416  -2.374  -2.318  -2.256  -2.186  -2.110  -2.028  -1.942  -1.854  -1.762  -1.668  -1.571  -1.470  -1.365  -1.256  -1.142  -1.022  -0.898  -0.767  -0.632  -0.493  -0.352  -0.207
   3.750  -0.656  -0.721  -0.791  -0.865  -0.944  -1.025  -1.108  -1.193  -1.277  -1.363  -1.448  -1.532  -1.616  -1.696  -1.774  -1.847  -1.914  -1.975  -2.024  -2.064  -2.082  -2.080  -2.073  -2.058  -2.016  -1.961  -1.900  -1.831  -1.756  -1.675  -1.591  -1.504  -1.415  -1.323  -1.228  -1.131  -1.032  -0.930  -0.825  -0.717  -0.605  -0.489  -0.370  -0.247  -0.120   0.010
   3.775  -0.495  -0.534  -0.580  -0.634  -0.696  -0.761  -0.829  -0.902  -0.977  -1.054  -1.132  -1.210  -1.289  -1.364  -1.438  -1.506  -1.569  -1.625  -1.670  -1.706  -1.722  -1.720  -1.712  -1.696  -1.656  -1.604  -1.545  -1.478  -1.406  -1.328  -1.247  -1.163  -1.077  -0.988  -0.897  -0.804  -0.709  -0.612  -0.513  -0.410  -0.305  -0.196  -0.084   0.031   0.150   0.271
   3.800  -0.419  -0.433  -0.453  -0.481  -0.516  -0.557  -0.606  -0.660  -0.719  -0.782  -0.847  -0.914  -0.981  -1.047  -1.111  -1.171  -1.226  -1.274  -1.312  -1.343  -1.356  -1.353  -1.344  -1.327  -1.290  -1.242  -1.187  -1.123  -1.055  -0.982  -0.905  -0.825  -0.742  -0.657  -0.570  -0.481  -0.390  -0.297  -0.201  -0.102  -0.001   0.104   0.211   0.321   0.434   0.549
   3.825  -0.395  -0.397  -0.401  -0.409  -0.418  -0.434  -0.457  -0.486  -0.519  -0.561  -0.604  -0.649  -0.697  -0.744  -0.793  -0.839  -0.881  -0.918  -0.946  -0.967  -0.977  -0.974  -0.963  -0.944  -0.911  -0.869  -0.819  -0.762  -0.700  -0.632  -0.561  -0.487  -0.410  -0.330  -0.248  -0.164  -0.078   0.011   0.102   0.196   0.293   0.392   0.495   0.601   0.709   0.820
   3.850  -0.387  -0.385  -0.384  -0.382  -0.381  -0.381  -0.382  -0.385  -0.390  -0.400  -0.415  -0.434  -0.456  -0.480  -0.507  -0.532  -0.555  -0.574  -0.588  -0.596  -0.599  -0.594  -0.579  -0.557  -0.527  -0.490  -0.446  -0.396  -0.341  -0.280  -0.216  -0.149  -0.078  -0.005   0.071   0.149   0.230   0.313   0.399   0.488   0.580   0.675   0.774   0.875   0.980   1.087
   3.875  -0.388  -0.385  -0.382  -0.378  -0.372  -0.364  -0.355  -0.344  -0.329  -0.313  -0.299  -0.289  -0.280  -0.274  -0.271  -0.265  -0.259  -0.254  -0.247  -0.238  -0.227  -0.213  -0.193  -0.168  -0.139  -0.106  -0.067  -0.023   0.025   0.077   0.133   0.193   0.255   0.321   0.390   0.461   0.535   0.612   0.692   0.775   0.861   0.951   1.044   1.141   1.241   1.343
   3.900  -0.389  -0.386  -0.382  -0.376  -0.369  -0.359  -0.346  -0.330  -0.309  -0.282  -0.251  -0.215  -0.175  -0.135  -0.093  -0.052  -0.014   0.022   0.055   0.086   0.116   0.146   0.175   0.205   0.237   0.270   0.306   0.345   0.387   0.433   0.481   0.533   0.587   0.645   0.707   0.771   0.838   0.907   0.980   1.056   1.136   1.220   1.309   1.400   1.494   1.592
   3.925  -0.391  -0.388  -0.384  -0.378  -0.371  -0.362  -0.349  -0.332  -0.309  -0.279  -0.240  -0.190  -0.131  -0.063   0.014   0.087   0.159   0.231   0.294   0.354   0.412   0.463   0.509   0.552   0.590   0.628   0.666   0.703   0.743   0.783   0.825   0.871   0.918   0.969   1.022   1.078   1.137   1.199   1.265   1.335   1.408   1.485   1.567   1.652   1.741   1.834
   3.950  -0.392  -0.390  -0.386  -0.381  -0.375  -0.366  -0.353  -0.336  -0.310  -0.278  -0.236  -0.182  -0.117  -0.040   0.051   0.148   0.252   0.360   0.462   0.559   0.648   0.725   0.794   0.854   0.907   0.954   0.998   1.038   1.078   1.117   1.156   1.197   1.239   1.283   1.330   1.379   1.431   1.486   1.545   1.607   1.674   1.745   1.819   1.898   1.981   2.069
   3.975  -0.392  -0.390  -0.387  -0.383  -0.378  -0.370  -0.357  -0.341  -0.316  -0.285  -0.243  -0.189  -0.123  -0.042   0.050   0.159   0.283   0.418   0.553   0.688   0.812   0.918   1.013   1.093   1.167   1.231   1.288   1.337   1.383   1.424   1.464   1.504   1.543   1.584   1.626   1.670   1.716   1.765   1.818   1.874   1.934   1.998   2.066   2.139   2.216   2.298
   4.000  -0.392  -0.391  -0.388  -0.384  -0.380  -0.372  -0.361  -0.346  -0.324  -0.295  -0.255  -0.201  -0.135  -0.051   0.049   0.163   0.294   0.437   0.583   0.736   0.884   1.023   1.153   1.267   1.367   1.454   1.528   1.592   1.649   1.698   1.743   1.785   1.824   1.864   1.904   1.945   1.988   2.032   2.080   2.131   2.185   2.244   2.306   2.373   2.444   2.520
   4.025  -0.391  -0.390  -0.387  -0.384  -0.380  -0.373  -0.364  -0.351  -0.330  -0.303  -0.265  -0.214  -0.150  -0.068   0.033   0.147   0.278   0.423   0.574   0.732   0.891   1.056   1.218   1.368   1.502   1.616   1.709   1.789   1.863   1.926   1.981   2.031   2.075   2.117   2.158   2.199   2.241   2.283   2.328   2.375   2.425   2.479   2.536   2.598   2.665   2.736
   4.050  -0.389  -0.388  -0.386  -0.383  -0.379  -0.373  -0.365  -0.354  -0.335  -0.310  -0.275  -0.227  -0.166  -0.088   0.007   0.119   0.249   0.395   0.552   0.721   0.893   1.067   1.239   1.402   1.557   1.698   1.822   1.932   2.028   2.109   2.179   2.240   2.293   2.342   2.388   2.431   2.473   2.515   2.559   2.605   2.653   2.703   2.757   2.815   2.877   2.944
   4.075  -0.386  -0.385  -0.384  -0.381  -0.378  -0.372  -0.365  -0.354  -0.338  -0.316  -0.282  -0.238  -0.181  -0.107  -0.017   0.091   0.217   0.360   0.515   0.686   0.863   1.040   1.219   1.391   1.554   1.718   1.876   2.022   2.143   2.242   2.330   2.408   2.474   2.534   2.587   2.636   2.683   2.727   2.772   2.818   2.865   2.914   2.966   3.021   3.080   3.143
   4.100  -0.383  -0.382  -0.380  -0.378  -0.375  -0.370  -0.364  -0.354  -0.339  -0.318  -0.288  -0.247  -0.195  -0.125  -0.040   0.062   0.183   0.320   0.471   0.636   0.810   0.991   1.178   1.362   1.547   1.725   1.894   2.054   2.198   2.326   2.440   2.537   2.621   2.695   2.758   2.816   2.869   2.919   2.967   3.015   3.063   3.112   3.163   3.218   3.275   3.335
   4.125  -0.379  -0.378  -0.376  -0.374  -0.371  -0.366  -0.360  -0.352  -0.337  -0.318  -0.292  -0.254  -0.205  -0.140  -0.061   0.036   0.150   0.282   0.427   0.589   0.760   0.940   1.128   1.316   1.511   1.699   1.878   2.049   2.209   2.370   2.514   2.629   2.731   2.823   2.901   2.971   3.033   3.089   3.143   3.195   3.246   3.297   3.348   3.403   3.460   3.519
   4.150  -0.377  -0.375  -0.372  -0.370  -0.367  -0.362  -0.356  -0.348  -0.335  -0.318  -0.293  -0.258  -0.213  -0.153  -0.079   0.012   0.120   0.245   0.385   0.542   0.709   0.887   1.074   1.263   1.457   1.651   1.844   2.033   2.213   2.385   2.543   2.684   2.810   2.921   3.017   3.101   3.175   3.241   3.303   3.360   3.415   3.469   3.522   3.578   3.637   3.697
   4.175  -0.377  -0.375  -0.371  -0.367  -0.363  -0.358  -0.352  -0.344  -0.331  -0.316  -0.292  -0.259  -0.219  -0.162  -0.093  -0.008   0.095   0.213   0.348   0.500   0.663   0.839   1.025   1.214   1.408   1.603   1.801   2.000   2.193   2.375   2.544   2.712   2.863   2.992   3.106   3.208   3.297   3.375   3.446   3.511   3.572   3.630   3.688   3.747   3.807   3.869
   4.200  -0.378  -0.374  -0.370  -0.366  -0.361  -0.355  -0.348  -0.340  -0.327  -0.312  -0.290  -0.260  -0.221  -0.168  -0.103  -0.023   0.074   0.186   0.316   0.463   0.623   0.796   0.980   1.167   1.359   1.555   1.756   1.959   2.158   2.355   2.544   2.722   2.889   3.039   3.174   3.294   3.399   3.491   3.574   3.648   3.716   3.781   3.844   3.907   3.970   4.034
   4.225  -0.379  -0.376  -0.371  -0.367  -0.361  -0.354  -0.347  -0.338  -0.325  -0.310  -0.288  -0.259  -0.220  -0.170  -0.109  -0.034   0.058   0.165   0.290   0.434   0.590   0.760   0.940   1.125   1.316   1.513   1.715   1.922   2.126   2.331   2.531   2.718   2.900   3.068   3.222   3.361   3.483   3.590   3.687   3.771   3.849   3.922   3.991   4.059   4.127   4.193
   4.250  -0.380  -0.377  -0.372  -0.367  -0.361  -0.354  -0.346  -0.336  -0.323  -0.308  -0.286  -0.257  -0.220  -0.172  -0.113  -0.041   0.046   0.149   0.270   0.410   0.564   0.730   0.906   1.089   1.280   1.476   1.680   1.888   2.096   2.304   2.509   2.709   2.904   3.085   3.256   3.412   3.551   3.675   3.786   3.883   3.972   4.054   4.130   4.204   4.276   4.346
   4.275  -0.380  -0.377  -0.372  -0.367  -0.361  -0.353  -0.345  -0.334  -0.321  -0.306  -0.285  -0.256  -0.221  -0.174  -0.118  -0.047   0.038   0.138   0.256   0.392   0.542   0.704   0.878   1.059   1.250   1.447   1.651   1.861   2.070   2.282   2.492   2.699   2.902   3.096   3.280   3.451   3.606   3.746   3.872   3.984   4.085   4.176   4.260   4.341   4.418   4.492
   4.300  -0.380  -0.376  -0.372  -0.366  -0.360  -0.352  -0.343  -0.332  -0.319  -0.304  -0.283  -0.256  -0.221  -0.176  -0.120  -0.051   0.032   0.130   0.245   0.379   0.526   0.685   0.856   1.037   1.228   1.426   1.630   1.840   2.051   2.265   2.478   2.690   2.900   3.102   3.298   3.482   3.651   3.808   3.948   4.073   4.187   4.289   4.382   4.469   4.551   4.627
   4.325  -0.379  -0.376  -0.372  -0.366  -0.359  -0.350  -0.341  -0.329  -0.315  -0.300  -0.279  -0.253  -0.220  -0.175  -0.120  -0.054   0.027   0.123   0.237   0.369   0.515   0.672   0.841   1.021   1.213   1.412   1.617   1.827   2.039   2.255   2.470   2.687   2.901   3.109   3.314   3.509   3.690   3.860   4.014   4.153   4.278   4.391   4.493   4.586   4.670   4.745
   4.350  -0.379  -0.376  -0.372  -0.366  -0.358  -0.349  -0.338  -0.326  -0.312  -0.295  -0.274  -0.248  -0.215  -0.172  -0.120  -0.055   0.025   0.120   0.233   0.365   0.510   0.666   0.835   1.015   1.207   1.407   1.612   1.823   2.036   2.251   2.468   2.686   2.905   3.119   3.330   3.533   3.725   3.907   4.073   4.224   4.362   4.486   4.596   4.695   4.782   4.858
   4.375  -0.379  -0.376  -0.372  -0.366  -0.358  -0.349  -0.337  -0.324  -0.308  -0.290  -0.268  -0.241  -0.208  -0.166  -0.116  -0.051   0.027   0.121   0.234   0.366   0.511   0.667   0.836   1.017   1.210   1.410   1.615   1.826   2.039   2.255   2.473   2.693   2.914   3.132   3.349   3.559   3.760   3.951   4.128   4.291   4.441   4.577   4.699   4.806   4.899   4.977
   4.400  -0.379  -0.376  -0.372  -0.366  -0.359  -0.349  -0.337  -0.322  -0.305  -0.285  -0.261  -0.233  -0.199  -0.157  -0.106  -0.043   0.034   0.126   0.237   0.368   0.513   0.671   0.842   1.024   1.218   1.419   1.625   1.835   2.049   2.267   2.486   2.707   2.930   3.150   3.371   3.586   3.793   3.992   4.178   4.353   4.513   4.659   4.790   4.906   5.006   5.091
   4.425  -0.380  -0.377  -0.372  -0.366  -0.359  -0.350  -0.338  -0.323  -0.304  -0.282  -0.256  -0.226  -0.190  -0.146  -0.095  -0.032   0.046   0.137   0.247   0.377   0.521   0.681   0.854   1.037   1.232   1.434   1.640   1.852   2.066   2.284   2.504   2.726   2.951   3.174   3.397   3.615   3.828   4.034   4.227   4.409   4.575   4.723   4.856   4.979   5.093   5.196
   4.450  -0.380  -0.377  -0.373  -0.367  -0.360  -0.351  -0.339  -0.323  -0.304  -0.280  -0.252  -0.219  -0.181  -0.135  -0.083  -0.018   0.060   0.152   0.263   0.392   0.537   0.698   0.873   1.057   1.252   1.454   1.661   1.874   2.089   2.307   2.527   2.750   2.976   3.200   3.425   3.646   3.863   4.074   4.273   4.460   4.631   4.779   4.912   5.042   5.166   5.284
   4.475  -0.380  -0.377  -0.373  -0.368  -0.361  -0.352  -0.340  -0.324  -0.304  -0.280  -0.250  -0.215  -0.174  -0.125  -0.070  -0.003   0.076   0.169   0.281   0.411   0.557   0.719   0.896   1.081   1.277   1.479   1.687   1.900   2.115   2.333   2.554   2.778   3.004   3.229   3.455   3.678   3.897   4.112   4.314   4.507   4.683   4.836   4.973   5.104   5.227   5.343
   4.500  -0.380  -0.377  -0.374  -0.368  -0.362  -0.353  -0.341  -0.326  -0.305  -0.280  -0.249  -0.212  -0.168  -0.116  -0.057   0.013   0.095   0.190   0.303   0.435   0.582   0.746   0.924   1.110   1.307   1.510   1.718   1.931   2.146   2.365   2.586   2.809   3.034   3.260   3.487   3.711   3.931   4.146   4.352   4.549   4.730   4.890   5.033   5.162   5.276   5.376

