low temperature opacities from Ferguson, Alexander, et al (2005) with gs98 metals
    form     version        X           Z          logRs    logR_min    logR_max       logTs    logT_min    logT_max
       1          38    0.200000    0.080000          46   -8.000000    1.000000         105    2.700000    4.500000

   logT                       logR = logRho - 3*logT + 18
          -8.000  -7.800  -7.600  -7.400  -7.200  -7.000  -6.800  -6.600  -6.400  -6.200  -6.000  -5.800  -5.600  -5.400  -5.200  -5.000  -4.800  -4.600  -4.400  -4.200  -4.000  -3.800  -3.600  -3.400  -3.200  -3.000  -2.800  -2.600  -2.400  -2.200  -2.000  -1.800  -1.600  -1.400  -1.200  -1.000  -0.800  -0.600  -0.400  -0.200   0.000   0.200   0.400   0.600   0.800   1.000

   2.700   0.365   0.366   0.366   0.366   0.365   0.365   0.365   0.365   0.365   0.365   0.365   0.377   0.396   0.396   0.377   0.365   0.365   0.365   0.365   0.365   0.366   0.374   0.387   0.389   0.389   0.389   0.381   0.369   0.369   0.378   0.387   0.391   0.394   0.396   0.397   0.398   0.400   0.402   0.415   0.465   0.497   0.491   0.482   0.481   0.486   0.495
   2.750   0.387   0.388   0.388   0.388   0.388   0.388   0.388   0.388   0.388   0.388   0.388   0.392   0.399   0.399   0.392   0.388   0.388   0.388   0.388   0.388   0.388   0.388   0.388   0.388   0.388   0.388   0.388   0.389   0.389   0.389   0.389   0.394   0.402   0.406   0.407   0.408   0.409   0.411   0.422   0.466   0.494   0.489   0.482   0.481   0.486   0.495
   2.800   0.390   0.395   0.400   0.404   0.407   0.410   0.413   0.415   0.417   0.418   0.419   0.420   0.421   0.421   0.422   0.422   0.422   0.423   0.423   0.423   0.423   0.423   0.423   0.423   0.423   0.423   0.423   0.423   0.423   0.423   0.423   0.423   0.424   0.425   0.427   0.429   0.430   0.431   0.439   0.470   0.490   0.487   0.483   0.483   0.488   0.497
   2.850   0.369   0.373   0.378   0.384   0.392   0.399   0.406   0.413   0.423   0.439   0.448   0.447   0.446   0.446   0.445   0.445   0.446   0.449   0.451   0.451   0.452   0.453   0.454   0.454   0.454   0.454   0.454   0.455   0.455   0.455   0.455   0.456   0.459   0.459   0.459   0.458   0.458   0.458   0.461   0.479   0.490   0.489   0.487   0.487   0.492   0.501
   2.900   0.413   0.413   0.414   0.414   0.414   0.415   0.423   0.435   0.439   0.440   0.441   0.445   0.450   0.456   0.462   0.468   0.474   0.479   0.483   0.487   0.490   0.494   0.497   0.500   0.503   0.505   0.507   0.508   0.507   0.504   0.500   0.496   0.493   0.490   0.488   0.487   0.485   0.484   0.485   0.492   0.497   0.496   0.495   0.496   0.500   0.507
   2.910   0.421   0.423   0.425   0.427   0.427   0.428   0.428   0.429   0.431   0.443   0.453   0.456   0.458   0.461   0.466   0.471   0.477   0.482   0.488   0.493   0.498   0.501   0.504   0.506   0.509   0.512   0.514   0.515   0.517   0.518   0.519   0.518   0.517   0.515   0.512   0.510   0.508   0.507   0.507   0.508   0.509   0.509   0.507   0.508   0.511   0.515
   2.920   0.420   0.427   0.432   0.436   0.438   0.440   0.441   0.442   0.442   0.443   0.443   0.452   0.466   0.472   0.474   0.476   0.481   0.487   0.493   0.497   0.502   0.507   0.511   0.515   0.517   0.519   0.521   0.523   0.525   0.527   0.528   0.529   0.529   0.529   0.528   0.527   0.526   0.525   0.524   0.524   0.524   0.522   0.521   0.521   0.523   0.526
   2.930   0.388   0.409   0.425   0.437   0.444   0.448   0.451   0.453   0.455   0.455   0.456   0.456   0.457   0.460   0.475   0.487   0.491   0.492   0.496   0.502   0.507   0.512   0.517   0.521   0.525   0.528   0.531   0.534   0.535   0.536   0.536   0.537   0.538   0.538   0.539   0.539   0.539   0.538   0.538   0.538   0.537   0.536   0.535   0.535   0.536   0.537
   2.940   0.301   0.345   0.382   0.410   0.430   0.444   0.454   0.460   0.464   0.466   0.468   0.470   0.471   0.471   0.470   0.469   0.479   0.497   0.506   0.509   0.512   0.517   0.522   0.526   0.530   0.534   0.537   0.540   0.542   0.544   0.546   0.547   0.547   0.548   0.549   0.549   0.549   0.549   0.549   0.549   0.549   0.549   0.548   0.548   0.548   0.549
   2.950  -0.116   0.096   0.254   0.339   0.380   0.407   0.432   0.450   0.463   0.471   0.476   0.480   0.482   0.484   0.485   0.486   0.493   0.504   0.511   0.515   0.518   0.522   0.527   0.531   0.536   0.541   0.545   0.548   0.550   0.552   0.554   0.555   0.557   0.557   0.558   0.559   0.559   0.559   0.560   0.561   0.561   0.561   0.560   0.560   0.560   0.561
   2.960  -0.110  -0.053   0.018   0.108   0.223   0.320   0.373   0.404   0.432   0.454   0.471   0.482   0.488   0.492   0.495   0.497   0.498   0.499   0.503   0.515   0.527   0.532   0.535   0.539   0.542   0.546   0.550   0.553   0.557   0.559   0.562   0.564   0.566   0.567   0.567   0.568   0.569   0.569   0.570   0.572   0.572   0.572   0.572   0.572   0.572   0.573
   2.970  -0.105  -0.105  -0.104  -0.083   0.039   0.164   0.241   0.303   0.356   0.398   0.432   0.458   0.477   0.491   0.500   0.505   0.509   0.511   0.512   0.513   0.513   0.523   0.540   0.547   0.550   0.552   0.556   0.560   0.564   0.567   0.570   0.572   0.574   0.575   0.576   0.577   0.578   0.580   0.581   0.583   0.584   0.584   0.584   0.584   0.584   0.585
   2.980  -0.104  -0.101  -0.099  -0.097  -0.097  -0.096  -0.096  -0.095  -0.055   0.161   0.346   0.405   0.435   0.463   0.484   0.500   0.511   0.517   0.522   0.526   0.527   0.526   0.524   0.528   0.548   0.564   0.567   0.568   0.570   0.574   0.577   0.580   0.582   0.584   0.585   0.587   0.589   0.591   0.593   0.595   0.597   0.596   0.596   0.596   0.596   0.596
   2.990  -0.118  -0.108  -0.101  -0.096  -0.093  -0.091  -0.090  -0.089  -0.075   0.000   0.097   0.207   0.321   0.398   0.440   0.469   0.493   0.509   0.522   0.530   0.535   0.538   0.540   0.546   0.557   0.567   0.574   0.579   0.582   0.584   0.585   0.587   0.590   0.592   0.595   0.598   0.601   0.603   0.606   0.608   0.609   0.609   0.608   0.608   0.608   0.608
   3.000  -0.194  -0.155  -0.126  -0.107  -0.098  -0.092  -0.087  -0.084  -0.082  -0.081  -0.080   0.007   0.166   0.270   0.336   0.389   0.439   0.479   0.507   0.523   0.533   0.542   0.548   0.552   0.553   0.556   0.566   0.579   0.588   0.593   0.597   0.599   0.600   0.602   0.607   0.612   0.614   0.616   0.618   0.620   0.620   0.620   0.620   0.620   0.620   0.620
   3.010  -0.502  -0.365  -0.258  -0.181  -0.138  -0.113  -0.097  -0.089  -0.082  -0.077  -0.074  -0.072  -0.071  -0.042   0.110   0.260   0.337   0.390   0.441   0.489   0.522   0.538   0.546   0.554   0.562   0.566   0.567   0.567   0.571   0.588   0.603   0.610   0.613   0.618   0.622   0.625   0.627   0.628   0.629   0.630   0.631   0.631   0.630   0.630   0.630   0.630
   3.020  -0.928  -0.817  -0.692  -0.546  -0.371  -0.232  -0.163  -0.128  -0.102  -0.087  -0.078  -0.071  -0.068  -0.065  -0.063  -0.061   0.037   0.215   0.327   0.391   0.441   0.487   0.524   0.552   0.570   0.583   0.591   0.595   0.603   0.617   0.625   0.626   0.627   0.629   0.633   0.635   0.637   0.638   0.639   0.639   0.640   0.640   0.640   0.640   0.640   0.640
   3.030  -0.939  -0.934  -0.918  -0.883  -0.792  -0.667  -0.497  -0.314  -0.200  -0.144  -0.111  -0.087  -0.075  -0.065  -0.060  -0.056  -0.054  -0.052  -0.019   0.151   0.317   0.398   0.450   0.496   0.532   0.560   0.580   0.592   0.601   0.605   0.610   0.619   0.628   0.634   0.638   0.641   0.643   0.645   0.646   0.646   0.647   0.647   0.648   0.648   0.648   0.648
   3.040  -0.946  -0.940  -0.932  -0.921  -0.909  -0.887  -0.836  -0.748  -0.615  -0.426  -0.264  -0.174  -0.123  -0.090  -0.072  -0.061  -0.052  -0.047  -0.043  -0.042  -0.039   0.077   0.284   0.406   0.463   0.504   0.542   0.570   0.590   0.603   0.612   0.620   0.626   0.632   0.637   0.642   0.646   0.649   0.651   0.652   0.652   0.654   0.655   0.656   0.656   0.656
   3.050  -0.921  -0.925  -0.928  -0.927  -0.923  -0.914  -0.891  -0.866  -0.865  -0.884  -0.897  -0.710  -0.381  -0.213  -0.141  -0.099  -0.071  -0.057  -0.046  -0.042  -0.034   0.047   0.187   0.283   0.348   0.405   0.463   0.515   0.555   0.582   0.601   0.613   0.620   0.627   0.634   0.641   0.646   0.651   0.654   0.656   0.657   0.659   0.661   0.662   0.663   0.663
   3.060  -0.836  -0.863  -0.884  -0.898  -0.906  -0.909  -0.906  -0.897  -0.879  -0.846  -0.827  -0.847  -0.877  -0.831  -0.536  -0.269  -0.165  -0.111  -0.073  -0.052  -0.039  -0.031  -0.027   0.008   0.154   0.298   0.375   0.429   0.482   0.530   0.569   0.593   0.608   0.621   0.630   0.637   0.644   0.650   0.655   0.658   0.660   0.663   0.666   0.668   0.669   0.669
   3.070  -0.750  -0.768  -0.791  -0.819  -0.857  -0.879  -0.883  -0.885  -0.884  -0.879  -0.869  -0.850  -0.830  -0.835  -0.876  -0.903  -0.711  -0.372  -0.198  -0.123  -0.079  -0.048  -0.032  -0.021  -0.017  -0.009   0.096   0.276   0.389   0.453   0.502   0.544   0.576   0.600   0.615   0.626   0.637   0.646   0.653   0.658   0.663   0.667   0.670   0.673   0.675   0.676
   3.080  -0.721  -0.722  -0.724  -0.729  -0.749  -0.772  -0.795  -0.819  -0.838  -0.852  -0.858  -0.857  -0.855  -0.848  -0.824  -0.809  -0.817  -0.831  -0.783  -0.503  -0.243  -0.137  -0.083  -0.046  -0.026  -0.013  -0.005   0.000   0.042   0.226   0.399   0.475   0.517   0.554   0.581   0.603   0.621   0.635   0.647   0.655   0.662   0.668   0.673   0.677   0.680   0.682
   3.090  -0.705  -0.704  -0.704  -0.704  -0.707  -0.713  -0.721  -0.733  -0.751  -0.776  -0.799  -0.817  -0.830  -0.832  -0.829  -0.824  -0.808  -0.789  -0.788  -0.804  -0.815  -0.636  -0.320  -0.159  -0.091  -0.049  -0.019  -0.003   0.008   0.012   0.019   0.158   0.386   0.492   0.532   0.561   0.589   0.612   0.631   0.645   0.656   0.666   0.673   0.680   0.684   0.688
   3.100  -0.688  -0.687  -0.685  -0.685  -0.684  -0.684  -0.685  -0.687  -0.690  -0.700  -0.714  -0.736  -0.761  -0.780  -0.795  -0.801  -0.801  -0.801  -0.797  -0.776  -0.762  -0.786  -0.822  -0.772  -0.455  -0.184  -0.095  -0.049  -0.015  -0.003   0.019   0.105   0.232   0.333   0.420   0.490   0.537   0.569   0.597   0.620   0.639   0.655   0.668   0.679   0.687   0.692
   3.110  -0.680  -0.674  -0.669  -0.667  -0.666  -0.665  -0.665  -0.664  -0.664  -0.663  -0.662  -0.668  -0.682  -0.699  -0.722  -0.743  -0.760  -0.772  -0.775  -0.776  -0.776  -0.770  -0.754  -0.720  -0.643  -0.535  -0.382  -0.214  -0.107  -0.056  -0.011   0.043   0.102   0.184   0.293   0.390   0.452   0.498   0.539   0.574   0.604   0.631   0.653   0.671   0.685   0.694
   3.120  -0.698  -0.679  -0.664  -0.655  -0.651  -0.648  -0.646  -0.645  -0.645  -0.644  -0.643  -0.641  -0.639  -0.641  -0.651  -0.666  -0.685  -0.707  -0.724  -0.736  -0.746  -0.752  -0.756  -0.754  -0.741  -0.713  -0.643  -0.529  -0.397  -0.234  -0.107  -0.058  -0.031   0.040   0.151   0.256   0.331   0.393   0.450   0.499   0.543   0.585   0.623   0.652   0.674   0.689
   3.130  -0.809  -0.743  -0.694  -0.663  -0.648  -0.639  -0.633  -0.629  -0.627  -0.625  -0.624  -0.623  -0.622  -0.621  -0.619  -0.618  -0.622  -0.633  -0.649  -0.670  -0.690  -0.704  -0.714  -0.722  -0.728  -0.730  -0.723  -0.702  -0.655  -0.535  -0.401  -0.281  -0.163  -0.063   0.018   0.095   0.177   0.257   0.329   0.393   0.454   0.514   0.570   0.615   0.650   0.674
   3.140  -3.026  -1.800  -0.965  -0.751  -0.690  -0.657  -0.636  -0.626  -0.617  -0.612  -0.608  -0.605  -0.604  -0.602  -0.601  -0.601  -0.601  -0.601  -0.602  -0.609  -0.621  -0.637  -0.656  -0.671  -0.682  -0.691  -0.698  -0.703  -0.702  -0.690  -0.664  -0.559  -0.389  -0.265  -0.173  -0.087   0.006   0.097   0.182   0.260   0.337   0.416   0.493   0.555   0.605   0.645
   3.150  -3.525  -3.380  -3.034  -2.411  -1.401  -0.788  -0.704  -0.661  -0.631  -0.615  -0.604  -0.596  -0.591  -0.587  -0.584  -0.582  -0.581  -0.581  -0.579  -0.576  -0.575  -0.580  -0.592  -0.606  -0.628  -0.639  -0.636  -0.632  -0.631  -0.631  -0.631  -0.605  -0.543  -0.467  -0.371  -0.270  -0.172  -0.074   0.019   0.109   0.198   0.294   0.388   0.468   0.536   0.594
   3.160  -4.003  -3.694  -3.395  -3.126  -2.914  -2.563  -1.784  -0.961  -0.731  -0.674  -0.638  -0.610  -0.595  -0.583  -0.575  -0.569  -0.565  -0.562  -0.560  -0.559  -0.558  -0.559  -0.561  -0.565  -0.568  -0.575  -0.592  -0.610  -0.612  -0.607  -0.603  -0.604  -0.604  -0.592  -0.516  -0.422  -0.333  -0.237  -0.142  -0.047   0.050   0.155   0.260   0.354   0.440   0.518
   3.170  -4.385  -4.134  -3.867  -3.581  -3.268  -2.971  -2.761  -2.538  -2.066  -1.287  -0.796  -0.704  -0.656  -0.617  -0.593  -0.576  -0.562  -0.554  -0.547  -0.543  -0.540  -0.538  -0.536  -0.536  -0.537  -0.539  -0.543  -0.550  -0.561  -0.578  -0.588  -0.589  -0.590  -0.586  -0.559  -0.512  -0.448  -0.369  -0.284  -0.192  -0.095   0.010   0.117   0.220   0.319   0.415
   3.180  -4.647  -4.474  -4.266  -4.019  -3.729  -3.430  -3.130  -2.835  -2.597  -2.434  -2.172  -1.594  -0.974  -0.758  -0.688  -0.641  -0.601  -0.575  -0.554  -0.541  -0.532  -0.525  -0.520  -0.516  -0.514  -0.513  -0.517  -0.523  -0.528  -0.530  -0.534  -0.542  -0.550  -0.550  -0.545  -0.535  -0.505  -0.452  -0.388  -0.310  -0.223  -0.128  -0.026   0.077   0.182   0.289
   3.190  -4.802  -4.700  -4.556  -4.368  -4.133  -3.870  -3.578  -3.269  -2.978  -2.696  -2.448  -2.286  -2.140  -1.867  -1.461  -1.100  -0.860  -0.697  -0.616  -0.578  -0.553  -0.532  -0.519  -0.508  -0.502  -0.497  -0.493  -0.491  -0.492  -0.501  -0.509  -0.513  -0.515  -0.516  -0.517  -0.517  -0.509  -0.485  -0.446  -0.390  -0.323  -0.244  -0.155  -0.060   0.041   0.149
   3.200  -4.869  -4.821  -4.733  -4.607  -4.441  -4.237  -3.986  -3.702  -3.411  -3.106  -2.817  -2.555  -2.320  -2.148  -2.054  -1.906  -1.600  -1.242  -0.977  -0.781  -0.653  -0.590  -0.557  -0.528  -0.507  -0.493  -0.483  -0.477  -0.473  -0.469  -0.468  -0.470  -0.473  -0.478  -0.483  -0.486  -0.484  -0.479  -0.468  -0.435  -0.388  -0.329  -0.258  -0.179  -0.090   0.009
   3.210  -4.869  -4.856  -4.815  -4.748  -4.647  -4.504  -4.312  -4.080  -3.821  -3.526  -3.229  -2.935  -2.651  -2.408  -2.201  -2.035  -1.947  -1.879  -1.697  -1.393  -1.107  -0.892  -0.722  -0.615  -0.563  -0.528  -0.499  -0.481  -0.467  -0.458  -0.453  -0.450  -0.449  -0.450  -0.455  -0.459  -0.461  -0.462  -0.460  -0.446  -0.419  -0.381  -0.330  -0.269  -0.198  -0.116
   3.220  -4.826  -4.824  -4.819  -4.805  -4.755  -4.666  -4.540  -4.375  -4.166  -3.910  -3.633  -3.340  -3.038  -2.758  -2.492  -2.261  -2.080  -1.939  -1.836  -1.775  -1.734  -1.712  -1.699  -1.574  -1.053  -0.660  -0.576  -0.533  -0.496  -0.470  -0.454  -0.443  -0.437  -0.437  -0.439  -0.442  -0.443  -0.444  -0.444  -0.438  -0.428  -0.406  -0.372  -0.329  -0.277  -0.216
   3.230  -4.764  -4.781  -4.789  -4.788  -4.771  -4.738  -4.675  -4.570  -4.420  -4.223  -3.992  -3.725  -3.432  -3.142  -2.846  -2.573  -2.334  -2.126  -1.965  -1.850  -1.766  -1.711  -1.681  -1.660  -1.651  -1.637  -1.311  -0.792  -0.600  -0.537  -0.498  -0.467  -0.451  -0.445  -0.442  -0.440  -0.439  -0.438  -0.435  -0.432  -0.427  -0.414  -0.392  -0.364  -0.329  -0.287
   3.240  -4.705  -4.723  -4.735  -4.739  -4.741  -4.741  -4.723  -4.667  -4.576  -4.446  -4.275  -4.053  -3.793  -3.520  -3.224  -2.934  -2.657  -2.396  -2.178  -1.998  -1.857  -1.762  -1.702  -1.657  -1.632  -1.615  -1.605  -1.600  -1.497  -1.008  -0.640  -0.561  -0.521  -0.505  -0.498  -0.491  -0.477  -0.462  -0.450  -0.443  -0.434  -0.421  -0.405  -0.385  -0.361  -0.334
   3.250  -4.664  -4.670  -4.677  -4.686  -4.697  -4.703  -4.697  -4.681  -4.649  -4.578  -4.463  -4.301  -4.098  -3.861  -3.584  -3.298  -3.008  -2.721  -2.463  -2.228  -2.030  -1.880  -1.769  -1.687  -1.639  -1.607  -1.584  -1.572  -1.563  -1.559  -1.552  -1.352  -1.000  -0.791  -0.692  -0.625  -0.573  -0.539  -0.510  -0.487  -0.467  -0.447  -0.428  -0.409  -0.389  -0.369
   3.260  -4.646  -4.642  -4.639  -4.640  -4.647  -4.653  -4.654  -4.655  -4.651  -4.620  -4.559  -4.462  -4.323  -4.137  -3.901  -3.641  -3.362  -3.070  -2.791  -2.518  -2.274  -2.068  -1.896  -1.767  -1.683  -1.624  -1.583  -1.560  -1.543  -1.536  -1.524  -1.436  -1.280  -1.136  -0.989  -0.859  -0.764  -0.690  -0.628  -0.581  -0.542  -0.507  -0.478  -0.453  -0.431  -0.413
   3.270  -4.646  -4.633  -4.623  -4.616  -4.611  -4.610  -4.612  -4.614  -4.614  -4.603  -4.583  -4.539  -4.456  -4.326  -4.151  -3.939  -3.686  -3.406  -3.126  -2.839  -2.568  -2.320  -2.098  -1.919  -1.782  -1.678  -1.607  -1.564  -1.531  -1.513  -1.502  -1.495  -1.490  -1.452  -1.286  -1.111  -0.993  -0.891  -0.802  -0.728  -0.665  -0.612  -0.570  -0.534  -0.507  -0.487
   3.280  -4.655  -4.639  -4.625  -4.611  -4.598  -4.587  -4.581  -4.577  -4.573  -4.570  -4.563  -4.545  -4.505  -4.432  -4.321  -4.166  -3.958  -3.712  -3.450  -3.165  -2.883  -2.612  -2.354  -2.131  -1.938  -1.782  -1.673  -1.598  -1.543  -1.510  -1.488  -1.476  -1.468  -1.444  -1.385  -1.306  -1.207  -1.095  -0.996  -0.906  -0.826  -0.761  -0.708  -0.666  -0.634  -0.613
   3.290  -4.661  -4.648  -4.633  -4.618  -4.601  -4.585  -4.570  -4.557  -4.546  -4.540  -4.531  -4.520  -4.502  -4.468  -4.408  -4.307  -4.157  -3.966  -3.739  -3.471  -3.194  -2.917  -2.641  -2.388  -2.153  -1.951  -1.794  -1.674  -1.583  -1.525  -1.486  -1.461  -1.448  -1.432  -1.417  -1.388  -1.327  -1.246  -1.166  -1.081  -1.004  -0.942  -0.891  -0.850  -0.821  -0.803
   3.300  -4.654  -4.649  -4.641  -4.628  -4.611  -4.593  -4.574  -4.555  -4.538  -4.523  -4.508  -4.497  -4.483  -4.459  -4.429  -4.372  -4.278  -4.148  -3.969  -3.739  -3.487  -3.217  -2.935  -2.668  -2.407  -2.172  -1.969  -1.797  -1.664  -1.573  -1.507  -1.464  -1.440  -1.421  -1.412  -1.397  -1.366  -1.325  -1.280  -1.227  -1.179  -1.139  -1.106  -1.080  -1.061  -1.050
   3.310  -4.620  -4.629  -4.633  -4.632  -4.620  -4.604  -4.586  -4.565  -4.544  -4.522  -4.501  -4.482  -4.464  -4.443  -4.424  -4.388  -4.333  -4.253  -4.125  -3.951  -3.743  -3.495  -3.221  -2.952  -2.680  -2.423  -2.186  -1.971  -1.797  -1.664  -1.561  -1.489  -1.444  -1.409  -1.389  -1.375  -1.364  -1.357  -1.351  -1.347  -1.344  -1.341  -1.338  -1.336  -1.334  -1.332
   3.320  -4.556  -4.587  -4.607  -4.610  -4.610  -4.609  -4.599  -4.579  -4.557  -4.534  -4.509  -4.485  -4.461  -4.436  -4.413  -4.382  -4.347  -4.298  -4.213  -4.096  -3.939  -3.729  -3.483  -3.227  -2.953  -2.684  -2.429  -2.187  -1.979  -1.799  -1.653  -1.547  -1.473  -1.418  -1.385  -1.363  -1.346  -1.336  -1.327  -1.321  -1.316  -1.312  -1.309  -1.306  -1.303  -1.301
   3.330  -4.465  -4.509  -4.544  -4.570  -4.588  -4.595  -4.592  -4.583  -4.569  -4.548  -4.524  -4.498  -4.470  -4.442  -4.412  -4.380  -4.348  -4.310  -4.251  -4.177  -4.066  -3.906  -3.707  -3.479  -3.214  -2.945  -2.682  -2.424  -2.189  -1.972  -1.787  -1.644  -1.534  -1.451  -1.398  -1.361  -1.334  -1.318  -1.305  -1.296  -1.290  -1.284  -1.280  -1.276  -1.273  -1.270
   3.340  -4.360  -4.412  -4.458  -4.497  -4.532  -4.555  -4.566  -4.571  -4.570  -4.557  -4.538  -4.515  -4.487  -4.457  -4.425  -4.391  -4.356  -4.318  -4.269  -4.215  -4.135  -4.021  -3.874  -3.684  -3.448  -3.196  -2.934  -2.666  -2.416  -2.176  -1.962  -1.782  -1.631  -1.514  -1.433  -1.373  -1.332  -1.308  -1.289  -1.276  -1.266  -1.259  -1.253  -1.249  -1.244  -1.241
   3.350  -4.250  -4.304  -4.355  -4.403  -4.448  -4.487  -4.519  -4.542  -4.545  -4.544  -4.541  -4.528  -4.502  -4.475  -4.445  -4.411  -4.374  -4.332  -4.286  -4.238  -4.173  -4.090  -3.984  -3.834  -3.642  -3.422  -3.172  -2.903  -2.646  -2.394  -2.160  -1.949  -1.761  -1.611  -1.497  -1.409  -1.348  -1.309  -1.279  -1.260  -1.246  -1.235  -1.227  -1.221  -1.215  -1.211
   3.360  -4.144  -4.196  -4.248  -4.299  -4.350  -4.397  -4.439  -4.476  -4.502  -4.519  -4.525  -4.521  -4.509  -4.489  -4.463  -4.431  -4.395  -4.355  -4.310  -4.261  -4.202  -4.134  -4.051  -3.934  -3.787  -3.606  -3.382  -3.130  -2.877  -2.617  -2.367  -2.134  -1.920  -1.739  -1.591  -1.472  -1.385  -1.325  -1.279  -1.250  -1.230  -1.214  -1.204  -1.194  -1.187  -1.182
   3.370  -4.046  -4.093  -4.142  -4.193  -4.245  -4.296  -4.345  -4.391  -4.430  -4.464  -4.484  -4.490  -4.494  -4.491  -4.473  -4.447  -4.417  -4.381  -4.338  -4.290  -4.233  -4.170  -4.096  -4.001  -3.887  -3.742  -3.553  -3.333  -3.095  -2.834  -2.576  -2.332  -2.100  -1.895  -1.713  -1.561  -1.445  -1.358  -1.292  -1.251  -1.221  -1.198  -1.184  -1.171  -1.161  -1.154
   3.380  -3.959  -4.001  -4.045  -4.092  -4.142  -4.192  -4.243  -4.293  -4.340  -4.383  -4.419  -4.447  -4.464  -4.466  -4.461  -4.451  -4.431  -4.399  -4.362  -4.319  -4.267  -4.208  -4.139  -4.054  -3.958  -3.836  -3.681  -3.499  -3.286  -3.037  -2.784  -2.534  -2.287  -2.062  -1.855  -1.675  -1.531  -1.415  -1.326  -1.264  -1.219  -1.186  -1.166  -1.148  -1.135  -1.127
   3.390  -3.884  -3.919  -3.957  -3.998  -4.044  -4.091  -4.141  -4.191  -4.241  -4.290  -4.334  -4.373  -4.406  -4.423  -4.433  -4.436  -4.428  -4.406  -4.378  -4.342  -4.297  -4.244  -4.181  -4.104  -4.017  -3.909  -3.779  -3.626  -3.440  -3.219  -2.982  -2.731  -2.474  -2.237  -2.013  -1.812  -1.640  -1.494  -1.378  -1.293  -1.228  -1.183  -1.154  -1.129  -1.111  -1.100
   3.400  -3.820  -3.849  -3.881  -3.916  -3.956  -3.998  -4.043  -4.091  -4.139  -4.190  -4.238  -4.284  -4.326  -4.360  -4.387  -4.399  -4.398  -4.393  -4.383  -4.356  -4.317  -4.272  -4.217  -4.148  -4.068  -3.971  -3.857  -3.722  -3.560  -3.369  -3.156  -2.916  -2.660  -2.416  -2.178  -1.958  -1.762  -1.590  -1.449  -1.339  -1.253  -1.191  -1.149  -1.114  -1.089  -1.074
   3.410  -3.768  -3.790  -3.816  -3.845  -3.878  -3.914  -3.954  -3.997  -4.042  -4.091  -4.140  -4.188  -4.235  -4.276  -4.314  -4.341  -4.357  -4.365  -4.364  -4.348  -4.322  -4.287  -4.242  -4.183  -4.114  -4.027  -3.923  -3.800  -3.655  -3.489  -3.299  -3.078  -2.837  -2.595  -2.346  -2.110  -1.896  -1.701  -1.537  -1.402  -1.293  -1.211  -1.151  -1.104  -1.069  -1.050
   3.420  -3.729  -3.744  -3.762  -3.785  -3.811  -3.841  -3.875  -3.912  -3.953  -3.996  -4.042  -4.090  -4.138  -4.183  -4.227  -4.264  -4.296  -4.318  -4.321  -4.317  -4.309  -4.289  -4.251  -4.203  -4.144  -4.069  -3.976  -3.866  -3.735  -3.584  -3.412  -3.214  -2.995  -2.762  -2.510  -2.265  -2.037  -1.824  -1.639  -1.479  -1.346  -1.242  -1.163  -1.101  -1.056  -1.029
   3.430  -3.703  -3.711  -3.722  -3.737  -3.756  -3.779  -3.806  -3.837  -3.872  -3.909  -3.950  -3.994  -4.041  -4.087  -4.133  -4.175  -4.213  -4.246  -4.263  -4.273  -4.276  -4.266  -4.240  -4.204  -4.157  -4.095  -4.015  -3.917  -3.799  -3.661  -3.502  -3.323  -3.125  -2.907  -2.665  -2.422  -2.184  -1.953  -1.748  -1.566  -1.410  -1.285  -1.187  -1.108  -1.048  -1.010
   3.440  -3.691  -3.692  -3.695  -3.702  -3.713  -3.729  -3.749  -3.773  -3.800  -3.832  -3.867  -3.906  -3.948  -3.991  -4.036  -4.080  -4.122  -4.160  -4.190  -4.213  -4.223  -4.219  -4.207  -4.186  -4.150  -4.098  -4.032  -3.949  -3.845  -3.719  -3.574  -3.410  -3.228  -3.026  -2.802  -2.570  -2.328  -2.085  -1.865  -1.664  -1.487  -1.340  -1.220  -1.122  -1.046  -0.994
   3.450  -3.688  -3.683  -3.680  -3.680  -3.684  -3.692  -3.704  -3.720  -3.741  -3.765  -3.794  -3.826  -3.862  -3.901  -3.943  -3.985  -4.027  -4.068  -4.104  -4.137  -4.153  -4.153  -4.153  -4.149  -4.122  -4.078  -4.025  -3.956  -3.866  -3.756  -3.626  -3.475  -3.305  -3.119  -2.915  -2.697  -2.461  -2.217  -1.988  -1.768  -1.571  -1.403  -1.261  -1.143  -1.051  -0.984
   3.460  -3.692  -3.684  -3.678  -3.673  -3.670  -3.669  -3.672  -3.681  -3.694  -3.711  -3.732  -3.757  -3.786  -3.819  -3.855  -3.893  -3.933  -3.973  -4.010  -4.044  -4.069  -4.082  -4.089  -4.087  -4.069  -4.036  -3.993  -3.937  -3.861  -3.766  -3.652  -3.515  -3.359  -3.187  -2.999  -2.796  -2.574  -2.341  -2.111  -1.878  -1.663  -1.475  -1.310  -1.173  -1.063  -0.980
   3.470  -3.697  -3.689  -3.681  -3.673  -3.664  -3.659  -3.658  -3.657  -3.658  -3.667  -3.681  -3.699  -3.721  -3.746  -3.775  -3.807  -3.843  -3.880  -3.915  -3.949  -3.977  -3.998  -4.010  -4.011  -3.999  -3.976  -3.941  -3.893  -3.828  -3.747  -3.648  -3.526  -3.385  -3.228  -3.055  -2.866  -2.662  -2.445  -2.220  -1.984  -1.760  -1.556  -1.370  -1.213  -1.084  -0.981
   3.480  -3.702  -3.695  -3.687  -3.678  -3.668  -3.659  -3.650  -3.643  -3.642  -3.643  -3.644  -3.652  -3.667  -3.685  -3.707  -3.732  -3.761  -3.792  -3.823  -3.854  -3.882  -3.905  -3.921  -3.922  -3.914  -3.899  -3.871  -3.827  -3.770  -3.701  -3.614  -3.507  -3.382  -3.240  -3.080  -2.906  -2.719  -2.519  -2.307  -2.079  -1.856  -1.641  -1.437  -1.261  -1.112  -0.987
   3.490  -3.703  -3.698  -3.692  -3.684  -3.674  -3.664  -3.653  -3.643  -3.634  -3.626  -3.623  -3.624  -3.628  -3.635  -3.649  -3.667  -3.688  -3.712  -3.737  -3.764  -3.788  -3.809  -3.825  -3.826  -3.821  -3.809  -3.785  -3.745  -3.694  -3.632  -3.554  -3.459  -3.348  -3.220  -3.075  -2.917  -2.745  -2.561  -2.364  -2.153  -1.939  -1.721  -1.507  -1.318  -1.150  -1.002
   3.500  -3.696  -3.695  -3.693  -3.688  -3.681  -3.671  -3.660  -3.648  -3.636  -3.624  -3.614  -3.606  -3.601  -3.601  -3.605  -3.614  -3.626  -3.642  -3.659  -3.679  -3.698  -3.715  -3.727  -3.728  -3.723  -3.711  -3.688  -3.650  -3.602  -3.544  -3.472  -3.386  -3.286  -3.170  -3.040  -2.896  -2.740  -2.571  -2.390  -2.197  -1.997  -1.786  -1.572  -1.376  -1.195  -1.027
   3.525  -3.609  -3.632  -3.650  -3.658  -3.659  -3.657  -3.653  -3.647  -3.642  -3.633  -3.627  -3.618  -3.608  -3.599  -3.586  -3.567  -3.550  -3.532  -3.518  -3.508  -3.497  -3.491  -3.489  -3.483  -3.471  -3.448  -3.417  -3.377  -3.328  -3.272  -3.207  -3.133  -3.049  -2.954  -2.848  -2.731  -2.608  -2.468  -2.312  -2.145  -1.966  -1.772  -1.577  -1.412  -1.246  -1.076
   3.550  -3.451  -3.494  -3.533  -3.566  -3.595  -3.617  -3.634  -3.644  -3.645  -3.643  -3.639  -3.630  -3.615  -3.597  -3.575  -3.551  -3.524  -3.495  -3.465  -3.434  -3.403  -3.372  -3.339  -3.302  -3.262  -3.218  -3.168  -3.114  -3.055  -2.991  -2.921  -2.846  -2.766  -2.679  -2.585  -2.485  -2.377  -2.262  -2.140  -2.011  -1.874  -1.730  -1.579  -1.424  -1.262  -1.096
   3.575  -3.245  -3.295  -3.341  -3.388  -3.433  -3.473  -3.510  -3.542  -3.563  -3.580  -3.593  -3.599  -3.594  -3.583  -3.568  -3.556  -3.539  -3.515  -3.486  -3.451  -3.411  -3.360  -3.295  -3.220  -3.138  -3.057  -2.974  -2.894  -2.815  -2.737  -2.653  -2.567  -2.480  -2.392  -2.302  -2.208  -2.111  -2.010  -1.904  -1.791  -1.678  -1.563  -1.439  -1.296  -1.148  -0.994
   3.600  -2.983  -3.038  -3.091  -3.143  -3.193  -3.242  -3.292  -3.342  -3.388  -3.432  -3.471  -3.505  -3.532  -3.548  -3.557  -3.560  -3.553  -3.535  -3.507  -3.468  -3.418  -3.355  -3.280  -3.193  -3.092  -2.986  -2.875  -2.761  -2.649  -2.538  -2.430  -2.325  -2.223  -2.124  -2.027  -1.931  -1.835  -1.739  -1.638  -1.534  -1.425  -1.310  -1.190  -1.065  -0.935  -0.801
   3.625  -2.652  -2.723  -2.793  -2.860  -2.925  -2.989  -3.051  -3.112  -3.170  -3.224  -3.275  -3.325  -3.373  -3.412  -3.446  -3.471  -3.485  -3.488  -3.473  -3.444  -3.407  -3.353  -3.287  -3.205  -3.105  -2.993  -2.870  -2.733  -2.590  -2.443  -2.302  -2.170  -2.045  -1.926  -1.812  -1.701  -1.593  -1.489  -1.383  -1.279  -1.172  -1.063  -0.951  -0.835  -0.714  -0.591
   3.650  -2.292  -2.378  -2.461  -2.542  -2.621  -2.697  -2.769  -2.838  -2.903  -2.966  -3.025  -3.082  -3.137  -3.189  -3.240  -3.285  -3.328  -3.361  -3.370  -3.373  -3.374  -3.351  -3.294  -3.217  -3.118  -3.001  -2.865  -2.713  -2.558  -2.396  -2.235  -2.080  -1.928  -1.784  -1.647  -1.516  -1.391  -1.271  -1.154  -1.042  -0.931  -0.820  -0.709  -0.596  -0.480  -0.362
   3.675  -1.925  -2.013  -2.100  -2.187  -2.272  -2.356  -2.437  -2.516  -2.592  -2.666  -2.738  -2.806  -2.873  -2.937  -2.999  -3.055  -3.109  -3.155  -3.186  -3.217  -3.239  -3.234  -3.201  -3.153  -3.072  -2.966  -2.836  -2.688  -2.535  -2.373  -2.211  -2.048  -1.879  -1.714  -1.555  -1.402  -1.257  -1.118  -0.985  -0.857  -0.733  -0.611  -0.492  -0.373  -0.254  -0.135
   3.700  -1.590  -1.671  -1.753  -1.837  -1.922  -2.008  -2.094  -2.179  -2.263  -2.345  -2.426  -2.504  -2.580  -2.651  -2.720  -2.784  -2.844  -2.898  -2.946  -2.990  -3.010  -3.009  -3.007  -2.996  -2.942  -2.862  -2.762  -2.641  -2.505  -2.350  -2.187  -2.017  -1.842  -1.668  -1.495  -1.326  -1.164  -1.007  -0.856  -0.711  -0.570  -0.434  -0.301  -0.171  -0.045   0.079
   3.725  -1.326  -1.390  -1.460  -1.530  -1.606  -1.685  -1.767  -1.851  -1.935  -2.019  -2.102  -2.184  -2.265  -2.342  -2.417  -2.487  -2.554  -2.615  -2.670  -2.721  -2.749  -2.759  -2.766  -2.763  -2.723  -2.663  -2.588  -2.492  -2.378  -2.245  -2.100  -1.943  -1.782  -1.617  -1.447  -1.276  -1.106  -0.936  -0.771  -0.609  -0.452  -0.300  -0.153  -0.010   0.128   0.263
   3.750  -1.152  -1.188  -1.232  -1.284  -1.343  -1.408  -1.478  -1.553  -1.629  -1.708  -1.788  -1.868  -1.949  -2.027  -2.104  -2.177  -2.247  -2.312  -2.369  -2.419  -2.453  -2.470  -2.479  -2.476  -2.446  -2.397  -2.334  -2.255  -2.164  -2.058  -1.942  -1.815  -1.678  -1.531  -1.375  -1.212  -1.043  -0.870  -0.698  -0.527  -0.358  -0.194  -0.034   0.122   0.274   0.421
   3.775  -1.076  -1.088  -1.105  -1.131  -1.165  -1.207  -1.256  -1.313  -1.373  -1.437  -1.505  -1.576  -1.649  -1.722  -1.795  -1.866  -1.933  -1.997  -2.052  -2.101  -2.135  -2.153  -2.163  -2.161  -2.136  -2.095  -2.042  -1.974  -1.897  -1.807  -1.709  -1.602  -1.486  -1.361  -1.227  -1.084  -0.934  -0.777  -0.615  -0.448  -0.280  -0.111   0.059   0.225   0.388   0.549
   3.800  -1.049  -1.050  -1.053  -1.059  -1.070  -1.086  -1.109  -1.138  -1.174  -1.218  -1.268  -1.323  -1.383  -1.443  -1.506  -1.567  -1.626  -1.682  -1.731  -1.774  -1.803  -1.818  -1.826  -1.824  -1.801  -1.764  -1.716  -1.657  -1.589  -1.512  -1.428  -1.338  -1.241  -1.137  -1.027  -0.908  -0.781  -0.646  -0.502  -0.348  -0.188  -0.021   0.151   0.321   0.491   0.661
   3.825  -1.044  -1.040  -1.037  -1.035  -1.033  -1.034  -1.037  -1.043  -1.057  -1.078  -1.102  -1.133  -1.171  -1.209  -1.251  -1.293  -1.335  -1.377  -1.412  -1.444  -1.465  -1.474  -1.477  -1.472  -1.450  -1.417  -1.375  -1.323  -1.264  -1.197  -1.123  -1.045  -0.961  -0.871  -0.776  -0.673  -0.564  -0.447  -0.321  -0.187  -0.044   0.107   0.266   0.428   0.594   0.765
   3.850  -1.042  -1.037  -1.032  -1.026  -1.021  -1.016  -1.011  -1.007  -1.005  -1.004  -1.004  -1.007  -1.016  -1.027  -1.043  -1.061  -1.081  -1.101  -1.117  -1.131  -1.137  -1.135  -1.129  -1.118  -1.094  -1.062  -1.023  -0.977  -0.924  -0.865  -0.800  -0.731  -0.656  -0.577  -0.493  -0.404  -0.309  -0.209  -0.101   0.014   0.137   0.269   0.410   0.558   0.714   0.878
   3.875  -1.046  -1.040  -1.035  -1.028  -1.022  -1.015  -1.006  -0.996  -0.985  -0.973  -0.959  -0.945  -0.930  -0.917  -0.906  -0.895  -0.886  -0.876  -0.863  -0.849  -0.833  -0.814  -0.794  -0.771  -0.742  -0.708  -0.669  -0.626  -0.578  -0.525  -0.468  -0.407  -0.342  -0.272  -0.198  -0.119  -0.036   0.053   0.148   0.250   0.359   0.476   0.601   0.735   0.876   1.026
   3.900  -1.049  -1.044  -1.037  -1.030  -1.023  -1.014  -1.004  -0.993  -0.979  -0.963  -0.944  -0.922  -0.897  -0.866  -0.831  -0.792  -0.750  -0.705  -0.661  -0.616  -0.572  -0.530  -0.489  -0.449  -0.409  -0.368  -0.326  -0.282  -0.235  -0.187  -0.135  -0.080  -0.023   0.040   0.106   0.177   0.252   0.331   0.416   0.507   0.604   0.708   0.820   0.938   1.064   1.197
   3.925  -1.041  -1.039  -1.035  -1.029  -1.023  -1.016  -1.007  -0.996  -0.982  -0.965  -0.944  -0.918  -0.886  -0.846  -0.797  -0.740  -0.674  -0.604  -0.531  -0.455  -0.380  -0.309  -0.237  -0.171  -0.111  -0.055  -0.003   0.047   0.096   0.145   0.194   0.245   0.297   0.353   0.412   0.475   0.542   0.613   0.689   0.771   0.858   0.952   1.053   1.160   1.274   1.394
   3.950  -1.017  -1.023  -1.027  -1.027  -1.024  -1.018  -1.010  -0.999  -0.985  -0.967  -0.945  -0.917  -0.883  -0.839  -0.786  -0.723  -0.647  -0.560  -0.465  -0.359  -0.252  -0.146  -0.041   0.053   0.138   0.215   0.283   0.345   0.402   0.456   0.507   0.557   0.607   0.659   0.713   0.770   0.830   0.894   0.963   1.037   1.117   1.203   1.294   1.392   1.495   1.605
   3.975  -0.941  -0.958  -0.972  -0.984  -0.993  -0.998  -0.997  -0.991  -0.980  -0.965  -0.945  -0.920  -0.887  -0.843  -0.790  -0.724  -0.642  -0.546  -0.437  -0.313  -0.182  -0.048   0.083   0.205   0.318   0.419   0.512   0.594   0.667   0.732   0.792   0.847   0.899   0.951   1.002   1.055   1.111   1.169   1.232   1.300   1.372   1.450   1.533   1.623   1.718   1.819
   4.000  -0.849  -0.870  -0.891  -0.911  -0.932  -0.949  -0.960  -0.966  -0.966  -0.959  -0.945  -0.923  -0.891  -0.848  -0.793  -0.725  -0.641  -0.542  -0.428  -0.298  -0.159  -0.011   0.142   0.289   0.432   0.565   0.684   0.790   0.884   0.965   1.038   1.103   1.162   1.218   1.270   1.323   1.377   1.432   1.491   1.553   1.620   1.692   1.768   1.851   1.939   2.033
   4.025  -0.800  -0.812  -0.824  -0.838  -0.854  -0.869  -0.883  -0.897  -0.907  -0.913  -0.910  -0.897  -0.876  -0.840  -0.790  -0.724  -0.643  -0.547  -0.434  -0.303  -0.160  -0.005   0.161   0.325   0.492   0.652   0.794   0.925   1.040   1.139   1.231   1.312   1.384   1.449   1.508   1.565   1.621   1.676   1.733   1.793   1.856   1.923   1.994   2.071   2.153   2.240
   4.050  -0.769  -0.770  -0.772  -0.775  -0.781  -0.789  -0.800  -0.813  -0.825  -0.839  -0.845  -0.842  -0.833  -0.817  -0.778  -0.720  -0.645  -0.552  -0.439  -0.307  -0.162  -0.003   0.167   0.337   0.512   0.681   0.843   0.997   1.137   1.262   1.375   1.475   1.564   1.644   1.713   1.778   1.839   1.897   1.956   2.015   2.076   2.140   2.207   2.280   2.357   2.439
   4.075  -0.751  -0.749  -0.748  -0.747  -0.748  -0.750  -0.754  -0.758  -0.763  -0.768  -0.769  -0.765  -0.757  -0.745  -0.718  -0.673  -0.610  -0.530  -0.426  -0.300  -0.160  -0.005   0.160   0.330   0.506   0.681   0.854   1.024   1.185   1.336   1.470   1.589   1.695   1.792   1.877   1.955   2.025   2.089   2.153   2.215   2.277   2.340   2.406   2.475   2.548   2.625
   4.100  -0.741  -0.738  -0.735  -0.733  -0.729  -0.726  -0.722  -0.718  -0.712  -0.706  -0.698  -0.689  -0.676  -0.656  -0.631  -0.593  -0.541  -0.475  -0.387  -0.279  -0.153  -0.008   0.153   0.322   0.501   0.681   0.858   1.033   1.201   1.361   1.512   1.653   1.784   1.902   2.005   2.098   2.181   2.255   2.326   2.393   2.458   2.523   2.588   2.656   2.727   2.800
   4.125  -0.732  -0.727  -0.721  -0.715  -0.711  -0.705  -0.699  -0.692  -0.684  -0.674  -0.661  -0.645  -0.624  -0.594  -0.558  -0.512  -0.454  -0.384  -0.301  -0.206  -0.095   0.035   0.181   0.339   0.512   0.687   0.859   1.024   1.191   1.357   1.520   1.684   1.839   1.974   2.095   2.206   2.304   2.391   2.473   2.547   2.618   2.687   2.754   2.823   2.893   2.964
   4.150  -0.728  -0.721  -0.714  -0.706  -0.699  -0.692  -0.684  -0.676  -0.666  -0.654  -0.637  -0.614  -0.585  -0.546  -0.498  -0.439  -0.370  -0.290  -0.202  -0.105   0.002   0.120   0.248   0.390   0.547   0.706   0.859   1.014   1.177   1.350   1.523   1.694   1.860   2.014   2.156   2.285   2.400   2.502   2.596   2.680   2.759   2.834   2.905   2.976   3.046   3.116
   4.175  -0.730  -0.723  -0.714  -0.706  -0.696  -0.684  -0.673  -0.661  -0.647  -0.632  -0.614  -0.590  -0.559  -0.517  -0.464  -0.400  -0.321  -0.230  -0.129  -0.018   0.100   0.223   0.353   0.492   0.639   0.780   0.899   1.022   1.171   1.341   1.517   1.691   1.864   2.031   2.191   2.338   2.469   2.588   2.696   2.792   2.881   2.963   3.040   3.114   3.186   3.255
   4.200  -0.733  -0.725  -0.716  -0.706  -0.694  -0.682  -0.669  -0.654  -0.638  -0.621  -0.599  -0.573  -0.541  -0.498  -0.444  -0.376  -0.290  -0.189  -0.075   0.054   0.188   0.325   0.465   0.607   0.754   0.884   0.970   1.046   1.168   1.334   1.511   1.688   1.867   2.041   2.212   2.372   2.519   2.654   2.777   2.886   2.986   3.077   3.161   3.240   3.315   3.384
   4.225  -0.733  -0.726  -0.718  -0.708  -0.698  -0.686  -0.673  -0.657  -0.639  -0.619  -0.594  -0.563  -0.528  -0.481  -0.425  -0.354  -0.268  -0.166  -0.047   0.093   0.240   0.394   0.552   0.702   0.850   0.975   1.048   1.109   1.215   1.370   1.536   1.703   1.878   2.052   2.226   2.394   2.553   2.702   2.838   2.962   3.075   3.176   3.267   3.353   3.433   3.506
   4.250  -0.732  -0.726  -0.719  -0.711  -0.701  -0.690  -0.676  -0.660  -0.641  -0.619  -0.592  -0.560  -0.522  -0.473  -0.416  -0.344  -0.258  -0.156  -0.034   0.108   0.263   0.434   0.612   0.771   0.916   1.039   1.120   1.187   1.294   1.436   1.588   1.742   1.903   2.069   2.244   2.415   2.581   2.741   2.888   3.025   3.150   3.261   3.361   3.455   3.542   3.621
   4.275  -0.730  -0.724  -0.717  -0.709  -0.700  -0.689  -0.676  -0.662  -0.644  -0.623  -0.597  -0.565  -0.526  -0.476  -0.416  -0.344  -0.255  -0.150  -0.028   0.113   0.269   0.451   0.642   0.803   0.939   1.062   1.165   1.247   1.363   1.507   1.658   1.806   1.956   2.114   2.281   2.446   2.612   2.776   2.930   3.077   3.213   3.335   3.446   3.548   3.642   3.727
   4.300  -0.725  -0.719  -0.713  -0.705  -0.697  -0.687  -0.676  -0.662  -0.645  -0.626  -0.601  -0.570  -0.531  -0.480  -0.419  -0.344  -0.254  -0.148  -0.025   0.114   0.271   0.457   0.652   0.814   0.947   1.070   1.183   1.294   1.426   1.578   1.732   1.879   2.025   2.176   2.332   2.490   2.652   2.815   2.972   3.126   3.270   3.402   3.523   3.634   3.736   3.827
   4.325  -0.717  -0.713  -0.708  -0.701  -0.693  -0.684  -0.673  -0.660  -0.643  -0.624  -0.600  -0.569  -0.532  -0.484  -0.426  -0.352  -0.261  -0.156  -0.032   0.108   0.266   0.453   0.648   0.806   0.920   1.033   1.169   1.317   1.471   1.632   1.793   1.947   2.099   2.250   2.402   2.555   2.711   2.868   3.023   3.178   3.326   3.465   3.596   3.716   3.826   3.925
   4.350  -0.700  -0.699  -0.697  -0.694  -0.687  -0.677  -0.666  -0.654  -0.638  -0.619  -0.596  -0.568  -0.533  -0.487  -0.431  -0.360  -0.272  -0.167  -0.044   0.097   0.255   0.444   0.639   0.787   0.885   0.996   1.155   1.333   1.505   1.676   1.845   2.009   2.170   2.327   2.478   2.629   2.780   2.931   3.082   3.236   3.385   3.529   3.667   3.794   3.911   4.019
   4.375  -0.656  -0.661  -0.665  -0.667  -0.666  -0.662  -0.655  -0.645  -0.631  -0.613  -0.591  -0.564  -0.530  -0.484  -0.429  -0.360  -0.276  -0.176  -0.056   0.084   0.240   0.419   0.607   0.757   0.876   1.007   1.171   1.354   1.532   1.709   1.884   2.057   2.228   2.392   2.550   2.705   2.857   3.006   3.156   3.306   3.454   3.599   3.740   3.871   3.993   4.106
   4.400  -0.607  -0.615  -0.622  -0.628  -0.634  -0.636  -0.634  -0.628  -0.617  -0.602  -0.580  -0.553  -0.520  -0.476  -0.424  -0.358  -0.277  -0.181  -0.064   0.074   0.225   0.391   0.565   0.725   0.870   1.023   1.194   1.375   1.555   1.736   1.917   2.098   2.277   2.450   2.618   2.780   2.935   3.086   3.236   3.384   3.530   3.674   3.815   3.948   4.074   4.192
   4.425  -0.581  -0.584  -0.586  -0.589  -0.591  -0.592  -0.591  -0.588  -0.582  -0.573  -0.557  -0.535  -0.505  -0.465  -0.415  -0.351  -0.272  -0.177  -0.062   0.072   0.215   0.371   0.536   0.700   0.863   1.030   1.208   1.393   1.577   1.762   1.948   2.133   2.318   2.498   2.674   2.845   3.008   3.165   3.319   3.468   3.615   3.759   3.899   4.033   4.162   4.285
   4.450  -0.564  -0.560  -0.557  -0.553  -0.551  -0.548  -0.546  -0.543  -0.538  -0.533  -0.521  -0.503  -0.478  -0.441  -0.395  -0.334  -0.258  -0.167  -0.058   0.071   0.211   0.362   0.522   0.687   0.858   1.035   1.219   1.409   1.597   1.786   1.975   2.165   2.354   2.540   2.724   2.903   3.075   3.240   3.400   3.553   3.701   3.845   3.985   4.120   4.249   4.374
   4.475  -0.549  -0.544  -0.538  -0.533  -0.527  -0.521  -0.515  -0.509  -0.500  -0.490  -0.475  -0.456  -0.430  -0.395  -0.352  -0.296  -0.226  -0.141  -0.038   0.084   0.219   0.366   0.523   0.688   0.860   1.042   1.230   1.422   1.614   1.807   2.000   2.194   2.387   2.578   2.768   2.954   3.133   3.306   3.472   3.630   3.782   3.928   4.069   4.203   4.329   4.449
   4.500  -0.538  -0.534  -0.529  -0.523  -0.515  -0.506  -0.494  -0.480  -0.463  -0.442  -0.419  -0.393  -0.364  -0.329  -0.289  -0.238  -0.174  -0.097  -0.002   0.113   0.240   0.378   0.528   0.690   0.866   1.050   1.239   1.433   1.628   1.825   2.023   2.220   2.417   2.612   2.807   2.997   3.183   3.364   3.536   3.701   3.859   4.010   4.153   4.284   4.404   4.514

